47C,2016/09/06 17:04:00, 50, 0.0000000, 49,         4, 44,        28, 45,         0, 56, 7.5369635, 64, 29.754639, 67, 709.48462, 72, 450.79895, 77, 24.750000, 83,     34561,110,        29,116,         4
56C,2016/09/06 17:05:00, 50, 0.0000000, 49,         4, 44,       169, 45,         0, 56, 7.5369635, 64, 34.814453, 67, 710.83447, 72, 451.59869, 77, 25.343750, 83,     34561,110,        29,116,         4
57C,2016/09/06 17:06:00, 50, 0.0000000, 49,         4, 44,       255, 45,         0, 56, 7.5369635, 64, 34.799194, 67, 710.83447, 72, 452.24451, 77, 25.750000, 83,     34561,110,        29,116,         4
55C,2016/09/06 17:07:00, 50, 0.0000000, 49,         4, 44,       255, 45,         0, 56, 7.5369635, 64, 34.686279, 67, 710.83447, 72, 452.81805, 77, 26.187500, 83,     33537,110,        29,116,         4
5EC,2016/09/06 17:08:00, 50, 0.0000000, 49,         4, 44,       255, 45,         0, 56, 7.5369635, 64, 34.738159, 67, 712.18445, 72, 453.34106, 77, 26.593750, 83,     33537,110,        29,116,         4
5FC,2016/09/06 17:09:00, 50, 0.0000000, 49,         4, 44,       255, 45,         0, 56, 7.5369635, 64, 34.985352, 67, 712.18445, 72, 453.82245, 77, 26.968750, 83,     33537,110,        29,116,         4
5EC,2016/09/06 17:10:00, 50, 0.0000000, 49,         4, 44,       255, 45,         0, 56, 7.5369635, 64, 34.909058, 67, 710.83447, 72, 454.26141, 77, 27.281250, 83,     33537,110,        29,116,         4
55C,2016/09/06 17:11:00, 50, 0.0000000, 49,         4, 44,       255, 45,         0, 56, 7.5369635, 64, 35.165405, 67, 710.83447, 72, 454.72833, 77, 27.562500, 83,     33537,110,        29,116,         4
54C,2016/09/06 17:12:00, 50, 0.0000000, 49,         4, 44,       255, 45,         0, 56, 7.5369635, 64, 35.284424, 67, 710.83447, 72, 455.19403, 77, 27.875000, 83,     33537,110,        29,116,         4
57C,2016/09/06 17:13:00, 50, 0.0000000, 49,         4, 44,       255, 45,         0, 56, 7.5369635, 64, 35.229492, 67, 710.83447, 72, 455.71942, 77, 28.187500, 83,     33537,110,        29,116,         4
47C,2016/09/06 17:14:00, 50, 0.0000000, 49,        32, 44,       255, 45,       244, 56, 7.5369635, 64, 35.275269, 67, 710.83447, 72, 456.11780, 77, 28.437500, 83,     33537,110,        29,116,         4
43C,2016/09/06 17:15:00, 50, 0.0000000, 49,        64, 44,       255, 45,       184, 56, 7.5369635, 64, 35.305786, 67, 710.83447, 72, 456.63989, 77, 28.718750, 83,     33537,110,        29,116,         4
52C,2016/09/06 17:16:00, 50, 0.0000000, 49,       128, 44,       255, 45,       124, 56, 7.5369635, 64, 35.266113, 67, 710.83447, 72, 457.17480, 77, 28.968750, 83,     33537,110,        29,116,         4
41C,2016/09/06 17:17:00, 50, 0.0000000, 49,       128, 44,       255, 45,       125, 56, 7.5369635, 64, 35.223389, 67, 710.83447, 72, 457.21136, 77, 29.250000, 83,     33540,110,         6,116,         4
41C,2016/09/06 17:18:00, 50, 0.0000000, 49,       128, 44,       250, 45,       125, 56, 7.5369635, 64, 35.202026, 67, 710.83447, 72, 457.21136, 77, 29.468750, 83,     33540,110,         6,116,         4
4BC,2016/09/06 17:19:00, 50, 0.0000000, 49,       128, 44,       117, 45,       125, 56, 7.5369635, 64, 35.214233, 67, 710.83447, 72, 457.21136, 77, 29.750000, 83,     33540,110,         6,116,         4
58C,2016/09/06 17:20:00, 50, 0.0000000, 49,       128, 44,        37, 45,       125, 56, 7.5369635, 64, 35.247803, 67, 710.83447, 72, 457.21136, 77, 29.937500, 83,     33284,110,         6,116,         4
5CC,2016/09/06 17:21:00, 50, 0.0000000, 49,       128, 44,        37, 45,       125, 56, 7.5369635, 64, 35.284424, 67, 712.18445, 72, 457.21136, 77, 30.000000, 83,     33284,110,         7,116,         4
5DC,2016/09/06 17:22:00, 50, 0.0000000, 49,       128, 44,        37, 45,       125, 56, 7.5369635, 64, 35.308838, 67, 712.18445, 72, 457.21136, 77, 30.281250, 83,         4,110,         7,116,         4
5CC,2016/09/06 17:23:00, 50, 0.0000000, 49,       128, 44,        37, 45,       125, 56, 7.5369635, 64, 35.321045, 67, 712.18445, 72, 457.21136, 77, 30.500000, 83,         4,110,         7,116,         4
56C,2016/09/06 17:24:00, 50, 0.0000000, 49,       128, 44,        37, 45,       125, 56, 7.5369635, 64, 35.327148, 67, 712.18445, 72, 457.21136, 77, 30.750000, 83,         4,110,         7,116,         4
50C,2016/09/06 17:25:00, 50, 0.0000000, 49,       128, 44,        37, 45,       125, 56, 7.5369635, 64, 35.198975, 67, 712.18445, 72, 457.21136, 77, 30.968750, 83,         4,110,         7,116,         4
5FC,2016/09/06 17:26:00, 50, 0.0000000, 49,       128, 44,        37, 45,       125, 56, 7.5369635, 64, 35.198975, 67, 712.18445, 72, 457.21136, 77, 31.187500, 83,         0,110,         0,116,         4
5AC,2016/09/06 17:27:00, 50, 0.0000000, 49,       128, 44,        37, 45,       125, 56, 7.5369635, 64, 35.195923, 67, 712.18445, 72, 457.21136, 77, 31.375000, 83,         0,110,         0,116,         4
59C,2016/09/06 17:28:00, 50, 0.0000000, 49,       128, 44,        37, 45,       125, 56, 7.5369635, 64, 35.195923, 67, 712.18445, 72, 457.21136, 77, 31.593750, 83,         0,110,         0,116,         4
51C,2016/09/06 17:29:00, 50,-1.5340390, 49,       128, 44,        37, 45,       125, 56, 7.5369635, 64, 35.202026, 67, 712.18445, 72, 472.44196, 77, 31.812500, 83,         0,110,         1,116,         4
5CC,2016/09/06 17:30:00, 50,-1.9901636, 49,       128, 44,        37, 45,       125, 56, 7.5369635, 64, 35.205078, 67, 712.18445, 72, 473.21002, 77, 32.000000, 83,         0,110,         1,116,         4
50C,2016/09/06 17:31:00, 50, 0.4305030, 49,       128, 44,        37, 45,       125, 56, 7.5369635, 64, 35.226440, 67, 712.18445, 72, 473.43726, 77, 32.218750, 83,         0,110,         1,116,         4
5BC,2016/09/06 17:32:00, 50, 0.4566442, 49,       128, 44,        37, 45,       125, 56, 7.5369635, 64, 35.260010, 67, 712.18445, 72, 473.67743, 77, 32.437500, 83,         0,110,         1,116,         4
5FC,2016/09/06 17:33:00, 50, 0.5428973, 49,       128, 44,        37, 45,       125, 56, 7.5369635, 64, 35.284424, 67, 712.18445, 72, 473.98248, 77, 32.656250, 83,         0,110,         1,116,         4
55C,2016/09/06 17:34:00, 50,-0.8669549, 49,       128, 44,        37, 45,       125, 56, 7.5369635, 64, 35.186768, 67, 712.18445, 72, 474.09888, 77, 32.812500, 83,         0,110,         1,116,         4
57C,2016/09/06 17:35:00, 50,-1.4965079, 49,       128, 44,        37, 45,       125, 56, 7.5369635, 64, 35.287476, 67, 712.18445, 72, 474.35901, 77, 33.031250, 83,         0,110,         1,116,         4
54C,2016/09/06 17:36:00, 50,-0.6860965, 49,       128, 44,        37, 45,       125, 56, 7.5369635, 64, 35.247803, 67, 712.18445, 72, 474.43060, 77, 33.187500, 83,         0,110,         1,116,         4
56C,2016/09/06 17:37:00, 50, 0.4058082, 49,       128, 44,        37, 45,       125, 56, 7.5369635, 64, 35.202026, 67, 712.18445, 72, 474.47180, 77, 33.375000, 83,         0,110,         1,116,         4
5BC,2016/09/06 17:38:00, 50, 0.4167594, 49,       128, 44,        37, 45,       125, 56, 7.5369635, 64, 35.180664, 67, 712.18445, 72, 474.44128, 77, 33.562500, 83,         0,110,         1,116,         4
5EC,2016/09/06 17:39:00, 50, 0.4938093, 49,       128, 44,        37, 45,       125, 56, 7.5369635, 64, 35.217285, 67, 712.18445, 72, 474.51190, 77, 33.625000, 83,         0,110,         1,116,         4
59C,2016/09/06 17:40:00, 50, 0.4460247, 49,       128, 44,        37, 45,       125, 56, 7.5369635, 64, 35.284424, 67, 712.18445, 72, 474.56256, 77, 33.875000, 83,         0,110,         1,116,         4
5EC,2016/09/06 17:41:00, 50, 1.2395942, 49,       128, 44,        37, 45,       125, 56, 7.5369635, 64, 35.296631, 67, 712.18445, 72, 474.64746, 77, 33.937500, 83,         0,110,         1,116,         4
53C,2016/09/06 17:42:00, 50, 0.7360874, 49,       128, 44,        37, 45,       125, 56, 7.5369635, 64, 35.260010, 67, 712.18445, 72, 474.66919, 77, 34.062500, 83,         0,110,         1,116,         4
58C,2016/09/06 17:43:00, 50,-0.4693591, 49,       128, 44,        37, 45,       125, 56, 7.5369635, 64, 35.186768, 67, 712.18445, 72, 474.64807, 77, 34.156250, 83,         0,110,         1,116,         4
5CC,2016/09/06 17:44:00, 50,-1.0536437, 49,       128, 44,        37, 45,       125, 56, 7.5369635, 64, 35.183716, 67, 712.18445, 72, 474.60266, 77, 34.250000, 83,         0,110,         1,116,         4
50C,2016/09/06 17:45:00, 50,-0.2650884, 49,       128, 44,        37, 45,       125, 56, 7.5369635, 64, 35.269165, 67, 712.18445, 72, 474.65393, 77, 34.312500, 83,         0,110,         1,116,         4
51C,2016/09/06 17:46:00, 50, 0.2176274, 49,       128, 44,        37, 45,       125, 56, 7.5369635, 64, 35.284424, 67, 712.18445, 72, 474.66541, 77, 34.406250, 83,         0,110,         1,116,         4
54C,2016/09/06 17:47:00, 50, 0.2193612, 49,       128, 44,        37, 45,       125, 56, 7.5369635, 64, 35.223389, 67, 712.18445, 72, 474.63928, 77, 34.500000, 83,         0,110,         1,116,         4
59C,2016/09/06 17:48:00, 50, 1.0904093, 49,       128, 44,        37, 45,       125, 56, 7.5369635, 64, 35.168457, 67, 712.18445, 72, 474.69806, 77, 34.656250, 83,         0,110,         1,116,         4
55C,2016/09/06 17:49:00, 50, 1.1280234, 49,       128, 44,        37, 45,       125, 56, 7.5369635, 64, 35.232544, 67, 712.18445, 72, 474.72760, 77, 34.718750, 83,         0,110,         1,116,         4
59C,2016/09/06 17:50:00, 50, 0.5879654, 49,       128, 44,        37, 45,       125, 56, 7.5369635, 64, 35.290527, 67, 712.18445, 72, 474.77325, 77, 34.812500, 83,         0,110,         1,116,         4
59C,2016/09/06 17:51:00, 50,-0.1573991, 49,       128, 44,        37, 45,       125, 56, 7.5369635, 64, 35.241699, 67, 712.18445, 72, 474.82568, 77, 34.937500, 83,         0,110,         1,116,         4
5AC,2016/09/06 17:52:00, 50,-0.5175167, 49,       128, 44,        37, 45,       125, 56, 7.5369635, 64, 35.278320, 67, 712.18445, 72, 474.84259, 77, 35.000000, 83,         0,110,         1,116,         4
52C,2016/09/06 17:53:00, 50,-0.1760173, 49,       128, 44,        37, 45,       125, 56, 7.5369635, 64, 35.269165, 67, 712.18445, 72, 474.76147, 77, 35.093750, 83,         0,110,         1,116,         4
56C,2016/09/06 17:54:00, 50,-0.1380927, 49,       128, 44,        37, 45,       125, 56, 7.5369635, 64, 35.263062, 67, 712.18445, 72, 474.84808, 77, 35.187500, 83,         0,110,         1,116,         4
53C,2016/09/06 17:55:00, 50, 0.0394486, 49,       128, 44,        37, 45,       125, 56, 7.5369635, 64, 35.165405, 67, 712.18445, 72, 474.95862, 77, 35.281250, 83,         0,110,         1,116,         4
5EC,2016/09/06 17:56:00, 50, 0.3411614, 49,       128, 44,        37, 45,       125, 56, 7.5369635, 64, 35.232544, 67, 710.83447, 72, 474.98724, 77, 35.406250, 83,         0,110,         1,116,         4
5DC,2016/09/06 17:57:00, 50,-0.1348645, 49,       128, 44,        37, 45,       125, 56, 7.5369635, 64, 35.269165, 67, 710.83447, 72, 474.98395, 77, 35.531250, 83,         0,110,         1,116,         4
57C,2016/09/06 17:58:00, 50,-0.4666474, 49,       128, 44,        37, 45,       125, 56, 7.5369635, 64, 35.168457, 67, 710.83447, 72, 475.08875, 77, 35.656250, 83,         0,110,         1,116,         4
57C,2016/09/06 17:59:00, 50,-0.4076557, 49,       128, 44,        37, 45,       125, 56, 7.5369635, 64, 35.226440, 67, 710.83447, 72, 475.08392, 77, 35.781250, 83,         0,110,         1,116,         4
52C,2016/09/06 18:00:00, 50,-0.1474645, 49,       128, 44,        37, 45,       125, 56, 7.5369635, 64, 35.256958, 67, 710.83447, 72, 475.05103, 77, 35.906250, 83,         0,110,         1,116,         4
53C,2016/09/06 18:01:00, 50, 0.2730480, 49,       128, 44,        37, 45,       125, 56, 7.5369635, 64, 35.159302, 67, 710.83447, 72, 475.07507, 77, 35.968750, 83,         0,110,         1,116,         4
57C,2016/09/06 18:02:00, 50, 0.0096175, 49,       128, 44,        37, 45,       125, 56, 7.5369635, 64, 35.256958, 67, 710.83447, 72, 475.20972, 77, 36.156250, 83,         0,110,         1,116,         4
54C,2016/09/06 18:03:00, 50, 0.7003455, 49,       128, 44,        37, 45,       125, 56, 7.5369635, 64, 35.223389, 67, 710.83447, 72, 475.15460, 77, 36.250000, 83,         0,110,         1,116,         4
5DC,2016/09/06 18:04:00, 50, 0.5330474, 49,       128, 44,        37, 45,       125, 56, 7.5369635, 64, 35.177612, 67, 710.83447, 72, 475.15930, 77, 36.343750, 83,         0,110,         1,116,         4
52C,2016/09/06 18:05:00, 50, 1.1047199, 49,       128, 44,        37, 45,       125, 56, 7.5369635, 64, 35.269165, 67, 710.83447, 72, 475.15509, 77, 36.406250, 83,         0,110,         1,116,         4
5AC,2016/09/06 18:06:00, 50, 1.0739474, 49,       128, 44,        37, 45,       125, 56, 7.5369635, 64, 35.156250, 67, 710.83447, 72, 475.16315, 77, 36.500000, 83,         0,110,         1,116,         4
5EC,2016/09/06 18:07:00, 50, 0.9929777, 49,       128, 44,        37, 45,       125, 56, 7.5369635, 64, 35.247803, 67, 710.83447, 72, 475.18500, 77, 36.562500, 83,         0,110,         1,116,         4
5EC,2016/09/06 18:08:00, 50, 1.2580402, 49,       128, 44,        37, 45,       125, 56, 7.5369635, 64, 35.226440, 67, 710.83447, 72, 475.13843, 77, 36.656250, 83,         0,110,         1,116,         4
5DC,2016/09/06 18:09:00, 50, 1.0001869, 49,       128, 44,        37, 45,       125, 56, 7.5369635, 64, 35.183716, 67, 710.83447, 72, 475.17163, 77, 36.718750, 83,         0,110,         1,116,         4
5BC,2016/09/06 18:10:00, 50, 1.1779499, 49,       128, 44,        37, 45,       125, 56, 7.5369635, 64, 35.256958, 67, 710.83447, 72, 475.21582, 77, 36.781250, 83,         0,110,         1,116,         4
59C,2016/09/06 18:11:00, 50, 1.0971625, 49,       128, 44,        37, 45,       125, 56, 7.5369635, 64, 35.144043, 67, 710.83447, 72, 475.27942, 77, 36.843750, 83,         0,110,         1,116,         4
56C,2016/09/06 18:12:00, 50, 0.5915509, 49,       128, 44,        37, 45,       125, 56, 7.5369635, 64, 35.266113, 67, 710.83447, 72, 475.29523, 77, 36.937500, 83,         0,110,         1,116,         4
56C,2016/09/06 18:13:00, 50, 0.6209232, 49,       128, 44,        37, 45,       125, 56, 7.5369635, 64, 35.159302, 67, 710.83447, 72, 475.35223, 77, 37.031250, 83,         0,110,         1,116,         4
56C,2016/09/06 18:14:00, 50,-0.4014951, 49,       128, 44,        37, 45,       125, 56, 7.5369635, 64, 35.253906, 67, 710.83447, 72, 475.39276, 77, 37.125000, 83,         0,110,         1,116,         4
57C,2016/09/06 18:15:00, 50,-0.2272665, 49,       128, 44,        37, 45,       125, 56, 7.5369635, 64, 35.165405, 67, 710.83447, 72, 475.43207, 77, 37.218750, 83,         0,110,         1,116,         4
52C,2016/09/06 18:16:00, 50,-0.1927360, 49,       128, 44,        37, 45,       125, 56, 7.5369635, 64, 35.253906, 67, 710.83447, 72, 475.49738, 77, 37.281250, 83,         0,110,         1,116,         4
55C,2016/09/06 18:17:00, 50, 0.0619019, 49,       128, 44,        37, 45,       125, 56, 7.5369635, 64, 35.162354, 67, 710.83447, 72, 475.57623, 77, 37.375000, 83,         0,110,         1,116,         4
59C,2016/09/06 18:18:00, 50, 0.1535845, 49,       128, 44,        37, 45,       125, 56, 7.5369635, 64, 35.244751, 67, 710.83447, 72, 475.57745, 77, 37.468750, 83,         0,110,         1,116,         4
5AC,2016/09/06 18:19:00, 50, 0.1946549, 49,       128, 44,        37, 45,       125, 56, 7.5369635, 64, 35.159302, 67, 710.83447, 72, 475.57581, 77, 37.562500, 83,         0,110,         1,116,         4
5BC,2016/09/06 18:20:00, 50, 1.2939887, 49,       128, 44,        37, 45,       125, 56, 7.5369635, 64, 35.256958, 67, 710.83447, 72, 475.60779, 77, 37.656250, 83,         0,110,         1,116,         4
57C,2016/09/06 18:21:00, 50, 1.7451293, 49,       128, 44,        37, 45,       125, 56, 7.5369635, 64, 35.134888, 67, 710.83447, 72, 475.67023, 77, 37.750000, 83,         0,110,         1,116,         4
55C,2016/09/06 18:22:00, 50, 2.3744059, 49,       128, 44,        37, 45,       125, 56, 7.5369635, 64, 35.256958, 67, 710.83447, 72, 475.72455, 77, 37.843750, 83,         0,110,         1,116,         4
55C,2016/09/06 18:23:00, 50, 1.7787447, 49,       128, 44,        37, 45,       125, 56, 7.5369635, 64, 35.137939, 67, 710.83447, 72, 475.75043, 77, 37.937500, 83,         0,110,         1,116,         4
53C,2016/09/06 18:24:00, 50, 1.9093163, 49,       128, 44,        37, 45,       125, 56, 7.5369635, 64, 35.253906, 67, 710.83447, 72, 475.83197, 77, 38.031250, 83,         0,110,         1,116,         4
57C,2016/09/06 18:25:00, 50, 1.1669397, 49,       128, 44,        37, 45,       125, 56, 7.5369635, 64, 35.144043, 67, 710.83447, 72, 475.85614, 77, 38.156250, 83,         0,110,         1,116,         4
51C,2016/09/06 18:26:00, 50, 0.8515667, 49,       128, 44,        37, 45,       125, 56, 7.5369635, 64, 35.110474, 67, 710.83447, 72, 475.82141, 77, 38.187500, 83,         0,110,         1,116,         4
52C,2016/09/06 18:27:00, 50, 0.0295993, 49,       128, 44,        37, 45,       125, 56, 7.5369635, 64, 35.232544, 67, 710.83447, 72, 475.83929, 77, 38.281250, 83,         0,110,         1,116,         4
56C,2016/09/06 18:28:00, 50, 0.4998385, 49,       128, 44,        37, 45,       125, 56, 7.5369635, 64, 35.180664, 67, 710.83447, 72, 475.95135, 77, 38.375000, 83,         0,110,         1,116,         4
58C,2016/09/06 18:29:00, 50, 1.0303109, 49,       128, 44,        37, 45,       125, 56, 7.5369635, 64, 35.076904, 67, 710.83447, 72, 475.99695, 77, 38.500000, 83,         0,110,         1,116,         4
59C,2016/09/06 18:30:00, 50, 2.2111979, 49,       128, 44,        37, 45,       125, 56, 7.5369635, 64, 35.308838, 67, 710.83447, 72, 476.06158, 77, 38.562500, 83,         0,110,         1,116,         4
51C,2016/09/06 18:31:00, 50, 2.4285064, 49,       128, 44,        37, 45,       125, 56, 7.5369635, 64, 35.116577, 67, 710.83447, 72, 476.05383, 77, 38.687500, 83,         0,110,         1,116,         4
5BC,2016/09/06 18:32:00, 50, 0.8753698, 49,       128, 44,        37, 45,       125, 56, 7.5369635, 64, 35.140991, 67, 710.83447, 72, 475.97522, 77, 38.750000, 83,         0,110,         1,116,         4
50C,2016/09/06 18:33:00, 50, 1.1948390, 49,       128, 44,        37, 45,       125, 56, 7.5369635, 64, 35.281372, 67, 710.83447, 72, 476.05560, 77, 38.812500, 83,         0,110,         1,116,         4
57C,2016/09/06 18:34:00, 50, 1.4706607, 49,       128, 44,        37, 45,       125, 56, 7.5369635, 64, 35.107422, 67, 710.83447, 72, 476.15247, 77, 38.906250, 83,         0,110,         1,116,         4
56C,2016/09/06 18:35:00, 50, 2.0770555, 49,       128, 44,        37, 45,       125, 56, 7.5369635, 64, 35.113525, 67, 710.83447, 72, 476.14484, 77, 39.000000, 83,         0,110,         1,116,         4
5AC,2016/09/06 18:36:00, 50, 1.5153985, 49,       128, 44,        37, 45,       125, 56, 7.5369635, 64, 35.070801, 67, 710.83447, 72, 476.18158, 77, 39.093750, 83,         0,110,         1,116,         4
51C,2016/09/06 18:37:00, 50, 0.8544173, 49,       128, 44,        37, 45,       125, 56, 7.5369635, 64, 35.275269, 67, 710.83447, 72, 476.21692, 77, 39.156250, 83,         0,110,         1,116,         4
59C,2016/09/06 18:38:00, 50, 1.2828274, 49,       128, 44,        37, 45,       125, 56, 7.5369635, 64, 35.171509, 67, 710.83447, 72, 476.17926, 77, 39.218750, 83,         0,110,         1,116,         4
50C,2016/09/06 18:39:00, 50, 0.7241601, 49,       128, 44,        37, 45,       125, 56, 7.5369635, 64, 35.095215, 67, 710.83447, 72, 476.22955, 77, 39.312500, 83,         0,110,         1,116,         4
5DC,2016/09/06 18:40:00, 50, 0.4616814, 49,       128, 44,        37, 45,       125, 56, 7.5369635, 64, 35.159302, 67, 710.83447, 72, 476.22388, 77, 39.406250, 83,         0,110,         1,116,         4
52C,2016/09/06 18:41:00, 50, 0.8089584, 49,       128, 44,        37, 45,       125, 56, 7.5369635, 64, 35.311890, 67, 710.83447, 72, 476.27289, 77, 39.468750, 83,         0,110,         1,116,         4
56C,2016/09/06 18:42:00, 50, 0.5645558, 49,       128, 44,        37, 45,       125, 56, 7.5369635, 64, 35.101318, 67, 710.83447, 72, 476.32068, 77, 39.562500, 83,         0,110,         1,116,         4
51C,2016/09/06 18:43:00, 50, 0.3301695, 49,       128, 44,        37, 45,       125, 56, 7.5369635, 64, 35.101318, 67, 710.83447, 72, 476.31396, 77, 39.656250, 83,         0,110,         1,116,         4
52C,2016/09/06 18:44:00, 50, 1.4858072, 49,       128, 44,        37, 45,       125, 56, 7.5369635, 64, 35.101318, 67, 710.83447, 72, 476.39563, 77, 39.687500, 83,         0,110,         1,116,         4
5BC,2016/09/06 18:45:00, 50, 2.2613602, 49,       128, 44,        37, 45,       125, 56, 7.5369635, 64, 35.067749, 67, 710.83447, 72, 476.41962, 77, 39.750000, 83,         0,110,         1,116,         4
53C,2016/09/06 18:46:00, 50, 2.1777592, 49,       128, 44,        37, 45,       125, 56, 7.5369635, 64, 35.244751, 67, 710.83447, 72, 476.42108, 77, 39.812500, 83,         0,110,         1,116,         4
57C,2016/09/06 18:47:00, 50, 2.2277169, 49,       128, 44,        37, 45,       125, 56, 7.5369635, 64, 35.232544, 67, 710.83447, 72, 476.45837, 77, 39.906250, 83,         0,110,         1,116,         4
58C,2016/09/06 18:48:00, 50, 3.1458983, 49,       128, 44,        37, 45,       125, 56, 7.5369635, 64, 35.107422, 67, 710.83447, 72, 476.57080, 77, 40.000000, 83,         0,110,         1,116,         4
5FC,2016/09/06 18:49:00, 50, 3.0852413, 49,       128, 44,        37, 45,       125, 56, 7.5369635, 64, 35.104370, 67, 710.83447, 72, 476.52039, 77, 40.062500, 83,         0,110,         1,116,         4
53C,2016/09/06 18:50:00, 50, 2.6843410, 49,       128, 44,        37, 45,       125, 56, 7.5369635, 64, 35.293579, 67, 710.83447, 72, 476.52179, 77, 40.125000, 83,         0,110,         1,116,         4
56C,2016/09/06 18:51:00, 50, 1.3156481, 49,       128, 44,        37, 45,       125, 56, 7.5369635, 64, 35.134888, 67, 710.83447, 72, 476.55780, 77, 40.187500, 83,         0,110,         1,116,         4
50C,2016/09/06 18:52:00, 50, 2.4762959, 49,       128, 44,        37, 45,       125, 56, 7.5369635, 64, 35.101318, 67, 710.83447, 72, 476.66791, 77, 40.250000, 83,         0,110,         1,116,         4
58C,2016/09/06 18:53:00, 50, 3.2505746, 49,       128, 44,        37, 45,       125, 56, 7.5369635, 64, 35.113525, 67, 710.83447, 72, 476.70087, 77, 40.343750, 83,         0,110,         1,116,         4
5BC,2016/09/06 18:54:00, 50, 4.1538277, 49,       128, 44,        37, 45,       125, 56, 7.5369635, 64, 35.110474, 67, 710.83447, 72, 476.75262, 77, 40.406250, 83,         0,110,         1,116,         4
56C,2016/09/06 18:55:00, 50, 4.2035732, 49,       128, 44,        37, 45,       125, 56, 7.5369635, 64, 35.107422, 67, 710.83447, 72, 476.75397, 77, 40.468750, 83,         0,110,         1,116,         4
5DC,2016/09/06 18:56:00, 50, 3.6377664, 49,       128, 44,        37, 45,       125, 56, 7.5369635, 64, 35.107422, 67, 710.83447, 72, 476.80170, 77, 40.500000, 83,         0,110,         1,116,         4
58C,2016/09/06 18:57:00, 50, 3.9478064, 49,       128, 44,        37, 45,       125, 56, 7.5369635, 64, 35.107422, 67, 710.83447, 72, 476.83221, 77, 40.562500, 83,         0,110,         1,116,         4
5BC,2016/09/06 18:58:00, 50, 4.1524782, 49,       128, 44,        37, 45,       125, 56, 7.5369635, 64, 35.101318, 67, 710.83447, 72, 476.74536, 77, 40.625000, 83,         0,110,         1,116,         4
5EC,2016/09/06 18:59:00, 50, 4.6468382, 49,       128, 44,        37, 45,       125, 56, 7.5369635, 64, 35.104370, 67, 710.83447, 72, 476.80841, 77, 40.656250, 83,         0,110,         1,116,         4
53C,2016/09/06 19:00:00, 50, 4.2648506, 49,       128, 44,        37, 45,       125, 56, 7.5369635, 64, 35.107422, 67, 710.83447, 72, 476.94946, 77, 40.718750, 83,         0,110,         1,116,         4
5EC,2016/09/06 19:01:00, 50, 3.9439950, 49,       128, 44,        37, 45,       125, 56, 7.5369635, 64, 35.104370, 67, 710.83447, 72, 476.97137, 77, 40.781250, 83,         0,110,         1,116,         4
53C,2016/09/06 19:02:00, 50, 3.9684319, 49,       128, 44,        37, 45,       125, 56, 7.5369635, 64, 35.104370, 67, 710.83447, 72, 477.01221, 77, 40.812500, 83,         0,110,         1,116,         4
53C,2016/09/06 19:03:00, 50, 4.1226864, 49,       128, 44,        37, 45,       125, 56, 7.5369635, 64, 35.104370, 67, 710.83447, 72, 477.01343, 77, 40.906250, 83,         0,110,         1,116,         4
5AC,2016/09/06 19:04:00, 50, 3.8138881, 49,       128, 44,        37, 45,       125, 56, 7.5369635, 64, 35.107422, 67, 710.83447, 72, 477.01880, 77, 40.937500, 83,         0,110,         1,116,         4
54C,2016/09/06 19:05:00, 50, 3.9842858, 49,       128, 44,        37, 45,       125, 56, 7.5369635, 64, 35.104370, 67, 710.83447, 72, 477.00317, 77, 41.000000, 83,         0,110,         1,116,         4
5DC,2016/09/06 19:06:00, 50, 3.8428159, 49,       128, 44,        37, 45,       125, 56, 7.5369635, 64, 35.104370, 67, 710.83447, 72, 477.05017, 77, 41.031250, 83,         0,110,         1,116,         4
52C,2016/09/06 19:07:00, 50, 3.5438652, 49,       128, 44,        37, 45,       125, 56, 7.5369635, 64, 35.104370, 67, 710.83447, 72, 477.07263, 77, 41.093750, 83,         0,110,         1,116,         4
52C,2016/09/06 19:08:00, 50, 3.8295436, 49,       128, 44,        37, 45,       125, 56, 7.5369635, 64, 35.107422, 67, 710.83447, 72, 477.12195, 77, 41.125000, 83,         0,110,         1,116,         4
55C,2016/09/06 19:09:00, 50, 4.0995388, 49,       128, 44,        37, 45,       125, 56, 7.5369635, 64, 35.104370, 67, 710.83447, 72, 477.14252, 77, 41.187500, 83,         0,110,         1,116,         4
5BC,2016/09/06 19:10:00, 50, 4.1358118, 49,       128, 44,        37, 45,       125, 56, 7.5369635, 64, 35.107422, 67, 710.83447, 72, 477.05054, 77, 41.187500, 83,         0,110,         1,116,         4
53C,2016/09/06 19:11:00, 50, 4.5749426, 49,       128, 44,        37, 45,       125, 56, 7.5369635, 64, 35.107422, 67, 710.83447, 72, 477.11292, 77, 41.250000, 83,         0,110,         1,116,         4
5DC,2016/09/06 19:12:00, 50, 5.3703241, 49,       128, 44,        37, 45,       125, 56, 7.5369635, 64, 35.110474, 67, 710.83447, 72, 477.13666, 77, 41.281250, 83,         0,110,         1,116,         4
5FC,2016/09/06 19:13:00, 50, 5.1327600, 49,       128, 44,        37, 45,       125, 56, 7.5369635, 64, 35.107422, 67, 710.83447, 72, 477.14618, 77, 41.312500, 83,         0,110,         1,116,         4
52C,2016/09/06 19:14:00, 50, 4.8856335, 49,       128, 44,        37, 45,       125, 56, 7.5369635, 64, 35.107422, 67, 710.83447, 72, 477.13025, 77, 41.343750, 83,         0,110,         1,116,         4
59C,2016/09/06 19:15:00, 50, 4.5804768, 49,       128, 44,        37, 45,       125, 56, 7.5369635, 64, 35.110474, 67, 710.83447, 72, 477.14691, 77, 41.375000, 83,         0,110,         1,116,         4
50C,2016/09/06 19:16:00, 50, 4.6066523, 49,       128, 44,        37, 45,       125, 56, 7.5369635, 64, 35.107422, 67, 710.83447, 72, 477.17657, 77, 41.406250, 83,         0,110,         1,116,         4
5BC,2016/09/06 19:17:00, 50, 3.8369660, 49,       128, 44,        37, 45,       125, 56, 7.5369635, 64, 35.107422, 67, 710.83447, 72, 477.16187, 77, 41.437500, 83,         0,110,         1,116,         4
57C,2016/09/06 19:18:00, 50, 3.6021776, 49,       128, 44,        37, 45,       125, 56, 7.5369635, 64, 35.107422, 67, 710.83447, 72, 477.13165, 77, 41.468750, 83,         0,110,         1,116,         4
57C,2016/09/06 19:19:00, 50, 3.6528258, 49,       128, 44,        37, 45,       125, 56, 7.5369635, 64, 35.110474, 67, 710.83447, 72, 477.12103, 77, 41.468750, 83,         0,110,         1,116,         4
57C,2016/09/06 19:20:00, 50, 3.7248430, 49,       128, 44,        37, 45,       125, 56, 7.5369635, 64, 35.113525, 67, 710.83447, 72, 477.12970, 77, 41.531250, 83,         0,110,         1,116,         4
51C,2016/09/06 19:21:00, 50, 3.9026127, 49,       128, 44,        37, 45,       125, 56, 7.5369635, 64, 35.110474, 67, 710.83447, 72, 477.08276, 77, 41.531250, 83,         0,110,         1,116,         4
56C,2016/09/06 19:22:00, 50, 4.8171911, 49,       128, 44,        37, 45,       125, 56, 7.5369635, 64, 35.195923, 67, 710.83447, 72, 477.17322, 77, 41.531250, 83,         0,110,         1,116,         4
54C,2016/09/06 19:23:00, 50, 5.5669460, 49,       128, 44,        37, 45,       125, 56, 7.5369635, 64, 35.198975, 67, 710.83447, 72, 477.17377, 77, 41.562500, 83,         0,110,         1,116,         4
5DC,2016/09/06 19:24:00, 50, 4.7114449, 49,       128, 44,        37, 45,       125, 56, 7.5369635, 64, 35.198975, 67, 710.83447, 72, 477.18817, 77, 41.593750, 83,         0,110,         1,116,         4
5DC,2016/09/06 19:25:00, 50, 4.4175453, 49,       128, 44,        37, 45,       125, 56, 7.5369635, 64, 35.198975, 67, 710.83447, 72, 477.23181, 77, 41.593750, 83,         0,110,         1,116,         4
5EC,2016/09/06 19:26:00, 50, 4.6826267, 49,       128, 44,        37, 45,       125, 56, 7.5369635, 64, 35.195923, 67, 710.83447, 72, 477.31335, 77, 41.625000, 83,         0,110,         1,116,         4
51C,2016/09/06 19:27:00, 50, 5.0008612, 49,       128, 44,        37, 45,       125, 56, 7.5369635, 64, 35.186768, 67, 710.83447, 72, 477.28107, 77, 41.656250, 83,         0,110,         1,116,         4
54C,2016/09/06 19:28:00, 50, 4.8807182, 49,       128, 44,        37, 45,       125, 56, 7.5369635, 64, 35.171509, 67, 710.83447, 72, 477.29132, 77, 41.656250, 83,         0,110,         1,116,         4
55C,2016/09/06 19:29:00, 50, 3.6109524, 49,       128, 44,        37, 45,       125, 56, 7.5369635, 64, 35.177612, 67, 710.83447, 72, 477.29810, 77, 41.656250, 83,         0,110,         1,116,         4
5DC,2016/09/06 19:30:00, 50, 3.8359118, 49,       128, 44,        37, 45,       125, 56, 7.5369635, 64, 35.174561, 67, 710.83447, 72, 477.25287, 77, 41.718750, 83,         0,110,         1,116,         4
5CC,2016/09/06 19:31:00, 50, 3.2281575, 49,       128, 44,        37, 45,       125, 56, 7.5369635, 64, 35.174561, 67, 710.83447, 72, 477.25378, 77, 41.718750, 83,         0,110,         1,116,         4
59C,2016/09/06 19:32:00, 50, 3.1187353, 49,       128, 44,        37, 45,       125, 56, 7.5369635, 64, 35.177612, 67, 710.83447, 72, 477.25598, 77, 41.750000, 83,         0,110,         1,116,         4
5BC,2016/09/06 19:33:00, 50, 3.1051321, 49,       128, 44,        37, 45,       125, 56, 7.5369635, 64, 35.171509, 67, 710.83447, 72, 477.25153, 77, 41.750000, 83,         0,110,         1,116,         4
50C,2016/09/06 19:34:00, 50, 2.6545525, 49,       128, 44,        37, 45,       125, 56, 7.5369635, 64, 35.165405, 67, 710.83447, 72, 477.23199, 77, 41.750000, 83,         0,110,         1,116,         4
50C,2016/09/06 19:35:00, 50, 1.6368506, 49,       128, 44,        37, 45,       125, 56, 7.5369635, 64, 35.162354, 67, 710.83447, 72, 477.21350, 77, 41.781250, 83,         0,110,         1,116,         4
57C,2016/09/06 19:36:00, 50, 0.9446568, 49,       128, 44,        37, 45,       125, 56, 7.5369635, 64, 35.159302, 67, 710.83447, 72, 477.31775, 77, 41.781250, 83,         0,110,         1,116,         4
51C,2016/09/06 19:37:00, 50, 0.7058779, 49,       128, 44,        37, 45,       125, 56, 7.5369635, 64, 35.144043, 67, 710.83447, 72, 477.39160, 77, 41.781250, 83,         0,110,         1,116,         4
59C,2016/09/06 19:38:00, 50, 2.0544558, 49,       128, 44,        37, 45,       125, 56, 7.5369635, 64, 35.113525, 67, 710.83447, 72, 477.49487, 77, 41.812500, 83,         0,110,         1,116,         4
5AC,2016/09/06 19:39:00, 50, 2.0261035, 49,       128, 44,        37, 45,       125, 56, 7.5369635, 64, 35.113525, 67, 710.83447, 72, 477.46594, 77, 41.812500, 83,         0,110,         1,116,         4
5BC,2016/09/06 19:40:00, 50, 2.0572324, 49,       128, 44,        37, 45,       125, 56, 7.5369635, 64, 35.128784, 67, 710.83447, 72, 477.42352, 77, 41.812500, 83,         0,110,         1,116,         4
52C,2016/09/06 19:41:00, 50, 2.3441825, 49,       128, 44,        37, 45,       125, 56, 7.5369635, 64, 35.122681, 67, 710.83447, 72, 477.48627, 77, 41.843750, 83,         0,110,         1,116,         4
51C,2016/09/06 19:42:00, 50, 3.3716917, 49,       128, 44,        37, 45,       125, 56, 7.5369635, 64, 35.122681, 67, 710.83447, 72, 477.44971, 77, 41.843750, 83,         0,110,         1,116,         4
57C,2016/09/06 19:43:00, 50, 3.2439427, 49,       128, 44,        37, 45,       125, 56, 7.5369635, 64, 35.177612, 67, 710.83447, 72, 477.53156, 77, 41.875000, 83,         0,110,         1,116,         4
56C,2016/09/06 19:44:00, 50, 3.0497904, 49,       128, 44,        37, 45,       125, 56, 7.5369635, 64, 35.223389, 67, 710.83447, 72, 477.57904, 77, 41.906250, 83,         0,110,         1,116,         4
50C,2016/09/06 19:45:00, 50, 2.9760466, 49,       128, 44,        37, 45,       125, 56, 7.5369635, 64, 35.171509, 67, 710.83447, 72, 477.54584, 77, 41.906250, 83,         0,110,         1,116,         4
50C,2016/09/06 19:46:00, 50, 2.6824512, 49,       128, 44,        37, 45,       125, 56, 7.5369635, 64, 35.122681, 67, 710.83447, 72, 477.52856, 77, 41.906250, 83,         0,110,         1,116,         4
5DC,2016/09/06 19:47:00, 50, 2.2550492, 49,       128, 44,        37, 45,       125, 56, 7.5369635, 64, 35.113525, 67, 710.83447, 72, 477.55194, 77, 41.937500, 83,         0,110,         1,116,         4
58C,2016/09/06 19:48:00, 50, 1.3813002, 49,       128, 44,        37, 45,       125, 56, 7.5369635, 64, 35.128784, 67, 710.83447, 72, 477.50513, 77, 41.937500, 83,         0,110,         1,116,         4
50C,2016/09/06 19:49:00, 50, 1.8220172, 49,       128, 44,        37, 45,       125, 56, 7.5369635, 64, 35.159302, 67, 710.83447, 72, 477.59851, 77, 41.937500, 83,         0,110,         1,116,         4
52C,2016/09/06 19:50:00, 50, 1.7420557, 49,       128, 44,        37, 45,       125, 56, 7.5369635, 64, 35.226440, 67, 710.83447, 72, 477.60760, 77, 41.968750, 83,         0,110,         1,116,         4
57C,2016/09/06 19:51:00, 50, 1.5690317, 49,       128, 44,        37, 45,       125, 56, 7.5369635, 64, 35.192871, 67, 710.83447, 72, 477.61395, 77, 41.968750, 83,         0,110,         1,116,         4
5BC,2016/09/06 19:52:00, 50, 1.0154705, 49,       128, 44,        37, 45,       125, 56, 7.5369635, 64, 35.116577, 67, 710.83447, 72, 477.64801, 77, 42.000000, 83,         0,110,         1,116,         4
50C,2016/09/06 19:53:00, 50, 0.8859739, 49,       128, 44,        37, 45,       125, 56, 7.5369635, 64, 35.137939, 67, 710.83447, 72, 477.65234, 77, 42.000000, 83,         0,110,         1,116,         4
55C,2016/09/06 19:54:00, 50, 2.1614747, 49,       128, 44,        37, 45,       125, 56, 7.5369635, 64, 35.223389, 67, 710.83447, 72, 477.71454, 77, 42.031250, 83,         0,110,         1,116,         4
57C,2016/09/06 19:55:00, 50, 3.5445757, 49,       128, 44,        37, 45,       125, 56, 7.5369635, 64, 35.131836, 67, 710.83447, 72, 477.72833, 77, 42.031250, 83,         0,110,         1,116,         4
52C,2016/09/06 19:56:00, 50, 2.7932682, 49,       128, 44,        37, 45,       125, 56, 7.5369635, 64, 35.128784, 67, 710.83447, 72, 477.67535, 77, 42.031250, 83,         0,110,         1,116,         4
58C,2016/09/06 19:57:00, 50, 2.6994882, 49,       128, 44,        37, 45,       125, 56, 7.5369635, 64, 35.220337, 67, 710.83447, 72, 477.63873, 77, 42.062500, 83,         0,110,         1,116,         4
5DC,2016/09/06 19:58:00, 50, 2.5105882, 49,       128, 44,        37, 45,       125, 56, 7.5369635, 64, 35.150146, 67, 710.83447, 72, 477.66382, 77, 42.093750, 83,         0,110,         1,116,         4
59C,2016/09/06 19:59:00, 50, 1.6348591, 49,       128, 44,        37, 45,       125, 56, 7.5369635, 64, 35.125732, 67, 710.83447, 72, 477.61969, 77, 42.125000, 83,         0,110,         1,116,         4
58C,2016/09/06 20:00:00, 50, 1.7703788, 49,       128, 44,        37, 45,       125, 56, 7.5369635, 64, 35.223389, 67, 710.83447, 72, 477.62836, 77, 42.093750, 83,         0,110,         1,116,         4
5EC,2016/09/06 20:01:00, 50, 2.0688863, 49,       128, 44,        37, 45,       125, 56, 7.5369635, 64, 35.137939, 67, 710.83447, 72, 477.58978, 77, 42.125000, 83,         0,110,         1,116,         4
5BC,2016/09/06 20:02:00, 50, 3.0311012, 49,       128, 44,        37, 45,       125, 56, 7.5369635, 64, 35.159302, 67, 710.83447, 72, 477.55762, 77, 42.093750, 83,         0,110,         1,116,         4
50C,2016/09/06 20:03:00, 50, 3.0807681, 49,       128, 44,        37, 45,       125, 56, 7.5369635, 64, 35.202026, 67, 710.83447, 72, 477.53595, 77, 42.125000, 83,         0,110,         1,116,         4
5DC,2016/09/06 20:04:00, 50, 2.2863102, 49,       128, 44,        37, 45,       125, 56, 7.5369635, 64, 35.110474, 67, 710.83447, 72, 477.49475, 77, 42.125000, 83,         0,110,         1,116,         4
59C,2016/09/06 20:05:00, 50, 2.6975236, 49,       128, 44,        37, 45,       125, 56, 7.5369635, 64, 35.217285, 67, 710.83447, 72, 477.51312, 77, 42.125000, 83,         0,110,         1,116,         4
53C,2016/09/06 20:06:00, 50, 3.3708253, 49,       128, 44,        37, 45,       125, 56, 7.5369635, 64, 35.137939, 67, 710.83447, 72, 477.48480, 77, 42.156250, 83,         0,110,         1,116,         4
51C,2016/09/06 20:07:00, 50, 3.1052623, 49,       128, 44,        37, 45,       125, 56, 7.5369635, 64, 35.168457, 67, 710.83447, 72, 477.52222, 77, 42.156250, 83,         0,110,         1,116,         4
52C,2016/09/06 20:08:00, 50, 2.4741797, 49,       128, 44,        37, 45,       125, 56, 7.5369635, 64, 35.183716, 67, 710.83447, 72, 477.52277, 77, 42.156250, 83,         0,110,         1,116,         4
5FC,2016/09/06 20:09:00, 50, 1.8416076, 49,       128, 44,        37, 45,       125, 56, 7.5369635, 64, 35.122681, 67, 710.83447, 72, 477.54846, 77, 42.156250, 83,         0,110,         1,116,         4
5AC,2016/09/06 20:10:00, 50, 1.9384370, 49,       128, 44,        37, 45,       125, 56, 7.5369635, 64, 35.220337, 67, 710.83447, 72, 477.56567, 77, 42.156250, 83,         0,110,         1,116,         4
58C,2016/09/06 20:11:00, 50, 1.7804356, 49,       128, 44,        37, 45,       125, 56, 7.5369635, 64, 35.110474, 67, 710.83447, 72, 477.62238, 77, 42.156250, 83,         0,110,         1,116,         4
53C,2016/09/06 20:12:00, 50, 1.6314130, 49,       128, 44,        37, 45,       125, 56, 7.5369635, 64, 35.220337, 67, 710.83447, 72, 477.56384, 77, 42.156250, 83,         0,110,         1,116,         4
54C,2016/09/06 20:13:00, 50, 1.7483358, 49,       128, 44,        37, 45,       125, 56, 7.5369635, 64, 35.113525, 67, 710.83447, 72, 477.61780, 77, 42.156250, 83,         0,110,         1,116,         4
52C,2016/09/06 20:14:00, 50, 2.0710144, 49,       128, 44,        37, 45,       125, 56, 7.5369635, 64, 35.217285, 67, 710.83447, 72, 477.56763, 77, 42.156250, 83,         0,110,         1,116,         4
5AC,2016/09/06 20:15:00, 50, 0.5065088, 49,       128, 44,        37, 45,       125, 56, 7.5369635, 64, 35.263062, 67, 710.83447, 72, 477.51733, 77, 42.156250, 83,         0,110,         1,116,         4
58C,2016/09/06 20:16:00, 50, 0.6052302, 49,       128, 44,        37, 45,       125, 56, 7.5369635, 64, 35.098267, 67, 710.83447, 72, 477.56866, 77, 42.187500, 83,         0,110,         1,116,         4
54C,2016/09/06 20:17:00, 50, 0.6700017, 49,       128, 44,        37, 45,       125, 56, 7.5369635, 64, 35.235596, 67, 710.83447, 72, 477.54938, 77, 42.156250, 83,         0,110,         1,116,         4
51C,2016/09/06 20:18:00, 50, 0.2361732, 49,       128, 44,        37, 45,       125, 56, 7.5369635, 64, 35.140991, 67, 710.83447, 72, 477.57446, 77, 42.156250, 83,         0,110,         1,116,         4
56C,2016/09/06 20:19:00, 50, 0.9404490, 49,       128, 44,        37, 45,       125, 56, 7.5369635, 64, 35.192871, 67, 710.83447, 72, 477.55688, 77, 42.156250, 83,         0,110,         1,116,         4
5AC,2016/09/06 20:20:00, 50, 1.1184018, 49,       128, 44,        37, 45,       125, 56, 7.5369635, 64, 35.186768, 67, 710.83447, 72, 477.54388, 77, 42.156250, 83,         0,110,         1,116,         4
55C,2016/09/06 20:21:00, 50, 0.0949386, 49,       128, 44,        37, 45,       125, 56, 7.5369635, 64, 35.116577, 67, 710.83447, 72, 477.56848, 77, 42.125000, 83,         0,110,         1,116,         4
5AC,2016/09/06 20:22:00, 50, 0.6549799, 49,       128, 44,        37, 45,       125, 56, 7.5369635, 64, 35.281372, 67, 710.83447, 72, 477.50220, 77, 42.125000, 83,         0,110,         1,116,         4
5BC,2016/09/06 20:23:00, 50, 1.7150967, 49,       128, 44,        37, 45,       125, 56, 7.5369635, 64, 35.052490, 67, 710.83447, 72, 477.56268, 77, 42.093750, 83,         0,110,         1,116,         4
56C,2016/09/06 20:24:00, 50, 1.3361859, 49,       128, 44,        37, 45,       125, 56, 7.5369635, 64, 35.244751, 67, 710.83447, 72, 477.56360, 77, 42.093750, 83,         0,110,         1,116,         4
50C,2016/09/06 20:25:00, 50, 1.1485283, 49,       128, 44,        37, 45,       125, 56, 7.5369635, 64, 35.211182, 67, 710.83447, 72, 477.54443, 77, 42.062500, 83,         0,110,         1,116,         4
5DC,2016/09/06 20:26:00, 50, 1.5016727, 49,       128, 44,        37, 45,       125, 56, 7.5369635, 64, 35.058594, 67, 710.83447, 72, 477.60284, 77, 42.093750, 83,         0,110,         1,116,         4
50C,2016/09/06 20:27:00, 50, 1.3238745, 49,       128, 44,        37, 45,       125, 56, 7.5369635, 64, 35.266113, 67, 710.83447, 72, 477.60773, 77, 42.062500, 83,         0,110,         1,116,         4
5CC,2016/09/06 20:28:00, 50, 1.6050165, 49,       128, 44,        37, 45,       125, 56, 7.5369635, 64, 35.208130, 67, 710.83447, 72, 477.52588, 77, 42.062500, 83,         0,110,         1,116,         4
52C,2016/09/06 20:29:00, 50, 1.4556816, 49,       128, 44,        37, 45,       125, 56, 7.5369635, 64, 35.055542, 67, 710.83447, 72, 477.58289, 77, 42.031250, 83,         0,110,         1,116,         4
51C,2016/09/06 20:30:00, 50, 1.4382095, 49,       128, 44,        37, 45,       125, 56, 7.5369635, 64, 35.244751, 67, 710.83447, 72, 477.56976, 77, 42.031250, 83,         0,110,         1,116,         4
54C,2016/09/06 20:31:00, 50, 1.6309628, 49,       128, 44,        37, 45,       125, 56, 7.5369635, 64, 35.211182, 67, 710.83447, 72, 477.56000, 77, 42.000000, 83,         0,110,         1,116,         4
50C,2016/09/06 20:32:00, 50, 1.4027569, 49,       128, 44,        37, 45,       125, 56, 7.5369635, 64, 35.052490, 67, 710.83447, 72, 477.58221, 77, 42.000000, 83,         0,110,         1,116,         4
54C,2016/09/06 20:33:00, 50, 1.4652686, 49,       128, 44,        37, 45,       125, 56, 7.5369635, 64, 35.229492, 67, 710.83447, 72, 477.61884, 77, 42.000000, 83,         0,110,         1,116,         4
5AC,2016/09/06 20:34:00, 50, 1.8328397, 49,       128, 44,        37, 45,       125, 56, 7.5369635, 64, 35.272217, 67, 710.83447, 72, 477.67780, 77, 42.000000, 83,         0,110,         1,116,         4
50C,2016/09/06 20:35:00, 50, 2.2048545, 49,       128, 44,        37, 45,       125, 56, 7.5369635, 64, 35.104370, 67, 710.83447, 72, 477.70612, 77, 42.000000, 83,         0,110,         1,116,         4
57C,2016/09/06 20:36:00, 50, 0.5357521, 49,       128, 44,        37, 45,       125, 56, 7.5369635, 64, 35.083008, 67, 710.83447, 72, 477.73279, 77, 41.968750, 83,         0,110,         1,116,         4
5CC,2016/09/06 20:37:00, 50, 0.8399282, 49,       128, 44,        37, 45,       125, 56, 7.5369635, 64, 35.256958, 67, 710.83447, 72, 477.74457, 77, 41.968750, 83,         0,110,         1,116,         4
53C,2016/09/06 20:38:00, 50, 1.5154500, 49,       128, 44,        37, 45,       125, 56, 7.5369635, 64, 35.281372, 67, 710.83447, 72, 477.66852, 77, 41.968750, 83,         0,110,         1,116,         4
5AC,2016/09/06 20:39:00, 50, 1.3746915, 49,       128, 44,        37, 45,       125, 56, 7.5369635, 64, 35.162354, 67, 710.83447, 72, 477.63428, 77, 41.937500, 83,         0,110,         1,116,         4
57C,2016/09/06 20:40:00, 50, 2.0911775, 49,       128, 44,        37, 45,       125, 56, 7.5369635, 64, 35.055542, 67, 710.83447, 72, 477.63123, 77, 41.968750, 83,         0,110,         1,116,         4
5EC,2016/09/06 20:41:00, 50, 2.2067413, 49,       128, 44,        37, 45,       125, 56, 7.5369635, 64, 35.101318, 67, 710.83447, 72, 477.68146, 77, 41.968750, 83,         0,110,         1,116,         4
55C,2016/09/06 20:42:00, 50, 2.4576697, 49,       128, 44,        37, 45,       125, 56, 7.5369635, 64, 35.220337, 67, 710.83447, 72, 477.65314, 77, 41.968750, 83,         0,110,         1,116,         4
5CC,2016/09/06 20:43:00, 50, 2.4715633, 49,       128, 44,        37, 45,       125, 56, 7.5369635, 64, 35.290527, 67, 710.83447, 72, 477.68060, 77, 41.968750, 83,         0,110,         1,116,         4
5AC,2016/09/06 20:44:00, 50, 2.2622600, 49,       128, 44,        37, 45,       125, 56, 7.5369635, 64, 35.278320, 67, 710.83447, 72, 477.67963, 77, 41.968750, 83,         0,110,         1,116,         4
5EC,2016/09/06 20:45:00, 50, 1.7650943, 49,       128, 44,        37, 45,       125, 56, 7.5369635, 64, 35.205078, 67, 710.83447, 72, 477.64697, 77, 41.937500, 83,         0,110,         1,116,         4
54C,2016/09/06 20:46:00, 50, 1.3776901, 49,       128, 44,        37, 45,       125, 56, 7.5369635, 64, 35.110474, 67, 710.83447, 72, 477.64191, 77, 41.906250, 83,         0,110,         1,116,         4
50C,2016/09/06 20:47:00, 50, 1.4069529, 49,       128, 44,        37, 45,       125, 56, 7.5369635, 64, 35.055542, 67, 710.83447, 72, 477.73431, 77, 41.937500, 83,         0,110,         1,116,         4
59C,2016/09/06 20:48:00, 50, 1.6670749, 49,       128, 44,        37, 45,       125, 56, 7.5369635, 64, 35.073853, 67, 710.83447, 72, 477.74457, 77, 41.937500, 83,         0,110,         1,116,         4
59C,2016/09/06 20:49:00, 50, 1.4807365, 49,       128, 44,        37, 45,       125, 56, 7.5369635, 64, 35.144043, 67, 710.83447, 72, 477.69177, 77, 41.937500, 83,         0,110,         1,116,         4
5DC,2016/09/06 20:50:00, 50, 1.6338744, 49,       128, 44,        37, 45,       125, 56, 7.5369635, 64, 35.223389, 67, 710.83447, 72, 477.72156, 77, 41.937500, 83,         0,110,         1,116,         4
5AC,2016/09/06 20:51:00, 50, 1.0545514, 49,       128, 44,        37, 45,       125, 56, 7.5369635, 64, 35.281372, 67, 710.83447, 72, 477.66077, 77, 41.906250, 83,         0,110,         1,116,         4
5EC,2016/09/06 20:52:00, 50, 1.0257885, 49,       128, 44,        37, 45,       125, 56, 7.5369635, 64, 35.290527, 67, 710.83447, 72, 477.72894, 77, 41.906250, 83,         0,110,         1,116,         4
5DC,2016/09/06 20:53:00, 50, 1.4265163, 49,       128, 44,        37, 45,       125, 56, 7.5369635, 64, 35.287476, 67, 710.83447, 72, 477.67523, 77, 41.937500, 83,         0,110,         1,116,         4
55C,2016/09/06 20:54:00, 50, 2.0006723, 49,       128, 44,        37, 45,       125, 56, 7.5369635, 64, 35.272217, 67, 710.83447, 72, 477.61523, 77, 41.937500, 83,         0,110,         1,116,         4
54C,2016/09/06 20:55:00, 50, 2.0962348, 49,       128, 44,        37, 45,       125, 56, 7.5369635, 64, 35.244751, 67, 710.83447, 72, 477.60858, 77, 41.937500, 83,         0,110,         1,116,         4
56C,2016/09/06 20:56:00, 50, 1.7404263, 49,       128, 44,        37, 45,       125, 56, 7.5369635, 64, 35.241699, 67, 710.83447, 72, 477.61206, 77, 41.906250, 83,         0,110,         1,116,         4
55C,2016/09/06 20:57:00, 50, 2.1668329, 49,       128, 44,        37, 45,       125, 56, 7.5369635, 64, 35.250854, 67, 710.83447, 72, 477.62866, 77, 41.906250, 83,         0,110,         1,116,         4
59C,2016/09/06 20:58:00, 50, 2.2491989, 49,       128, 44,        37, 45,       125, 56, 7.5369635, 64, 35.256958, 67, 710.83447, 72, 477.56909, 77, 41.906250, 83,         0,110,         1,116,         4
50C,2016/09/06 20:59:00, 50, 1.9367301, 49,       128, 44,        37, 45,       125, 56, 7.5369635, 64, 35.275269, 67, 710.83447, 72, 477.56873, 77, 41.906250, 83,         0,110,         1,116,         4
5EC,2016/09/06 21:00:00, 50, 1.5642159, 49,       128, 44,        37, 45,       125, 56, 7.5369635, 64, 35.287476, 67, 710.83447, 72, 477.58533, 77, 41.906250, 83,         0,110,         1,116,         4
5EC,2016/09/06 21:01:00, 50, 1.1602347, 49,       128, 44,        37, 45,       125, 56, 7.5369635, 64, 35.293579, 67, 710.83447, 72, 477.58734, 77, 41.875000, 83,         0,110,         1,116,         4
56C,2016/09/06 21:02:00, 50, 1.1290810, 49,       128, 44,        37, 45,       125, 56, 7.5369635, 64, 35.287476, 67, 710.83447, 72, 477.56219, 77, 41.906250, 83,         0,110,         1,116,         4
57C,2016/09/06 21:03:00, 50, 0.9807017, 49,       128, 44,        37, 45,       125, 56, 7.5369635, 64, 35.250854, 67, 710.83447, 72, 477.58264, 77, 41.906250, 83,         0,110,         1,116,         4
5EC,2016/09/06 21:04:00, 50, 0.9404628, 49,       128, 44,        37, 45,       125, 56, 7.5369635, 64, 35.205078, 67, 710.83447, 72, 477.63654, 77, 41.875000, 83,         0,110,         1,116,         4
5AC,2016/09/06 21:05:00, 50, 0.5273635, 49,       128, 44,        37, 45,       125, 56, 7.5369635, 64, 35.144043, 67, 710.83447, 72, 477.64490, 77, 41.875000, 83,         0,110,         1,116,         4
54C,2016/09/06 21:06:00, 50, 0.6258808, 49,       128, 44,        37, 45,       125, 56, 7.5369635, 64, 35.089111, 67, 710.83447, 72, 477.63873, 77, 41.843750, 83,         0,110,         1,116,         4
55C,2016/09/06 21:07:00, 50, 0.1265427, 49,       128, 44,        37, 45,       125, 56, 7.5369635, 64, 35.058594, 67, 710.83447, 72, 477.64166, 77, 41.875000, 83,         0,110,         1,116,         4
52C,2016/09/06 21:08:00, 50, 0.2301883, 49,       128, 44,        37, 45,       125, 56, 7.5369635, 64, 35.223389, 67, 710.83447, 72, 477.64294, 77, 41.875000, 83,         0,110,         1,116,         4
54C,2016/09/06 21:09:00, 50,-0.0432900, 49,       128, 44,        37, 45,       125, 56, 7.5369635, 64, 35.192871, 67, 710.83447, 72, 477.68164, 77, 41.875000, 83,         0,110,         1,116,         4
53C,2016/09/06 21:10:00, 50,-0.2398837, 49,       128, 44,        37, 45,       125, 56, 7.5369635, 64, 35.156250, 67, 710.83447, 72, 477.63446, 77, 41.875000, 83,         0,110,         1,116,         4
59C,2016/09/06 21:11:00, 50,-0.3657380, 49,       128, 44,        37, 45,       125, 56, 7.5369635, 64, 35.122681, 67, 710.83447, 72, 477.61884, 77, 41.875000, 83,         0,110,         1,116,         4
52C,2016/09/06 21:12:00, 50,-0.0081134, 49,       128, 44,        37, 45,       125, 56, 7.5369635, 64, 35.116577, 67, 710.83447, 72, 477.59955, 77, 41.875000, 83,         0,110,         1,116,         4
50C,2016/09/06 21:13:00, 50, 0.0020602, 49,       128, 44,        37, 45,       125, 56, 7.5369635, 64, 35.162354, 67, 710.83447, 72, 477.58856, 77, 41.875000, 83,         0,110,         1,116,         4
56C,2016/09/06 21:14:00, 50,-0.9399691, 49,       128, 44,        37, 45,       125, 56, 7.5369635, 64, 35.217285, 67, 710.83447, 72, 477.53662, 77, 41.875000, 83,         0,110,         1,116,         4
5DC,2016/09/06 21:15:00, 50,-0.5682907, 49,       128, 44,        37, 45,       125, 56, 7.5369635, 64, 35.211182, 67, 710.83447, 72, 477.55249, 77, 41.875000, 83,         0,110,         1,116,         4
5CC,2016/09/06 21:16:00, 50,-0.4382473, 49,       128, 44,        37, 45,       125, 56, 7.5369635, 64, 35.147095, 67, 710.83447, 72, 477.57367, 77, 41.875000, 83,         0,110,         1,116,         4
51C,2016/09/06 21:17:00, 50,-0.9541808, 49,       128, 44,        37, 45,       125, 56, 7.5369635, 64, 35.116577, 67, 710.83447, 72, 477.49091, 77, 41.875000, 83,         0,110,         1,116,         4
57C,2016/09/06 21:18:00, 50,-0.4201103, 49,       128, 44,        37, 45,       125, 56, 7.5369635, 64, 35.183716, 67, 710.83447, 72, 477.54834, 77, 41.843750, 83,         0,110,         1,116,         4
54C,2016/09/06 21:19:00, 50, 0.1304837, 49,       128, 44,        37, 45,       125, 56, 7.5369635, 64, 35.220337, 67, 710.83447, 72, 477.53577, 77, 41.843750, 83,         0,110,         1,116,         4
5FC,2016/09/06 21:20:00, 50,-0.2235989, 49,       128, 44,        37, 45,       125, 56, 7.5369635, 64, 35.147095, 67, 710.83447, 72, 477.46088, 77, 41.843750, 83,         0,110,         1,116,         4
5BC,2016/09/06 21:21:00, 50, 1.1254947, 49,       128, 44,        37, 45,       125, 56, 7.5369635, 64, 35.119629, 67, 710.83447, 72, 477.51721, 77, 41.875000, 83,         0,110,         1,116,         4
51C,2016/09/06 21:22:00, 50, 0.6852239, 49,       128, 44,        37, 45,       125, 56, 7.5369635, 64, 35.205078, 67, 710.83447, 72, 477.59363, 77, 41.843750, 83,         0,110,         1,116,         4
57C,2016/09/06 21:23:00, 50, 0.4589850, 49,       128, 44,        37, 45,       125, 56, 7.5369635, 64, 35.202026, 67, 710.83447, 72, 477.59540, 77, 41.843750, 83,         0,110,         1,116,         4
52C,2016/09/06 21:24:00, 50, 0.3136413, 49,       128, 44,        37, 45,       125, 56, 7.5369635, 64, 35.125732, 67, 710.83447, 72, 477.63507, 77, 41.843750, 83,         0,110,         1,116,         4
5DC,2016/09/06 21:25:00, 50, 0.1988343, 49,       128, 44,        37, 45,       125, 56, 7.5369635, 64, 35.147095, 67, 710.83447, 72, 477.59363, 77, 41.843750, 83,         0,110,         1,116,         4
52C,2016/09/06 21:26:00, 50, 0.1997698, 49,       128, 44,        37, 45,       125, 56, 7.5369635, 64, 35.223389, 67, 710.83447, 72, 477.55884, 77, 41.843750, 83,         0,110,         1,116,         4
5DC,2016/09/06 21:27:00, 50, 0.1099569, 49,       128, 44,        37, 45,       125, 56, 7.5369635, 64, 35.156250, 67, 710.83447, 72, 477.64050, 77, 41.812500, 83,         0,110,         1,116,         4
58C,2016/09/06 21:28:00, 50, 0.4354495, 49,       128, 44,        37, 45,       125, 56, 7.5369635, 64, 35.125732, 67, 710.83447, 72, 477.57593, 77, 41.812500, 83,         0,110,         1,116,         4
5AC,2016/09/06 21:29:00, 50, 0.4422260, 49,       128, 44,        37, 45,       125, 56, 7.5369635, 64, 35.220337, 67, 710.83447, 72, 477.56891, 77, 41.812500, 83,         0,110,         1,116,         4
50C,2016/09/06 21:30:00, 50,-0.4798154, 49,       128, 44,        37, 45,       125, 56, 7.5369635, 64, 35.162354, 67, 710.83447, 72, 477.59216, 77, 41.843750, 83,         0,110,         1,116,         4
5AC,2016/09/06 21:31:00, 50,-0.1466082, 49,       128, 44,        37, 45,       125, 56, 7.5369635, 64, 35.131836, 67, 710.83447, 72, 477.57263, 77, 41.812500, 83,         0,110,         1,116,         4
58C,2016/09/06 21:32:00, 50,-0.5036504, 49,       128, 44,        37, 45,       125, 56, 7.5369635, 64, 35.226440, 67, 710.83447, 72, 477.56244, 77, 41.843750, 83,         0,110,         1,116,         4
58C,2016/09/06 21:33:00, 50,-0.7290578, 49,       128, 44,        37, 45,       125, 56, 7.5369635, 64, 35.125732, 67, 710.83447, 72, 477.55450, 77, 41.843750, 83,         0,110,         1,116,         4
57C,2016/09/06 21:34:00, 50,-0.3931643, 49,       128, 44,        37, 45,       125, 56, 7.5369635, 64, 35.186768, 67, 710.83447, 72, 477.57098, 77, 41.812500, 83,         0,110,         1,116,         4
51C,2016/09/06 21:35:00, 50, 0.1511747, 49,       128, 44,        37, 45,       125, 56, 7.5369635, 64, 35.177612, 67, 710.83447, 72, 477.65436, 77, 41.812500, 83,         0,110,         1,116,         4
57C,2016/09/06 21:36:00, 50,-0.5235209, 49,       128, 44,        37, 45,       125, 56, 7.5369635, 64, 35.134888, 67, 710.83447, 72, 477.61835, 77, 41.843750, 83,         0,110,         1,116,         4
55C,2016/09/06 21:37:00, 50,-1.4950106, 49,       128, 44,        37, 45,       125, 56, 7.5369635, 64, 35.214233, 67, 710.83447, 72, 477.66125, 77, 41.812500, 83,         0,110,         1,116,         4
53C,2016/09/06 21:38:00, 50,-0.8386314, 49,       128, 44,        37, 45,       125, 56, 7.5369635, 64, 35.116577, 67, 710.83447, 72, 477.65106, 77, 41.812500, 83,         0,110,         1,116,         4
5EC,2016/09/06 21:39:00, 50,-0.2380198, 49,       128, 44,        37, 45,       125, 56, 7.5369635, 64, 35.226440, 67, 710.83447, 72, 477.67706, 77, 41.781250, 83,         0,110,         1,116,         4
53C,2016/09/06 21:40:00, 50,-0.1906998, 49,       128, 44,        37, 45,       125, 56, 7.5369635, 64, 35.116577, 67, 710.83447, 72, 477.74219, 77, 41.781250, 83,         0,110,         1,116,         4
51C,2016/09/06 21:41:00, 50,-0.1133525, 49,       128, 44,        37, 45,       125, 56, 7.5369635, 64, 35.223389, 67, 710.83447, 72, 477.78235, 77, 41.812500, 83,         0,110,         1,116,         4
53C,2016/09/06 21:42:00, 50, 0.3828380, 49,       128, 44,        37, 45,       125, 56, 7.5369635, 64, 35.122681, 67, 710.83447, 72, 477.81018, 77, 41.812500, 83,         0,110,         1,116,         4
56C,2016/09/06 21:43:00, 50, 0.6881473, 49,       128, 44,        37, 45,       125, 56, 7.5369635, 64, 35.214233, 67, 710.83447, 72, 477.74457, 77, 41.781250, 83,         0,110,         1,116,         4
53C,2016/09/06 21:44:00, 50, 0.6303505, 49,       128, 44,        37, 45,       125, 56, 7.5369635, 64, 35.128784, 67, 710.83447, 72, 477.72644, 77, 41.781250, 83,         0,110,         1,116,         4
51C,2016/09/06 21:45:00, 50, 0.3855850, 49,       128, 44,        37, 45,       125, 56, 7.5369635, 64, 35.211182, 67, 710.83447, 72, 477.76605, 77, 41.750000, 83,         0,110,         1,116,         4
5DC,2016/09/06 21:46:00, 50, 1.0067475, 49,       128, 44,        37, 45,       125, 56, 7.5369635, 64, 35.128784, 67, 710.83447, 72, 477.76544, 77, 41.750000, 83,         0,110,         1,116,         4
57C,2016/09/06 21:47:00, 50, 1.9359140, 49,       128, 44,        37, 45,       125, 56, 7.5369635, 64, 35.214233, 67, 710.83447, 72, 477.73730, 77, 41.718750, 83,         0,110,         1,116,         4
58C,2016/09/06 21:48:00, 50, 1.7985382, 49,       128, 44,        37, 45,       125, 56, 7.5369635, 64, 35.122681, 67, 710.83447, 72, 477.69397, 77, 41.718750, 83,         0,110,         1,116,         4
54C,2016/09/06 21:49:00, 50, 1.0253251, 49,       128, 44,        37, 45,       125, 56, 7.5369635, 64, 35.223389, 67, 710.83447, 72, 477.67999, 77, 41.718750, 83,         0,110,         1,116,         4
5DC,2016/09/06 21:50:00, 50, 0.6529752, 49,       128, 44,        37, 45,       125, 56, 7.5369635, 64, 35.116577, 67, 710.83447, 72, 477.73499, 77, 41.718750, 83,         0,110,         1,116,         4
59C,2016/09/06 21:51:00, 50, 0.9921001, 49,       128, 44,        37, 45,       125, 56, 7.5369635, 64, 35.223389, 67, 710.83447, 72, 477.66827, 77, 41.718750, 83,         0,110,         1,116,         4
58C,2016/09/06 21:52:00, 50, 1.2567794, 49,       128, 44,        37, 45,       125, 56, 7.5369635, 64, 35.131836, 67, 710.83447, 72, 477.69440, 77, 41.687500, 83,         0,110,         1,116,         4
52C,2016/09/06 21:53:00, 50, 0.7440338, 49,       128, 44,        37, 45,       125, 56, 7.5369635, 64, 35.186768, 67, 710.83447, 72, 477.68365, 77, 41.687500, 83,         0,110,         1,116,         4
5BC,2016/09/06 21:54:00, 50, 0.3375841, 49,       128, 44,        37, 45,       125, 56, 7.5369635, 64, 35.192871, 67, 710.83447, 72, 477.70764, 77, 41.687500, 83,         0,110,         1,116,         4
5EC,2016/09/06 21:55:00, 50, 0.5834616, 49,       128, 44,        37, 45,       125, 56, 7.5369635, 64, 35.125732, 67, 710.83447, 72, 477.77521, 77, 41.687500, 83,         0,110,         1,116,         4
57C,2016/09/06 21:56:00, 50, 0.4958638, 49,       128, 44,        37, 45,       125, 56, 7.5369635, 64, 35.220337, 67, 710.83447, 72, 477.69244, 77, 41.687500, 83,         0,110,         1,116,         4
56C,2016/09/06 21:57:00, 50, 0.9157771, 49,       128, 44,        37, 45,       125, 56, 7.5369635, 64, 35.153198, 67, 710.83447, 72, 477.74701, 77, 41.656250, 83,         0,110,         1,116,         4
5DC,2016/09/06 21:58:00, 50, 0.6568151, 49,       128, 44,        37, 45,       125, 56, 7.5369635, 64, 35.147095, 67, 710.83447, 72, 477.72394, 77, 41.656250, 83,         0,110,         1,116,         4
58C,2016/09/06 21:59:00, 50, 0.9060519, 49,       128, 44,        37, 45,       125, 56, 7.5369635, 64, 35.226440, 67, 710.83447, 72, 477.71478, 77, 41.656250, 83,         0,110,         1,116,         4
5AC,2016/09/06 22:00:00, 50, 0.8584300, 49,       128, 44,        37, 45,       125, 56, 7.5369635, 64, 35.147095, 67, 710.83447, 72, 477.81573, 77, 41.656250, 83,         0,110,         1,116,         4
5AC,2016/09/06 22:01:00, 50, 0.9145840, 49,       128, 44,        37, 45,       125, 56, 7.5369635, 64, 35.275269, 67, 710.83447, 72, 477.82214, 77, 41.656250, 83,         0,110,         1,116,         4
5EC,2016/09/06 22:02:00, 50, 1.6384566, 49,       128, 44,        37, 45,       125, 56, 7.5369635, 64, 35.089111, 67, 710.83447, 72, 477.84131, 77, 41.656250, 83,         0,110,         1,116,         4
5EC,2016/09/06 22:03:00, 50, 1.8300369, 49,       128, 44,        37, 45,       125, 56, 7.5369635, 64, 35.125732, 67, 710.83447, 72, 477.81158, 77, 41.656250, 83,         0,110,         1,116,         4
5FC,2016/09/06 22:04:00, 50, 1.9367721, 49,       128, 44,        37, 45,       125, 56, 7.5369635, 64, 35.293579, 67, 710.83447, 72, 477.79401, 77, 41.625000, 83,         0,110,         1,116,         4
53C,2016/09/06 22:05:00, 50, 2.1675901, 49,       128, 44,        37, 45,       125, 56, 7.5369635, 64, 35.168457, 67, 710.83447, 72, 477.82513, 77, 41.625000, 83,         0,110,         1,116,         4
5DC,2016/09/06 22:06:00, 50, 2.2301831, 49,       128, 44,        37, 45,       125, 56, 7.5369635, 64, 35.061646, 67, 710.83447, 72, 477.88409, 77, 41.625000, 83,         0,110,         1,116,         4
5CC,2016/09/06 22:07:00, 50, 2.1857800, 49,       128, 44,        37, 45,       125, 56, 7.5369635, 64, 35.229492, 67, 710.83447, 72, 477.93964, 77, 41.625000, 83,         0,110,         1,116,         4
5DC,2016/09/06 22:08:00, 50, 1.6589320, 49,       128, 44,        37, 45,       125, 56, 7.5369635, 64, 35.275269, 67, 710.83447, 72, 477.88623, 77, 41.625000, 83,         0,110,         1,116,         4
5CC,2016/09/06 22:09:00, 50, 1.5085275, 49,       128, 44,        37, 45,       125, 56, 7.5369635, 64, 35.110474, 67, 710.83447, 72, 477.89575, 77, 41.625000, 83,         0,110,         1,116,         4
5EC,2016/09/06 22:10:00, 50, 1.0081127, 49,       128, 44,        37, 45,       125, 56, 7.5369635, 64, 35.089111, 67, 710.83447, 72, 477.82172, 77, 41.625000, 83,         0,110,         1,116,         4
5BC,2016/09/06 22:11:00, 50, 0.9911087, 49,       128, 44,        37, 45,       125, 56, 7.5369635, 64, 35.253906, 67, 710.83447, 72, 477.89825, 77, 41.593750, 83,         0,110,         1,116,         4
52C,2016/09/06 22:12:00, 50, 1.3307922, 49,       128, 44,        37, 45,       125, 56, 7.5369635, 64, 35.272217, 67, 710.83447, 72, 477.90588, 77, 41.593750, 83,         0,110,         1,116,         4
5BC,2016/09/06 22:13:00, 50, 1.2876713, 49,       128, 44,        37, 45,       125, 56, 7.5369635, 64, 35.122681, 67, 710.83447, 72, 477.92169, 77, 41.625000, 83,         0,110,         1,116,         4
5BC,2016/09/06 22:14:00, 50, 1.3261216, 49,       128, 44,        37, 45,       125, 56, 7.5369635, 64, 35.061646, 67, 710.83447, 72, 477.88806, 77, 41.593750, 83,         0,110,         1,116,         4
58C,2016/09/06 22:15:00, 50, 1.7466393, 49,       128, 44,        37, 45,       125, 56, 7.5369635, 64, 35.165405, 67, 710.83447, 72, 477.86865, 77, 41.593750, 83,         0,110,         1,116,         4
50C,2016/09/06 22:16:00, 50, 1.5282271, 49,       128, 44,        37, 45,       125, 56, 7.5369635, 64, 35.284424, 67, 710.83447, 72, 477.86005, 77, 41.562500, 83,         0,110,         1,116,         4
51C,2016/09/06 22:17:00, 50, 1.3443182, 49,       128, 44,        37, 45,       125, 56, 7.5369635, 64, 35.263062, 67, 710.83447, 72, 477.91394, 77, 41.562500, 83,         0,110,         1,116,         4
5FC,2016/09/06 22:18:00, 50, 2.0549788, 49,       128, 44,        37, 45,       125, 56, 7.5369635, 64, 35.159302, 67, 710.83447, 72, 477.94983, 77, 41.562500, 83,         0,110,         1,116,         4
5FC,2016/09/06 22:19:00, 50, 1.6501904, 49,       128, 44,        37, 45,       125, 56, 7.5369635, 64, 35.070801, 67, 710.83447, 72, 478.03241, 77, 41.531250, 83,         0,110,         1,116,         4
5AC,2016/09/06 22:20:00, 50, 1.3798363, 49,       128, 44,        37, 45,       125, 56, 7.5369635, 64, 35.067749, 67, 710.83447, 72, 477.96521, 77, 41.562500, 83,         0,110,         1,116,         4
5EC,2016/09/06 22:21:00, 50, 1.3120520, 49,       128, 44,        37, 45,       125, 56, 7.5369635, 64, 35.122681, 67, 710.83447, 72, 478.02307, 77, 41.531250, 83,         0,110,         1,116,         4
53C,2016/09/06 22:22:00, 50, 1.1319070, 49,       128, 44,        37, 45,       125, 56, 7.5369635, 64, 35.208130, 67, 710.83447, 72, 478.04022, 77, 41.531250, 83,         0,110,         1,116,         4
58C,2016/09/06 22:23:00, 50, 1.0838270, 49,       128, 44,        37, 45,       125, 56, 7.5369635, 64, 35.263062, 67, 710.83447, 72, 478.03955, 77, 41.562500, 83,         0,110,         1,116,         4
5CC,2016/09/06 22:24:00, 50, 1.1908619, 49,       128, 44,        37, 45,       125, 56, 7.5369635, 64, 35.296631, 67, 710.83447, 72, 477.97961, 77, 41.531250, 83,         0,110,         1,116,         4
51C,2016/09/06 22:25:00, 50, 1.6745043, 49,       128, 44,        37, 45,       125, 56, 7.5369635, 64, 35.287476, 67, 710.83447, 72, 477.95392, 77, 41.531250, 83,         0,110,         1,116,         4
5EC,2016/09/06 22:26:00, 50, 1.8917513, 49,       128, 44,        37, 45,       125, 56, 7.5369635, 64, 35.256958, 67, 710.83447, 72, 477.92810, 77, 41.531250, 83,         0,110,         1,116,         4
52C,2016/09/06 22:27:00, 50, 2.1359582, 49,       128, 44,        37, 45,       125, 56, 7.5369635, 64, 35.235596, 67, 710.83447, 72, 477.95294, 77, 41.500000, 83,         0,110,         1,116,         4
50C,2016/09/06 22:28:00, 50, 2.3725705, 49,       128, 44,        37, 45,       125, 56, 7.5369635, 64, 35.208130, 67, 710.83447, 72, 477.91022, 77, 41.500000, 83,         0,110,         1,116,         4
5AC,2016/09/06 22:29:00, 50, 1.4011989, 49,       128, 44,        37, 45,       125, 56, 7.5369635, 64, 35.180664, 67, 710.83447, 72, 477.90735, 77, 41.500000, 83,         0,110,         1,116,         4
5CC,2016/09/06 22:30:00, 50, 1.6266019, 49,       128, 44,        37, 45,       125, 56, 7.5369635, 64, 35.165405, 67, 710.83447, 72, 477.93610, 77, 41.531250, 83,         0,110,         1,116,         4
58C,2016/09/06 22:31:00, 50, 1.4766028, 49,       128, 44,        37, 45,       125, 56, 7.5369635, 64, 35.144043, 67, 710.83447, 72, 477.96552, 77, 41.500000, 83,         0,110,         1,116,         4
54C,2016/09/06 22:32:00, 50, 1.4428475, 49,       128, 44,        37, 45,       125, 56, 7.5369635, 64, 35.134888, 67, 710.83447, 72, 477.98322, 77, 41.468750, 83,         0,110,         1,116,         4
51C,2016/09/06 22:33:00, 50, 1.3633080, 49,       128, 44,        37, 45,       125, 56, 7.5369635, 64, 35.116577, 67, 710.83447, 72, 477.99695, 77, 41.468750, 83,         0,110,         1,116,         4
5CC,2016/09/06 22:34:00, 50, 1.2562881, 49,       128, 44,        37, 45,       125, 56, 7.5369635, 64, 35.116577, 67, 710.83447, 72, 477.97504, 77, 41.468750, 83,         0,110,         1,116,         4
51C,2016/09/06 22:35:00, 50, 1.2187321, 49,       128, 44,        37, 45,       125, 56, 7.5369635, 64, 35.116577, 67, 710.83447, 72, 477.94415, 77, 41.468750, 83,         0,110,         1,116,         4
54C,2016/09/06 22:36:00, 50, 1.4882433, 49,       128, 44,        37, 45,       125, 56, 7.5369635, 64, 35.113525, 67, 710.83447, 72, 477.91406, 77, 41.437500, 83,         0,110,         1,116,         4
5DC,2016/09/06 22:37:00, 50, 1.2666588, 49,       128, 44,        37, 45,       125, 56, 7.5369635, 64, 35.119629, 67, 710.83447, 72, 477.92816, 77, 41.437500, 83,         0,110,         1,116,         4
58C,2016/09/06 22:38:00, 50, 0.4973583, 49,       128, 44,        37, 45,       125, 56, 7.5369635, 64, 35.131836, 67, 710.83447, 72, 477.83954, 77, 41.437500, 83,         0,110,         1,116,         4
56C,2016/09/06 22:39:00, 50, 0.5621994, 49,       128, 44,        37, 45,       125, 56, 7.5369635, 64, 35.147095, 67, 710.83447, 72, 477.81042, 77, 41.406250, 83,         0,110,         1,116,         4
57C,2016/09/06 22:40:00, 50, 0.7450991, 49,       128, 44,        37, 45,       125, 56, 7.5369635, 64, 35.174561, 67, 710.83447, 72, 477.84607, 77, 41.406250, 83,         0,110,         1,116,         4
5FC,2016/09/06 22:41:00, 50, 0.4777100, 49,       128, 44,        37, 45,       125, 56, 7.5369635, 64, 35.205078, 67, 710.83447, 72, 477.77863, 77, 41.375000, 83,         0,110,         1,116,         4
53C,2016/09/06 22:42:00, 50, 0.5667239, 49,       128, 44,        37, 45,       125, 56, 7.5369635, 64, 35.247803, 67, 710.83447, 72, 477.83636, 77, 41.375000, 83,         0,110,         1,116,         4
53C,2016/09/06 22:43:00, 50, 0.5798337, 49,       128, 44,        37, 45,       125, 56, 7.5369635, 64, 35.278320, 67, 710.83447, 72, 477.89160, 77, 41.343750, 83,         0,110,         1,116,         4
52C,2016/09/06 22:44:00, 50, 0.8055521, 49,       128, 44,        37, 45,       125, 56, 7.5369635, 64, 35.296631, 67, 710.83447, 72, 477.88873, 77, 41.312500, 83,         0,110,         1,116,         4
5BC,2016/09/06 22:45:00, 50, 0.7078741, 49,       128, 44,        37, 45,       125, 56, 7.5369635, 64, 35.287476, 67, 710.83447, 72, 477.93469, 77, 41.312500, 83,         0,110,         1,116,         4
5AC,2016/09/06 22:46:00, 50, 0.8087623, 49,       128, 44,        37, 45,       125, 56, 7.5369635, 64, 35.232544, 67, 710.83447, 72, 477.86365, 77, 41.281250, 83,         0,110,         1,116,         4
5EC,2016/09/06 22:47:00, 50, 0.5975120, 49,       128, 44,        37, 45,       125, 56, 7.5369635, 64, 35.159302, 67, 710.83447, 72, 477.87976, 77, 41.250000, 83,         0,110,         1,116,         4
5CC,2016/09/06 22:48:00, 50, 1.0156653, 49,       128, 44,        37, 45,       125, 56, 7.5369635, 64, 35.079956, 67, 710.83447, 72, 477.88873, 77, 41.250000, 83,         0,110,         1,116,         4
57C,2016/09/06 22:49:00, 50, 0.9752164, 49,       128, 44,        37, 45,       125, 56, 7.5369635, 64, 35.067749, 67, 710.83447, 72, 477.90070, 77, 41.218750, 83,         0,110,         1,116,         4
50C,2016/09/06 22:50:00, 50, 0.9680383, 49,       128, 44,        37, 45,       125, 56, 7.5369635, 64, 35.134888, 67, 710.83447, 72, 477.88562, 77, 41.218750, 83,         0,110,         1,116,         4
53C,2016/09/06 22:51:00, 50, 0.6446780, 49,       128, 44,        37, 45,       125, 56, 7.5369635, 64, 35.247803, 67, 710.83447, 72, 477.87921, 77, 41.187500, 83,         0,110,         1,116,         4
51C,2016/09/06 22:52:00, 50, 0.3719934, 49,       128, 44,        37, 45,       125, 56, 7.5369635, 64, 35.296631, 67, 710.83447, 72, 477.81146, 77, 41.187500, 83,         0,110,         1,116,         4
58C,2016/09/06 22:53:00, 50, 0.0770745, 49,       128, 44,        37, 45,       125, 56, 7.5369635, 64, 35.229492, 67, 710.83447, 72, 477.85260, 77, 41.187500, 83,         0,110,         1,116,         4
5BC,2016/09/06 22:54:01, 50, 0.4220130, 49,       128, 44,        37, 45,       125, 56, 7.5369635, 64, 35.217285, 67, 710.83447, 72, 477.80786, 77, 41.187500, 83,         0,110,         1,116,         4
51C,2016/09/06 22:55:00, 50, 0.5258868, 49,       128, 44,        37, 45,       125, 56, 7.5369635, 64, 35.217285, 67, 710.83447, 72, 477.85266, 77, 41.156250, 83,         0,110,         1,116,         4
59C,2016/09/06 22:56:00, 50, 0.8130300, 49,       128, 44,        37, 45,       125, 56, 7.5369635, 64, 35.159302, 67, 710.83447, 72, 477.84082, 77, 41.156250, 83,         0,110,         1,116,         4
51C,2016/09/06 22:57:00, 50, 1.2745810, 49,       128, 44,        37, 45,       125, 56, 7.5369635, 64, 35.122681, 67, 710.83447, 72, 477.90570, 77, 41.125000, 83,         0,110,         1,116,         4
56C,2016/09/06 22:58:00, 50, 0.9936904, 49,       128, 44,        37, 45,       125, 56, 7.5369635, 64, 35.180664, 67, 710.83447, 72, 477.92914, 77, 41.156250, 83,         0,110,         1,116,         4
53C,2016/09/06 22:59:00, 50, 1.2488945, 49,       128, 44,        37, 45,       125, 56, 7.5369635, 64, 35.223389, 67, 710.83447, 72, 477.91003, 77, 41.125000, 83,         0,110,         1,116,         4
56C,2016/09/06 23:00:00, 50, 1.1740599, 49,       128, 44,        37, 45,       125, 56, 7.5369635, 64, 35.162354, 67, 710.83447, 72, 477.89490, 77, 41.125000, 83,         0,110,         1,116,         4
55C,2016/09/06 23:01:00, 50, 1.0657730, 49,       128, 44,        37, 45,       125, 56, 7.5369635, 64, 35.128784, 67, 710.83447, 72, 477.90997, 77, 41.125000, 83,         0,110,         1,116,         4
54C,2016/09/06 23:02:00, 50, 1.0531132, 49,       128, 44,        37, 45,       125, 56, 7.5369635, 64, 35.214233, 67, 710.83447, 72, 477.89539, 77, 41.125000, 83,         0,110,         1,116,         4
57C,2016/09/06 23:03:00, 50, 1.0061102, 49,       128, 44,        37, 45,       125, 56, 7.5369635, 64, 35.195923, 67, 710.83447, 72, 477.86780, 77, 41.093750, 83,         0,110,         1,116,         4
53C,2016/09/06 23:04:00, 50, 0.8156934, 49,       128, 44,        37, 45,       125, 56, 7.5369635, 64, 35.125732, 67, 710.83447, 72, 477.84381, 77, 41.093750, 83,         0,110,         1,116,         4
59C,2016/09/06 23:05:00, 50, 0.9521891, 49,       128, 44,        37, 45,       125, 56, 7.5369635, 64, 35.195923, 67, 710.83447, 72, 477.85529, 77, 41.093750, 83,         0,110,         1,116,         4
5EC,2016/09/06 23:06:00, 50, 0.4645545, 49,       128, 44,        37, 45,       125, 56, 7.5369635, 64, 35.208130, 67, 710.83447, 72, 477.83911, 77, 41.093750, 83,         0,110,         1,116,         4
5DC,2016/09/06 23:07:00, 50, 0.7313408, 49,       128, 44,        37, 45,       125, 56, 7.5369635, 64, 35.125732, 67, 710.83447, 72, 477.84229, 77, 41.093750, 83,         0,110,         1,116,         4
59C,2016/09/06 23:08:00, 50, 0.3369729, 49,       128, 44,        37, 45,       125, 56, 7.5369635, 64, 35.192871, 67, 710.83447, 72, 477.81659, 77, 41.093750, 83,         0,110,         1,116,         4
54C,2016/09/06 23:09:00, 50, 0.3664214, 49,       128, 44,        37, 45,       125, 56, 7.5369635, 64, 35.202026, 67, 710.83447, 72, 477.80328, 77, 41.031250, 83,         0,110,         1,116,         4
5EC,2016/09/06 23:10:00, 50, 0.5838350, 49,       128, 44,        37, 45,       125, 56, 7.5369635, 64, 35.125732, 67, 710.83447, 72, 477.83484, 77, 41.062500, 83,         0,110,         1,116,         4
56C,2016/09/06 23:11:00, 50, 0.2016592, 49,       128, 44,        37, 45,       125, 56, 7.5369635, 64, 35.217285, 67, 710.83447, 72, 477.73749, 77, 41.031250, 83,         0,110,         1,116,         4
5CC,2016/09/06 23:12:00, 50,-0.0277335, 49,       128, 44,        37, 45,       125, 56, 7.5369635, 64, 35.165405, 67, 710.83447, 72, 477.76294, 77, 41.031250, 83,         0,110,         1,116,         4
5EC,2016/09/06 23:13:00, 50, 0.0055874, 49,       128, 44,        37, 45,       125, 56, 7.5369635, 64, 35.156250, 67, 710.83447, 72, 477.77875, 77, 41.031250, 83,         0,110,         1,116,         4
58C,2016/09/06 23:14:00, 50,-0.4065089, 49,       128, 44,        37, 45,       125, 56, 7.5369635, 64, 35.217285, 67, 710.83447, 72, 477.76331, 77, 41.000000, 83,         0,110,         1,116,         4
59C,2016/09/06 23:15:00, 50,-0.3813728, 49,       128, 44,        37, 45,       125, 56, 7.5369635, 64, 35.125732, 67, 710.83447, 72, 477.74280, 77, 41.000000, 83,         0,110,         1,116,         4
5EC,2016/09/06 23:16:00, 50,-0.5034915, 49,       128, 44,        37, 45,       125, 56, 7.5369635, 64, 35.220337, 67, 710.83447, 72, 477.76550, 77, 41.000000, 83,         0,110,         1,116,         4
57C,2016/09/06 23:17:00, 50,-0.5555133, 49,       128, 44,        37, 45,       125, 56, 7.5369635, 64, 35.150146, 67, 710.83447, 72, 477.80139, 77, 40.968750, 83,         0,110,         1,116,         4
52C,2016/09/06 23:18:00, 50,-0.7147511, 49,       128, 44,        37, 45,       125, 56, 7.5369635, 64, 35.192871, 67, 710.83447, 72, 477.84930, 77, 40.937500, 83,         0,110,         1,116,         4
59C,2016/09/06 23:19:00, 50,-0.6313249, 49,       128, 44,        37, 45,       125, 56, 7.5369635, 64, 35.183716, 67, 710.83447, 72, 477.87225, 77, 40.937500, 83,         0,110,         1,116,         4
5EC,2016/09/06 23:20:00, 50,-0.5687726, 49,       128, 44,        37, 45,       125, 56, 7.5369635, 64, 35.156250, 67, 710.83447, 72, 477.76196, 77, 40.937500, 83,         0,110,         1,116,         4
5BC,2016/09/06 23:21:00, 50, 0.1486325, 49,       128, 44,        37, 45,       125, 56, 7.5369635, 64, 35.208130, 67, 710.83447, 72, 477.87848, 77, 40.937500, 83,         0,110,         1,116,         4
51C,2016/09/06 23:22:00, 50,-0.1960813, 49,       128, 44,        37, 45,       125, 56, 7.5369635, 64, 35.131836, 67, 710.83447, 72, 477.89355, 77, 40.937500, 83,         0,110,         1,116,         4
54C,2016/09/06 23:23:00, 50,-0.3239798, 49,       128, 44,        37, 45,       125, 56, 7.5369635, 64, 35.226440, 67, 710.83447, 72, 477.85291, 77, 40.937500, 83,         0,110,         1,116,         4
55C,2016/09/06 23:24:00, 50,-0.7667574, 49,       128, 44,        37, 45,       125, 56, 7.5369635, 64, 35.128784, 67, 710.83447, 72, 477.84473, 77, 40.906250, 83,         0,110,         1,116,         4
5FC,2016/09/06 23:25:00, 50,-0.8047022, 49,       128, 44,        37, 45,       125, 56, 7.5369635, 64, 35.223389, 67, 710.83447, 72, 477.84052, 77, 40.906250, 83,         0,110,         1,116,         4
53C,2016/09/06 23:26:00, 50,-0.7233024, 49,       128, 44,        37, 45,       125, 56, 7.5369635, 64, 35.128784, 67, 710.83447, 72, 477.93665, 77, 40.875000, 83,         0,110,         1,116,         4
5EC,2016/09/06 23:27:00, 50,-0.3268077, 49,       128, 44,        37, 45,       125, 56, 7.5369635, 64, 35.226440, 67, 710.83447, 72, 477.89923, 77, 40.875000, 83,         0,110,         1,116,         4
5AC,2016/09/06 23:28:00, 50,-0.2410363, 49,       128, 44,        37, 45,       125, 56, 7.5369635, 64, 35.128784, 67, 710.83447, 72, 477.96332, 77, 40.843750, 83,         0,110,         1,116,         4
56C,2016/09/06 23:29:00, 50,-0.1065198, 49,       128, 44,        37, 45,       125, 56, 7.5369635, 64, 35.226440, 67, 710.83447, 72, 477.97369, 77, 40.875000, 83,         0,110,         1,116,         4
54C,2016/09/06 23:30:00, 50,-0.0922500, 49,       128, 44,        37, 45,       125, 56, 7.5369635, 64, 35.128784, 67, 710.83447, 72, 477.94940, 77, 40.875000, 83,         0,110,         1,116,         4
55C,2016/09/06 23:31:00, 50, 0.1845611, 49,       128, 44,        37, 45,       125, 56, 7.5369635, 64, 35.226440, 67, 710.83447, 72, 477.93774, 77, 40.843750, 83,         0,110,         1,116,         4
5FC,2016/09/06 23:32:00, 50, 0.6322186, 49,       128, 44,        37, 45,       125, 56, 7.5369635, 64, 35.140991, 67, 710.83447, 72, 477.85950, 77, 40.843750, 83,         0,110,         1,116,         4
58C,2016/09/06 23:33:00, 50, 0.6965377, 49,       128, 44,        37, 45,       125, 56, 7.5369635, 64, 35.198975, 67, 710.83447, 72, 477.91644, 77, 40.812500, 83,         0,110,         1,116,         4
5AC,2016/09/06 23:34:00, 50, 0.4291164, 49,       128, 44,        37, 45,       125, 56, 7.5369635, 64, 35.180664, 67, 710.83447, 72, 477.95123, 77, 40.843750, 83,         0,110,         1,116,         4
5AC,2016/09/06 23:35:00, 50, 0.6207188, 49,       128, 44,        37, 45,       125, 56, 7.5369635, 64, 35.147095, 67, 710.83447, 72, 477.96368, 77, 40.812500, 83,         0,110,         1,116,         4
58C,2016/09/06 23:36:00, 50, 0.9479225, 49,       128, 44,        37, 45,       125, 56, 7.5369635, 64, 35.223389, 67, 710.83447, 72, 477.90607, 77, 40.812500, 83,         0,110,         1,116,         4
54C,2016/09/06 23:37:00, 50, 1.3643906, 49,       128, 44,        37, 45,       125, 56, 7.5369635, 64, 35.131836, 67, 710.83447, 72, 477.87396, 77, 40.843750, 83,         0,110,         1,116,         4
5FC,2016/09/06 23:38:00, 50, 1.3452864, 49,       128, 44,        37, 45,       125, 56, 7.5369635, 64, 35.195923, 67, 710.83447, 72, 477.88855, 77, 40.812500, 83,         0,110,         1,116,         4
5AC,2016/09/06 23:39:00, 50, 1.5863652, 49,       128, 44,        37, 45,       125, 56, 7.5369635, 64, 35.202026, 67, 710.83447, 72, 477.87177, 77, 40.812500, 83,         0,110,         1,116,         4
51C,2016/09/06 23:40:00, 50, 1.3974545, 49,       128, 44,        37, 45,       125, 56, 7.5369635, 64, 35.128784, 67, 710.83447, 72, 477.81165, 77, 40.812500, 83,         0,110,         1,116,         4
5FC,2016/09/06 23:41:00, 50, 1.2514880, 49,       128, 44,        37, 45,       125, 56, 7.5369635, 64, 35.205078, 67, 710.83447, 72, 477.70105, 77, 40.812500, 83,         0,110,         1,116,         4
5AC,2016/09/06 23:42:00, 50, 1.1990952, 49,       128, 44,        37, 45,       125, 56, 7.5369635, 64, 35.195923, 67, 710.83447, 72, 477.68408, 77, 40.781250, 83,         0,110,         1,116,         4
50C,2016/09/06 23:43:00, 50, 1.1614828, 49,       128, 44,        37, 45,       125, 56, 7.5369635, 64, 35.128784, 67, 710.83447, 72, 477.63879, 77, 40.781250, 83,         0,110,         1,116,         4
5DC,2016/09/06 23:44:00, 50, 1.3335052, 49,       128, 44,        37, 45,       125, 56, 7.5369635, 64, 35.198975, 67, 710.83447, 72, 477.68372, 77, 40.750000, 83,         0,110,         1,116,         4
5CC,2016/09/06 23:45:00, 50, 1.6723607, 49,       128, 44,        37, 45,       125, 56, 7.5369635, 64, 35.211182, 67, 710.83447, 72, 477.59521, 77, 40.750000, 83,         0,110,         1,116,         4
5CC,2016/09/06 23:46:00, 50, 1.3505092, 49,       128, 44,        37, 45,       125, 56, 7.5369635, 64, 35.134888, 67, 710.83447, 72, 477.66687, 77, 40.718750, 83,         0,110,         1,116,         4
52C,2016/09/06 23:47:00, 50, 1.3726752, 49,       128, 44,        37, 45,       125, 56, 7.5369635, 64, 35.238647, 67, 710.83447, 72, 477.69836, 77, 40.750000, 83,         0,110,         1,116,         4
5DC,2016/09/06 23:48:00, 50, 1.5395350, 49,       128, 44,        37, 45,       125, 56, 7.5369635, 64, 35.067749, 67, 710.83447, 72, 477.74316, 77, 40.718750, 83,         0,110,         1,116,         4
58C,2016/09/06 23:49:00, 50, 1.3716338, 49,       128, 44,        37, 45,       125, 56, 7.5369635, 64, 35.171509, 67, 710.83447, 72, 477.73437, 77, 40.718750, 83,         0,110,         1,116,         4
52C,2016/09/06 23:50:00, 50, 1.7996774, 49,       128, 44,        37, 45,       125, 56, 7.5369635, 64, 35.302734, 67, 710.83447, 72, 477.67560, 77, 40.718750, 83,         0,110,         1,116,         4
55C,2016/09/06 23:51:00, 50, 1.7996774, 49,       128, 44,        37, 45,       125, 56, 7.5369635, 64, 35.177612, 67, 710.83447, 72, 477.67560, 77, 40.687500, 83,         4,110,         6,116,         4
58C,2016/09/06 23:52:00, 50, 1.7996774, 49,       128, 44,        37, 45,       125, 56, 7.5369635, 64, 35.064697, 67, 710.83447, 72, 477.67560, 77, 40.687500, 83,         4,110,         6,116,         4
5EC,2016/09/06 23:53:00, 50, 1.7996774, 49,       128, 44,        37, 45,       125, 56, 7.5369635, 64, 35.165405, 67, 710.83447, 72, 477.67560, 77, 40.656250, 83,         4,110,         6,116,         4
5CC,2016/09/06 23:54:00, 50, 1.7996774, 49,       128, 44,        37, 45,       125, 56, 7.5369635, 64, 35.296631, 67, 710.83447, 72, 477.67560, 77, 40.687500, 83,         4,110,         7,116,         4
51C,2016/09/06 23:55:00, 50, 1.7996774, 49,       128, 44,        37, 45,       125, 56, 7.5369635, 64, 35.256958, 67, 710.83447, 72, 477.67560, 77, 40.687500, 83,         4,110,         7,116,         4
53C,2016/09/06 23:56:00, 50, 1.7996774, 49,       128, 44,        37, 45,       125, 56, 7.5369635, 64, 35.119629, 67, 710.83447, 72, 477.67560, 77, 40.687500, 83,         4,110,         7,116,         4
5DC,2016/09/06 23:57:00, 50, 1.7996774, 49,       128, 44,        37, 45,       125, 56, 7.5369635, 64, 35.067749, 67, 710.83447, 72, 477.67560, 77, 40.687500, 83,         4,110,         7,116,         4
55C,2016/09/06 23:58:00, 50, 1.7996774, 49,       128, 44,        37, 45,       125, 56, 7.5369635, 64, 35.159302, 67, 710.83447, 72, 477.67560, 77, 40.687500, 83,         4,110,         7,116,         4
5AC,2016/09/06 23:59:00, 50, 1.7996774, 49,       128, 44,        37, 45,       125, 56, 7.5369635, 64, 35.104370, 67, 710.83447, 72, 477.67560, 77, 40.687500, 83,         0,110,         0,116,         4
