5AC,2019/03/27 19:09:00, 50, 0.0000000, 49,         4, 44,       255, 45,         0, 56, 34.311562, 64, 35.147095, 67, 713.53430, 72, 261.72928, 77, 18.156250, 83,     33537,110,        29,116,         4
56C,2019/03/27 19:10:00, 50, 0.0000000, 49,         4, 44,       255, 45,         0, 56, 34.311562, 64, 35.183716, 67, 714.88416, 72, 262.41342, 77, 18.500000, 83,     33537,110,        29,116,         4
4AC,2019/03/27 19:11:00, 50, 0.0000000, 49,        32, 44,       255, 45,       246, 56, 34.311562, 64, 35.244751, 67, 714.88416, 72, 262.97318, 77, 18.750000, 83,     33537,110,        29,116,         4
4AC,2019/03/27 19:12:00, 50, 0.0000000, 49,        32, 44,       255, 45,       186, 56, 34.311562, 64, 35.128784, 67, 714.88416, 72, 263.55124, 77, 18.843750, 83,     33537,110,        29,116,         4
5FC,2019/03/27 19:13:00, 50, 0.0000000, 49,       128, 44,       255, 45,       126, 56, 34.311562, 64, 35.064697, 67, 714.88416, 72, 264.03067, 77, 19.000000, 83,     33537,110,        29,116,         4
40C,2019/03/27 19:14:00, 50, 0.0000000, 49,       128, 44,       255, 45,       127, 56, 34.311562, 64, 35.055542, 67, 714.88416, 72, 263.94635, 77, 19.156250, 83,     33540,110,         6,116,         4
40C,2019/03/27 19:15:00, 50, 0.0000000, 49,       128, 44,       255, 45,       127, 56, 34.311562, 64, 35.049438, 67, 714.88416, 72, 263.94635, 77, 19.312500, 83,     33540,110,         6,116,         4
43C,2019/03/27 19:16:00, 50, 0.0000000, 49,       128, 44,       166, 45,       127, 56, 34.311562, 64, 35.037231, 67, 714.88416, 72, 263.94635, 77, 19.531250, 83,     33540,110,         6,116,         4
4CC,2019/03/27 19:17:00, 50, 0.0000000, 49,       128, 44,       102, 45,       127, 56, 34.311562, 64, 35.046387, 67, 714.88416, 72, 263.94635, 77, 19.781250, 83,     33284,110,         6,116,         4
57C,2019/03/27 19:18:00, 50, 0.0000000, 49,       128, 44,        94, 45,       127, 56, 34.311562, 64, 35.079956, 67, 714.88416, 72, 263.94635, 77, 19.937500, 83,     33284,110,         7,116,         4
5BC,2019/03/27 19:19:00, 50, 0.0000000, 49,       128, 44,        94, 45,       127, 56, 34.311562, 64, 35.134888, 67, 714.88416, 72, 263.94635, 77, 20.156250, 83,     33284,110,         7,116,         4
55C,2019/03/27 19:20:00, 50, 0.0000000, 49,       128, 44,        94, 45,       127, 56, 34.311562, 64, 35.211182, 67, 714.88416, 72, 263.94635, 77, 20.343750, 83,     33284,110,         7,116,         4
5DC,2019/03/27 19:21:00, 50, 0.0000000, 49,       128, 44,        94, 45,       127, 56, 34.311562, 64, 35.229492, 67, 714.88416, 72, 263.94635, 77, 20.531250, 83,     33284,110,         7,116,         4
53C,2019/03/27 19:22:00, 50, 0.0000000, 49,       128, 44,        94, 45,       127, 56, 34.311562, 64, 35.153198, 67, 714.88416, 72, 263.94635, 77, 20.718750, 83,     33284,110,         7,116,         4
50C,2019/03/27 19:23:00, 50, 0.0000000, 49,       128, 44,        94, 45,       127, 56, 34.311562, 64, 35.049438, 67, 714.88416, 72, 263.94635, 77, 20.906250, 83,     33280,110,         0,116,         4
5CC,2019/03/27 19:24:00, 50, 0.0000000, 49,       128, 44,        94, 45,       127, 56, 34.311562, 64, 35.070801, 67, 716.23413, 72, 263.94635, 77, 21.093750, 83,     33280,110,         0,116,         4
53C,2019/03/27 19:25:00, 50, 0.0000000, 49,       128, 44,        94, 45,       127, 56, 34.311562, 64, 35.198975, 67, 714.88416, 72, 263.94635, 77, 21.312500, 83,     33280,110,         0,116,         4
5CC,2019/03/27 19:26:00, 50, 8.5842476, 49,       128, 44,        94, 45,       127, 56, 34.311562, 64, 35.214233, 67, 714.88416, 72, 269.44852, 77, 21.468750, 83,     33280,110,         1,116,         4
5FC,2019/03/27 19:27:00, 50, 14.002317, 49,       128, 44,        94, 45,       127, 56, 34.311562, 64, 35.079956, 67, 714.88416, 72, 269.99222, 77, 21.656250, 83,     33280,110,         1,116,         4
50C,2019/03/27 19:28:00, 50, 10.980263, 49,       128, 44,        94, 45,       127, 56, 34.311562, 64, 35.052490, 67, 714.88416, 72, 270.56805, 77, 21.843750, 83,     33280,110,         1,116,         4
5FC,2019/03/27 19:29:00, 50, 8.7671680, 49,       128, 44,        94, 45,       127, 56, 34.311562, 64, 35.189819, 67, 714.88416, 72, 270.78409, 77, 22.000000, 83,     33280,110,         1,116,         4
53C,2019/03/27 19:30:00, 50, 6.7469139, 49,       128, 44,        94, 45,       127, 56, 34.311562, 64, 35.195923, 67, 714.88416, 72, 271.28470, 77, 22.187500, 83,     33280,110,         1,116,         4
5DC,2019/03/27 19:31:00, 50, 1.8950853, 49,       128, 44,        94, 45,       127, 56, 34.311562, 64, 35.043335, 67, 714.88416, 72, 271.58826, 77, 22.375000, 83,     33280,110,         1,116,         4
55C,2019/03/27 19:32:00, 50, 4.0612469, 49,       128, 44,        94, 45,       127, 56, 34.311562, 64, 35.125732, 67, 714.88416, 72, 271.87939, 77, 22.562500, 83,     33280,110,         1,116,         4
52C,2019/03/27 19:33:00, 50, 4.1103144, 49,       128, 44,        94, 45,       127, 56, 34.311562, 64, 35.214233, 67, 714.88416, 72, 272.19598, 77, 22.750000, 83,         0,110,         1,116,         4
54C,2019/03/27 19:34:00, 50, 1.7048028, 49,       128, 44,        94, 45,       127, 56, 34.311562, 64, 35.037231, 67, 714.88416, 72, 272.74289, 77, 22.906250, 83,         0,110,         1,116,         4
5CC,2019/03/27 19:35:00, 50, 1.3825271, 49,       128, 44,        94, 45,       127, 56, 34.311562, 64, 35.195923, 67, 714.88416, 72, 272.94131, 77, 23.125000, 83,         0,110,         1,116,         4
5EC,2019/03/27 19:36:00, 50, 2.0813117, 49,       128, 44,        94, 45,       127, 56, 34.311562, 64, 35.107422, 67, 714.88416, 72, 273.16013, 77, 23.281250, 83,         0,110,         1,116,         4
5BC,2019/03/27 19:37:00, 50, 5.3596907, 49,       128, 44,        94, 45,       127, 56, 34.311562, 64, 35.131836, 67, 714.88416, 72, 273.51505, 77, 23.468750, 83,         0,110,         1,116,         4
5AC,2019/03/27 19:38:00, 50, 6.5960989, 49,       128, 44,        94, 45,       127, 56, 34.311562, 64, 35.101318, 67, 714.88416, 72, 273.76544, 77, 23.562500, 83,         0,110,         1,116,         4
56C,2019/03/27 19:39:00, 50, 10.642776, 49,       128, 44,        94, 45,       127, 56, 34.311562, 64, 35.159302, 67, 714.88416, 72, 273.84976, 77, 23.718750, 83,         0,110,         1,116,         4
54C,2019/03/27 19:40:00, 50, 9.1090336, 49,       128, 44,        94, 45,       127, 56, 34.311562, 64, 35.147095, 67, 714.88416, 72, 273.86536, 77, 23.906250, 83,         0,110,         1,116,         4
59C,2019/03/27 19:41:00, 50, 11.075605, 49,       128, 44,        94, 45,       127, 56, 34.311562, 64, 35.131836, 67, 714.88416, 72, 273.78207, 77, 24.062500, 83,         0,110,         1,116,         4
5CC,2019/03/27 19:42:00, 50, 9.4527893, 49,       128, 44,        94, 45,       127, 56, 34.311562, 64, 35.086060, 67, 714.88416, 72, 273.82886, 77, 24.218750, 83,         0,110,         1,116,         4
50C,2019/03/27 19:43:00, 50, 9.3725929, 49,       128, 44,        94, 45,       127, 56, 34.311562, 64, 35.192871, 67, 714.88416, 72, 273.83591, 77, 24.406250, 83,         0,110,         1,116,         4
53C,2019/03/27 19:44:00, 50, 7.2373819, 49,       128, 44,        94, 45,       127, 56, 34.311562, 64, 35.223389, 67, 714.88416, 72, 273.99194, 77, 24.562500, 83,         0,110,         1,116,         4
58C,2019/03/27 19:45:00, 50, 7.8116760, 49,       128, 44,        94, 45,       127, 56, 34.311562, 64, 35.049438, 67, 714.88416, 72, 274.27371, 77, 24.718750, 83,         0,110,         1,116,         4
57C,2019/03/27 19:46:00, 50, 8.9608154, 49,       128, 44,        94, 45,       127, 56, 34.311562, 64, 35.116577, 67, 714.88416, 72, 274.62039, 77, 24.906250, 83,         0,110,         1,116,         4
5DC,2019/03/27 19:47:00, 50, 10.298931, 49,       128, 44,        94, 45,       127, 56, 34.311562, 64, 35.211182, 67, 714.88416, 72, 274.92358, 77, 25.031250, 83,         0,110,         1,116,         4
52C,2019/03/27 19:48:00, 50, 9.7616844, 49,       128, 44,        94, 45,       127, 56, 34.311562, 64, 35.067749, 67, 714.88416, 72, 275.26752, 77, 25.218750, 83,         0,110,         1,116,         4
58C,2019/03/27 19:49:00, 50, 8.3049278, 49,       128, 44,        94, 45,       127, 56, 34.311562, 64, 35.037231, 67, 714.88416, 72, 275.50116, 77, 25.343750, 83,         0,110,         1,116,         4
58C,2019/03/27 19:50:00, 50, 8.2550793, 49,       128, 44,        94, 45,       127, 56, 34.311562, 64, 35.174561, 67, 714.88416, 72, 275.56232, 77, 25.500000, 83,         0,110,         1,116,         4
50C,2019/03/27 19:51:00, 50, 6.3721933, 49,       128, 44,        94, 45,       127, 56, 34.311562, 64, 35.202026, 67, 713.53430, 72, 275.87924, 77, 25.656250, 83,         0,110,         1,116,         4
59C,2019/03/27 19:52:00, 50, 4.3351154, 49,       128, 44,        94, 45,       127, 56, 34.311562, 64, 35.098267, 67, 713.53430, 72, 276.41922, 77, 25.781250, 83,         0,110,         1,116,         4
52C,2019/03/27 19:53:00, 50, 6.0753994, 49,       128, 44,        94, 45,       127, 56, 34.311562, 64, 35.021973, 67, 713.53430, 72, 276.80707, 77, 25.906250, 83,         0,110,         1,116,         4
51C,2019/03/27 19:54:00, 50, 6.9435835, 49,       128, 44,        94, 45,       127, 56, 34.311562, 64, 35.064697, 67, 712.18445, 72, 276.85983, 77, 26.000000, 83,         0,110,         1,116,         4
56C,2019/03/27 19:55:00, 50, 6.2988997, 49,       128, 44,        94, 45,       127, 56, 34.311562, 64, 35.144043, 67, 713.53430, 72, 276.97162, 77, 26.187500, 83,         0,110,         1,116,         4
50C,2019/03/27 19:56:00, 50, 7.2368898, 49,       128, 44,        94, 45,       127, 56, 34.311562, 64, 35.205078, 67, 713.53430, 72, 277.07272, 77, 26.375000, 83,         0,110,         1,116,         4
52C,2019/03/27 19:57:00, 50, 6.4592733, 49,       128, 44,        94, 45,       127, 56, 34.311562, 64, 35.025024, 67, 713.53430, 72, 277.31372, 77, 26.437500, 83,         0,110,         1,116,         4
50C,2019/03/27 19:58:00, 50, 5.9346895, 49,       128, 44,        94, 45,       127, 56, 34.311562, 64, 35.073853, 67, 713.53430, 72, 277.40765, 77, 26.437500, 83,         0,110,         1,116,         4
53C,2019/03/27 19:59:00, 50, 3.8209801, 49,       128, 44,        94, 45,       127, 56, 34.311562, 64, 35.119629, 67, 713.53430, 72, 277.55115, 77, 26.687500, 83,         0,110,         1,116,         4
54C,2019/03/27 20:00:00, 50, 4.0851336, 49,       128, 44,        94, 45,       127, 56, 34.311562, 64, 35.125732, 67, 713.53430, 72, 277.38983, 77, 26.750000, 83,         0,110,         1,116,         4
52C,2019/03/27 20:01:00, 50, 3.4128513, 49,       128, 44,        94, 45,       127, 56, 34.311562, 64, 35.116577, 67, 713.53430, 72, 277.60675, 77, 26.906250, 83,         0,110,         1,116,         4
5AC,2019/03/27 20:02:00, 50, 5.0969515, 49,       128, 44,        94, 45,       127, 56, 34.311562, 64, 35.110474, 67, 713.53430, 72, 277.80884, 77, 27.062500, 83,         0,110,         1,116,         4
5FC,2019/03/27 20:03:00, 50, 4.3866835, 49,       128, 44,        94, 45,       127, 56, 34.311562, 64, 35.101318, 67, 713.53430, 72, 278.07944, 77, 27.125000, 83,         0,110,         1,116,         4
55C,2019/03/27 20:04:00, 50, 4.7081985, 49,       128, 44,        94, 45,       127, 56, 34.311562, 64, 35.089111, 67, 713.53430, 72, 278.21985, 77, 27.250000, 83,         0,110,         1,116,         4
50C,2019/03/27 20:05:00, 50, 3.0399151, 49,       128, 44,        94, 45,       127, 56, 34.311562, 64, 35.092163, 67, 713.53430, 72, 277.82172, 77, 27.375000, 83,         0,110,         1,116,         4
52C,2019/03/27 20:06:00, 50, 4.6061039, 49,       128, 44,        94, 45,       127, 56, 34.311562, 64, 35.089111, 67, 713.53430, 72, 277.78735, 77, 27.437500, 83,         0,110,         1,116,         4
55C,2019/03/27 20:07:00, 50, 7.6448669, 49,       128, 44,        94, 45,       127, 56, 34.311562, 64, 35.064697, 67, 713.53430, 72, 278.07361, 77, 27.562500, 83,         0,110,         1,116,         4
54C,2019/03/27 20:08:00, 50, 8.4542274, 49,       128, 44,        94, 45,       127, 56, 34.311562, 64, 35.058594, 67, 713.53430, 72, 278.14972, 77, 27.625000, 83,         0,110,         1,116,         4
59C,2019/03/27 20:09:00, 50, 9.0107384, 49,       128, 44,        94, 45,       127, 56, 34.311562, 64, 35.028076, 67, 713.53430, 72, 278.11383, 77, 27.718750, 83,         0,110,         1,116,         4
56C,2019/03/27 20:10:00, 50, 9.2180996, 49,       128, 44,        94, 45,       127, 56, 34.311562, 64, 35.015869, 67, 713.53430, 72, 277.98618, 77, 27.812500, 83,         0,110,         1,116,         4
5BC,2019/03/27 20:11:00, 50, 9.9010315, 49,       128, 44,        94, 45,       127, 56, 34.311562, 64, 35.052490, 67, 713.53430, 72, 278.27722, 77, 27.875000, 83,         0,110,         1,116,         4
5AC,2019/03/27 20:12:00, 50, 10.217422, 49,       128, 44,        94, 45,       127, 56, 34.311562, 64, 35.119629, 67, 713.53430, 72, 278.46631, 77, 27.968750, 83,         0,110,         1,116,         4
59C,2019/03/27 20:13:00, 50, 9.2737637, 49,       128, 44,        94, 45,       127, 56, 34.311562, 64, 35.195923, 67, 713.53430, 72, 278.57788, 77, 28.062500, 83,         0,110,         1,116,         4
50C,2019/03/27 20:14:00, 50, 8.9650688, 49,       128, 44,        94, 45,       127, 56, 34.311562, 64, 35.171509, 67, 713.53430, 72, 278.58414, 77, 28.125000, 83,         0,110,         1,116,         4
55C,2019/03/27 20:15:00, 50, 10.429766, 49,       128, 44,        94, 45,       127, 56, 34.311562, 64, 35.049438, 67, 713.53430, 72, 278.83109, 77, 28.218750, 83,         0,110,         1,116,         4
5EC,2019/03/27 20:16:00, 50, 7.8788242, 49,       128, 44,        94, 45,       127, 56, 34.311562, 64, 35.018921, 67, 713.53430, 72, 278.83551, 77, 28.281250, 83,         0,110,         1,116,         4
5EC,2019/03/27 20:17:00, 50, 7.0210533, 49,       128, 44,        94, 45,       127, 56, 34.311562, 64, 35.128784, 67, 713.53430, 72, 279.02783, 77, 28.343750, 83,         0,110,         1,116,         4
55C,2019/03/27 20:18:00, 50, 8.6275558, 49,       128, 44,        94, 45,       127, 56, 34.311562, 64, 35.037231, 67, 713.53430, 72, 279.00479, 77, 28.437500, 83,         0,110,         1,116,         4
5BC,2019/03/27 20:19:00, 50, 7.5867443, 49,       128, 44,        94, 45,       127, 56, 34.311562, 64, 35.180664, 67, 713.53430, 72, 279.15457, 77, 28.500000, 83,         0,110,         1,116,         4
52C,2019/03/27 20:20:00, 50, 7.5662889, 49,       128, 44,        94, 45,       127, 56, 34.311562, 64, 35.144043, 67, 713.53430, 72, 279.12033, 77, 28.593750, 83,         0,110,         1,116,         4
57C,2019/03/27 20:21:00, 50, 9.0054035, 49,       128, 44,        94, 45,       127, 56, 34.311562, 64, 35.009766, 67, 713.53430, 72, 279.16541, 77, 28.656250, 83,         0,110,         1,116,         4
55C,2019/03/27 20:22:00, 50, 9.4972401, 49,       128, 44,        94, 45,       127, 56, 34.311562, 64, 35.131836, 67, 713.53430, 72, 279.17343, 77, 28.718750, 83,         0,110,         1,116,         4
5DC,2019/03/27 20:23:00, 50, 9.4163246, 49,       128, 44,        94, 45,       127, 56, 34.311562, 64, 35.162354, 67, 713.53430, 72, 278.96881, 77, 28.687500, 83,         0,110,         1,116,         4
5DC,2019/03/27 20:24:00, 50, 9.2073631, 49,       128, 44,        94, 45,       127, 56, 34.311562, 64, 35.006714, 67, 713.53430, 72, 278.66269, 77, 28.781250, 83,         0,110,         1,116,         4
59C,2019/03/27 20:25:00, 50, 9.7743359, 49,       128, 44,        94, 45,       127, 56, 34.311562, 64, 35.174561, 67, 713.53430, 72, 278.40216, 77, 28.812500, 83,         0,110,         1,116,         4
52C,2019/03/27 20:26:00, 50, 9.6852760, 49,       128, 44,        94, 45,       127, 56, 34.311562, 64, 35.089111, 67, 713.53430, 72, 278.35669, 77, 28.906250, 83,         0,110,         1,116,         4
52C,2019/03/27 20:27:00, 50, 8.3303967, 49,       128, 44,        94, 45,       127, 56, 34.311562, 64, 35.070801, 67, 713.53430, 72, 278.48627, 77, 28.968750, 83,         0,110,         1,116,         4
57C,2019/03/27 20:28:00, 50, 7.4435005, 49,       128, 44,        94, 45,       127, 56, 34.311562, 64, 35.174561, 67, 713.53430, 72, 278.49167, 77, 29.031250, 83,         0,110,         1,116,         4
5EC,2019/03/27 20:29:00, 50, 8.2325592, 49,       128, 44,        94, 45,       127, 56, 34.311562, 64, 35.012817, 67, 713.53430, 72, 278.70969, 77, 29.093750, 83,         0,110,         1,116,         4
55C,2019/03/27 20:30:00, 50, 7.1287432, 49,       128, 44,        94, 45,       127, 56, 34.311562, 64, 35.195923, 67, 713.53430, 72, 278.54633, 77, 29.187500, 83,         0,110,         1,116,         4
56C,2019/03/27 20:31:00, 50, 6.3755064, 49,       128, 44,        94, 45,       127, 56, 34.311562, 64, 35.003662, 67, 713.53430, 72, 278.53027, 77, 29.250000, 83,         0,110,         1,116,         4
51C,2019/03/27 20:32:00, 50, 7.0427532, 49,       128, 44,        94, 45,       127, 56, 34.311562, 64, 35.195923, 67, 713.53430, 72, 278.60941, 77, 29.281250, 83,         0,110,         1,116,         4
55C,2019/03/27 20:33:00, 50, 8.5913696, 49,       128, 44,        94, 45,       127, 56, 34.311562, 64, 35.003662, 67, 713.53430, 72, 278.75259, 77, 29.343750, 83,         0,110,         1,116,         4
56C,2019/03/27 20:34:00, 50, 8.3430328, 49,       128, 44,        94, 45,       127, 56, 34.311562, 64, 35.192871, 67, 713.53430, 72, 278.96078, 77, 29.375000, 83,         0,110,         1,116,         4
50C,2019/03/27 20:35:00, 50, 7.9695444, 49,       128, 44,        94, 45,       127, 56, 34.311562, 64, 35.006714, 67, 713.53430, 72, 279.01886, 77, 29.437500, 83,         0,110,         1,116,         4
52C,2019/03/27 20:36:00, 50, 9.3139610, 49,       128, 44,        94, 45,       127, 56, 34.311562, 64, 35.180664, 67, 713.53430, 72, 279.21280, 77, 29.500000, 83,         0,110,         1,116,         4
53C,2019/03/27 20:37:00, 50, 10.011814, 49,       128, 44,        94, 45,       127, 56, 34.311562, 64, 35.049438, 67, 713.53430, 72, 279.16907, 77, 29.531250, 83,         0,110,         1,116,         4
55C,2019/03/27 20:38:00, 50, 12.711500, 49,       128, 44,        94, 45,       127, 56, 34.311562, 64, 35.101318, 67, 713.53430, 72, 279.61285, 77, 29.593750, 83,         0,110,         1,116,         4
5AC,2019/03/27 20:39:00, 50, 10.264435, 49,       128, 44,        94, 45,       127, 56, 34.311562, 64, 35.153198, 67, 713.53430, 72, 279.76575, 77, 29.656250, 83,         0,110,         1,116,         4
58C,2019/03/27 20:40:00, 50, 7.6309681, 49,       128, 44,        94, 45,       127, 56, 34.311562, 64, 35.003662, 67, 713.53430, 72, 279.80951, 77, 29.687500, 83,         0,110,         1,116,         4
5EC,2019/03/27 20:41:00, 50, 5.5098352, 49,       128, 44,        94, 45,       127, 56, 34.311562, 64, 35.162354, 67, 713.53430, 72, 279.74686, 77, 29.750000, 83,         0,110,         1,116,         4
5BC,2019/03/27 20:42:00, 50, 5.7540903, 49,       128, 44,        94, 45,       127, 56, 34.311562, 64, 35.119629, 67, 713.53430, 72, 279.73291, 77, 29.812500, 83,         0,110,         1,116,         4
57C,2019/03/27 20:43:00, 50, 5.2991590, 49,       128, 44,        94, 45,       127, 56, 34.311562, 64, 35.003662, 67, 713.53430, 72, 279.75012, 77, 29.875000, 83,         0,110,         1,116,         4
53C,2019/03/27 20:44:00, 50, 4.3361797, 49,       128, 44,        94, 45,       127, 56, 34.311562, 64, 35.153198, 67, 713.53430, 72, 279.70441, 77, 29.937500, 83,         0,110,         1,116,         4
5AC,2019/03/27 20:45:00, 50, 4.6160078, 49,       128, 44,        94, 45,       127, 56, 34.311562, 64, 35.159302, 67, 713.53430, 72, 279.56204, 77, 30.000000, 83,         0,110,         1,116,         4
5FC,2019/03/27 20:46:00, 50, 6.3314037, 49,       128, 44,        94, 45,       127, 56, 34.311562, 64, 35.180664, 67, 713.53430, 72, 280.11963, 77, 30.031250, 83,         0,110,         1,116,         4
57C,2019/03/27 20:47:00, 50, 7.0421715, 49,       128, 44,        94, 45,       127, 56, 34.311562, 64, 35.009766, 67, 713.53430, 72, 280.28500, 77, 30.093750, 83,         0,110,         1,116,         4
5AC,2019/03/27 20:48:00, 50, 9.0952854, 49,       128, 44,        94, 45,       127, 56, 34.311562, 64, 35.009766, 67, 713.53430, 72, 280.26569, 77, 30.125000, 83,         0,110,         1,116,         4
5FC,2019/03/27 20:49:00, 50, 9.3826466, 49,       128, 44,        94, 45,       127, 56, 34.311562, 64, 35.171509, 67, 713.53430, 72, 280.18588, 77, 30.218750, 83,         0,110,         1,116,         4
56C,2019/03/27 20:50:00, 50, 8.3425770, 49,       128, 44,        94, 45,       127, 56, 34.311562, 64, 35.198975, 67, 713.53430, 72, 280.31308, 77, 30.250000, 83,         0,110,         1,116,         4
5BC,2019/03/27 20:51:00, 50, 7.2587681, 49,       128, 44,        94, 45,       127, 56, 34.311562, 64, 35.076904, 67, 713.53430, 72, 280.26498, 77, 30.281250, 83,         0,110,         1,116,         4
57C,2019/03/27 20:52:00, 50, 3.9997783, 49,       128, 44,        94, 45,       127, 56, 34.311562, 64, 34.982300, 67, 713.53430, 72, 280.23911, 77, 30.343750, 83,         0,110,         1,116,         4
5BC,2019/03/27 20:53:00, 50, 4.4377413, 49,       128, 44,        94, 45,       127, 56, 34.311562, 64, 34.997559, 67, 712.18445, 72, 280.25272, 77, 30.406250, 83,         0,110,         1,116,         4
5AC,2019/03/27 20:54:00, 50, 5.9357262, 49,       128, 44,        94, 45,       127, 56, 34.311562, 64, 35.107422, 67, 712.18445, 72, 280.23370, 77, 30.437500, 83,         0,110,         1,116,         4
5FC,2019/03/27 20:55:00, 50, 8.5422764, 49,       128, 44,        94, 45,       127, 56, 34.311562, 64, 35.192871, 67, 712.18445, 72, 280.15955, 77, 30.468750, 83,         0,110,         1,116,         4
51C,2019/03/27 20:56:00, 50, 5.4560099, 49,       128, 44,        94, 45,       127, 56, 34.311562, 64, 35.217285, 67, 712.18445, 72, 280.23697, 77, 30.531250, 83,         0,110,         1,116,         4
52C,2019/03/27 20:57:00, 50, 6.1032629, 49,       128, 44,        94, 45,       127, 56, 34.311562, 64, 35.189819, 67, 712.18445, 72, 280.29251, 77, 30.562500, 83,         0,110,         1,116,         4
56C,2019/03/27 20:58:00, 50, 7.4489765, 49,       128, 44,        94, 45,       127, 56, 34.311562, 64, 35.140991, 67, 712.18445, 72, 280.17206, 77, 30.593750, 83,         0,110,         1,116,         4
51C,2019/03/27 20:59:00, 50, 7.7221785, 49,       128, 44,        94, 45,       127, 56, 34.311562, 64, 35.092163, 67, 712.18445, 72, 280.16086, 77, 30.656250, 83,         0,110,         1,116,         4
5AC,2019/03/27 21:00:00, 50, 8.5213699, 49,       128, 44,        94, 45,       127, 56, 34.311562, 64, 35.046387, 67, 712.18445, 72, 280.28381, 77, 30.687500, 83,         0,110,         1,116,         4
55C,2019/03/27 21:01:00, 50, 7.5771561, 49,       128, 44,        94, 45,       127, 56, 34.311562, 64, 35.028076, 67, 712.18445, 72, 280.41370, 77, 30.718750, 83,         0,110,         1,116,         4
52C,2019/03/27 21:02:00, 50, 6.4597864, 49,       128, 44,        94, 45,       127, 56, 34.311562, 64, 35.018921, 67, 712.18445, 72, 280.35950, 77, 30.781250, 83,         0,110,         1,116,         4
54C,2019/03/27 21:03:00, 50, 5.8077755, 49,       128, 44,        94, 45,       127, 56, 34.311562, 64, 35.015869, 67, 712.18445, 72, 280.63754, 77, 30.812500, 83,         0,110,         1,116,         4
59C,2019/03/27 21:04:00, 50, 8.6837883, 49,       128, 44,        94, 45,       127, 56, 34.311562, 64, 35.049438, 67, 712.18445, 72, 280.62985, 77, 30.843750, 83,         0,110,         1,116,         4
50C,2019/03/27 21:05:00, 50, 8.5378361, 49,       128, 44,        94, 45,       127, 56, 34.311562, 64, 35.064697, 67, 712.18445, 72, 280.66425, 77, 30.875000, 83,         0,110,         1,116,         4
51C,2019/03/27 21:06:00, 50, 11.650358, 49,       128, 44,        94, 45,       127, 56, 34.311562, 64, 35.101318, 67, 712.18445, 72, 280.66812, 77, 30.937500, 83,         0,110,         1,116,         4
59C,2019/03/27 21:07:00, 50, 11.346830, 49,       128, 44,        94, 45,       127, 56, 34.311562, 64, 35.131836, 67, 712.18445, 72, 280.78860, 77, 30.937500, 83,         0,110,         1,116,         4
51C,2019/03/27 21:08:00, 50, 12.674519, 49,       128, 44,        94, 45,       127, 56, 34.311562, 64, 35.000610, 67, 712.18445, 72, 280.88214, 77, 31.000000, 83,         0,110,         1,116,         4
51C,2019/03/27 21:09:00, 50, 10.379606, 49,       128, 44,        94, 45,       127, 56, 34.311562, 64, 34.979248, 67, 712.18445, 72, 280.54208, 77, 31.031250, 83,         0,110,         1,116,         4
5DC,2019/03/27 21:10:00, 50, 10.788815, 49,       128, 44,        94, 45,       127, 56, 34.311562, 64, 34.979248, 67, 712.18445, 72, 279.94611, 77, 31.062500, 83,         0,110,         1,116,         4
5EC,2019/03/27 21:11:00, 50, 8.5229664, 49,       128, 44,        94, 45,       127, 56, 34.311562, 64, 35.034180, 67, 712.18445, 72, 279.35501, 77, 31.125000, 83,         0,110,         1,116,         4
54C,2019/03/27 21:12:00, 50, 9.4681549, 49,       128, 44,        94, 45,       127, 56, 34.311562, 64, 35.113525, 67, 712.18445, 72, 278.77792, 77, 31.156250, 83,         0,110,         1,116,         4
5FC,2019/03/27 21:13:00, 50, 10.428011, 49,       128, 44,        94, 45,       127, 56, 34.311562, 64, 35.198975, 67, 712.18445, 72, 278.65503, 77, 31.218750, 83,         0,110,         1,116,         4
54C,2019/03/27 21:14:00, 50, 12.644716, 49,       128, 44,        94, 45,       127, 56, 34.311562, 64, 35.189819, 67, 712.18445, 72, 278.57684, 77, 31.218750, 83,         0,110,         1,116,         4
55C,2019/03/27 21:15:00, 50, 14.681934, 49,       128, 44,        94, 45,       127, 56, 34.311562, 64, 35.070801, 67, 712.18445, 72, 278.45383, 77, 31.250000, 83,         0,110,         1,116,         4
53C,2019/03/27 21:16:00, 50, 13.931513, 49,       128, 44,        94, 45,       127, 56, 34.311562, 64, 34.976196, 67, 712.18445, 72, 278.39896, 77, 31.312500, 83,         0,110,         1,116,         4
5EC,2019/03/27 21:17:00, 50, 14.742023, 49,       128, 44,        94, 45,       127, 56, 34.311562, 64, 35.031128, 67, 712.18445, 72, 278.39493, 77, 31.312500, 83,         0,110,         1,116,         4
58C,2019/03/27 21:18:00, 50, 14.223560, 49,       128, 44,        94, 45,       127, 56, 34.311562, 64, 35.180664, 67, 712.18445, 72, 278.46118, 77, 31.343750, 83,         0,110,         1,116,         4
52C,2019/03/27 21:19:00, 50, 13.884745, 49,       128, 44,        94, 45,       127, 56, 34.311562, 64, 35.165405, 67, 712.18445, 72, 278.67822, 77, 31.406250, 83,         0,110,         1,116,         4
56C,2019/03/27 21:20:00, 50, 12.330559, 49,       128, 44,        94, 45,       127, 56, 34.311562, 64, 34.997559, 67, 712.18445, 72, 278.56543, 77, 31.406250, 83,         0,110,         1,116,         4
5BC,2019/03/27 21:21:00, 50, 11.213749, 49,       128, 44,        94, 45,       127, 56, 34.311562, 64, 35.015869, 67, 712.18445, 72, 278.45404, 77, 31.437500, 83,         0,110,         1,116,         4
58C,2019/03/27 21:22:00, 50, 10.145603, 49,       128, 44,        94, 45,       127, 56, 34.311562, 64, 35.192871, 67, 712.18445, 72, 278.46979, 77, 31.468750, 83,         0,110,         1,116,         4
54C,2019/03/27 21:23:00, 50, 10.465441, 49,       128, 44,        94, 45,       127, 56, 34.311562, 64, 35.095215, 67, 712.18445, 72, 278.55692, 77, 31.531250, 83,         0,110,         1,116,         4
5DC,2019/03/27 21:24:00, 50, 14.020197, 49,       128, 44,        94, 45,       127, 56, 34.311562, 64, 34.973145, 67, 712.18445, 72, 278.80896, 77, 31.500000, 83,         0,110,         1,116,         4
58C,2019/03/27 21:25:00, 50, 13.095060, 49,       128, 44,        94, 45,       127, 56, 34.311562, 64, 35.168457, 67, 712.18445, 72, 278.90701, 77, 31.562500, 83,         0,110,         1,116,         4
59C,2019/03/27 21:26:00, 50, 13.667034, 49,       128, 44,        94, 45,       127, 56, 34.311562, 64, 35.113525, 67, 712.18445, 72, 279.31738, 77, 31.562500, 83,         0,110,         1,116,         4
57C,2019/03/27 21:27:00, 50, 13.025360, 49,       128, 44,        94, 45,       127, 56, 34.311562, 64, 34.976196, 67, 712.18445, 72, 279.18216, 77, 31.593750, 83,         0,110,         1,116,         4
58C,2019/03/27 21:28:00, 50, 11.002623, 49,       128, 44,        94, 45,       127, 56, 34.311562, 64, 35.198975, 67, 712.18445, 72, 279.27011, 77, 31.593750, 83,         0,110,         1,116,         4
55C,2019/03/27 21:29:00, 50, 11.220810, 49,       128, 44,        94, 45,       127, 56, 34.311562, 64, 35.037231, 67, 712.18445, 72, 279.58035, 77, 31.718750, 83,         0,110,         1,116,         4
5EC,2019/03/27 21:30:00, 50, 13.958530, 49,       128, 44,        94, 45,       127, 56, 34.311562, 64, 35.064697, 67, 712.18445, 72, 279.55991, 77, 31.750000, 83,         0,110,         1,116,         4
51C,2019/03/27 21:31:00, 50, 13.237587, 49,       128, 44,        94, 45,       127, 56, 34.311562, 64, 35.153198, 67, 712.18445, 72, 279.63867, 77, 31.750000, 83,         0,110,         1,116,         4
50C,2019/03/27 21:32:00, 50, 10.974766, 49,       128, 44,        94, 45,       127, 56, 34.311562, 64, 34.982300, 67, 712.18445, 72, 279.71121, 77, 31.718750, 83,         0,110,         1,116,         4
5FC,2019/03/27 21:33:00, 50, 13.869638, 49,       128, 44,        94, 45,       127, 56, 34.311562, 64, 35.198975, 67, 712.18445, 72, 279.35654, 77, 31.781250, 83,         0,110,         1,116,         4
5BC,2019/03/27 21:34:00, 50, 12.663639, 49,       128, 44,        94, 45,       127, 56, 34.311562, 64, 34.967041, 67, 712.18445, 72, 279.75620, 77, 31.812500, 83,         0,110,         1,116,         4
5EC,2019/03/27 21:35:00, 50, 12.422680, 49,       128, 44,        94, 45,       127, 56, 34.311562, 64, 35.205078, 67, 712.18445, 72, 279.98230, 77, 31.843750, 83,         0,110,         1,116,         4
59C,2019/03/27 21:36:00, 50, 12.537729, 49,       128, 44,        94, 45,       127, 56, 34.311562, 64, 34.967041, 67, 712.18445, 72, 279.97079, 77, 31.875000, 83,         0,110,         1,116,         4
53C,2019/03/27 21:37:00, 50, 12.737539, 49,       128, 44,        94, 45,       127, 56, 34.311562, 64, 35.195923, 67, 712.18445, 72, 279.81659, 77, 31.875000, 83,         0,110,         1,116,         4
53C,2019/03/27 21:38:00, 50, 13.130260, 49,       128, 44,        94, 45,       127, 56, 34.311562, 64, 34.988403, 67, 712.18445, 72, 279.66852, 77, 31.937500, 83,         0,110,         1,116,         4
5FC,2019/03/27 21:39:00, 50, 13.016249, 49,       128, 44,        94, 45,       127, 56, 34.311562, 64, 35.144043, 67, 712.18445, 72, 279.68503, 77, 31.968750, 83,         0,110,         1,116,         4
51C,2019/03/27 21:40:00, 50, 13.010496, 49,       128, 44,        94, 45,       127, 56, 34.311562, 64, 35.055542, 67, 712.18445, 72, 279.82883, 77, 32.000000, 83,         0,110,         1,116,         4
51C,2019/03/27 21:41:00, 50, 14.497789, 49,       128, 44,        94, 45,       127, 56, 34.311562, 64, 35.040283, 67, 712.18445, 72, 279.74533, 77, 32.062500, 83,         0,110,         1,116,         4
5BC,2019/03/27 21:42:00, 50, 13.373186, 49,       128, 44,        94, 45,       127, 56, 34.311562, 64, 35.177612, 67, 712.18445, 72, 279.57227, 77, 32.062500, 83,         0,110,         1,116,         4
56C,2019/03/27 21:43:00, 50, 12.868587, 49,       128, 44,        94, 45,       127, 56, 34.311562, 64, 34.963989, 67, 712.18445, 72, 279.70740, 77, 32.093750, 83,         0,110,         1,116,         4
5DC,2019/03/27 21:44:00, 50, 13.837040, 49,       128, 44,        94, 45,       127, 56, 34.311562, 64, 35.162354, 67, 712.18445, 72, 279.99332, 77, 32.156250, 83,         0,110,         1,116,         4
59C,2019/03/27 21:45:00, 50, 13.360781, 49,       128, 44,        94, 45,       127, 56, 34.311562, 64, 35.083008, 67, 712.18445, 72, 279.94131, 77, 32.187500, 83,         0,110,         1,116,         4
5FC,2019/03/27 21:46:00, 50, 13.420658, 49,       128, 44,        94, 45,       127, 56, 34.311562, 64, 34.970093, 67, 712.18445, 72, 279.97272, 77, 32.218750, 83,         0,110,         1,116,         4
51C,2019/03/27 21:47:00, 50, 10.446880, 49,       128, 44,        94, 45,       127, 56, 34.311562, 64, 35.171509, 67, 712.18445, 72, 280.20831, 77, 32.250000, 83,         0,110,         1,116,         4
5DC,2019/03/27 21:48:00, 50, 12.603289, 49,       128, 44,        94, 45,       127, 56, 34.311562, 64, 35.131836, 67, 712.18445, 72, 280.70404, 77, 32.281250, 83,         0,110,         1,116,         4
5FC,2019/03/27 21:49:00, 50, 11.178061, 49,       128, 44,        94, 45,       127, 56, 34.311562, 64, 34.963989, 67, 712.18445, 72, 280.56180, 77, 32.312500, 83,         0,110,         1,116,         4
51C,2019/03/27 21:50:00, 50, 10.400829, 49,       128, 44,        94, 45,       127, 56, 34.311562, 64, 35.000610, 67, 712.18445, 72, 280.41766, 77, 32.343750, 83,         0,110,         1,116,         4
5AC,2019/03/27 21:51:00, 50, 10.384092, 49,       128, 44,        94, 45,       127, 56, 34.311562, 64, 35.031128, 67, 712.18445, 72, 280.45276, 77, 32.375000, 83,         0,110,         1,116,         4
5CC,2019/03/27 21:52:00, 50, 9.8415146, 49,       128, 44,        94, 45,       127, 56, 34.311562, 64, 35.156250, 67, 712.18445, 72, 280.66495, 77, 32.406250, 83,         0,110,         1,116,         4
50C,2019/03/27 21:53:00, 50, 10.080462, 49,       128, 44,        94, 45,       127, 56, 34.311562, 64, 35.150146, 67, 712.18445, 72, 280.17676, 77, 32.468750, 83,         0,110,         1,116,         4
56C,2019/03/27 21:54:00, 50, 8.9733162, 49,       128, 44,        94, 45,       127, 56, 34.311562, 64, 35.040283, 67, 712.18445, 72, 280.38812, 77, 32.468750, 83,         0,110,         1,116,         4
52C,2019/03/27 21:55:00, 50, 9.4329472, 49,       128, 44,        94, 45,       127, 56, 34.311562, 64, 34.988403, 67, 712.18445, 72, 280.53806, 77, 32.531250, 83,         0,110,         1,116,         4
51C,2019/03/27 21:56:00, 50, 8.9960480, 49,       128, 44,        94, 45,       127, 56, 34.311562, 64, 35.009766, 67, 712.18445, 72, 280.49255, 77, 32.531250, 83,         0,110,         1,116,         4
5AC,2019/03/27 21:57:00, 50, 8.3557968, 49,       128, 44,        94, 45,       127, 56, 34.311562, 64, 35.089111, 67, 712.18445, 72, 280.13657, 77, 32.562500, 83,         0,110,         1,116,         4
51C,2019/03/27 21:58:00, 50, 10.271433, 49,       128, 44,        94, 45,       127, 56, 34.311562, 64, 35.153198, 67, 712.18445, 72, 280.42462, 77, 32.593750, 83,         0,110,         1,116,         4
51C,2019/03/27 21:59:00, 50, 10.211004, 49,       128, 44,        94, 45,       127, 56, 34.311562, 64, 35.168457, 67, 712.18445, 72, 279.81628, 77, 32.625000, 83,         0,110,         1,116,         4
51C,2019/03/27 22:00:00, 50, 11.782995, 49,       128, 44,        94, 45,       127, 56, 34.311562, 64, 35.159302, 67, 712.18445, 72, 280.31061, 77, 32.656250, 83,         0,110,         1,116,         4
5CC,2019/03/27 22:01:00, 50, 11.306536, 49,       128, 44,        94, 45,       127, 56, 34.311562, 64, 35.150146, 67, 712.18445, 72, 280.19867, 77, 32.687500, 83,         0,110,         1,116,         4
55C,2019/03/27 22:02:00, 50, 10.057734, 49,       128, 44,        94, 45,       127, 56, 34.311562, 64, 35.147095, 67, 712.18445, 72, 280.11316, 77, 32.718750, 83,         0,110,         1,116,         4
59C,2019/03/27 22:03:00, 50, 10.906523, 49,       128, 44,        94, 45,       127, 56, 34.311562, 64, 35.153198, 67, 712.18445, 72, 280.43356, 77, 32.750000, 83,         0,110,         1,116,         4
58C,2019/03/27 22:04:00, 50, 11.213120, 49,       128, 44,        94, 45,       127, 56, 34.311562, 64, 35.153198, 67, 712.18445, 72, 280.68161, 77, 32.750000, 83,         0,110,         1,116,         4
5BC,2019/03/27 22:05:00, 50, 10.963415, 49,       128, 44,        94, 45,       127, 56, 34.311562, 64, 35.156250, 67, 712.18445, 72, 280.82263, 77, 32.781250, 83,         0,110,         1,116,         4
56C,2019/03/27 22:06:00, 50, 10.889835, 49,       128, 44,        94, 45,       127, 56, 34.311562, 64, 35.156250, 67, 712.18445, 72, 281.05795, 77, 32.812500, 83,         0,110,         1,116,         4
50C,2019/03/27 22:07:00, 50, 10.609682, 49,       128, 44,        94, 45,       127, 56, 34.311562, 64, 35.159302, 67, 712.18445, 72, 281.03958, 77, 32.843750, 83,         0,110,         1,116,         4
50C,2019/03/27 22:08:00, 50, 10.739901, 49,       128, 44,        94, 45,       127, 56, 34.311562, 64, 35.165405, 67, 712.18445, 72, 281.14026, 77, 32.843750, 83,         0,110,         1,116,         4
52C,2019/03/27 22:09:00, 50, 10.766367, 49,       128, 44,        94, 45,       127, 56, 34.311562, 64, 35.165405, 67, 712.18445, 72, 281.05624, 77, 32.875000, 83,         0,110,         1,116,         4
53C,2019/03/27 22:10:00, 50, 10.873713, 49,       128, 44,        94, 45,       127, 56, 34.311562, 64, 35.147095, 67, 712.18445, 72, 281.04669, 77, 32.875000, 83,         0,110,         1,116,         4
56C,2019/03/27 22:11:00, 50, 10.502583, 49,       128, 44,        94, 45,       127, 56, 34.311562, 64, 35.113525, 67, 712.18445, 72, 280.87857, 77, 32.906250, 83,         0,110,         1,116,         4
51C,2019/03/27 22:12:00, 50, 9.7821865, 49,       128, 44,        94, 45,       127, 56, 34.311562, 64, 35.046387, 67, 712.18445, 72, 281.21326, 77, 32.968750, 83,         0,110,         1,116,         4
55C,2019/03/27 22:13:00, 50, 9.2586803, 49,       128, 44,        94, 45,       127, 56, 34.311562, 64, 34.991455, 67, 712.18445, 72, 281.05475, 77, 32.937500, 83,         0,110,         1,116,         4
50C,2019/03/27 22:14:00, 50, 8.5435314, 49,       128, 44,        94, 45,       127, 56, 34.311562, 64, 34.997559, 67, 712.18445, 72, 280.92087, 77, 32.968750, 83,         0,110,         1,116,         4
5EC,2019/03/27 22:15:00, 50, 9.5418072, 49,       128, 44,        94, 45,       127, 56, 34.311562, 64, 35.067749, 67, 712.18445, 72, 280.55170, 77, 33.000000, 83,         0,110,         1,116,         4
57C,2019/03/27 22:16:00, 50, 9.2455940, 49,       128, 44,        94, 45,       127, 56, 34.311562, 64, 35.156250, 67, 712.18445, 72, 280.77127, 77, 33.000000, 83,         0,110,         1,116,         4
54C,2019/03/27 22:17:00, 50, 9.1707516, 49,       128, 44,        94, 45,       127, 56, 34.311562, 64, 35.144043, 67, 712.18445, 72, 280.59760, 77, 33.000000, 83,         0,110,         1,116,         4
58C,2019/03/27 22:18:00, 50, 9.5631256, 49,       128, 44,        94, 45,       127, 56, 34.311562, 64, 35.021973, 67, 712.18445, 72, 280.88257, 77, 33.031250, 83,         0,110,         1,116,         4
5DC,2019/03/27 22:19:00, 50, 8.0377922, 49,       128, 44,        94, 45,       127, 56, 34.311562, 64, 34.997559, 67, 712.18445, 72, 281.09464, 77, 33.031250, 83,         0,110,         1,116,         4
5DC,2019/03/27 22:20:00, 50, 6.8054266, 49,       128, 44,        94, 45,       127, 56, 34.311562, 64, 35.125732, 67, 712.18445, 72, 280.96579, 77, 33.031250, 83,         0,110,         1,116,         4
5CC,2019/03/27 22:21:00, 50, 8.4405308, 49,       128, 44,        94, 45,       127, 56, 34.311562, 64, 35.137939, 67, 712.18445, 72, 280.88409, 77, 33.062500, 83,         0,110,         1,116,         4
5CC,2019/03/27 22:22:00, 50, 6.9566345, 49,       128, 44,        94, 45,       127, 56, 34.311562, 64, 34.994507, 67, 712.18445, 72, 280.80743, 77, 33.093750, 83,         0,110,         1,116,         4
58C,2019/03/27 22:23:00, 50, 8.3260689, 49,       128, 44,        94, 45,       127, 56, 34.311562, 64, 35.055542, 67, 712.18445, 72, 280.94598, 77, 33.093750, 83,         0,110,         1,116,         4
51C,2019/03/27 22:24:00, 50, 7.0913925, 49,       128, 44,        94, 45,       127, 56, 34.311562, 64, 35.162354, 67, 712.18445, 72, 281.28149, 77, 33.125000, 83,         0,110,         1,116,         4
5EC,2019/03/27 22:25:00, 50, 6.0371065, 49,       128, 44,        94, 45,       127, 56, 34.311562, 64, 35.015869, 67, 712.18445, 72, 281.63342, 77, 33.093750, 83,         0,110,         1,116,         4
5AC,2019/03/27 22:26:00, 50, 8.4604836, 49,       128, 44,        94, 45,       127, 56, 34.311562, 64, 35.049438, 67, 712.18445, 72, 281.50934, 77, 33.125000, 83,         0,110,         1,116,         4
59C,2019/03/27 22:27:00, 50, 8.5281086, 49,       128, 44,        94, 45,       127, 56, 34.311562, 64, 35.150146, 67, 712.18445, 72, 281.45261, 77, 33.156250, 83,         0,110,         1,116,         4
56C,2019/03/27 22:28:00, 50, 8.3433819, 49,       128, 44,        94, 45,       127, 56, 34.311562, 64, 34.982300, 67, 712.18445, 72, 281.26166, 77, 33.156250, 83,         0,110,         1,116,         4
52C,2019/03/27 22:29:00, 50, 8.0315361, 49,       128, 44,        94, 45,       127, 56, 34.311562, 64, 35.134888, 67, 712.18445, 72, 281.24915, 77, 33.156250, 83,         0,110,         1,116,         4
56C,2019/03/27 22:30:00, 50, 7.8385553, 49,       128, 44,        94, 45,       127, 56, 34.311562, 64, 35.055542, 67, 712.18445, 72, 281.28250, 77, 33.187500, 83,         0,110,         1,116,         4
5EC,2019/03/27 22:31:00, 50, 10.037992, 49,       128, 44,        94, 45,       127, 56, 34.311562, 64, 35.052490, 67, 712.18445, 72, 281.66785, 77, 33.218750, 83,         0,110,         1,116,         4
57C,2019/03/27 22:32:00, 50, 10.149677, 49,       128, 44,        94, 45,       127, 56, 34.311562, 64, 35.125732, 67, 712.18445, 72, 281.48239, 77, 33.187500, 83,         0,110,         1,116,         4
5EC,2019/03/27 22:33:00, 50, 11.526823, 49,       128, 44,        94, 45,       127, 56, 34.311562, 64, 35.003662, 67, 712.18445, 72, 281.47186, 77, 33.218750, 83,         0,110,         1,116,         4
5EC,2019/03/27 22:34:00, 50, 12.257540, 49,       128, 44,        94, 45,       127, 56, 34.311562, 64, 35.006714, 67, 712.18445, 72, 281.57611, 77, 33.218750, 83,         0,110,         1,116,         4
5DC,2019/03/27 22:35:00, 50, 12.967968, 49,       128, 44,        94, 45,       127, 56, 34.311562, 64, 35.137939, 67, 712.18445, 72, 281.78748, 77, 33.250000, 83,         0,110,         1,116,         4
5BC,2019/03/27 22:36:00, 50, 14.147099, 49,       128, 44,        94, 45,       127, 56, 34.311562, 64, 35.015869, 67, 712.18445, 72, 282.27301, 77, 33.281250, 83,         0,110,         1,116,         4
5AC,2019/03/27 22:37:00, 50, 13.441236, 49,       128, 44,        94, 45,       127, 56, 34.311562, 64, 35.113525, 67, 712.18445, 72, 282.21252, 77, 33.281250, 83,         0,110,         1,116,         4
5CC,2019/03/27 22:38:00, 50, 12.304504, 49,       128, 44,        94, 45,       127, 56, 34.311562, 64, 35.052490, 67, 712.18445, 72, 282.29016, 77, 33.312500, 83,         0,110,         1,116,         4
54C,2019/03/27 22:39:00, 50, 12.483692, 49,       128, 44,        94, 45,       127, 56, 34.311562, 64, 35.052490, 67, 712.18445, 72, 282.19183, 77, 33.343750, 83,         0,110,         1,116,         4
5CC,2019/03/27 22:40:00, 50, 12.842863, 49,       128, 44,        94, 45,       127, 56, 34.311562, 64, 35.131836, 67, 712.18445, 72, 282.27747, 77, 33.343750, 83,         0,110,         1,116,         4
5DC,2019/03/27 22:41:00, 50, 13.826620, 49,       128, 44,        94, 45,       127, 56, 34.311562, 64, 34.982300, 67, 712.18445, 72, 282.21246, 77, 33.375000, 83,         0,110,         1,116,         4
5AC,2019/03/27 22:42:00, 50, 14.376474, 49,       128, 44,        94, 45,       127, 56, 34.311562, 64, 35.150146, 67, 712.18445, 72, 281.96667, 77, 33.375000, 83,         0,110,         1,116,         4
59C,2019/03/27 22:43:00, 50, 14.665535, 49,       128, 44,        94, 45,       127, 56, 34.311562, 64, 35.101318, 67, 712.18445, 72, 282.38855, 77, 33.406250, 83,         0,110,         1,116,         4
5BC,2019/03/27 22:44:00, 50, 14.915850, 49,       128, 44,        94, 45,       127, 56, 34.311562, 64, 35.116577, 67, 712.18445, 72, 282.82452, 77, 33.406250, 83,         0,110,         1,116,         4
5EC,2019/03/27 22:45:00, 50, 14.390627, 49,       128, 44,        94, 45,       127, 56, 34.311562, 64, 34.982300, 67, 712.18445, 72, 282.65454, 77, 33.437500, 83,         0,110,         1,116,         4
59C,2019/03/27 22:46:00, 50, 14.070684, 49,       128, 44,        94, 45,       127, 56, 34.311562, 64, 35.128784, 67, 712.18445, 72, 282.82330, 77, 33.468750, 83,         0,110,         1,116,         4
53C,2019/03/27 22:47:00, 50, 13.242128, 49,       128, 44,        94, 45,       127, 56, 34.311562, 64, 35.116577, 67, 712.18445, 72, 282.96558, 77, 33.468750, 83,         0,110,         1,116,         4
5EC,2019/03/27 22:48:00, 50, 13.444241, 49,       128, 44,        94, 45,       127, 56, 34.311562, 64, 34.982300, 67, 712.18445, 72, 282.71033, 77, 33.500000, 83,         0,110,         1,116,         4
5AC,2019/03/27 22:49:00, 50, 14.229223, 49,       128, 44,        94, 45,       127, 56, 34.311562, 64, 35.079956, 67, 712.18445, 72, 282.80353, 77, 33.531250, 83,         0,110,         1,116,         4
5BC,2019/03/27 22:50:00, 50, 15.299442, 49,       128, 44,        94, 45,       127, 56, 34.311562, 64, 35.156250, 67, 712.18445, 72, 282.92621, 77, 33.531250, 83,         0,110,         1,116,         4
56C,2019/03/27 22:51:00, 50, 14.486259, 49,       128, 44,        94, 45,       127, 56, 34.311562, 64, 35.043335, 67, 712.18445, 72, 282.49933, 77, 33.562500, 83,         0,110,         1,116,         4
5FC,2019/03/27 22:52:00, 50, 14.870226, 49,       128, 44,        94, 45,       127, 56, 34.311562, 64, 35.116577, 67, 712.18445, 72, 282.67749, 77, 33.593750, 83,         0,110,         1,116,         4
5CC,2019/03/27 22:53:00, 50, 13.550758, 49,       128, 44,        94, 45,       127, 56, 34.311562, 64, 34.967041, 67, 712.18445, 72, 282.48169, 77, 33.593750, 83,         0,110,         1,116,         4
50C,2019/03/27 22:54:00, 50, 14.206511, 49,       128, 44,        94, 45,       127, 56, 34.311562, 64, 34.991455, 67, 712.18445, 72, 282.46210, 77, 33.625000, 83,         0,110,         1,116,         4
56C,2019/03/27 22:55:00, 50, 14.860086, 49,       128, 44,        94, 45,       127, 56, 34.311562, 64, 35.134888, 67, 712.18445, 72, 282.54950, 77, 33.625000, 83,         0,110,         1,116,         4
57C,2019/03/27 22:56:00, 50, 14.384924, 49,       128, 44,        94, 45,       127, 56, 34.311562, 64, 35.192871, 67, 712.18445, 72, 282.48328, 77, 33.625000, 83,         0,110,         1,116,         4
50C,2019/03/27 22:57:00, 50, 13.241810, 49,       128, 44,        94, 45,       127, 56, 34.311562, 64, 35.095215, 67, 712.18445, 72, 282.61505, 77, 33.656250, 83,         0,110,         1,116,         4
59C,2019/03/27 22:58:00, 50, 12.970821, 49,       128, 44,        94, 45,       127, 56, 34.311562, 64, 34.991455, 67, 712.18445, 72, 282.63055, 77, 33.656250, 83,         0,110,         1,116,         4
5CC,2019/03/27 22:59:00, 50, 12.669310, 49,       128, 44,        94, 45,       127, 56, 34.311562, 64, 34.954834, 67, 712.18445, 72, 282.59991, 77, 33.656250, 83,         0,110,         1,116,         4
50C,2019/03/27 23:00:00, 50, 14.283873, 49,       128, 44,        94, 45,       127, 56, 34.311562, 64, 34.994507, 67, 712.18445, 72, 282.48944, 77, 33.656250, 83,         0,110,         1,116,         4
53C,2019/03/27 23:01:00, 50, 13.252867, 49,       128, 44,        94, 45,       127, 56, 34.311562, 64, 35.070801, 67, 712.18445, 72, 282.47418, 77, 33.687500, 83,         0,110,         1,116,         4
5BC,2019/03/27 23:02:00, 50, 12.901913, 49,       128, 44,        94, 45,       127, 56, 34.311562, 64, 35.128784, 67, 712.18445, 72, 282.63330, 77, 33.687500, 83,         0,110,         1,116,         4
59C,2019/03/27 23:03:00, 50, 11.817810, 49,       128, 44,        94, 45,       127, 56, 34.311562, 64, 35.183716, 67, 712.18445, 72, 282.59766, 77, 33.687500, 83,         0,110,         1,116,         4
57C,2019/03/27 23:04:00, 50, 11.408775, 49,       128, 44,        94, 45,       127, 56, 34.311562, 64, 35.202026, 67, 712.18445, 72, 282.43335, 77, 33.718750, 83,         0,110,         1,116,         4
5CC,2019/03/27 23:05:00, 50, 8.2627335, 49,       128, 44,        94, 45,       127, 56, 34.311562, 64, 35.189819, 67, 712.18445, 72, 282.37683, 77, 33.718750, 83,         0,110,         1,116,         4
54C,2019/03/27 23:06:00, 50, 9.8145657, 49,       128, 44,        94, 45,       127, 56, 34.311562, 64, 35.137939, 67, 712.18445, 72, 282.28241, 77, 33.718750, 83,         0,110,         1,116,         4
53C,2019/03/27 23:07:00, 50, 11.661053, 49,       128, 44,        94, 45,       127, 56, 34.311562, 64, 35.137939, 67, 712.18445, 72, 282.66968, 77, 33.750000, 83,         0,110,         1,116,         4
50C,2019/03/27 23:08:00, 50, 11.117609, 49,       128, 44,        94, 45,       127, 56, 34.311562, 64, 35.140991, 67, 712.18445, 72, 282.36829, 77, 33.750000, 83,         0,110,         1,116,         4
51C,2019/03/27 23:09:00, 50, 12.639935, 49,       128, 44,        94, 45,       127, 56, 34.311562, 64, 35.137939, 67, 712.18445, 72, 282.65540, 77, 33.718750, 83,         0,110,         1,116,         4
56C,2019/03/27 23:10:00, 50, 11.997011, 49,       128, 44,        94, 45,       127, 56, 34.311562, 64, 35.159302, 67, 712.18445, 72, 282.47827, 77, 33.750000, 83,         0,110,         1,116,         4
52C,2019/03/27 23:11:00, 50, 10.704721, 49,       128, 44,        94, 45,       127, 56, 34.311562, 64, 35.165405, 67, 712.18445, 72, 282.64502, 77, 33.750000, 83,         0,110,         1,116,         4
5CC,2019/03/27 23:12:00, 50, 9.4885979, 49,       128, 44,        94, 45,       127, 56, 34.311562, 64, 35.174561, 67, 712.18445, 72, 282.60602, 77, 33.750000, 83,         0,110,         1,116,         4
5AC,2019/03/27 23:13:00, 50, 9.4992828, 49,       128, 44,        94, 45,       127, 56, 34.311562, 64, 35.192871, 67, 712.18445, 72, 282.49835, 77, 33.750000, 83,         0,110,         1,116,         4
58C,2019/03/27 23:14:00, 50, 11.088587, 49,       128, 44,        94, 45,       127, 56, 34.311562, 64, 35.192871, 67, 712.18445, 72, 282.47516, 77, 33.750000, 83,         0,110,         1,116,         4
5FC,2019/03/27 23:15:00, 50, 10.394482, 49,       128, 44,        94, 45,       127, 56, 34.311562, 64, 35.159302, 67, 712.18445, 72, 282.70355, 77, 33.750000, 83,         0,110,         1,116,         4
5EC,2019/03/27 23:16:00, 50, 9.8134117, 49,       128, 44,        94, 45,       127, 56, 34.311562, 64, 35.095215, 67, 712.18445, 72, 283.09442, 77, 33.781250, 83,         0,110,         1,116,         4
5AC,2019/03/27 23:17:00, 50, 12.210785, 49,       128, 44,        94, 45,       127, 56, 34.311562, 64, 35.006714, 67, 712.18445, 72, 283.28546, 77, 33.812500, 83,         0,110,         1,116,         4
59C,2019/03/27 23:18:00, 50, 12.038584, 49,       128, 44,        94, 45,       127, 56, 34.311562, 64, 34.948730, 67, 712.18445, 72, 283.07678, 77, 33.812500, 83,         0,110,         1,116,         4
54C,2019/03/27 23:19:00, 50, 13.488132, 49,       128, 44,        94, 45,       127, 56, 34.311562, 64, 34.985352, 67, 712.18445, 72, 283.06323, 77, 33.812500, 83,         0,110,         1,116,         4
54C,2019/03/27 23:20:00, 50, 10.989157, 49,       128, 44,        94, 45,       127, 56, 34.311562, 64, 35.107422, 67, 712.18445, 72, 283.22302, 77, 33.812500, 83,         0,110,         1,116,         4
59C,2019/03/27 23:21:00, 50, 11.602285, 49,       128, 44,        94, 45,       127, 56, 34.311562, 64, 35.189819, 67, 712.18445, 72, 283.58167, 77, 33.843750, 83,         0,110,         1,116,         4
50C,2019/03/27 23:22:00, 50, 12.112045, 49,       128, 44,        94, 45,       127, 56, 34.311562, 64, 35.119629, 67, 712.18445, 72, 283.49121, 77, 33.875000, 83,         0,110,         1,116,         4
58C,2019/03/27 23:23:00, 50, 12.812918, 49,       128, 44,        94, 45,       127, 56, 34.311562, 64, 34.979248, 67, 712.18445, 72, 283.66174, 77, 33.875000, 83,         0,110,         1,116,         4
50C,2019/03/27 23:24:00, 50, 13.052549, 49,       128, 44,        94, 45,       127, 56, 34.311562, 64, 34.970093, 67, 712.18445, 72, 283.52893, 77, 33.875000, 83,         0,110,         1,116,         4
59C,2019/03/27 23:25:00, 50, 13.750546, 49,       128, 44,        94, 45,       127, 56, 34.311562, 64, 35.003662, 67, 712.18445, 72, 283.47626, 77, 33.906250, 83,         0,110,         1,116,         4
52C,2019/03/27 23:26:00, 50, 12.771122, 49,       128, 44,        94, 45,       127, 56, 34.311562, 64, 35.055542, 67, 712.18445, 72, 283.48322, 77, 33.906250, 83,         0,110,         1,116,         4
5AC,2019/03/27 23:27:00, 50, 13.030674, 49,       128, 44,        94, 45,       127, 56, 34.311562, 64, 35.089111, 67, 712.18445, 72, 283.75000, 77, 33.906250, 83,         0,110,         1,116,         4
50C,2019/03/27 23:28:00, 50, 13.979118, 49,       128, 44,        94, 45,       127, 56, 34.311562, 64, 35.134888, 67, 712.18445, 72, 283.63489, 77, 33.937500, 83,         0,110,         1,116,         4
51C,2019/03/27 23:29:00, 50, 14.536905, 49,       128, 44,        94, 45,       127, 56, 34.311562, 64, 35.156250, 67, 712.18445, 72, 283.70679, 77, 33.937500, 83,         0,110,         1,116,         4
53C,2019/03/27 23:30:00, 50, 15.609388, 49,       128, 44,        94, 45,       127, 56, 34.311562, 64, 34.963989, 67, 712.18445, 72, 283.41364, 77, 33.937500, 83,         0,110,         1,116,         4
56C,2019/03/27 23:31:00, 50, 15.232910, 49,       128, 44,        94, 45,       127, 56, 34.311562, 64, 35.055542, 67, 712.18445, 72, 283.60956, 77, 33.968750, 83,         0,110,         1,116,         4
55C,2019/03/27 23:32:00, 50, 14.072607, 49,       128, 44,        94, 45,       127, 56, 34.311562, 64, 35.174561, 67, 712.18445, 72, 283.43530, 77, 33.968750, 83,         0,110,         1,116,         4
50C,2019/03/27 23:33:00, 50, 12.143127, 49,       128, 44,        94, 45,       127, 56, 34.311562, 64, 34.967041, 67, 712.18445, 72, 283.48126, 77, 33.968750, 83,         0,110,         1,116,         4
5DC,2019/03/27 23:34:00, 50, 12.966671, 49,       128, 44,        94, 45,       127, 56, 34.311562, 64, 35.055542, 67, 712.18445, 72, 283.45215, 77, 33.968750, 83,         0,110,         1,116,         4
56C,2019/03/27 23:35:00, 50, 13.605206, 49,       128, 44,        94, 45,       127, 56, 34.311562, 64, 35.150146, 67, 712.18445, 72, 283.67151, 77, 34.000000, 83,         0,110,         1,116,         4
58C,2019/03/27 23:36:00, 50, 14.238495, 49,       128, 44,        94, 45,       127, 56, 34.311562, 64, 34.948730, 67, 712.18445, 72, 283.81262, 77, 34.000000, 83,         0,110,         1,116,         4
5DC,2019/03/27 23:37:00, 50, 14.703857, 49,       128, 44,        94, 45,       127, 56, 34.311562, 64, 35.165405, 67, 712.18445, 72, 283.75415, 77, 34.031250, 83,         0,110,         1,116,         4
51C,2019/03/27 23:38:00, 50, 14.451029, 49,       128, 44,        94, 45,       127, 56, 34.311562, 64, 35.021973, 67, 712.18445, 72, 283.75812, 77, 34.031250, 83,         0,110,         1,116,         4
5CC,2019/03/27 23:39:00, 50, 13.792316, 49,       128, 44,        94, 45,       127, 56, 34.311562, 64, 35.055542, 67, 712.18445, 72, 283.73822, 77, 34.031250, 83,         0,110,         1,116,         4
5DC,2019/03/27 23:40:00, 50, 13.267483, 49,       128, 44,        94, 45,       127, 56, 34.311562, 64, 35.116577, 67, 712.18445, 72, 283.99377, 77, 34.062500, 83,         0,110,         1,116,         4
58C,2019/03/27 23:41:00, 50, 13.308483, 49,       128, 44,        94, 45,       127, 56, 34.311562, 64, 34.985352, 67, 712.18445, 72, 283.79138, 77, 34.093750, 83,         0,110,         1,116,         4
51C,2019/03/27 23:42:00, 50, 12.947105, 49,       128, 44,        94, 45,       127, 56, 34.311562, 64, 35.171509, 67, 712.18445, 72, 283.74286, 77, 34.093750, 83,         0,110,         1,116,         4
58C,2019/03/27 23:43:00, 50, 11.621937, 49,       128, 44,        94, 45,       127, 56, 34.311562, 64, 34.954834, 67, 712.18445, 72, 283.98761, 77, 34.125000, 83,         0,110,         1,116,         4
5AC,2019/03/27 23:44:00, 50, 10.602310, 49,       128, 44,        94, 45,       127, 56, 34.311562, 64, 35.174561, 67, 712.18445, 72, 283.97650, 77, 34.125000, 83,         0,110,         1,116,         4
52C,2019/03/27 23:45:00, 50, 11.327545, 49,       128, 44,        94, 45,       127, 56, 34.311562, 64, 34.963989, 67, 712.18445, 72, 284.10809, 77, 34.156250, 83,         0,110,         1,116,         4
5FC,2019/03/27 23:46:00, 50, 11.756783, 49,       128, 44,        94, 45,       127, 56, 34.311562, 64, 35.165405, 67, 712.18445, 72, 284.26190, 77, 34.187500, 83,         0,110,         1,116,         4
5EC,2019/03/27 23:47:00, 50, 13.122293, 49,       128, 44,        94, 45,       127, 56, 34.311562, 64, 34.988403, 67, 712.18445, 72, 284.02881, 77, 34.187500, 83,         0,110,         1,116,         4
5AC,2019/03/27 23:48:00, 50, 11.722462, 49,       128, 44,        94, 45,       127, 56, 34.311562, 64, 35.101318, 67, 712.18445, 72, 284.27051, 77, 34.187500, 83,         0,110,         1,116,         4
5FC,2019/03/27 23:49:00, 50, 11.455555, 49,       128, 44,        94, 45,       127, 56, 34.311562, 64, 35.070801, 67, 712.18445, 72, 283.77570, 77, 34.218750, 83,         0,110,         1,116,         4
5EC,2019/03/27 23:50:00, 50, 12.085684, 49,       128, 44,        94, 45,       127, 56, 34.311562, 64, 35.003662, 67, 712.18445, 72, 283.93500, 77, 34.250000, 83,         0,110,         1,116,         4
54C,2019/03/27 23:51:00, 50, 12.085684, 49,       128, 44,        94, 45,       127, 56, 34.311562, 64, 35.168457, 67, 712.18445, 72, 283.93500, 77, 34.250000, 83,         4,110,         6,116,         4
5FC,2019/03/27 23:52:00, 50, 12.085684, 49,       128, 44,        94, 45,       127, 56, 34.311562, 64, 34.945679, 67, 712.18445, 72, 283.93500, 77, 34.250000, 83,         4,110,         6,116,         4
53C,2019/03/27 23:53:00, 50, 12.085684, 49,       128, 44,        94, 45,       127, 56, 34.311562, 64, 35.153198, 67, 712.18445, 72, 283.93500, 77, 34.281250, 83,         4,110,         6,116,         4
58C,2019/03/27 23:54:00, 50, 12.085684, 49,       128, 44,        94, 45,       127, 56, 34.311562, 64, 35.064697, 67, 712.18445, 72, 283.93500, 77, 34.281250, 83,         4,110,         7,116,         4
56C,2019/03/27 23:55:00, 50, 12.085684, 49,       128, 44,        94, 45,       127, 56, 34.311562, 64, 34.967041, 67, 712.18445, 72, 283.93500, 77, 34.312500, 83,         4,110,         7,116,         4
54C,2019/03/27 23:56:00, 50, 12.085684, 49,       128, 44,        94, 45,       127, 56, 34.311562, 64, 35.180664, 67, 712.18445, 72, 283.93500, 77, 34.312500, 83,         4,110,         7,116,         4
59C,2019/03/27 23:57:00, 50, 12.085684, 49,       128, 44,        94, 45,       127, 56, 34.311562, 64, 35.049438, 67, 712.18445, 72, 283.93500, 77, 34.343750, 83,         4,110,         7,116,         4
5FC,2019/03/27 23:58:00, 50, 12.085684, 49,       128, 44,        94, 45,       127, 56, 34.311562, 64, 34.957886, 67, 712.18445, 72, 283.93500, 77, 34.375000, 83,         4,110,         7,116,         4
57C,2019/03/27 23:59:00, 50, 12.085684, 49,       128, 44,        94, 45,       127, 56, 34.311562, 64, 35.144043, 67, 712.18445, 72, 283.93500, 77, 34.375000, 83,         0,110,         0,116,         4
