4DC,2016/01/15 18:34:00, 50, 0.0000000, 13,       254, 49,       128, 56, 1.0037853, 72, 505.79114, 73, 509.39746, 77, 24.062500, 79, 1.2347773, 83,     43777,110,        29,116,         4,164,         1
44C,2016/01/15 18:35:00, 50, 0.0000000, 13,       166, 49,         4, 56, 1.0037853, 72, 506.01196, 73, 510.01154, 77, 24.562500, 79, 1.2347773, 83,     43777,110,        29,116,         4,164,         1
4DC,2016/01/15 18:36:00, 50, 0.0000000, 13,       120, 49,         1, 56, 1.0037853, 72, 506.00830, 73, 510.36249, 77, 24.968750, 79, 1.2250546, 83,     43777,110,        29,116,         4,164,         1
53C,2016/01/15 18:37:00, 50, 0.0000000, 13,       124, 49,        32, 56, 1.0037853, 72, 506.03015, 73, 511.23975, 77, 25.375000, 79, 1.2347773, 83,     43777,110,        29,116,         4,164,         1
52C,2016/01/15 18:38:00, 50, 0.0000000, 13,       126, 49,        64, 56, 1.0037853, 72, 505.99554, 73, 510.68414, 77, 25.718750, 79, 1.2299160, 83,     43777,110,        29,116,         4,164,         1
5BC,2016/01/15 18:39:00, 50, 0.0000000, 13,       129, 49,        64, 56, 1.0037853, 72, 505.96313, 73, 510.80109, 77, 26.093750, 79, 1.2250546, 83,     43777,110,        29,116,         4,164,         1
58C,2016/01/15 18:40:00, 50, 0.0000000, 13,       131, 49,        64, 56, 1.0037853, 72, 505.97052, 73, 510.97656, 77, 26.406250, 79, 1.2299160, 83,     43777,110,        29,116,         4,164,         1
5AC,2016/01/15 18:41:00, 50, 0.0000000, 13,       133, 49,        64, 56, 1.0037853, 72, 505.93011, 73, 511.06427, 77, 26.656250, 79, 1.2201934, 83,     43777,110,        29,116,         4,164,         1
59C,2016/01/15 18:42:00, 50, 0.0000000, 13,       136, 49,        64, 56, 1.0037853, 72, 505.90320, 73, 511.15198, 77, 26.937500, 79, 1.2347773, 83,     43777,110,        29,116,         4,164,         1
5DC,2016/01/15 18:43:00, 50, 0.0000000, 13,       138, 49,        64, 56, 1.0037853, 72, 505.91132, 73, 511.26898, 77, 27.156250, 79, 1.2201934, 83,     43777,110,        29,116,         4,164,         1
5DC,2016/01/15 18:44:00, 50, 0.0000000, 13,       141, 49,        64, 56, 1.0037853, 72, 505.93188, 73, 511.41516, 77, 27.437500, 79, 1.2201934, 83,     43777,110,        29,116,         4,164,         1
57C,2016/01/15 18:45:00, 50, 0.0000000, 13,       145, 49,        64, 56, 1.0037853, 72, 505.95856, 73, 511.59064, 77, 27.656250, 79, 1.2250546, 83,     43777,110,        29,116,         4,164,         1
51C,2016/01/15 18:46:00, 50, 0.0000000, 13,       148, 49,        64, 56, 1.0037853, 72, 505.96741, 73, 511.61987, 77, 27.875000, 79, 1.2299160, 83,     43777,110,        29,116,         4,164,         1
59C,2016/01/15 18:47:00, 50, 0.0000000, 13,       152, 49,        64, 56, 1.0037853, 72, 505.89569, 73, 511.67834, 77, 28.125000, 79, 1.2201934, 83,     43777,110,        29,116,         4,164,         1
53C,2016/01/15 18:48:00, 50, 0.0000000, 13,       156, 49,        64, 56, 1.0037853, 72, 505.85571, 73, 511.76611, 77, 28.343750, 79, 1.2250546, 83,     43777,110,        29,116,         4,164,         1
58C,2016/01/15 18:49:00, 50, 0.0000000, 13,       159, 49,        64, 56, 1.0037853, 72, 505.78162, 73, 511.91229, 77, 28.562500, 79, 1.2299160, 83,     43777,110,        29,116,         4,164,         1
5CC,2016/01/15 18:50:00, 50, 0.0000000, 13,       163, 49,        64, 56, 1.0037853, 72, 505.71997, 73, 511.94153, 77, 28.781250, 79, 1.2201934, 83,     43777,110,        29,116,         4,164,         1
50C,2016/01/15 18:51:00, 50, 0.0000000, 13,       167, 49,        64, 56, 1.0037853, 72, 505.65021, 73, 511.97076, 77, 28.968750, 79, 1.2299160, 83,     41729,110,        29,116,         4,164,         1
58C,2016/01/15 18:52:00, 50, 0.0000000, 13,       171, 49,        64, 56, 1.0037853, 72, 505.52924, 73, 512.11700, 77, 29.187500, 79, 1.2299160, 83,     41729,110,        29,116,         4,164,         1
53C,2016/01/15 18:53:00, 50, 0.0000000, 13,       175, 49,        64, 56, 1.0037853, 72, 505.56458, 73, 512.14624, 77, 29.406250, 79, 1.2299160, 83,     41729,110,        29,116,         4,164,         1
5CC,2016/01/15 18:54:00, 50, 0.0000000, 13,       180, 49,       128, 56, 1.0037853, 72, 505.47839, 73, 512.26318, 77, 29.625000, 79, 1.2250546, 83,     33284,110,         6,116,         4,164,         1
55C,2016/01/15 18:55:00, 50, 0.0000000, 13,       184, 49,       128, 56, 1.0037853, 72, 505.47839, 73, 512.32166, 77, 29.812500, 79, 1.2201934, 83,     33284,110,         6,116,         4,164,         1
5EC,2016/01/15 18:56:00, 50, 0.0000000, 13,       189, 49,       128, 56, 1.0037853, 72, 505.47839, 73, 512.40942, 77, 30.000000, 79, 1.2299160, 83,     33284,110,         6,116,         4,164,         1
54C,2016/01/15 18:57:00, 50, 0.0000000, 13,       193, 49,       128, 56, 1.0037853, 72, 505.47839, 73, 512.49713, 77, 30.218750, 79, 1.2299160, 83,         4,110,         6,116,         4,164,         1
58C,2016/01/15 18:58:00, 50, 0.0000000, 13,       197, 49,       128, 56, 1.0037853, 72, 505.47839, 73, 512.55560, 77, 30.406250, 79, 1.2299160, 83,         4,110,         6,116,         4,164,         1
57C,2016/01/15 18:59:00, 50, 0.0000000, 13,       201, 49,       128, 56, 1.0037853, 72, 505.47839, 73, 512.58484, 77, 30.500000, 79, 1.2250546, 83,         4,110,         7,116,         4,164,         1
54C,2016/01/15 19:00:00, 50, 0.0000000, 13,       203, 49,       128, 56, 1.0037853, 72, 505.47839, 73, 512.73108, 77, 30.656250, 79, 1.2250546, 83,         0,110,         0,116,         4,164,         1
52C,2016/01/15 19:01:00, 50, 0.0000000, 13,       206, 49,       128, 56, 1.0037853, 72, 505.47839, 73, 512.76031, 77, 30.812500, 79, 1.2250546, 83,         0,110,         0,116,         4,164,         1
50C,2016/01/15 19:02:00, 50, 0.0000000, 13,       209, 49,       128, 56, 1.0037853, 72, 505.47839, 73, 512.78955, 77, 30.968750, 79, 1.2250546, 83,         0,110,         0,116,         4,164,         1
5DC,2016/01/15 19:03:00, 50, 623.68311, 13,       212, 49,       128, 56, 1.0037853, 72, 506.51501, 73, 512.87726, 77, 31.062500, 79, 1.2250546, 83,         0,110,         1,116,         4,164,         1
5BC,2016/01/15 19:04:00, 50, 828.13196, 13,       217, 49,       128, 56, 1.0037853, 72, 507.07245, 73, 512.93579, 77, 31.218750, 79, 1.2250546, 83,         0,110,         1,116,         4,164,         1
58C,2016/01/15 19:05:00, 50, 769.97473, 13,       221, 49,       128, 56, 1.0037853, 72, 507.02032, 73, 512.99426, 77, 31.343750, 79, 1.2153320, 83,         0,110,         1,116,         4,164,         1
42C,2016/01/15 19:06:00, 50, 1607.9343, 13,       225, 49,        64, 56, 1.0037853, 72, 506.95129, 73, 513.02350, 77, 31.468750, 79, 1.2153320, 83,         0,110,         1,116,         4,164,         1
49C,2016/01/15 19:07:00, 50, 1145.2485, 13,       229, 49,        64, 56, 1.0037853, 72, 506.91327, 73, 513.08197, 77, 31.562500, 79, 1.2250546, 83,         0,110,         1,116,         4,164,         1
43C,2016/01/15 19:08:00, 50, 3853.5479, 13,       233, 49,        64, 56, 1.0037853, 72, 506.91687, 73, 513.14044, 77, 31.656250, 79, 1.2201934, 83,         0,110,         1,116,         4,164,         1
41C,2016/01/15 19:09:00, 50, 5308.2725, 13,       236, 49,        32, 56, 1.0037853, 72, 506.87842, 73, 513.16968, 77, 31.718750, 79, 1.2201934, 83,         0,110,         1,116,         4,164,         1
4AC,2016/01/15 19:10:00, 50, 2789.9121, 13,       238, 49,        32, 56, 1.0037853, 72, 506.78564, 73, 513.14044, 77, 31.812500, 79, 1.2201934, 83,         0,110,         1,116,         4,164,         1
48C,2016/01/15 19:11:00, 50, 1327.4573, 13,       241, 49,        64, 56, 1.0037853, 72, 506.84827, 73, 513.22821, 77, 31.875000, 79, 1.2201934, 83,         0,110,         1,116,         4,164,         1
4BC,2016/01/15 19:12:00, 50, 1061.6384, 13,       242, 49,        64, 56, 1.0037853, 72, 506.81329, 73, 513.25745, 77, 31.968750, 79, 1.2153320, 83,         0,110,         1,116,         4,164,         1
5FC,2016/01/15 19:13:00, 50, 1294.9814, 13,       243, 49,       128, 56, 1.0037853, 72, 506.84833, 73, 513.37439, 77, 31.968750, 79, 1.2250546, 83,         0,110,         1,116,         4,164,         1
4DC,2016/01/15 19:14:00, 50, 1389.9231, 13,       244, 49,        64, 56, 1.0037853, 72, 506.82605, 73, 513.34515, 77, 32.062500, 79, 1.2201934, 83,         0,110,         1,116,         4,164,         1
4AC,2016/01/15 19:15:00, 50, 1332.1638, 13,       244, 49,        64, 56, 1.0037853, 72, 506.75360, 73, 513.40363, 77, 32.093750, 79, 1.2201934, 83,         0,110,         1,116,         4,164,         1
40C,2016/01/15 19:16:00, 50, 1559.2275, 13,       245, 49,        64, 56, 1.0037853, 72, 506.79254, 73, 513.43286, 77, 32.125000, 79, 1.2201934, 83,         0,110,         1,116,         4,164,         1
4AC,2016/01/15 19:17:00, 50, 4409.1924, 13,       245, 49,        32, 56, 1.0037853, 72, 506.80560, 73, 513.43286, 77, 32.156250, 79, 1.2201934, 83,         0,110,         1,116,         4,164,         1
40C,2016/01/15 19:18:00, 50, 3271.8755, 13,       245, 49,        32, 56, 1.0037853, 72, 506.76593, 73, 513.46210, 77, 32.187500, 79, 1.2153320, 83,         0,110,         1,116,         4,164,         1
44C,2016/01/15 19:19:00, 50, 3720.3706, 13,       245, 49,        32, 56, 1.0037853, 72, 506.78448, 73, 513.49139, 77, 32.250000, 79, 1.2201934, 83,         0,110,         1,116,         4,164,         1
49C,2016/01/15 19:20:00, 50, 2897.3022, 13,       245, 49,        32, 56, 1.0037853, 72, 506.78986, 73, 513.49139, 77, 32.281250, 79, 1.2201934, 83,         0,110,         1,116,         4,164,         1
46C,2016/01/15 19:21:00, 50, 3062.1240, 13,       245, 49,        32, 56, 1.0037853, 72, 506.78052, 73, 513.52063, 77, 32.375000, 79, 1.2201934, 83,         0,110,         1,116,         4,164,         1
46C,2016/01/15 19:22:00, 50, 3009.4956, 13,       245, 49,        32, 56, 1.0037853, 72, 506.77850, 73, 513.54987, 77, 32.343750, 79, 1.2201934, 83,         0,110,         1,116,         4,164,         1
46C,2016/01/15 19:23:00, 50, 2896.6606, 13,       245, 49,        32, 56, 1.0037853, 72, 506.75238, 73, 513.54987, 77, 32.343750, 79, 1.2201934, 83,         0,110,         1,116,         4,164,         1
46C,2016/01/15 19:24:00, 50, 2478.4639, 13,       245, 49,        64, 56, 1.0037853, 72, 506.76599, 73, 513.60834, 77, 32.375000, 79, 1.2201934, 83,         0,110,         1,116,         4,164,         1
44C,2016/01/15 19:25:00, 50, 4042.9619, 13,       245, 49,        64, 56, 1.0037853, 72, 506.85321, 73, 513.63757, 77, 32.343750, 79, 1.2201934, 83,         0,110,         1,116,         4,164,         1
4DC,2016/01/15 19:26:00, 50, 4058.4961, 13,       245, 49,        64, 56, 1.0037853, 72, 506.85455, 73, 513.66681, 77, 32.375000, 79, 1.2201934, 83,         0,110,         1,116,         4,164,         1
46C,2016/01/15 19:27:00, 50, 3993.0493, 13,       245, 49,        64, 56, 1.0037853, 72, 506.84595, 73, 513.69604, 77, 32.406250, 79, 1.2250546, 83,         0,110,         1,116,         4,164,         1
46C,2016/01/15 19:28:00, 50, 2915.4639, 13,       245, 49,        64, 56, 1.0037853, 72, 506.85364, 73, 513.66681, 77, 32.437500, 79, 1.2201934, 83,         0,110,         1,116,         4,164,         1
4EC,2016/01/15 19:29:00, 50, 2680.2944, 13,       245, 49,        64, 56, 1.0037853, 72, 506.88000, 73, 513.72528, 77, 32.437500, 79, 1.2201934, 83,         0,110,         1,116,         4,164,         1
40C,2016/01/15 19:30:00, 50, 2607.3369, 13,       245, 49,        64, 56, 1.0037853, 72, 506.88123, 73, 513.72528, 77, 32.468750, 79, 1.2201934, 83,         0,110,         1,116,         4,164,         1
43C,2016/01/15 19:31:00, 50, 2578.6045, 13,       245, 49,        64, 56, 1.0037853, 72, 506.91370, 73, 513.72528, 77, 32.500000, 79, 1.2201934, 83,         0,110,         1,116,         4,164,         1
44C,2016/01/15 19:32:00, 50, 3314.5605, 13,       245, 49,        64, 56, 1.0037853, 72, 506.91571, 73, 513.78381, 77, 32.500000, 79, 1.2201934, 83,         0,110,         1,116,         4,164,         1
47C,2016/01/15 19:33:00, 50, 2611.4111, 13,       245, 49,        64, 56, 1.0037853, 72, 506.98468, 73, 513.78381, 77, 32.500000, 79, 1.2201934, 83,         0,110,         1,116,         4,164,         1
43C,2016/01/15 19:34:00, 50, 3563.8130, 13,       245, 49,        64, 56, 1.0037853, 72, 503.68170, 73, 513.78381, 77, 32.500000, 79, 1.2250546, 83,         0,110,         1,116,         4,164,         1
49C,2016/01/15 19:35:00, 50, 2918.1675, 13,       245, 49,        64, 56, 1.0037853, 72, 502.97510, 73, 513.78381, 77, 32.500000, 79, 1.2153320, 83,         0,110,         1,116,         4,164,         1
47C,2016/01/15 19:36:00, 50, 2706.8047, 13,       245, 49,        64, 56, 1.0037853, 72, 502.98151, 73, 513.81305, 77, 32.500000, 79, 1.2250546, 83,         0,110,         1,116,         4,164,         1
4CC,2016/01/15 19:37:00, 50, 2501.3247, 13,       245, 49,        64, 56, 1.0037853, 72, 502.97803, 73, 513.84229, 77, 32.500000, 79, 1.2201934, 83,         0,110,         1,116,         4,164,         1
42C,2016/01/15 19:38:00, 50, 4409.5166, 13,       245, 49,        32, 56, 1.0037853, 72, 503.03015, 73, 513.84229, 77, 32.531250, 79, 1.2250546, 83,         0,110,         1,116,         4,164,         1
45C,2016/01/15 19:39:00, 50, 3575.9897, 13,       245, 49,        32, 56, 1.0037853, 72, 502.97644, 73, 513.84229, 77, 32.468750, 79, 1.2153320, 83,         0,110,         1,116,         4,164,         1
4DC,2016/01/15 19:43:00, 50, 0.0000000, 13,       254, 49,       128, 56, 1.0037853, 72, 508.06689, 73, 513.49139, 77, 32.281250, 79, 1.2201934, 83,     41217,110,        29,116,         4,164,         1
43C,2016/01/15 19:44:00, 50, 0.0000000, 13,       254, 49,         1, 56, 1.0037853, 72, 499.95905, 73, 514.98273, 77, 32.375000, 79, 1.2201934, 83,     41217,110,        29,116,         4,164,         1
40C,2016/01/15 19:45:00, 50, 0.0000000, 13,       254, 49,         1, 56, 1.0037853, 72, 499.88867, 73, 515.09967, 77, 32.312500, 79, 1.2299160, 83,     41217,110,        29,116,         4,164,         1
49C,2016/01/15 19:46:00, 50, 0.0000000, 13,       254, 49,         1, 56, 1.0037853, 72, 500.25446, 73, 515.12891, 77, 32.281250, 79, 1.2201934, 83,     41217,110,        29,116,         4,164,         1
45C,2016/01/15 19:47:00, 50, 0.0000000, 13,       254, 49,         1, 56, 1.0037853, 72, 500.67352, 73, 515.12891, 77, 32.312500, 79, 1.2201934, 83,     41217,110,        29,116,         4,164,         1
46C,2016/01/15 19:48:00, 50, 0.0000000, 13,       254, 49,         1, 56, 1.0037853, 72, 500.69275, 73, 515.18738, 77, 32.312500, 79, 1.2201934, 83,     41217,110,        29,116,         4,164,         1
44C,2016/01/15 19:49:00, 50, 0.0000000, 13,       254, 49,         1, 56, 1.0037853, 72, 500.63373, 73, 515.24591, 77, 32.312500, 79, 1.2201934, 83,     41217,110,        29,116,         4,164,         1
45C,2016/01/15 19:50:00, 50, 0.0000000, 13,       254, 49,         1, 56, 1.0037853, 72, 500.55109, 73, 515.24591, 77, 32.343750, 79, 1.2201934, 83,     41217,110,        29,116,         4,164,         1
43C,2016/01/15 19:51:00, 50, 0.0000000, 13,       254, 49,         1, 56, 1.0037853, 72, 500.52411, 73, 515.21667, 77, 32.312500, 79, 1.2201934, 83,     41217,110,        29,116,         4,164,         1
45C,2016/01/15 19:52:00, 50, 0.0000000, 13,       254, 49,         1, 56, 1.0037853, 72, 500.45007, 73, 515.27515, 77, 32.312500, 79, 1.2201934, 83,     41217,110,        29,116,         4,164,         1
48C,2016/01/15 19:53:00, 50, 0.0000000, 13,       254, 49,         1, 56, 1.0037853, 72, 500.41370, 73, 515.27515, 77, 32.312500, 79, 1.2153320, 83,     41217,110,        29,116,         4,164,         1
48C,2016/01/15 19:54:00, 50, 0.0000000, 13,       254, 49,         1, 56, 1.0037853, 72, 500.42200, 73, 515.27515, 77, 32.281250, 79, 1.2201934, 83,     41217,110,        29,116,         4,164,         1
4BC,2016/01/15 19:55:00, 50, 0.0000000, 13,       254, 49,         1, 56, 1.0037853, 72, 500.40063, 73, 515.33362, 77, 32.312500, 79, 1.2250546, 83,     41217,110,        29,116,         4,164,         1
48C,2016/01/15 19:56:00, 50, 0.0000000, 13,       254, 49,         1, 56, 1.0037853, 72, 500.40594, 73, 515.33362, 77, 32.312500, 79, 1.2201934, 83,     41217,110,        29,116,         4,164,         1
40C,2016/01/15 19:57:00, 50, 0.0000000, 13,       254, 49,         1, 56, 1.0037853, 72, 500.39398, 73, 515.33362, 77, 32.312500, 79, 1.2250546, 83,     41217,110,        29,116,         4,164,         1
45C,2016/01/15 19:58:00, 50, 0.0000000, 13,       254, 49,         1, 56, 1.0037853, 72, 500.41998, 73, 515.33362, 77, 32.281250, 79, 1.2153320, 83,     41217,110,        29,116,         4,164,         1
4FC,2016/01/15 19:59:00, 50, 0.0000000, 13,       254, 49,         1, 56, 1.0037853, 72, 500.41522, 73, 515.36285, 77, 32.281250, 79, 1.2201934, 83,     41217,110,        29,116,         4,164,         1
49C,2016/01/15 20:00:00, 50, 0.0000000, 13,       254, 49,         1, 56, 1.0037853, 72, 500.41858, 73, 515.36285, 77, 32.281250, 79, 1.2201934, 83,     41217,110,        29,116,         4,164,         1
43C,2016/01/15 20:01:00, 50, 0.0000000, 13,       254, 49,         1, 56, 1.0037853, 72, 500.41718, 73, 515.36285, 77, 32.281250, 79, 1.2201934, 83,     41217,110,        29,116,         4,164,         1
4DC,2016/01/15 20:02:00, 50, 0.0000000, 13,       254, 49,         1, 56, 1.0037853, 72, 500.41901, 73, 515.36285, 77, 32.250000, 79, 1.2201934, 83,     41217,110,        29,116,         4,164,         1
46C,2016/01/15 20:03:00, 50, 0.0000000, 13,       254, 49,         1, 56, 1.0037853, 72, 500.40704, 73, 515.36285, 77, 32.281250, 79, 1.2153320, 83,     41217,110,        29,116,         4,164,         1
4FC,2016/01/15 20:04:00, 50, 0.0000000, 13,       254, 49,         1, 56, 1.0037853, 72, 500.41010, 73, 515.33362, 77, 32.281250, 79, 1.2153320, 83,     41217,110,        29,116,         4,164,         1
49C,2016/01/15 20:05:00, 50, 0.0000000, 13,       254, 49,         1, 56, 1.0037853, 72, 500.41290, 73, 515.36285, 77, 32.281250, 79, 1.2153320, 83,     41217,110,        29,116,         4,164,         1
49C,2016/01/15 20:06:00, 50, 0.0000000, 13,       254, 49,         1, 56, 1.0037853, 72, 500.42462, 73, 515.36285, 77, 32.250000, 79, 1.2153320, 83,     41217,110,        29,116,         4,164,         1
44C,2016/01/15 20:07:00, 50, 0.0000000, 13,       254, 49,         1, 56, 1.0037853, 72, 500.41266, 73, 515.42133, 77, 32.281250, 79, 1.2201934, 83,     41217,110,        29,116,         4,164,         1
4CC,2016/01/15 20:08:00, 50, 0.0000000, 13,       254, 49,         1, 56, 1.0037853, 72, 500.42847, 73, 515.36285, 77, 32.250000, 79, 1.2153320, 83,     41217,110,        29,116,         4,164,         1
44C,2016/01/15 20:09:00, 50, 0.0000000, 13,       254, 49,         1, 56, 1.0037853, 72, 500.42328, 73, 515.33362, 77, 32.250000, 79, 1.2250546, 83,     41217,110,        29,116,         4,164,         1
42C,2016/01/15 20:10:00, 50, 0.0000000, 13,       254, 49,         1, 56, 1.0037853, 72, 500.42816, 73, 515.33362, 77, 32.218750, 79, 1.2153320, 83,     41217,110,        29,116,         4,164,         1
4FC,2016/01/15 20:11:00, 50, 0.0000000, 13,       254, 49,         1, 56, 1.0037853, 72, 500.42401, 73, 515.36285, 77, 32.218750, 79, 1.2201934, 83,     41217,110,        29,116,         4,164,         1
45C,2016/01/15 20:12:00, 50, 0.0000000, 13,       254, 49,         1, 56, 1.0037853, 72, 500.42511, 73, 515.36285, 77, 32.187500, 79, 1.2153320, 83,     41217,110,        29,116,         4,164,         1
43C,2016/01/15 20:13:00, 50, 0.0000000, 13,       254, 49,         1, 56, 1.0037853, 72, 500.45251, 73, 515.42133, 77, 32.156250, 79, 1.2153320, 83,     41217,110,        29,116,         4,164,         1
4EC,2016/01/15 20:14:00, 50, 0.0000000, 13,       254, 49,         1, 56, 1.0037853, 72, 500.50317, 73, 515.39209, 77, 32.156250, 79, 1.2201934, 83,     41217,110,        29,116,         4,164,         1
48C,2016/01/15 20:15:00, 50, 0.0000000, 13,       254, 49,         1, 56, 1.0037853, 72, 500.51270, 73, 515.42133, 77, 32.156250, 79, 1.2201934, 83,     41217,110,        29,116,         4,164,         1
4FC,2016/01/15 20:16:00, 50, 0.0000000, 13,       254, 49,         1, 56, 1.0037853, 72, 500.51532, 73, 515.45056, 77, 32.156250, 79, 1.2201934, 83,     41217,110,        29,116,         4,164,         1
41C,2016/01/15 20:17:00, 50, 0.0000000, 13,       254, 49,         1, 56, 1.0037853, 72, 500.51196, 73, 515.42133, 77, 32.093750, 79, 1.2250546, 83,     41217,110,        29,116,         4,164,         1
41C,2016/01/15 20:18:00, 50, 0.0000000, 13,       254, 49,         1, 56, 1.0037853, 72, 500.53448, 73, 515.45056, 77, 32.125000, 79, 1.2250546, 83,     41217,110,        29,116,         4,164,         1
4CC,2016/01/15 20:19:00, 50, 0.0000000, 13,       254, 49,         1, 56, 1.0037853, 72, 500.52014, 73, 515.47980, 77, 32.125000, 79, 1.2250546, 83,     41217,110,        29,116,         4,164,         1
43C,2016/01/15 20:20:00, 50, 0.0000000, 13,       254, 49,         1, 56, 1.0037853, 72, 500.55884, 73, 515.47980, 77, 32.093750, 79, 1.2201934, 83,     41217,110,        29,116,         4,164,         1
4DC,2016/01/15 20:21:00, 50, 0.0000000, 13,       254, 49,         1, 56, 1.0037853, 72, 500.57532, 73, 515.47980, 77, 32.093750, 79, 1.2250546, 83,     41217,110,        29,116,         4,164,         1
44C,2016/01/15 20:22:00, 50, 0.0000000, 13,       254, 49,         1, 56, 1.0037853, 72, 500.57709, 73, 515.47980, 77, 32.093750, 79, 1.2250546, 83,     41217,110,        29,116,         4,164,         1
4DC,2016/01/15 20:23:00, 50, 0.0000000, 13,       254, 49,         1, 56, 1.0037853, 72, 500.56183, 73, 515.47980, 77, 32.093750, 79, 1.2201934, 83,     41217,110,        29,116,         4,164,         1
41C,2016/01/15 20:24:00, 50, 0.0000000, 13,       254, 49,         1, 56, 1.0037853, 72, 500.62512, 73, 515.47980, 77, 32.093750, 79, 1.2201934, 83,     41217,110,        29,116,         4,164,         1
4DC,2016/01/15 20:25:00, 50, 0.0000000, 13,       254, 49,         1, 56, 1.0037853, 72, 500.64178, 73, 515.50909, 77, 32.062500, 79, 1.2250546, 83,     41217,110,        29,116,         4,164,         1
48C,2016/01/15 20:26:00, 50, 0.0000000, 13,       254, 49,         1, 56, 1.0037853, 72, 500.61444, 73, 515.50909, 77, 32.031250, 79, 1.2201934, 83,     41217,110,        29,116,         4,164,         1
4AC,2016/01/15 20:27:00, 50, 0.0000000, 13,       254, 49,         1, 56, 1.0037853, 72, 500.63324, 73, 515.50909, 77, 32.031250, 79, 1.2201934, 83,     41217,110,        29,116,         4,164,         1
40C,2016/01/15 20:28:00, 50, 0.0000000, 13,       254, 49,         1, 56, 1.0037853, 72, 500.64105, 73, 515.53833, 77, 32.000000, 79, 1.2250546, 83,     41217,110,        29,116,         4,164,         1
4EC,2016/01/15 20:29:00, 50, 0.0000000, 13,       254, 49,         1, 56, 1.0037853, 72, 500.65900, 73, 515.50909, 77, 32.031250, 79, 1.2201934, 83,     41217,110,        29,116,         4,164,         1
4BC,2016/01/15 20:30:00, 50, 0.0000000, 13,       254, 49,         1, 56, 1.0037853, 72, 500.66504, 73, 515.53833, 77, 32.031250, 79, 1.2250546, 83,     41217,110,        29,116,         4,164,         1
4BC,2016/01/15 20:31:00, 50, 0.0000000, 13,       254, 49,         1, 56, 1.0037853, 72, 500.67914, 73, 515.56757, 77, 32.000000, 79, 1.2250546, 83,     41217,110,        29,116,         4,164,         1
48C,2016/01/15 20:32:00, 50, 0.0000000, 13,       254, 49,         1, 56, 1.0037853, 72, 501.22180, 73, 515.50909, 77, 31.968750, 79, 1.2250546, 83,     41217,110,        29,116,         4,164,         1
46C,2016/01/15 20:33:00, 50, 0.0000000, 13,       254, 49,         1, 56, 1.0037853, 72, 501.44434, 73, 515.50909, 77, 31.968750, 79, 1.2104707, 83,     41217,110,        29,116,         4,164,         1
4FC,2016/01/15 20:34:00, 50, 0.0000000, 13,       254, 49,         1, 56, 1.0037853, 72, 501.33710, 73, 515.56757, 77, 31.968750, 79, 1.2201934, 83,     41217,110,        29,116,         4,164,         1
4AC,2016/01/15 20:35:00, 50, 0.0000000, 13,       254, 49,         1, 56, 1.0037853, 72, 501.18024, 73, 515.56757, 77, 31.937500, 79, 1.2201934, 83,     41217,110,        29,116,         4,164,         1
46C,2016/01/15 20:36:00, 50, 0.0000000, 13,       254, 49,         1, 56, 1.0037853, 72, 501.16986, 73, 515.56757, 77, 31.906250, 79, 1.2201934, 83,     41217,110,        29,116,         4,164,         1
42C,2016/01/15 20:37:00, 50, 0.0000000, 13,       254, 49,         1, 56, 1.0037853, 72, 501.19763, 73, 515.56757, 77, 31.875000, 79, 1.2250546, 83,     41217,110,        29,116,         4,164,         1
4CC,2016/01/15 20:38:00, 50, 0.0000000, 13,       254, 49,         1, 56, 1.0037853, 72, 501.21045, 73, 515.59680, 77, 31.875000, 79, 1.2201934, 83,     41217,110,        29,116,         4,164,         1
45C,2016/01/15 20:39:00, 50, 0.0000000, 13,       254, 49,         1, 56, 1.0037853, 72, 501.21442, 73, 515.53833, 77, 31.843750, 79, 1.2201934, 83,     41217,110,        29,116,         4,164,         1
4DC,2016/01/15 20:40:00, 50, 0.0000000, 13,       254, 49,         1, 56, 1.0037853, 72, 501.20782, 73, 515.56757, 77, 31.843750, 79, 1.2201934, 83,     41217,110,        29,116,         4,164,         1
4DC,2016/01/15 20:41:00, 50, 0.0000000, 13,       254, 49,         1, 56, 1.0037853, 72, 501.23975, 73, 515.62604, 77, 31.781250, 79, 1.2201934, 83,     41217,110,        29,116,         4,164,         1
4AC,2016/01/15 20:42:00, 50, 0.0000000, 13,       254, 49,         1, 56, 1.0037853, 72, 501.22760, 73, 515.59680, 77, 31.781250, 79, 1.2153320, 83,     41217,110,        29,116,         4,164,         1
4EC,2016/01/15 20:43:00, 50, 0.0000000, 13,       254, 49,         1, 56, 1.0037853, 72, 501.21118, 73, 515.62604, 77, 31.781250, 79, 1.2201934, 83,     41217,110,        29,116,         4,164,         1
4AC,2016/01/15 20:44:00, 50, 0.0000000, 13,       254, 49,         1, 56, 1.0037853, 72, 501.22821, 73, 515.62604, 77, 31.750000, 79, 1.2299160, 83,     41217,110,        29,116,         4,164,         1
43C,2016/01/15 20:45:00, 50, 0.0000000, 13,       254, 49,         1, 56, 1.0037853, 72, 501.27246, 73, 515.65527, 77, 31.781250, 79, 1.2201934, 83,     41217,110,        29,116,         4,164,         1
4FC,2016/01/15 20:46:00, 50, 0.0000000, 13,       254, 49,         1, 56, 1.0037853, 72, 501.27582, 73, 515.62604, 77, 31.718750, 79, 1.2201934, 83,     41217,110,        29,116,         4,164,         1
