56C,2017/04/19 10:03:00, 50, 0.0000000, 13,       121, 49,        32, 56, 1.0037853, 72, 741.89966, 73, 737.18835, 77, 27.562500, 79, 1.2250546, 83,     60163,110,        29,116,         0,164,         1
47C,2017/04/19 10:04:00, 50, 0.0000000, 13,       254, 49,         1, 56, 1.0037853, 72, 742.08923, 73, 738.91364, 77, 28.156250, 79, 1.2347773, 83,     60163,110,        29,116,         0,164,         1
46C,2017/04/19 10:05:00, 50, 0.0000000, 13,       160, 49,         1, 56, 1.0037853, 72, 742.13464, 73, 739.29382, 77, 28.625000, 79, 1.2201934, 83,     60163,110,        29,116,         0,164,         1
4AC,2017/04/19 10:06:00, 50, 0.0000000, 13,       156, 49,         2, 56, 1.0037853, 72, 742.24719, 73, 738.21185, 77, 29.031250, 79, 1.2250546, 83,     60163,110,        29,116,         0,164,         1
57C,2017/04/19 10:07:00, 50, 0.0000000, 13,       156, 49,        32, 56, 1.0037853, 72, 741.64282, 73, 738.35803, 77, 29.437500, 79, 1.2201934, 83,     60163,110,        29,116,         0,164,         1
56C,2017/04/19 10:08:00, 50, 0.0000000, 13,       156, 49,        32, 56, 1.0037853, 72, 740.98303, 73, 738.47504, 77, 29.812500, 79, 1.2201934, 83,     60163,110,        29,116,         0,164,         1
5BC,2017/04/19 10:09:00, 50, 0.0000000, 13,       156, 49,        32, 56, 1.0037853, 72, 740.93567, 73, 738.56274, 77, 30.093750, 79, 1.2250546, 83,     60163,110,        29,116,         0,164,         1
55C,2017/04/19 10:10:00, 50, 0.0000000, 13,       156, 49,        32, 56, 1.0037853, 72, 740.88049, 73, 738.67975, 77, 30.437500, 79, 1.2250546, 83,     60163,110,        29,116,         0,164,         1
58C,2017/04/19 10:11:00, 50, 0.0000000, 13,       156, 49,        32, 56, 1.0037853, 72, 740.82581, 73, 738.73822, 77, 30.750000, 79, 1.2153320, 83,     60163,110,        29,116,         0,164,         1
59C,2017/04/19 10:12:00, 50, 0.0000000, 13,       156, 49,        32, 56, 1.0037853, 72, 740.78174, 73, 738.82593, 77, 31.093750, 79, 1.2201934, 83,     60163,110,        29,116,         0,164,         1
50C,2017/04/19 10:13:00, 50, 0.0000000, 13,       158, 49,        32, 56, 1.0037853, 72, 740.71313, 73, 738.94287, 77, 31.375000, 79, 1.2201934, 83,     60163,110,        29,116,         0,164,         1
50C,2017/04/19 10:14:00, 50, 0.0000000, 13,       160, 49,        32, 56, 1.0037853, 72, 740.66919, 73, 739.00140, 77, 31.656250, 79, 1.2250546, 83,     60163,110,        29,116,         0,164,         1
5EC,2017/04/19 10:15:00, 50, 0.0000000, 13,       162, 49,        32, 56, 1.0037853, 72, 740.64270, 73, 739.08911, 77, 31.937500, 79, 1.2299160, 83,     60163,110,        29,116,         0,164,         1
5BC,2017/04/19 10:16:00, 50, 0.0000000, 13,       164, 49,        32, 56, 1.0037853, 72, 740.62720, 73, 739.14758, 77, 32.187500, 79, 1.2201934, 83,     60163,110,        29,116,         0,164,         1
5BC,2017/04/19 10:17:00, 50, 0.0000000, 13,       166, 49,        32, 56, 1.0037853, 72, 740.58630, 73, 739.20605, 77, 32.468750, 79, 1.2007481, 83,     60163,110,        29,116,         0,164,         1
54C,2017/04/19 10:18:00, 50, 0.0000000, 13,       168, 49,        32, 56, 1.0037853, 72, 740.56006, 73, 739.29382, 77, 32.750000, 79, 1.2250546, 83,     60163,110,        29,116,         0,164,         1
56C,2017/04/19 10:19:00, 50, 0.0000000, 13,       171, 49,        32, 56, 1.0037853, 72, 740.50537, 73, 739.38153, 77, 33.000000, 79, 1.2201934, 83,     58115,110,        29,116,         0,164,         1
55C,2017/04/19 10:20:00, 50, 0.0000000, 13,       173, 49,        32, 56, 1.0037853, 72, 740.47876, 73, 739.44000, 77, 33.218750, 79, 1.2201934, 83,     58115,110,        29,116,         0,164,         1
57C,2017/04/19 10:21:00, 50, 0.0000000, 13,       175, 49,        32, 56, 1.0037853, 72, 740.41943, 73, 739.49847, 77, 33.531250, 79, 1.2153320, 83,     58115,110,        29,116,         0,164,         1
55C,2017/04/19 10:22:00, 50, 0.0000000, 13,       178, 49,        32, 56, 1.0037853, 72, 740.37842, 73, 739.55701, 77, 33.781250, 79, 1.2201934, 83,     57603,110,        29,116,         0,164,         1
4DC,2017/04/19 10:23:00, 50, 0.0000000, 13,       180, 49,        32, 56, 1.0037853, 72, 740.37000, 73, 739.61548, 77, 34.031250, 79, 1.2104707, 83,     49158,110,         6,116,         0,164,         1
42C,2017/04/19 10:24:00, 50, 0.0000000, 13,       182, 49,        32, 56, 1.0037853, 72, 740.37000, 73, 739.67395, 77, 34.250000, 79, 1.2201934, 83,     49158,110,         6,116,         0,164,         1
40C,2017/04/19 10:25:00, 50, 0.0000000, 13,       184, 49,        32, 56, 1.0037853, 72, 740.37000, 73, 739.70319, 77, 34.531250, 79, 1.2201934, 83,     49158,110,         6,116,         0,164,         1
40C,2017/04/19 10:26:00, 50, 0.0000000, 13,       186, 49,        32, 56, 1.0037853, 72, 740.37000, 73, 739.79089, 77, 34.750000, 79, 1.2201934, 83,     49158,110,         6,116,         0,164,         1
4CC,2017/04/19 10:27:00, 50, 0.0000000, 13,       188, 49,        32, 56, 1.0037853, 72, 740.37000, 73, 739.79089, 77, 35.000000, 79, 1.2201934, 83,     49158,110,         6,116,         0,164,         1
48C,2017/04/19 10:28:00, 50, 0.0000000, 13,       190, 49,        32, 56, 1.0037853, 72, 740.37000, 73, 739.87866, 77, 35.187500, 79, 1.2201934, 83,     49158,110,         7,116,         0,164,         1
4AC,2017/04/19 10:29:00, 50, 0.0000000, 13,       192, 49,        32, 56, 1.0037853, 72, 740.37000, 73, 739.90790, 77, 35.375000, 79, 1.2201934, 83,     49154,110,         0,116,         0,164,         1
4BC,2017/04/19 10:30:00, 50, 0.0000000, 13,       194, 49,        32, 56, 1.0037853, 72, 740.37000, 73, 739.93713, 77, 35.593750, 79, 1.2153320, 83,     49154,110,         0,116,         0,164,         1
45C,2017/04/19 10:31:00, 50, 0.0000000, 13,       197, 49,        32, 56, 1.0037853, 72, 740.37000, 73, 739.99561, 77, 35.718750, 79, 1.2153320, 83,     49154,110,         0,116,         0,164,         1
46C,2017/04/19 10:32:00, 50, 0.1798607, 13,       199, 49,        32, 56, 1.0037853, 72, 740.04797, 73, 740.02484, 77, 35.875000, 79, 1.2153320, 83,     49154,110,         1,116,         0,164,         1
4EC,2017/04/19 10:33:00, 50, 0.1625427, 13,       201, 49,        32, 56, 1.0037853, 72, 740.01147, 73, 740.02484, 77, 36.000000, 79, 1.2201934, 83,     49154,110,         1,116,         0,164,         1
4FC,2017/04/19 10:34:00, 50, 0.1638350, 13,       202, 49,        32, 56, 1.0037853, 72, 739.95190, 73, 740.11261, 77, 36.093750, 79, 1.2201934, 83,     49154,110,         1,116,         0,164,         1
4AC,2017/04/19 10:35:00, 50, 0.1615697, 13,       203, 49,        32, 56, 1.0037853, 72, 739.92346, 73, 740.11261, 77, 36.218750, 79, 1.2153320, 83,     49154,110,         1,116,         0,164,         1
47C,2017/04/19 10:36:00, 50, 0.1700458, 13,       204, 49,        32, 56, 1.0037853, 72, 739.89368, 73, 740.14185, 77, 36.312500, 79, 1.2201934, 83,     49154,110,         1,116,         0,164,         1
43C,2017/04/19 10:37:00, 50, 0.1924333, 13,       205, 49,        32, 56, 1.0037853, 72, 739.89075, 73, 740.17108, 77, 36.375000, 79, 1.2153320, 83,     49154,110,         1,116,         0,164,         1
46C,2017/04/19 10:38:00, 50, 0.2188355, 13,       206, 49,        32, 56, 1.0037853, 72, 739.88672, 73, 740.17108, 77, 36.406250, 79, 1.2153320, 83,     49154,110,         1,116,         0,164,         1
43C,2017/04/19 10:39:00, 50, 0.2406369, 13,       206, 49,        32, 56, 1.0037853, 72, 739.81763, 73, 740.17108, 77, 36.437500, 79, 1.2153320, 83,     49154,110,         1,116,         0,164,         1
4CC,2017/04/19 10:40:00, 50, 0.2642649, 13,       206, 49,        32, 56, 1.0037853, 72, 739.80359, 73, 740.14185, 77, 36.531250, 79, 1.2201934, 83,     49154,110,         1,116,         0,164,         1
44C,2017/04/19 10:41:00, 50, 0.2969971, 13,       206, 49,        32, 56, 1.0037853, 72, 739.78137, 73, 740.17108, 77, 36.562500, 79, 1.2056093, 83,     49154,110,         1,116,         0,164,         1
43C,2017/04/19 10:42:00, 50, 0.3608461, 13,       206, 49,        32, 56, 1.0037853, 72, 739.79224, 73, 740.20032, 77, 36.593750, 79, 1.2201934, 83,     49154,110,         1,116,         0,164,         1
4FC,2017/04/19 10:43:00, 50, 0.5720863, 13,       206, 49,        32, 56, 1.0037853, 72, 739.74231, 73, 740.20032, 77, 36.656250, 79, 1.2104707, 83,     49154,110,         1,116,         0,164,         1
44C,2017/04/19 10:44:00, 50, 0.7246212, 13,       206, 49,        32, 56, 1.0037853, 72, 739.75818, 73, 740.22955, 77, 36.718750, 79, 1.2153320, 83,     49154,110,         1,116,         0,164,         1
4EC,2017/04/19 10:45:00, 50, 0.7644219, 13,       206, 49,        32, 56, 1.0037853, 72, 739.78406, 73, 740.25879, 77, 36.718750, 79, 1.2153320, 83,     49154,110,         1,116,         0,164,         1
44C,2017/04/19 10:46:00, 50, 0.8025993, 13,       206, 49,        32, 56, 1.0037853, 72, 739.78503, 73, 740.25879, 77, 36.781250, 79, 1.2056093, 83,     49154,110,         1,116,         0,164,         1
41C,2017/04/19 10:47:00, 50, 0.8312761, 13,       206, 49,        32, 56, 1.0037853, 72, 739.77100, 73, 740.25879, 77, 36.812500, 79, 1.2153320, 83,     49154,110,         1,116,         0,164,         1
48C,2017/04/19 10:48:00, 50, 0.8548319, 13,       206, 49,        32, 56, 1.0037853, 72, 739.76575, 73, 740.25879, 77, 36.843750, 79, 1.2153320, 83,     49154,110,         1,116,         0,164,         1
48C,2017/04/19 10:49:00, 50, 0.8726526, 13,       206, 49,        32, 56, 1.0037853, 72, 739.77380, 73, 740.25879, 77, 36.875000, 79, 1.2201934, 83,     49154,110,         1,116,         0,164,         1
49C,2017/04/19 10:50:00, 50, 0.8869064, 13,       206, 49,        32, 56, 1.0037853, 72, 739.79395, 73, 740.22955, 77, 36.843750, 79, 1.2153320, 83,     49154,110,         1,116,         0,164,         1
47C,2017/04/19 10:51:00, 50, 0.9027029, 13,       206, 49,        32, 56, 1.0037853, 72, 739.74231, 73, 740.22955, 77, 36.875000, 79, 1.2153320, 83,     49154,110,         1,116,         0,164,         1
48C,2017/04/19 10:52:00, 50, 0.9257766, 13,       206, 49,        32, 56, 1.0037853, 72, 739.73889, 73, 740.22955, 77, 36.875000, 79, 1.2201934, 83,     49154,110,         1,116,         0,164,         1
42C,2017/04/19 10:53:00, 50, 0.9476144, 13,       206, 49,        32, 56, 1.0037853, 72, 739.73303, 73, 740.25879, 77, 36.906250, 79, 1.2153320, 83,     49154,110,         1,116,         0,164,         1
43C,2017/04/19 10:54:00, 50, 0.9608444, 13,       206, 49,        32, 56, 1.0037853, 72, 739.74243, 73, 740.22955, 77, 36.875000, 79, 1.2153320, 83,     49154,110,         1,116,         0,164,         1
42C,2017/04/19 10:55:00, 50, 0.9701486, 13,       206, 49,        32, 56, 1.0037853, 72, 739.71240, 73, 740.22955, 77, 36.875000, 79, 1.2153320, 83,     49154,110,         1,116,         0,164,         1
49C,2017/04/19 10:56:00, 50, 0.9837945, 13,       206, 49,        32, 56, 1.0037853, 72, 739.70728, 73, 740.20032, 77, 36.875000, 79, 1.2153320, 83,     49154,110,         1,116,         0,164,         1
44C,2017/04/19 10:57:00, 50, 0.9981656, 13,       206, 49,        32, 56, 1.0037853, 72, 739.74194, 73, 740.22955, 77, 36.906250, 79, 1.2153320, 83,     49154,110,         1,116,         0,164,         1
42C,2017/04/19 10:58:00, 50, 1.0144217, 13,       206, 49,        32, 56, 1.0037853, 72, 739.74158, 73, 740.25879, 77, 36.875000, 79, 1.2201934, 83,     49154,110,         1,116,         0,164,         1
4FC,2017/04/19 10:59:00, 50, 1.0293746, 13,       206, 49,        32, 56, 1.0037853, 72, 739.74524, 73, 740.20032, 77, 36.906250, 79, 1.2153320, 83,     49154,110,         1,116,         0,164,         1
45C,2017/04/19 11:00:00, 50, 1.0427775, 13,       206, 49,        32, 56, 1.0037853, 72, 739.71484, 73, 740.20032, 77, 36.906250, 79, 1.2153320, 83,     49154,110,         1,116,         0,164,         1
47C,2017/04/19 11:01:00, 50, 1.0498214, 13,       206, 49,        32, 56, 1.0037853, 72, 739.69385, 73, 740.22955, 77, 36.937500, 79, 1.2153320, 83,     49154,110,         1,116,         0,164,         1
44C,2017/04/19 11:02:00, 50, 1.0530753, 13,       206, 49,        32, 56, 1.0037853, 72, 739.70325, 73, 740.20032, 77, 36.968750, 79, 1.2153320, 83,     49154,110,         1,116,         0,164,         1
4AC,2017/04/19 11:03:00, 50, 1.0572865, 13,       206, 49,        32, 56, 1.0037853, 72, 739.71912, 73, 740.25879, 77, 36.937500, 79, 1.2104707, 83,     49154,110,         1,116,         0,164,         1
45C,2017/04/19 11:04:00, 50, 1.0611179, 13,       206, 49,        32, 56, 1.0037853, 72, 739.69519, 73, 740.22955, 77, 36.937500, 79, 1.2056093, 83,     49154,110,         1,116,         0,164,         1
44C,2017/04/19 11:05:00, 50, 1.0674372, 13,       206, 49,        32, 56, 1.0037853, 72, 739.70740, 73, 740.22955, 77, 36.937500, 79, 1.2104707, 83,     49154,110,         1,116,         0,164,         1
44C,2017/04/19 11:06:00, 50, 1.0708547, 13,       206, 49,        32, 56, 1.0037853, 72, 739.66443, 73, 740.22955, 77, 36.968750, 79, 1.2153320, 83,     49154,110,         1,116,         0,164,         1
4CC,2017/04/19 11:07:00, 50, 1.0812552, 13,       206, 49,        32, 56, 1.0037853, 72, 739.70129, 73, 740.25879, 77, 37.000000, 79, 1.2201934, 83,     49154,110,         1,116,         0,164,         1
41C,2017/04/19 11:08:00, 50, 1.0903573, 13,       206, 49,        32, 56, 1.0037853, 72, 739.70898, 73, 740.22955, 77, 37.000000, 79, 1.2153320, 83,     49154,110,         1,116,         0,164,         1
41C,2017/04/19 11:09:00, 50, 1.0930555, 13,       206, 49,        32, 56, 1.0037853, 72, 739.70813, 73, 740.25879, 77, 37.031250, 79, 1.2201934, 83,     49154,110,         1,116,         0,164,         1
46C,2017/04/19 11:10:00, 50, 1.0947089, 13,       206, 49,        32, 56, 1.0037853, 72, 739.66187, 73, 740.22955, 77, 37.031250, 79, 1.2201934, 83,     49154,110,         1,116,         0,164,         1
45C,2017/04/19 11:11:00, 50, 1.0974269, 13,       206, 49,        32, 56, 1.0037853, 72, 739.63098, 73, 740.22955, 77, 37.062500, 79, 1.2201934, 83,     49154,110,         1,116,         0,164,         1
42C,2017/04/19 11:12:00, 50, 1.0984139, 13,       206, 49,        32, 56, 1.0037853, 72, 739.61353, 73, 740.22955, 77, 37.062500, 79, 1.2153320, 83,     49154,110,         1,116,         0,164,         1
49C,2017/04/19 11:13:00, 50, 1.0965137, 13,       206, 49,        32, 56, 1.0037853, 72, 739.63354, 73, 740.25879, 77, 37.093750, 79, 1.2056093, 83,     49154,110,         1,116,         0,164,         1
42C,2017/04/19 11:14:00, 50, 1.0941768, 13,       206, 49,        32, 56, 1.0037853, 72, 739.58228, 73, 740.20032, 77, 37.062500, 79, 1.2153320, 83,     49154,110,         1,116,         0,164,         1
42C,2017/04/19 11:15:00, 50, 1.0901835, 13,       206, 49,        32, 56, 1.0037853, 72, 739.54724, 73, 740.17108, 77, 37.062500, 79, 1.2201934, 83,     49154,110,         1,116,         0,164,         1
40C,2017/04/19 11:16:00, 50, 1.0873001, 13,       206, 49,        32, 56, 1.0037853, 72, 739.57202, 73, 740.17108, 77, 37.062500, 79, 1.2104707, 83,     49154,110,         1,116,         0,164,         1
4FC,2017/04/19 11:17:00, 50, 1.0833011, 13,       206, 49,        32, 56, 1.0037853, 72, 739.55823, 73, 740.17108, 77, 37.062500, 79, 1.2104707, 83,     49154,110,         1,116,         0,164,         1
4CC,2017/04/19 11:18:00, 50, 1.0812383, 13,       206, 49,        32, 56, 1.0037853, 72, 739.54663, 73, 740.14185, 77, 37.093750, 79, 1.2153320, 83,     49154,110,         1,116,         0,164,         1
41C,2017/04/19 11:19:00, 50, 1.0811443, 13,       206, 49,        32, 56, 1.0037853, 72, 739.58228, 73, 740.17108, 77, 37.125000, 79, 1.2201934, 83,     49154,110,         1,116,         0,164,         1
46C,2017/04/19 11:20:00, 50, 1.0783589, 13,       206, 49,        32, 56, 1.0037853, 72, 739.55066, 73, 740.17108, 77, 37.156250, 79, 1.2104707, 83,     49154,110,         1,116,         0,164,         1
46C,2017/04/19 11:21:00, 50, 1.0737875, 13,       206, 49,        32, 56, 1.0037853, 72, 739.56042, 73, 740.14185, 77, 37.156250, 79, 1.2153320, 83,     49154,110,         1,116,         0,164,         1
41C,2017/04/19 11:22:00, 50, 1.0680454, 13,       206, 49,        32, 56, 1.0037853, 72, 739.54480, 73, 740.17108, 77, 37.187500, 79, 1.2250546, 83,     49154,110,         1,116,         0,164,         1
42C,2017/04/19 11:23:00, 50, 1.0635505, 13,       206, 49,        32, 56, 1.0037853, 72, 739.55750, 73, 740.17108, 77, 37.187500, 79, 1.2153320, 83,     49154,110,         1,116,         0,164,         1
48C,2017/04/19 11:24:00, 50, 1.0635788, 13,       206, 49,        32, 56, 1.0037853, 72, 739.52087, 73, 740.14185, 77, 37.125000, 79, 1.2201934, 83,     49154,110,         1,116,         0,164,         1
48C,2017/04/19 11:25:00, 50, 1.0652006, 13,       206, 49,        32, 56, 1.0037853, 72, 739.51489, 73, 740.14185, 77, 37.156250, 79, 1.2153320, 83,     49154,110,         1,116,         0,164,         1
4AC,2017/04/19 11:26:00, 50, 1.0677657, 13,       206, 49,        32, 56, 1.0037853, 72, 739.50293, 73, 740.14185, 77, 37.125000, 79, 1.2201934, 83,     49154,110,         1,116,         0,164,         1
40C,2017/04/19 11:27:00, 50, 1.0692067, 13,       206, 49,        32, 56, 1.0037853, 72, 739.52588, 73, 740.08331, 77, 37.093750, 79, 1.2056093, 83,     49154,110,         1,116,         0,164,         1
43C,2017/04/19 11:28:00, 50, 1.0678706, 13,       206, 49,        32, 56, 1.0037853, 72, 739.50415, 73, 740.08331, 77, 37.093750, 79, 1.2153320, 83,     49154,110,         1,116,         0,164,         1
48C,2017/04/19 11:29:00, 50, 1.0634849, 13,       206, 49,        32, 56, 1.0037853, 72, 739.47900, 73, 740.05408, 77, 37.062500, 79, 1.2153320, 83,     49154,110,         1,116,         0,164,         1
45C,2017/04/19 11:30:00, 50, 1.0610108, 13,       206, 49,        32, 56, 1.0037853, 72, 739.43823, 73, 740.05408, 77, 37.062500, 79, 1.2201934, 83,     49154,110,         1,116,         0,164,         1
49C,2017/04/19 11:31:00, 50, 1.0580359, 13,       206, 49,        32, 56, 1.0037853, 72, 739.42688, 73, 740.02484, 77, 37.031250, 79, 1.2104707, 83,     49154,110,         1,116,         0,164,         1
4DC,2017/04/19 11:32:00, 50, 1.0610127, 13,       206, 49,        32, 56, 1.0037853, 72, 739.44836, 73, 739.99561, 77, 37.000000, 79, 1.2201934, 83,     49154,110,         1,116,         0,164,         1
43C,2017/04/19 11:33:00, 50, 1.0643542, 13,       206, 49,        32, 56, 1.0037853, 72, 739.43262, 73, 740.02484, 77, 36.968750, 79, 1.2201934, 83,     49154,110,         1,116,         0,164,         1
4DC,2017/04/19 11:34:00, 50, 1.0609128, 13,       206, 49,        32, 56, 1.0037853, 72, 739.39600, 73, 739.96637, 77, 36.968750, 79, 1.2153320, 83,     49154,110,         1,116,         0,164,         1
40C,2017/04/19 11:35:00, 50, 1.0533650, 13,       206, 49,        32, 56, 1.0037853, 72, 739.38672, 73, 739.90790, 77, 36.968750, 79, 1.2153320, 83,     49154,110,         1,116,         0,164,         1
44C,2017/04/19 11:36:00, 50, 1.0434093, 13,       206, 49,        32, 56, 1.0037853, 72, 739.39526, 73, 739.90790, 77, 36.968750, 79, 1.2201934, 83,     49154,110,         1,116,         0,164,         1
48C,2017/04/19 11:37:00, 50, 1.0349765, 13,       206, 49,        32, 56, 1.0037853, 72, 739.32458, 73, 739.90790, 77, 36.937500, 79, 1.2201934, 83,     49154,110,         1,116,         0,164,         1
46C,2017/04/19 11:38:00, 50, 1.0151124, 13,       206, 49,        32, 56, 1.0037853, 72, 739.33569, 73, 739.90790, 77, 36.937500, 79, 1.2153320, 83,     49154,110,         1,116,         0,164,         1
4AC,2017/04/19 11:39:00, 50, 1.0046592, 13,       206, 49,        32, 56, 1.0037853, 72, 739.33057, 73, 739.90790, 77, 36.937500, 79, 1.2201934, 83,     49154,110,         1,116,         0,164,         1
49C,2017/04/19 11:40:00, 50, 1.0044444, 13,       206, 49,        32, 56, 1.0037853, 72, 739.35010, 73, 739.90790, 77, 36.937500, 79, 1.2201934, 83,     49154,110,         1,116,         0,164,         1
47C,2017/04/19 11:41:00, 50, 0.9908451, 13,       206, 49,        32, 56, 1.0037853, 72, 739.35535, 73, 739.90790, 77, 36.906250, 79, 1.2201934, 83,     49154,110,         1,116,         0,164,         1
4AC,2017/04/19 11:42:00, 50, 0.9884207, 13,       206, 49,        32, 56, 1.0037853, 72, 739.36731, 73, 739.90790, 77, 36.906250, 79, 1.2153320, 83,     49154,110,         1,116,         0,164,         1
45C,2017/04/19 11:43:00, 50, 0.9667853, 13,       206, 49,        32, 56, 1.0037853, 72, 739.35535, 73, 739.87866, 77, 36.906250, 79, 1.2104707, 83,     49154,110,         1,116,         0,164,         1
47C,2017/04/19 11:44:00, 50, 0.9607695, 13,       206, 49,        32, 56, 1.0037853, 72, 739.33875, 73, 739.87866, 77, 36.906250, 79, 1.2201934, 83,     49154,110,         1,116,         0,164,         1
42C,2017/04/19 11:45:00, 50, 0.9652838, 13,       206, 49,        32, 56, 1.0037853, 72, 739.32080, 73, 739.84943, 77, 36.906250, 79, 1.2153320, 83,     49154,110,         1,116,         0,164,         1
4DC,2017/04/19 11:46:00, 50, 0.9737103, 13,       206, 49,        32, 56, 1.0037853, 72, 739.33728, 73, 739.84943, 77, 36.937500, 79, 1.2201934, 83,     49154,110,         1,116,         0,164,         1
41C,2017/04/19 11:47:00, 50, 0.9447417, 13,       206, 49,        32, 56, 1.0037853, 72, 739.33032, 73, 739.87866, 77, 36.937500, 79, 1.2201934, 83,     49154,110,         1,116,         0,164,         1
47C,2017/04/19 11:48:00, 50, 0.9354268, 13,       206, 49,        32, 56, 1.0037853, 72, 739.34375, 73, 739.84943, 77, 36.937500, 79, 1.2201934, 83,     49154,110,         1,116,         0,164,         1
44C,2017/04/19 11:49:00, 50, 0.9443451, 13,       206, 49,        32, 56, 1.0037853, 72, 739.31812, 73, 739.84943, 77, 36.937500, 79, 1.2201934, 83,     49154,110,         1,116,         0,164,         1
4BC,2017/04/19 11:50:00, 50, 0.9502516, 13,       206, 49,        32, 56, 1.0037853, 72, 739.29822, 73, 739.82019, 77, 36.937500, 79, 1.2153320, 83,     49154,110,         1,116,         0,164,         1
4EC,2017/04/19 11:51:00, 50, 0.9205537, 13,       206, 49,        32, 56, 1.0037853, 72, 739.30396, 73, 739.84943, 77, 36.937500, 79, 1.2201934, 83,     49154,110,         1,116,         0,164,         1
41C,2017/04/19 11:52:00, 50, 0.8846438, 13,       206, 49,        32, 56, 1.0037853, 72, 739.31885, 73, 739.82019, 77, 36.968750, 79, 1.2153320, 83,     49154,110,         1,116,         0,164,         1
49C,2017/04/19 11:53:00, 50, 0.8781142, 13,       206, 49,        32, 56, 1.0037853, 72, 739.30542, 73, 739.82019, 77, 37.000000, 79, 1.2250546, 83,     49154,110,         1,116,         0,164,         1
44C,2017/04/19 11:54:00, 50, 0.8798273, 13,       206, 49,        32, 56, 1.0037853, 72, 739.29260, 73, 739.87866, 77, 36.968750, 79, 1.2201934, 83,     49154,110,         1,116,         0,164,         1
46C,2017/04/19 11:55:00, 50, 0.8630185, 13,       206, 49,        32, 56, 1.0037853, 72, 739.28552, 73, 739.84943, 77, 36.968750, 79, 1.2104707, 83,     49154,110,         1,116,         0,164,         1
48C,2017/04/19 11:56:00, 50, 0.8142669, 13,       206, 49,        32, 56, 1.0037853, 72, 739.23962, 73, 739.84943, 77, 36.937500, 79, 1.2153320, 83,     49154,110,         1,116,         0,164,         1
48C,2017/04/19 11:57:00, 50, 0.7175184, 13,       206, 49,        32, 56, 1.0037853, 72, 739.25464, 73, 739.82019, 77, 36.937500, 79, 1.2104707, 83,     49154,110,         1,116,         0,164,         1
40C,2017/04/19 11:58:00, 50, 0.7132912, 13,       206, 49,        32, 56, 1.0037853, 72, 739.22607, 73, 739.82019, 77, 36.906250, 79, 1.2153320, 83,     49154,110,         1,116,         0,164,         1
47C,2017/04/19 11:59:00, 50, 0.8194809, 13,       206, 49,        32, 56, 1.0037853, 72, 739.23779, 73, 739.79089, 77, 36.656250, 79, 1.2153320, 83,     49154,110,         1,116,         0,164,         1
41C,2017/04/19 12:00:00, 50, 0.8125412, 13,       206, 49,        32, 56, 1.0037853, 72, 739.22937, 73, 739.82019, 77, 36.562500, 79, 1.2201934, 83,     49154,110,         1,116,         0,164,         1
47C,2017/04/19 12:01:00, 50, 0.7768873, 13,       206, 49,        32, 56, 1.0037853, 72, 739.21521, 73, 739.79089, 77, 36.500000, 79, 1.2104707, 83,     49154,110,         1,116,         0,164,         1
4DC,2017/04/19 12:02:00, 50, 0.7890642, 13,       206, 49,        32, 56, 1.0037853, 72, 739.15112, 73, 739.70319, 77, 36.093750, 79, 1.2104707, 83,     49154,110,         1,116,         0,164,         1
4BC,2017/04/19 12:03:00, 50, 0.7862663, 13,       206, 49,        32, 56, 1.0037853, 72, 739.15002, 73, 739.41077, 77, 35.093750, 79, 1.2153320, 83,     49154,110,         1,116,         0,164,         1
4FC,2017/04/19 12:04:00, 50, 0.6727169, 13,       206, 49,        32, 56, 1.0037853, 72, 739.16077, 73, 739.20605, 77, 34.187500, 79, 1.2250546, 83,     49154,110,         1,116,         0,164,         1
5CC,2017/04/19 12:07:00, 50, 0.0000000, 13,       254, 49,        32, 56, 1.0037853, 72, 740.11523, 73, 738.15338, 77, 31.750000, 79, 1.2250546, 83,     57603,110,        29,116,         0,164,         1
4CC,2017/04/19 12:08:00, 50, 0.0000000, 13,       254, 49,         1, 56, 1.0037853, 72, 738.84558, 73, 739.64471, 77, 31.750000, 79, 1.2201934, 83,     57603,110,        29,116,         0,164,         1
4CC,2017/04/19 12:09:00, 50, 0.0000000, 13,       224, 49,         1, 56, 1.0037853, 72, 738.86414, 73, 738.59198, 77, 31.750000, 79, 1.2201934, 83,     57603,110,        29,116,         0,164,         1
4EC,2017/04/19 12:10:00, 50, 0.0000000, 13,       224, 49,         4, 56, 1.0037853, 72, 739.10046, 73, 738.65045, 77, 31.812500, 79, 1.2201934, 83,     57603,110,        29,116,         0,164,         1
43C,2017/04/19 12:11:00, 50, 0.0000000, 13,       224, 49,        64, 56, 1.0037853, 72, 739.46704, 73, 738.53351, 77, 31.812500, 79, 1.2201934, 83,     49158,110,         6,116,         0,164,         1
41C,2017/04/19 12:12:00, 50, 0.0000000, 13,       224, 49,        64, 56, 1.0037853, 72, 739.46704, 73, 738.50427, 77, 31.625000, 79, 1.2153320, 83,     49158,110,         6,116,         0,164,         1
42C,2017/04/19 12:13:00, 50, 0.0000000, 13,       224, 49,        64, 56, 1.0037853, 72, 739.46704, 73, 738.50427, 77, 31.687500, 79, 1.2056093, 83,     49158,110,         6,116,         0,164,         1
47C,2017/04/19 14:19:00, 50, 0.0000000, 13,       254, 49,         2, 56, 1.0037853, 72, 4.6962252, 73, 736.39886, 77, 28.468750, 79, 1.2299160, 83,     60163,110,        29,116,         0,164,         1
4BC,2017/04/19 14:20:00, 50, 0.0000000, 13,       162, 49,         1, 56, 1.0037853, 72, 4.7707071, 73, 737.80243, 77, 29.000000, 79, 1.2250546, 83,     60163,110,        29,116,         0,164,         1
46C,2017/04/19 14:21:00, 50, 0.0000000, 13,       131, 49,         1, 56, 1.0037853, 72, 4.8648434, 73, 737.10065, 77, 29.468750, 79, 1.2201934, 83,     60163,110,        29,116,         0,164,         1
5FC,2017/04/19 14:22:00, 50, 0.0000000, 13,       131, 49,        64, 56, 1.0037853, 72, 4.8554211, 73, 737.27612, 77, 29.625000, 79, 1.2250546, 83,     60163,110,        29,116,         0,164,         1
55C,2017/04/19 14:23:00, 50, 0.0000000, 13,       131, 49,        64, 56, 1.0037853, 72, 4.8992395, 73, 737.39307, 77, 29.875000, 79, 1.2299160, 83,     60163,110,        29,116,         0,164,         1
59C,2017/04/19 14:24:00, 50, 0.0000000, 13,       133, 49,        64, 56, 1.0037853, 72, 4.9188614, 73, 737.39307, 77, 30.031250, 79, 1.2299160, 83,     60163,110,        29,116,         0,164,         1
56C,2017/04/19 14:25:00, 50, 0.0000000, 13,       135, 49,        64, 56, 1.0037853, 72, 4.9313965, 73, 737.48077, 77, 30.125000, 79, 1.2104707, 83,     60163,110,        29,116,         0,164,         1
54C,2017/04/19 14:26:00, 50, 0.0000000, 13,       137, 49,        64, 56, 1.0037853, 72, 4.9579954, 73, 737.51001, 77, 30.250000, 79, 1.2153320, 83,     60163,110,        29,116,         0,164,         1
5BC,2017/04/19 14:27:00, 50, 0.0000000, 13,       139, 49,        64, 56, 1.0037853, 72, 4.9588118, 73, 737.56854, 77, 30.343750, 79, 1.2153320, 83,     60163,110,        29,116,         0,164,         1
5CC,2017/04/19 14:28:00, 50, 0.0000000, 13,       141, 49,        64, 56, 1.0037853, 72, 4.9588127, 73, 737.59778, 77, 30.468750, 79, 1.2201934, 83,     60163,110,        29,116,         0,164,         1
54C,2017/04/19 14:29:00, 50, 0.0000000, 13,       143, 49,        64, 56, 1.0037853, 72, 4.9597921, 73, 737.65625, 77, 30.500000, 79, 1.2201934, 83,     60163,110,        29,116,         0,164,         1
5DC,2017/04/19 14:30:00, 50, 0.0000000, 13,       144, 49,        64, 56, 1.0037853, 72, 4.9875498, 73, 737.68549, 77, 30.656250, 79, 1.2153320, 83,     60163,110,        29,116,         0,164,         1
5EC,2017/04/19 14:31:00, 50, 0.0000000, 13,       146, 49,        64, 56, 1.0037853, 72, 5.0133028, 73, 737.74396, 77, 30.625000, 79, 1.2250546, 83,     60163,110,        29,116,         0,164,         1
58C,2017/04/19 14:32:00, 50, 0.0000000, 13,       149, 49,        64, 56, 1.0037853, 72, 5.0464039, 73, 737.71472, 77, 30.781250, 79, 1.2201934, 83,     60163,110,        29,116,         0,164,         1
56C,2017/04/19 14:33:00, 50, 0.0000000, 13,       151, 49,        64, 56, 1.0037853, 72, 5.0474768, 73, 737.71472, 77, 30.875000, 79, 1.2250546, 83,     58115,110,        29,116,         0,164,         1
52C,2017/04/19 14:34:00, 50, 0.0000000, 13,       153, 49,        64, 56, 1.0037853, 72, 5.0474777, 73, 737.74396, 77, 30.843750, 79, 1.2250546, 83,     58115,110,        29,116,         0,164,         1
5FC,2017/04/19 14:35:00, 50, 0.0000000, 13,       155, 49,        64, 56, 1.0037853, 72, 5.0753498, 73, 737.74396, 77, 31.000000, 79, 1.2201934, 83,     57603,110,        29,116,         0,164,         1
4AC,2017/04/19 14:36:00, 50, 0.0000000, 13,       157, 49,        64, 56, 1.0037853, 72, 5.0769081, 73, 737.77319, 77, 31.031250, 79, 1.2153320, 83,     49158,110,         6,116,         0,164,         1
42C,2017/04/19 14:37:00, 50, 0.0000000, 13,       158, 49,        64, 56, 1.0037853, 72, 5.0769081, 73, 737.77319, 77, 31.156250, 79, 1.2250546, 83,     49158,110,         6,116,         0,164,         1
48C,2017/04/19 14:38:00, 50, 0.0000000, 13,       160, 49,        64, 56, 1.0037853, 72, 5.0769081, 73, 737.77319, 77, 31.125000, 79, 1.2201934, 83,     49158,110,         6,116,         0,164,         1
43C,2017/04/19 14:39:00, 50, 0.0000000, 13,       162, 49,        64, 56, 1.0037853, 72, 5.0769081, 73, 737.83173, 77, 31.187500, 79, 1.2201934, 83,     49158,110,         6,116,         0,164,         1
4DC,2017/04/19 14:40:00, 50, 0.0000000, 13,       163, 49,        64, 56, 1.0037853, 72, 5.0769081, 73, 737.80243, 77, 31.218750, 79, 1.2201934, 83,     49158,110,         6,116,         0,164,         1
44C,2017/04/19 14:41:00, 50, 0.0000000, 13,       165, 49,        64, 56, 1.0037853, 72, 5.0769081, 73, 737.80243, 77, 31.187500, 79, 1.2250546, 83,     49158,110,         7,116,         0,164,         1
41C,2017/04/19 14:42:00, 50, 0.0000000, 13,       167, 49,        64, 56, 1.0037853, 72, 5.0769081, 73, 737.86096, 77, 31.312500, 79, 1.2201934, 83,     49154,110,         0,116,         0,164,         1
4FC,2017/04/19 14:43:00, 50, 0.0000000, 13,       169, 49,        32, 56, 1.0037853, 72, 5.0769081, 73, 737.77319, 77, 31.343750, 79, 1.2153320, 83,     49154,110,         0,116,         0,164,         1
4AC,2017/04/19 14:44:00, 50, 0.0000000, 13,       170, 49,        32, 56, 1.0037853, 72, 5.0769081, 73, 737.77319, 77, 31.250000, 79, 1.2201934, 83,     49154,110,         0,116,         0,164,         1
43C,2017/04/19 14:45:00, 50, 67.826981, 13,       172, 49,        32, 56, 1.0037853, 72, 4.9599352, 73, 737.83173, 77, 31.281250, 79, 1.2201934, 83,     49154,110,         1,116,         0,164,         1
4FC,2017/04/19 14:46:00, 50, 99.011703, 13,       174, 49,        32, 56, 1.0037853, 72, 4.9426575, 73, 737.86096, 77, 31.312500, 79, 1.2201934, 83,     49154,110,         1,116,         0,164,         1
42C,2017/04/19 14:47:00, 50, 89.768555, 13,       174, 49,        32, 56, 1.0037853, 72, 4.9467115, 73, 737.86096, 77, 31.250000, 79, 1.2201934, 83,     49154,110,         1,116,         0,164,         1
4EC,2017/04/19 14:48:00, 50, 103.71309, 13,       174, 49,        32, 56, 1.0037853, 72, 4.9504814, 73, 737.89020, 77, 31.218750, 79, 1.2201934, 83,     49154,110,         1,116,         0,164,         1
40C,2017/04/19 14:49:00, 50, 132.43549, 13,       174, 49,        32, 56, 1.0037853, 72, 4.9533072, 73, 737.86096, 77, 31.218750, 79, 1.2201934, 83,     49154,110,         1,116,         0,164,         1
40C,2017/04/19 14:50:00, 50, 120.37634, 13,       174, 49,        32, 56, 1.0037853, 72, 4.9579458, 73, 737.83173, 77, 31.312500, 79, 1.2201934, 83,     49154,110,         1,116,         0,164,         1
4DC,2017/04/19 14:51:00, 50, 42.996307, 13,       174, 49,        32, 56, 1.0037853, 72, 8.8512964, 73, 737.80243, 77, 31.250000, 79, 1.2250546, 83,     49154,110,         1,116,         0,164,         1
4CC,2017/04/19 14:52:00, 50, 0.9944854, 13,       176, 49,        32, 56, 1.0037853, 72, 428.22522, 73, 737.83173, 77, 31.218750, 79, 1.2153320, 83,     49154,110,         1,116,         0,164,         1
41C,2017/04/19 14:53:00, 50, 0.9941996, 13,       178, 49,        32, 56, 1.0037853, 72, 735.57507, 73, 737.02924, 77, 31.281250, 79, 1.2201934, 83,         2,110,         1,116,         0,164,         1
4BC,2017/04/19 14:54:00, 50, 1.0048199, 13,       178, 49,        32, 56, 1.0037853, 72, 733.52014, 73, 736.94147, 77, 31.218750, 79, 1.2201934, 83,         2,110,         1,116,         0,164,         1
48C,2017/04/19 14:55:00, 50, 1.0275745, 13,       178, 49,        32, 56, 1.0037853, 72, 733.51172, 73, 736.91223, 77, 31.125000, 79, 1.2201934, 83,         2,110,         1,116,         0,164,         1
42C,2017/04/19 14:56:00, 50, 1.0613801, 13,       178, 49,        32, 56, 1.0037853, 72, 733.52905, 73, 736.94147, 77, 31.125000, 79, 1.2250546, 83,         2,110,         1,116,         0,164,         1
43C,2017/04/19 14:57:00, 50, 1.0909867, 13,       178, 49,        32, 56, 1.0037853, 72, 733.53918, 73, 736.97070, 77, 31.218750, 79, 1.2250546, 83,         2,110,         1,116,         0,164,         1
4AC,2017/04/19 14:58:00, 50, 1.1270711, 13,       178, 49,        32, 56, 1.0037853, 72, 733.56055, 73, 737.00000, 77, 31.312500, 79, 1.2201934, 83,         2,110,         1,116,         0,164,         1
41C,2017/04/19 14:59:00, 50, 1.1719620, 13,       178, 49,        32, 56, 1.0037853, 72, 733.56042, 73, 736.97070, 77, 31.468750, 79, 1.2201934, 83,         2,110,         1,116,         0,164,         1
44C,2017/04/19 15:00:00, 50, 1.2370136, 13,       178, 49,        32, 56, 1.0037853, 72, 733.56628, 73, 737.00000, 77, 31.375000, 79, 1.2153320, 83,         2,110,         1,116,         0,164,         1
47C,2017/04/19 15:01:00, 50, 1.3283360, 13,       178, 49,        32, 56, 1.0037853, 72, 733.58752, 73, 737.08771, 77, 31.406250, 79, 1.2153320, 83,         2,110,         1,116,         0,164,         1
4AC,2017/04/19 15:02:00, 50, 1.3954704, 13,       178, 49,        32, 56, 1.0037853, 72, 733.57935, 73, 737.11694, 77, 31.406250, 79, 1.2201934, 83,         2,110,         1,116,         0,164,         1
48C,2017/04/19 15:03:00, 50, 1.4410236, 13,       178, 49,        32, 56, 1.0037853, 72, 733.58862, 73, 737.14618, 77, 31.406250, 79, 1.2201934, 83,         2,110,         1,116,         0,164,         1
41C,2017/04/19 15:04:00, 50, 1.4704995, 13,       178, 49,        32, 56, 1.0037853, 72, 733.59888, 73, 737.17542, 77, 31.406250, 79, 1.2201934, 83,         2,110,         1,116,         0,164,         1
4EC,2017/04/19 15:05:00, 50, 1.4966264, 13,       178, 49,        32, 56, 1.0037853, 72, 733.59119, 73, 737.14618, 77, 31.375000, 79, 1.2153320, 83,         2,110,         1,116,         0,164,         1
48C,2017/04/19 15:06:00, 50, 1.5227790, 13,       178, 49,        32, 56, 1.0037853, 72, 733.58936, 73, 737.11694, 77, 31.343750, 79, 1.2250546, 83,         2,110,         1,116,         0,164,         1
48C,2017/04/19 15:07:00, 50, 1.5433564, 13,       178, 49,        32, 56, 1.0037853, 72, 733.57312, 73, 737.08771, 77, 31.375000, 79, 1.2201934, 83,         2,110,         1,116,         0,164,         1
4EC,2017/04/19 15:08:00, 50, 1.5582407, 13,       178, 49,        32, 56, 1.0037853, 72, 733.59290, 73, 737.14618, 77, 31.375000, 79, 1.2201934, 83,         2,110,         1,116,         0,164,         1
4DC,2017/04/19 15:09:00, 50, 1.5773344, 13,       178, 49,        32, 56, 1.0037853, 72, 733.59216, 73, 737.14618, 77, 31.375000, 79, 1.2201934, 83,         2,110,         1,116,         0,164,         1
43C,2017/04/19 15:10:00, 50, 1.5916333, 13,       178, 49,        32, 56, 1.0037853, 72, 733.57666, 73, 737.11694, 77, 31.343750, 79, 1.2201934, 83,         2,110,         1,116,         0,164,         1
4FC,2017/04/19 15:11:00, 50, 1.6050224, 13,       178, 49,        32, 56, 1.0037853, 72, 733.57825, 73, 737.14618, 77, 31.375000, 79, 1.2250546, 83,         2,110,         1,116,         0,164,         1
4EC,2017/04/19 15:12:00, 50, 1.6225882, 13,       178, 49,        32, 56, 1.0037853, 72, 733.57288, 73, 737.14618, 77, 31.406250, 79, 1.2201934, 83,         2,110,         1,116,         0,164,         1
42C,2017/04/19 15:13:00, 50, 1.6377394, 13,       178, 49,        32, 56, 1.0037853, 72, 733.56885, 73, 737.11694, 77, 31.437500, 79, 1.2201934, 83,         2,110,         1,116,         0,164,         1
4DC,2017/04/19 15:14:00, 50, 1.6486959, 13,       178, 49,        32, 56, 1.0037853, 72, 733.56995, 73, 737.14618, 77, 31.406250, 79, 1.2153320, 83,         2,110,         1,116,         0,164,         1
4AC,2017/04/19 15:15:00, 50, 1.6618776, 13,       178, 49,        32, 56, 1.0037853, 72, 733.54822, 73, 737.14618, 77, 31.375000, 79, 1.2201934, 83,         2,110,         1,116,         0,164,         1
4EC,2017/04/19 15:16:00, 50, 1.6738274, 13,       178, 49,        32, 56, 1.0037853, 72, 733.55725, 73, 737.11694, 77, 31.375000, 79, 1.2153320, 83,         2,110,         1,116,         0,164,         1
4AC,2017/04/19 15:17:00, 50, 1.6796541, 13,       178, 49,        32, 56, 1.0037853, 72, 733.55273, 73, 737.08771, 77, 31.406250, 79, 1.2153320, 83,         2,110,         1,116,         0,164,         1
45C,2017/04/19 15:18:00, 50, 1.6892283, 13,       178, 49,        32, 56, 1.0037853, 72, 733.54297, 73, 737.11694, 77, 31.406250, 79, 1.2201934, 83,         2,110,         1,116,         0,164,         1
4CC,2017/04/19 15:19:00, 50, 1.6977382, 13,       178, 49,        32, 56, 1.0037853, 72, 733.55774, 73, 737.11694, 77, 31.406250, 79, 1.2153320, 83,         2,110,         1,116,         0,164,         1
4AC,2017/04/19 15:20:00, 50, 1.7074997, 13,       178, 49,        32, 56, 1.0037853, 72, 733.54272, 73, 737.11694, 77, 31.406250, 79, 1.2201934, 83,         2,110,         1,116,         0,164,         1
4BC,2017/04/19 15:21:00, 50, 1.7187169, 13,       178, 49,        32, 56, 1.0037853, 72, 733.54651, 73, 737.08771, 77, 31.343750, 79, 1.2201934, 83,         2,110,         1,116,         0,164,         1
46C,2017/04/19 15:22:00, 50, 1.7288387, 13,       178, 49,        32, 56, 1.0037853, 72, 733.55078, 73, 737.08771, 77, 31.375000, 79, 1.2153320, 83,         2,110,         1,116,         0,164,         1
4CC,2017/04/19 15:23:00, 50, 1.7384603, 13,       178, 49,        32, 56, 1.0037853, 72, 733.55139, 73, 737.08771, 77, 31.375000, 79, 1.2201934, 83,         2,110,         1,116,         0,164,         1
47C,2017/04/19 15:24:00, 50, 1.7466943, 13,       178, 49,        32, 56, 1.0037853, 72, 733.56689, 73, 737.14618, 77, 31.375000, 79, 1.2201934, 83,         2,110,         1,116,         0,164,         1
48C,2017/04/19 15:25:00, 50, 1.7565920, 13,       178, 49,        32, 56, 1.0037853, 72, 733.55457, 73, 737.14618, 77, 31.375000, 79, 1.2153320, 83,         2,110,         1,116,         0,164,         1
46C,2017/04/19 15:26:00, 50, 1.7670457, 13,       178, 49,        32, 56, 1.0037853, 72, 733.55151, 73, 737.14618, 77, 31.406250, 79, 1.2153320, 83,         2,110,         1,116,         0,164,         1
49C,2017/04/19 15:27:00, 50, 1.7767239, 13,       178, 49,        32, 56, 1.0037853, 72, 733.55151, 73, 737.11694, 77, 31.406250, 79, 1.2250546, 83,         2,110,         1,116,         0,164,         1
4EC,2017/04/19 15:28:00, 50, 1.7874691, 13,       178, 49,        32, 56, 1.0037853, 72, 733.53931, 73, 737.08771, 77, 31.375000, 79, 1.2201934, 83,         2,110,         1,116,         0,164,         1
4EC,2017/04/19 15:29:00, 50, 1.7969360, 13,       178, 49,        32, 56, 1.0037853, 72, 733.53650, 73, 737.08771, 77, 31.406250, 79, 1.2153320, 83,         2,110,         1,116,         0,164,         1
45C,2017/04/19 15:30:00, 50, 1.8061459, 13,       178, 49,        32, 56, 1.0037853, 72, 733.53601, 73, 737.11694, 77, 31.468750, 79, 1.2201934, 83,         2,110,         1,116,         0,164,         1
4BC,2017/04/19 15:31:00, 50, 1.8168297, 13,       178, 49,        32, 56, 1.0037853, 72, 733.53845, 73, 737.11694, 77, 31.437500, 79, 1.2201934, 83,         2,110,         1,116,         0,164,         1
4FC,2017/04/19 15:32:00, 50, 1.8271334, 13,       178, 49,        32, 56, 1.0037853, 72, 733.54578, 73, 737.11694, 77, 31.437500, 79, 1.2201934, 83,         2,110,         1,116,         0,164,         1
43C,2017/04/19 15:33:00, 50, 1.8386073, 13,       178, 49,        32, 56, 1.0037853, 72, 733.53345, 73, 737.11694, 77, 31.437500, 79, 1.2153320, 83,         2,110,         1,116,         0,164,         1
45C,2017/04/19 15:34:00, 50, 1.8489454, 13,       178, 49,        32, 56, 1.0037853, 72, 733.53650, 73, 737.08771, 77, 31.437500, 79, 1.2201934, 83,         2,110,         1,116,         0,164,         1
44C,2017/04/19 15:35:00, 50, 1.8573391, 13,       178, 49,        32, 56, 1.0037853, 72, 733.54102, 73, 737.08771, 77, 31.468750, 79, 1.2201934, 83,         2,110,         1,116,         0,164,         1
44C,2017/04/19 15:36:00, 50, 1.8624847, 13,       178, 49,        32, 56, 1.0037853, 72, 733.52014, 73, 737.11694, 77, 31.468750, 79, 1.2201934, 83,         2,110,         1,116,         0,164,         1
41C,2017/04/19 15:37:00, 50, 1.8710561, 13,       178, 49,        32, 56, 1.0037853, 72, 733.52686, 73, 737.17542, 77, 31.531250, 79, 1.2201934, 83,         2,110,         1,116,         0,164,         1
48C,2017/04/19 15:38:00, 50, 1.8786414, 13,       178, 49,        32, 56, 1.0037853, 72, 733.50952, 73, 737.11694, 77, 31.531250, 79, 1.2201934, 83,         2,110,         1,116,         0,164,         1
49C,2017/04/19 15:39:00, 50, 1.8824937, 13,       178, 49,        32, 56, 1.0037853, 72, 733.51294, 73, 737.11694, 77, 31.531250, 79, 1.2153320, 83,         2,110,         1,116,         0,164,         1
41C,2017/04/19 15:40:00, 50, 1.8840585, 13,       178, 49,        32, 56, 1.0037853, 72, 733.51160, 73, 737.08771, 77, 31.531250, 79, 1.2201934, 83,         2,110,         1,116,         0,164,         1
44C,2017/04/19 15:41:00, 50, 1.8868296, 13,       178, 49,        32, 56, 1.0037853, 72, 733.51355, 73, 737.05847, 77, 31.468750, 79, 1.2201934, 83,         2,110,         1,116,         0,164,         1
40C,2017/04/19 15:42:00, 50, 1.8872049, 13,       178, 49,        32, 56, 1.0037853, 72, 733.50073, 73, 737.08771, 77, 31.468750, 79, 1.2250546, 83,         2,110,         1,116,         0,164,         1
4AC,2017/04/19 15:43:00, 50, 1.8818941, 13,       178, 49,        32, 56, 1.0037853, 72, 733.51172, 73, 737.05847, 77, 31.437500, 79, 1.2201934, 83,         2,110,         1,116,         0,164,         1
49C,2017/04/19 15:44:00, 50, 1.8801136, 13,       178, 49,        32, 56, 1.0037853, 72, 733.52295, 73, 737.05847, 77, 31.468750, 79, 1.2201934, 83,         2,110,         1,116,         0,164,         1
45C,2017/04/19 15:45:00, 50, 1.8816118, 13,       178, 49,        32, 56, 1.0037853, 72, 733.51135, 73, 737.05847, 77, 31.437500, 79, 1.2201934, 83,         2,110,         1,116,         0,164,         1
44C,2017/04/19 15:46:00, 50, 1.8792782, 13,       178, 49,        32, 56, 1.0037853, 72, 733.49255, 73, 737.02924, 77, 31.437500, 79, 1.2153320, 83,         2,110,         1,116,         0,164,         1
43C,2017/04/19 15:47:00, 50, 1.8755436, 13,       178, 49,        32, 56, 1.0037853, 72, 733.49353, 73, 737.02924, 77, 31.468750, 79, 1.2201934, 83,         2,110,         1,116,         0,164,         1
4CC,2017/04/19 15:48:00, 50, 1.8739910, 13,       178, 49,        32, 56, 1.0037853, 72, 733.47131, 73, 737.02924, 77, 31.468750, 79, 1.2153320, 83,         2,110,         1,116,         0,164,         1
4CC,2017/04/19 15:49:00, 50, 1.8757172, 13,       178, 49,        32, 56, 1.0037853, 72, 733.48328, 73, 737.05847, 77, 31.531250, 79, 1.2201934, 83,         2,110,         1,116,         0,164,         1
42C,2017/04/19 15:50:00, 50, 1.8808746, 13,       178, 49,        32, 56, 1.0037853, 72, 733.46838, 73, 737.02924, 77, 31.500000, 79, 1.2201934, 83,         2,110,         1,116,         0,164,         1
46C,2017/04/19 15:51:00, 50, 1.8938210, 13,       178, 49,        32, 56, 1.0037853, 72, 733.48206, 73, 737.05847, 77, 31.500000, 79, 1.2153320, 83,         2,110,         1,116,         0,164,         1
45C,2017/04/19 15:52:00, 50, 1.9092302, 13,       178, 49,        32, 56, 1.0037853, 72, 733.47705, 73, 737.02924, 77, 31.500000, 79, 1.2153320, 83,         2,110,         1,116,         0,164,         1
48C,2017/04/19 15:53:00, 50, 1.9118071, 13,       178, 49,        32, 56, 1.0037853, 72, 733.46606, 73, 737.02924, 77, 31.500000, 79, 1.2201934, 83,         2,110,         1,116,         0,164,         1
47C,2017/04/19 15:54:00, 50, 1.9356077, 13,       178, 49,        32, 56, 1.0037853, 72, 733.45923, 73, 737.00000, 77, 31.500000, 79, 1.2201934, 83,         2,110,         1,116,         0,164,         1
47C,2017/04/19 15:55:00, 50, 1.9619687, 13,       178, 49,        32, 56, 1.0037853, 72, 733.45508, 73, 736.97070, 77, 31.437500, 79, 1.2153320, 83,         2,110,         1,116,         0,164,         1
4AC,2017/04/19 15:56:00, 50, 1.9666536, 13,       178, 49,        32, 56, 1.0037853, 72, 733.46069, 73, 736.94147, 77, 31.343750, 79, 1.2201934, 83,         2,110,         1,116,         0,164,         1
4AC,2017/04/19 15:57:00, 50, 1.9987340, 13,       178, 49,        32, 56, 1.0037853, 72, 733.44727, 73, 736.82452, 77, 31.218750, 79, 1.2201934, 83,         2,110,         1,116,         0,164,         1
4DC,2017/04/19 15:58:00, 50, 2.0450401, 13,       178, 49,        32, 56, 1.0037853, 72, 733.45471, 73, 736.79529, 77, 31.187500, 79, 1.2250546, 83,         2,110,         1,116,         0,164,         1
49C,2017/04/19 15:59:00, 50, 2.0143709, 13,       178, 49,        32, 56, 1.0037853, 72, 733.44849, 73, 736.76605, 77, 31.187500, 79, 1.2201934, 83,         2,110,         1,116,         0,164,         1
43C,2017/04/19 16:00:00, 50, 2.0422468, 13,       178, 49,        32, 56, 1.0037853, 72, 733.44458, 73, 736.67828, 77, 31.156250, 79, 1.2201934, 83,         2,110,         1,116,         0,164,         1
4DC,2017/04/19 16:01:00, 50, 2.0631847, 13,       178, 49,        32, 56, 1.0037853, 72, 733.44348, 73, 736.73682, 77, 31.125000, 79, 1.2201934, 83,         2,110,         1,116,         0,164,         1
47C,2017/04/19 16:02:00, 50, 2.0444870, 13,       178, 49,        32, 56, 1.0037853, 72, 733.46118, 73, 736.67828, 77, 31.156250, 79, 1.2201934, 83,         2,110,         1,116,         0,164,         1
48C,2017/04/19 16:03:00, 50, 2.0528765, 13,       178, 49,        32, 56, 1.0037853, 72, 733.45776, 73, 736.67828, 77, 31.125000, 79, 1.2201934, 83,         2,110,         1,116,         0,164,         1
43C,2017/04/19 16:04:00, 50, 2.0628576, 13,       178, 49,        32, 56, 1.0037853, 72, 733.43604, 73, 736.67828, 77, 31.187500, 79, 1.2201934, 83,         2,110,         1,116,         0,164,         1
49C,2017/04/19 16:05:00, 50, 2.2822032, 13,       178, 49,        32, 56, 1.0037853, 72, 734.47290, 73, 736.70758, 77, 31.250000, 79, 1.2201934, 83,         2,110,         1,116,         0,164,         1
4EC,2017/04/19 16:06:00, 50, 1.7429838, 13,       178, 49,        32, 56, 1.0037853, 72, 734.53833, 73, 736.64905, 77, 31.406250, 79, 1.2201934, 83,         2,110,         1,116,         0,164,         1
56C,2017/04/19 16:07:00, 50, 13.770424, 13,       178, 49,         8, 56, 1.0037853, 72, 734.51184, 73, 736.64905, 77, 31.406250, 79, 1.2250546, 83,         2,110,         1,116,         0,164,         1
5BC,2017/04/19 16:08:00, 50, 37.839821, 13,       178, 49,         4, 56, 1.0037853, 72, 734.49634, 73, 736.70758, 77, 31.343750, 79, 1.2153320, 83,         2,110,         1,116,         0,164,         1
57C,2017/04/19 16:09:00, 50, 38.740387, 13,       178, 49,         4, 56, 1.0037853, 72, 734.47803, 73, 736.73682, 77, 31.468750, 79, 1.2201934, 83,         2,110,         1,116,         0,164,         1
55C,2017/04/19 16:10:00, 50, 38.923828, 13,       178, 49,         4, 56, 1.0037853, 72, 734.48621, 73, 736.79529, 77, 31.500000, 79, 1.2153320, 83,         2,110,         1,116,         0,164,         1
53C,2017/04/19 16:11:00, 50, 38.971581, 13,       178, 49,         4, 56, 1.0037853, 72, 734.47131, 73, 736.82452, 77, 31.531250, 79, 1.2201934, 83,         2,110,         1,116,         0,164,         1
54C,2017/04/19 16:12:00, 50, 38.989838, 13,       178, 49,         4, 56, 1.0037853, 72, 734.45923, 73, 736.82452, 77, 31.500000, 79, 1.2201934, 83,         2,110,         1,116,         0,164,         1
57C,2017/04/19 16:13:00, 50, 38.237694, 13,       178, 49,         4, 56, 1.0037853, 72, 734.45178, 73, 736.88300, 77, 31.593750, 79, 1.2201934, 83,         2,110,         1,116,         0,164,         1
5BC,2017/04/19 16:14:00, 50, 22.291447, 13,       178, 49,         4, 56, 1.0037853, 72, 734.45935, 73, 736.85376, 77, 31.593750, 79, 1.2250546, 83,         2,110,         1,116,         0,164,         1
58C,2017/04/19 16:15:00, 50, 20.245331, 13,       178, 49,         4, 56, 1.0037853, 72, 734.44189, 73, 736.85376, 77, 31.625000, 79, 1.2201934, 83,         2,110,         1,116,         0,164,         1
58C,2017/04/19 16:16:00, 50, 20.114517, 13,       178, 49,         4, 56, 1.0037853, 72, 734.44324, 73, 736.82452, 77, 31.562500, 79, 1.2201934, 83,         2,110,         1,116,         0,164,         1
5FC,2017/04/19 16:17:00, 50, 20.128975, 13,       178, 49,         4, 56, 1.0037853, 72, 734.45007, 73, 736.82452, 77, 31.593750, 79, 1.2153320, 83,         2,110,         1,116,         0,164,         1
52C,2017/04/19 16:18:00, 50, 20.226990, 13,       178, 49,         4, 56, 1.0037853, 72, 734.18823, 73, 736.79529, 77, 31.531250, 79, 1.2250546, 83,         2,110,         1,116,         0,164,         1
53C,2017/04/19 16:19:00, 50, 7.5222864, 13,       178, 49,         8, 56, 1.0037853, 72, 734.04419, 73, 736.76605, 77, 31.500000, 79, 1.2201934, 83,         2,110,         1,116,         0,164,         1
42C,2017/04/19 16:20:00, 50, 2.2989554, 13,       178, 49,        16, 56, 1.0037853, 72, 734.03723, 73, 736.73682, 77, 31.531250, 79, 1.2201934, 83,         2,110,         1,116,         0,164,         1
4CC,2017/04/19 16:21:00, 50, 1.8378077, 13,       178, 49,        16, 56, 1.0037853, 72, 734.03979, 73, 736.76605, 77, 31.531250, 79, 1.2250546, 83,         2,110,         1,116,         0,164,         1
4EC,2017/04/19 16:22:00, 50, 1.7340369, 13,       178, 49,        16, 56, 1.0037853, 72, 734.06030, 73, 736.76605, 77, 31.500000, 79, 1.2201934, 83,         2,110,         1,116,         0,164,         1
4AC,2017/04/19 16:23:00, 50, 1.7333779, 13,       178, 49,        16, 56, 1.0037853, 72, 734.05286, 73, 736.76605, 77, 31.500000, 79, 1.2299160, 83,         2,110,         1,116,         0,164,         1
5BC,2017/04/19 16:43:00, 50, 0.0000000, 13,       254, 49,        16, 56, 1.0037853, 72, 735.12292, 73, 735.62561, 77, 29.593750, 79, 1.2201934, 83,     60163,110,        29,116,         0,164,         1
41C,2017/04/19 16:44:00, 50, 0.0000000, 13,       170, 49,         1, 56, 1.0037853, 72, 735.05518, 73, 737.35089, 77, 29.906250, 79, 1.2250546, 83,     43267,110,        29,116,         0,164,         1
4BC,2017/04/19 16:45:00, 50, 0.0000000, 13,       162, 49,         1, 56, 1.0037853, 72, 735.08240, 73, 736.21045, 77, 30.156250, 79, 1.2201934, 83,     57603,110,        29,116,         0,164,         1
4CC,2017/04/19 16:46:00, 50, 0.0000000, 13,       162, 49,       128, 56, 1.0037853, 72, 735.06311, 73, 736.32739, 77, 30.437500, 79, 1.2153320, 83,     57603,110,        29,116,         0,164,         1
42C,2017/04/19 16:47:00, 50, 0.0000000, 13,       162, 49,       128, 56, 1.0037853, 72, 735.07898, 73, 736.41516, 77, 30.625000, 79, 1.2201934, 83,     57603,110,        29,116,         0,164,         1
43C,2017/04/19 16:48:00, 50, 0.0000000, 13,       162, 49,        64, 56, 1.0037853, 72, 735.21948, 73, 736.47363, 77, 30.843750, 79, 1.2250546, 83,         6,110,         6,116,         0,164,         1
