4AC,2016/09/06 17:05:00, 50, 0.0000000, 51, 0.0000000, 52, 0.0000000, 49,        64, 56, 6.2676125, 67, 643.33984, 72, 128.57213, 77, 24.312500, 83,     36353,110,        29,116,         4,164,         1
42C,2016/09/06 17:06:00, 50, 0.0000000, 51, 0.0000000, 52, 0.0000000, 49,        64, 56, 6.2676125, 67, 643.33984, 72, 128.15778, 77, 25.062500, 83,     36353,110,        29,116,         4,164,         1
40C,2016/09/06 17:07:00, 50, 0.0000000, 51, 0.0000000, 52, 0.0000000, 49,        64, 56, 6.2676125, 67, 644.68970, 72, 127.83325, 77, 25.656250, 83,     35329,110,        29,116,         4,164,         1
46C,2016/09/06 17:08:00, 50, 0.0000000, 51, 0.0000000, 52, 0.0000000, 49,        64, 56, 6.2676125, 67, 644.68970, 72, 127.65080, 77, 26.281250, 83,     35329,110,        29,116,         4,164,         1
4CC,2016/09/06 17:09:00, 50, 0.0000000, 51, 0.0000000, 52, 0.0000000, 49,        64, 56, 6.2676125, 67, 644.68970, 72, 127.49873, 77, 26.843750, 83,     35329,110,        29,116,         4,164,         1
49C,2016/09/06 17:10:00, 50, 0.0000000, 51, 0.0000000, 52, 0.0000000, 49,        64, 56, 6.2676125, 67, 644.68970, 72, 126.88635, 77, 27.375000, 83,     35329,110,        29,116,         4,164,         1
43C,2016/09/06 17:11:00, 50, 0.0000000, 51, 0.0000000, 52, 0.0000000, 49,        64, 56, 6.2676125, 67, 644.68970, 72, 126.35112, 77, 27.812500, 83,     35329,110,        29,116,         4,164,         1
4AC,2016/09/06 17:12:00, 50, 0.0000000, 51, 0.0000000, 52, 0.0000000, 49,        64, 56, 6.2676125, 67, 643.33984, 72, 126.10757, 77, 28.218750, 83,     35329,110,        29,116,         4,164,         1
47C,2016/09/06 17:13:00, 50, 0.0000000, 51, 0.0000000, 52, 0.0000000, 49,        64, 56, 6.2676125, 67, 644.68970, 72, 125.98535, 77, 28.656250, 83,     35329,110,        29,116,         4,164,         1
4DC,2016/09/06 17:14:00, 50, 0.0000000, 51, 0.0000000, 52, 0.0000000, 49,        64, 56, 6.2676125, 67, 644.68970, 72, 125.92778, 77, 29.093750, 83,     34817,110,        29,116,         4,164,         1
4AC,2016/09/06 17:15:00, 50, 0.0000000, 51, 0.0000000, 52, 0.0000000, 49,        64, 56, 6.2676125, 67, 644.68970, 72, 125.89687, 77, 29.500000, 83,     34817,110,        29,116,         4,164,         1
47C,2016/09/06 17:16:00, 50, 0.0000000, 51, 0.0000000, 52, 0.0000000, 49,        64, 56, 6.2676125, 67, 644.68970, 72, 125.88290, 77, 29.906250, 83,     34817,110,        29,116,         4,164,         1
41C,2016/09/06 17:17:00, 50, 0.0000000, 51, 0.0000000, 52, 0.0000000, 49,        64, 56, 6.2676125, 67, 644.68970, 72, 125.93605, 77, 30.312500, 83,     34817,110,        29,116,         4,164,         1
46C,2016/09/06 17:18:00, 50, 0.0000000, 51, 0.0000000, 52, 0.0000000, 49,        64, 56, 6.2676125, 67, 644.68970, 72, 125.92715, 77, 30.687500, 83,     34817,110,        29,116,         4,164,         1
4EC,2016/09/06 17:19:00, 50, 0.0000000, 51, 0.0000000, 52, 0.0000000, 49,        64, 56, 6.2676125, 67, 644.68970, 72, 125.92516, 77, 31.031250, 83,     34817,110,        29,116,         4,164,         1
44C,2016/09/06 17:20:00, 50, 0.0000000, 51, 0.0000000, 52, 0.0000000, 49,        64, 56, 6.2676125, 67, 644.68970, 72, 126.00684, 77, 31.406250, 83,     34817,110,        29,116,         4,164,         1
4EC,2016/09/06 17:21:00, 50, 0.0000000, 51, 0.0000000, 52, 0.0000000, 49,        64, 56, 6.2676125, 67, 644.68970, 72, 126.04941, 77, 31.718750, 83,     34817,110,        29,116,         4,164,         1
4FC,2016/09/06 17:22:00, 50, 0.0000000, 51, 0.0000000, 52, 0.0000000, 49,        64, 56, 6.2676125, 67, 644.68970, 72, 126.22041, 77, 32.000000, 83,     34817,110,        29,116,         4,164,         1
42C,2016/09/06 17:23:00, 50, 0.0000000, 51, 0.0000000, 52, 0.0000000, 49,        64, 56, 6.2676125, 67, 644.68970, 72, 126.32854, 77, 32.375000, 83,     34817,110,        29,116,         4,164,         1
42C,2016/09/06 17:24:00, 50, 0.0000000, 51, 0.0000000, 52, 0.0000000, 49,        64, 56, 6.2676125, 67, 644.68970, 72, 126.48349, 77, 32.281250, 83,     34817,110,        29,116,         4,164,         1
46C,2016/09/06 17:25:00, 50, 0.0000000, 51, 0.0000000, 52, 0.0000000, 49,        64, 56, 6.2676125, 67, 643.33984, 72, 126.62418, 77, 32.531250, 83,     34817,110,        29,116,         4,164,         1
46C,2016/09/06 17:26:00, 50, 0.0000000, 51, 0.0000000, 52, 0.0000000, 49,        64, 56, 6.2676125, 67, 644.68970, 72, 126.76562, 77, 32.906250, 83,     34817,110,        29,116,         4,164,         1
49C,2016/09/06 17:27:00, 50, 0.0000000, 51, 0.0000000, 52, 0.0000000, 49,        64, 56, 6.2676125, 67, 644.68970, 72, 126.96085, 77, 33.156250, 83,     34817,110,        29,116,         4,164,         1
40C,2016/09/06 17:28:00, 50, 0.0000000, 51, 0.0000000, 52, 0.0000000, 49,        64, 56, 6.2676125, 67, 644.68970, 72, 127.13513, 77, 33.437500, 83,     34817,110,        29,116,         4,164,         1
4FC,2016/09/06 17:29:00, 50, 0.0000000, 51, 0.0000000, 52, 0.0000000, 49,        64, 56, 6.2676125, 67, 644.68970, 72, 127.24631, 77, 33.687500, 83,     34817,110,        29,116,         4,164,         1
4BC,2016/09/06 17:30:00, 50, 0.0000000, 51, 0.0000000, 52, 0.0000000, 49,        64, 56, 6.2676125, 67, 644.68970, 72, 127.36935, 77, 33.906250, 83,     34817,110,        29,116,         4,164,         1
46C,2016/09/06 17:31:00, 50, 0.0000000, 51, 0.0000000, 52, 0.0000000, 49,        64, 56, 6.2676125, 67, 644.68970, 72, 127.46269, 77, 34.125000, 83,     34817,110,        29,116,         4,164,         1
45C,2016/09/06 17:32:00, 50, 0.0000000, 51, 0.0000000, 52, 0.0000000, 49,        64, 56, 6.2676125, 67, 644.68970, 72, 127.52658, 77, 34.312500, 83,     34817,110,        29,116,         4,164,         1
4DC,2016/09/06 17:33:00, 50, 0.0000000, 51, 0.0000000, 52, 0.0000000, 49,        64, 56, 6.2676125, 67, 644.68970, 72, 127.61578, 77, 34.593750, 83,     34817,110,        29,116,         4,164,         1
46C,2016/09/06 17:34:00, 50, 0.0000000, 51, 0.0000000, 52, 0.0000000, 49,        64, 56, 6.2676125, 67, 644.68970, 72, 127.70634, 77, 34.875000, 83,     34817,110,        29,116,         4,164,         1
4CC,2016/09/06 17:35:00, 50, 0.0000000, 51, 0.0000000, 52, 0.0000000, 49,        64, 56, 6.2676125, 67, 644.68970, 72, 127.82269, 77, 35.062500, 83,     34817,110,        29,116,         4,164,         1
4AC,2016/09/06 17:36:00, 50, 0.0000000, 51, 0.0000000, 52, 0.0000000, 49,        64, 56, 6.2676125, 67, 644.68970, 72, 127.89261, 77, 35.250000, 83,     34817,110,        29,116,         4,164,         1
4AC,2016/09/06 17:37:00, 50, 0.0000000, 51, 0.0000000, 52, 0.0000000, 49,        64, 56, 6.2676125, 67, 644.68970, 72, 127.93805, 77, 35.437500, 83,     34817,110,        29,116,         4,164,         1
4DC,2016/09/06 17:38:00, 50, 0.0000000, 51, 0.0000000, 52, 0.0000000, 49,        64, 56, 6.2676125, 67, 644.68970, 72, 127.98138, 77, 35.625000, 83,     34817,110,        29,116,         4,164,         1
45C,2016/09/06 17:39:00, 50, 0.0000000, 51, 0.0000000, 52, 0.0000000, 49,        64, 56, 6.2676125, 67, 644.68970, 72, 128.07741, 77, 35.781250, 83,     34817,110,        29,116,         4,164,         1
41C,2016/09/06 17:40:00, 50, 0.0000000, 51, 0.0000000, 52, 0.0000000, 49,        64, 56, 6.2676125, 67, 644.68970, 72, 128.09378, 77, 36.000000, 83,     34817,110,        29,116,         4,164,         1
55C,2016/09/06 17:41:00, 50,-0.2024370, 51, 0.1126231, 52, 0.3150601, 49,        64, 56, 6.2676125, 67, 644.68970, 72, 128.11729, 77, 36.156250, 83,         0,110,         2,116,         4,164,         1
55C,2016/09/06 17:42:00, 50,-6.0996075, 51, 56.772640, 52, 62.872246, 49,        64, 56, 6.2676125, 67, 644.68970, 72, 127.56821, 77, 36.312500, 83,         0,110,         6,116,         4,164,         1
55C,2016/09/06 17:43:00, 50,-17.007359, 51, 60.293106, 52, 77.300461, 49,        64, 56, 6.2676125, 67, 644.68970, 72, 128.28343, 77, 36.406250, 83,         0,110,         1,116,         4,164,         1
5BC,2016/09/06 17:44:00, 50, 23.760738, 51, 60.808453, 52, 37.047714, 49,        64, 56, 6.2676125, 67, 644.68970, 72, 127.90288, 77, 36.531250, 83,         0,110,         0,116,         4,164,         1
57C,2016/09/06 17:45:00, 50, 28.758858, 51, 69.186676, 52, 40.427818, 49,        64, 56, 6.2676125, 67, 644.68970, 72, 128.01561, 77, 36.656250, 83,         0,110,         3,116,         4,164,         1
56C,2016/09/06 17:46:00, 50, 7.0151606, 51, 70.325546, 52, 63.310387, 49,        64, 56, 6.2676125, 67, 644.68970, 72, 128.64604, 77, 36.781250, 83,         0,110,         2,116,         4,164,         1
54C,2016/09/06 17:47:00, 50, 21.930954, 51, 77.510529, 52, 55.579575, 49,        64, 56, 6.2676125, 67, 644.68970, 72, 127.93748, 77, 36.875000, 83,         0,110,         6,116,         4,164,         1
56C,2016/09/06 17:48:00, 50, 19.242062, 51, 84.516075, 52, 65.274017, 49,        64, 56, 6.2676125, 67, 644.68970, 72, 128.47812, 77, 37.000000, 83,         0,110,         1,116,         4,164,         1
59C,2016/09/06 17:49:00, 50, 35.920746, 51, 108.64844, 52, 72.727692, 49,        64, 56, 6.2676125, 67, 644.68970, 72, 127.87451, 77, 37.125000, 83,         0,110,         0,116,         4,164,         1
54C,2016/09/06 17:50:00, 50, 42.335869, 51, 74.421791, 52, 32.085922, 49,        64, 56, 6.2676125, 67, 644.68970, 72, 127.90831, 77, 37.250000, 83,         0,110,         3,116,         4,164,         1
56C,2016/09/06 17:51:00, 50, 4.2854004, 51, 19.696669, 52, 15.411268, 49,        64, 56, 6.2676125, 67, 644.68970, 72, 128.57787, 77, 37.343750, 83,         0,110,         2,116,         4,164,         1
5DC,2016/09/06 17:52:00, 50, 23.744522, 51, 57.660141, 52, 33.915619, 49,        64, 56, 6.2676125, 67, 644.68970, 72, 128.01033, 77, 37.468750, 83,         0,110,         6,116,         4,164,         1
5CC,2016/09/06 17:53:00, 50, 31.725628, 51, 58.249477, 52, 26.523849, 49,        64, 56, 6.2676125, 67, 643.33984, 72, 128.63593, 77, 37.593750, 83,         0,110,         1,116,         4,164,         1
59C,2016/09/06 17:54:00, 50, 21.829700, 51, 43.848354, 52, 22.018654, 49,        64, 56, 6.2676125, 67, 643.33984, 72, 128.18613, 77, 37.718750, 83,         0,110,         0,116,         4,164,         1
57C,2016/09/06 17:55:00, 50, 47.411705, 51, 131.14091, 52, 83.729218, 49,        64, 56, 6.2676125, 67, 643.33984, 72, 128.31219, 77, 37.875000, 83,         0,110,         3,116,         4,164,         1
5EC,2016/09/06 17:56:00, 50, 51.013168, 51, 64.788132, 52, 13.774965, 49,        64, 56, 6.2676125, 67, 643.33984, 72, 129.01352, 77, 38.031250, 83,         0,110,         2,116,         4,164,         1
5BC,2016/09/06 17:57:00, 50, 10.465914, 51, 28.980482, 52, 18.514568, 49,        64, 56, 6.2676125, 67, 643.33984, 72, 128.37274, 77, 38.218750, 83,         0,110,         6,116,         4,164,         1
58C,2016/09/06 17:58:00, 50,-12.418049, 51, 45.282047, 52, 57.700096, 49,        64, 56, 6.2676125, 67, 643.33984, 72, 128.99115, 77, 38.375000, 83,         0,110,         1,116,         4,164,         1
51C,2016/09/06 17:59:00, 50, 16.677975, 51, 58.702717, 52, 42.024742, 49,        64, 56, 6.2676125, 67, 643.33984, 72, 128.44511, 77, 38.562500, 83,         0,110,         0,116,         4,164,         1
5CC,2016/09/06 18:00:00, 50,-0.0702700, 51, 27.677084, 52, 27.747353, 49,        64, 56, 6.2676125, 67, 643.33984, 72, 128.50157, 77, 38.718750, 83,         0,110,         3,116,         4,164,         1
5FC,2016/09/06 18:01:00, 50, 72.054291, 51, 77.938232, 52, 5.8839426, 49,        64, 56, 6.2676125, 67, 643.33984, 72, 129.19295, 77, 38.875000, 83,         0,110,         2,116,         4,164,         1
57C,2016/09/06 18:02:00, 50, 30.118786, 51, 38.273624, 52, 8.1548405, 49,        64, 56, 6.2676125, 67, 643.33984, 72, 128.58533, 77, 39.031250, 83,         0,110,         6,116,         4,164,         1
55C,2016/09/06 18:03:00, 50, 86.456680, 51, 163.91278, 52, 77.456100, 49,        64, 56, 6.2676125, 67, 643.33984, 72, 129.18774, 77, 39.187500, 83,         0,110,         1,116,         4,164,         1
5AC,2016/09/06 18:04:00, 50, 12.574188, 51, 140.94708, 52, 128.37289, 49,        64, 56, 6.2676125, 67, 643.33984, 72, 128.57240, 77, 39.312500, 83,         0,110,         0,116,         4,164,         1
51C,2016/09/06 18:05:00, 50, 14.285608, 51, 172.73561, 52, 158.45001, 49,        64, 56, 6.2676125, 67, 643.33984, 72, 128.63159, 77, 39.406250, 83,         0,110,         3,116,         4,164,         1
5CC,2016/09/06 18:06:00, 50, 37.943489, 51, 72.253090, 52, 34.309601, 49,        64, 56, 6.2676125, 67, 643.33984, 72, 129.36554, 77, 39.500000, 83,         0,110,         2,116,         4,164,         1
56C,2016/09/06 18:07:00, 50,-12.421459, 51, 61.170738, 52, 73.592194, 49,        64, 56, 6.2676125, 67, 643.33984, 72, 128.73386, 77, 39.562500, 83,         0,110,         6,116,         4,164,         1
57C,2016/09/06 18:08:00, 50, 17.107666, 51, 99.573608, 52, 82.465942, 49,        64, 56, 6.2676125, 67, 643.33984, 72, 129.41066, 77, 39.625000, 83,         0,110,         1,116,         4,164,         1
51C,2016/09/06 18:09:00, 50, 4.7677221, 51, 50.899364, 52, 46.131645, 49,        64, 56, 6.2676125, 67, 643.33984, 72, 128.75565, 77, 39.750000, 83,         0,110,         0,116,         4,164,         1
5EC,2016/09/06 18:10:00, 50, 0.8041297, 51, 64.772835, 52, 63.968712, 49,        64, 56, 6.2676125, 67, 643.33984, 72, 128.75208, 77, 39.843750, 83,         0,110,         3,116,         4,164,         1
54C,2016/09/06 18:11:00, 50,-26.710583, 51, 9.8588676, 52, 36.569450, 49,        64, 56, 6.2676125, 67, 643.33984, 72, 129.34958, 77, 39.906250, 83,         0,110,         2,116,         4,164,         1
53C,2016/09/06 18:12:00, 50, 16.078491, 51, 35.454571, 52, 19.376080, 49,        64, 56, 6.2676125, 67, 643.33984, 72, 128.70108, 77, 40.000000, 83,         0,110,         6,116,         4,164,         1
5AC,2016/09/06 18:13:00, 50, 10.469761, 51, 37.023506, 52, 26.553745, 49,        64, 56, 6.2676125, 67, 643.33984, 72, 129.36844, 77, 40.125000, 83,         0,110,         1,116,         4,164,         1
5EC,2016/09/06 18:14:00, 50, 13.380825, 51, 67.063721, 52, 53.682899, 49,        64, 56, 6.2676125, 67, 643.33984, 72, 128.74225, 77, 40.250000, 83,         0,110,         0,116,         4,164,         1
55C,2016/09/06 18:15:00, 50, 35.638428, 51, 72.109657, 52, 36.471230, 49,        64, 56, 6.2676125, 67, 643.33984, 72, 128.75885, 77, 40.375000, 83,         0,110,         3,116,         4,164,         1
55C,2016/09/06 18:16:00, 50, 4.3332300, 51, 37.602455, 52, 33.269226, 49,        64, 56, 6.2676125, 67, 643.33984, 72, 129.42104, 77, 40.500000, 83,         0,110,         2,116,         4,164,         1
5CC,2016/09/06 18:17:00, 50, 43.408730, 51, 77.528923, 52, 34.120193, 49,        64, 56, 6.2676125, 67, 643.33984, 72, 128.77455, 77, 40.625000, 83,         0,110,         6,116,         4,164,         1
53C,2016/09/06 18:18:00, 50, 31.436852, 51, 77.376793, 52, 45.939941, 49,        64, 56, 6.2676125, 67, 643.33984, 72, 129.44685, 77, 40.750000, 83,         0,110,         1,116,         4,164,         1
5BC,2016/09/06 18:19:00, 50, 32.472527, 51, 62.343754, 52, 29.871227, 49,        64, 56, 6.2676125, 67, 643.33984, 72, 128.76389, 77, 40.875000, 83,         0,110,         0,116,         4,164,         1
59C,2016/09/06 18:20:00, 50, 53.424103, 51, 95.002403, 52, 41.578300, 49,        64, 56, 6.2676125, 67, 643.33984, 72, 128.75305, 77, 41.000000, 83,         0,110,         3,116,         4,164,         1
5CC,2016/09/06 18:21:00, 50, 43.900307, 51, 106.37512, 52, 62.474815, 49,        64, 56, 6.2676125, 67, 643.33984, 72, 129.33577, 77, 41.125000, 83,         0,110,         2,116,         4,164,         1
54C,2016/09/06 18:22:00, 50, 49.060226, 51, 112.35812, 52, 63.297897, 49,        64, 56, 6.2676125, 67, 643.33984, 72, 128.64014, 77, 41.250000, 83,         0,110,         6,116,         4,164,         1
53C,2016/09/06 18:23:00, 50, 22.579391, 51, 53.811546, 52, 31.232155, 49,        64, 56, 6.2676125, 67, 643.33984, 72, 129.34323, 77, 41.375000, 83,         0,110,         1,116,         4,164,         1
53C,2016/09/06 18:24:00, 50, 3.7598696, 51, 68.881523, 52, 65.121658, 49,        64, 56, 6.2676125, 67, 643.33984, 72, 128.71634, 77, 41.500000, 83,         0,110,         0,116,         4,164,         1
59C,2016/09/06 18:25:00, 50, 40.261696, 51, 37.751396, 52,-2.5103030, 49,        64, 56, 6.2676125, 67, 643.33984, 72, 128.77190, 77, 41.656250, 83,         0,110,         3,116,         4,164,         1
57C,2016/09/06 18:26:00, 50, 30.152740, 51, 33.720520, 52, 3.5677805, 49,        64, 56, 6.2676125, 67, 643.33984, 72, 129.51913, 77, 41.781250, 83,         0,110,         2,116,         4,164,         1
56C,2016/09/06 18:27:00, 50, 7.2912149, 51, 112.03708, 52, 104.74586, 49,        64, 56, 6.2676125, 67, 643.33984, 72, 128.87508, 77, 41.906250, 83,         0,110,         6,116,         4,164,         1
56C,2016/09/06 18:28:00, 50, 32.171860, 51, 53.689857, 52, 21.517998, 49,        64, 56, 6.2676125, 67, 643.33984, 72, 129.55981, 77, 41.937500, 83,         0,110,         1,116,         4,164,         1
50C,2016/09/06 18:29:00, 50, 19.979679, 51, 48.480896, 52, 28.501217, 49,        64, 56, 6.2676125, 67, 643.33984, 72, 128.90881, 77, 42.031250, 83,         0,110,         0,116,         4,164,         1
53C,2016/09/06 18:30:00, 50,-8.8768444, 51, 38.334927, 52, 47.211769, 49,        64, 56, 6.2676125, 67, 643.33984, 72, 128.93758, 77, 42.156250, 83,         0,110,         3,116,         4,164,         1
5DC,2016/09/06 18:31:00, 50, 25.792656, 51, 66.440918, 52, 40.648262, 49,        64, 56, 6.2676125, 67, 643.33984, 72, 129.62476, 77, 42.250000, 83,         0,110,         2,116,         4,164,         1
55C,2016/09/06 18:32:00, 50, 70.878860, 51, 161.40512, 52, 90.526260, 49,        64, 56, 6.2676125, 67, 643.33984, 72, 128.97575, 77, 42.375000, 83,         0,110,         6,116,         4,164,         1
59C,2016/09/06 18:33:00, 50, 31.682568, 51, 110.07026, 52, 78.387695, 49,        64, 56, 6.2676125, 67, 643.33984, 72, 129.64275, 77, 42.468750, 83,         0,110,         1,116,         4,164,         1
53C,2016/09/06 18:34:00, 50, 23.712170, 51, 49.436020, 52, 25.723850, 49,        64, 56, 6.2676125, 67, 643.33984, 72, 128.97571, 77, 42.562500, 83,         0,110,         0,116,         4,164,         1
5CC,2016/09/06 18:35:00, 50, 15.013254, 51, 111.20524, 52, 96.191986, 49,        64, 56, 6.2676125, 67, 643.33984, 72, 128.97580, 77, 42.656250, 83,         0,110,         3,116,         4,164,         1
5CC,2016/09/06 18:36:00, 50, 24.547527, 51, 71.558113, 52, 47.010590, 49,        64, 56, 6.2676125, 67, 643.33984, 72, 129.66632, 77, 42.750000, 83,         0,110,         2,116,         4,164,         1
57C,2016/09/06 18:37:00, 50, 5.7433605, 51, 66.306183, 52, 60.562828, 49,        64, 56, 6.2676125, 67, 643.33984, 72, 128.99951, 77, 42.875000, 83,         0,110,         7,116,         4,164,         1
5FC,2016/09/06 18:38:00, 50, 34.278465, 51, 89.839462, 52, 55.560997, 49,        64, 56, 6.2676125, 67, 643.33984, 72, 129.67978, 77, 42.968750, 83,         0,110,         1,116,         4,164,         1
5DC,2016/09/06 18:39:00, 50, 8.2562771, 51, 61.856571, 52, 53.600296, 49,        64, 56, 6.2676125, 67, 643.33984, 72, 128.98244, 77, 43.062500, 83,         0,110,         0,116,         4,164,         1
59C,2016/09/06 18:40:00, 50, 9.8715534, 51, 36.171284, 52, 26.299732, 49,        64, 56, 6.2676125, 67, 643.33984, 72, 128.98218, 77, 43.156250, 83,         0,110,         3,116,         4,164,         1
55C,2016/09/06 18:41:00, 50, 15.719494, 51, 112.54604, 52, 96.826553, 49,        64, 56, 6.2676125, 67, 643.33984, 72, 129.67856, 77, 43.250000, 83,         0,110,         2,116,         4,164,         1
5CC,2016/09/06 18:42:00, 50, 12.445374, 51, 106.45781, 52, 94.012436, 49,        64, 56, 6.2676125, 67, 643.33984, 72, 129.03656, 77, 43.343750, 83,         0,110,         7,116,         4,164,         1
59C,2016/09/06 18:43:00, 50, 24.102592, 51, 123.30064, 52, 99.198044, 49,        64, 56, 6.2676125, 67, 643.33984, 72, 129.73668, 77, 43.406250, 83,         0,110,         1,116,         4,164,         1
5DC,2016/09/06 18:44:00, 50, 45.885201, 51, 118.78336, 52, 72.898163, 49,        64, 56, 6.2676125, 67, 643.33984, 72, 129.07697, 77, 43.531250, 83,         0,110,         0,116,         4,164,         1
56C,2016/09/06 18:45:00, 50, 28.922390, 51, 148.10570, 52, 119.18332, 49,        64, 56, 6.2676125, 67, 643.33984, 72, 129.10414, 77, 43.593750, 83,         0,110,         3,116,         4,164,         1
58C,2016/09/06 18:46:00, 50, 85.973877, 51, 177.78125, 52, 91.807373, 49,        64, 56, 6.2676125, 67, 643.33984, 72, 129.83838, 77, 43.718750, 83,         0,110,         2,116,         4,164,         1
5FC,2016/09/06 18:47:00, 50, 68.365601, 51, 146.47807, 52, 78.112473, 49,        64, 56, 6.2676125, 67, 643.33984, 72, 129.20575, 77, 43.781250, 83,         0,110,         7,116,         4,164,         1
54C,2016/09/06 18:48:00, 50, 139.56711, 51, 302.20029, 52, 162.63318, 49,        64, 56, 6.2676125, 67, 643.33984, 72, 129.90494, 77, 43.906250, 83,         0,110,         1,116,         4,164,         1
57C,2016/09/06 18:49:00, 50, 131.99677, 51, 236.39774, 52, 104.40097, 49,        64, 56, 6.2676125, 67, 643.33984, 72, 129.24457, 77, 43.968750, 83,         0,110,         0,116,         4,164,         1
50C,2016/09/06 18:50:00, 50, 32.763184, 51, 135.71272, 52, 102.94954, 49,        64, 56, 6.2676125, 67, 643.33984, 72, 129.27698, 77, 44.062500, 83,         0,110,         3,116,         4,164,         1
53C,2016/09/06 18:51:00, 50, 24.796139, 51, 53.796741, 52, 29.000603, 49,        64, 56, 6.2676125, 67, 643.33984, 72, 129.98592, 77, 44.125000, 83,         0,110,         2,116,         4,164,         1
51C,2016/09/06 18:52:00, 50, 131.10162, 51, 203.60280, 52, 72.501175, 49,        64, 56, 6.2676125, 67, 643.33984, 72, 129.34583, 77, 44.187500, 83,         0,110,         7,116,         4,164,         1
53C,2016/09/06 18:53:00, 50, 28.304230, 51, 120.87872, 52, 92.574493, 49,        64, 56, 6.2676125, 67, 643.33984, 72, 130.05029, 77, 44.250000, 83,         0,110,         1,116,         4,164,         1
5EC,2016/09/06 18:54:00, 50, 43.877190, 51, 111.99372, 52, 68.116531, 49,        64, 56, 6.2676125, 67, 643.33984, 72, 129.39070, 77, 44.343750, 83,         0,110,         0,116,         4,164,         1
54C,2016/09/06 18:55:00, 50, 36.840225, 51, 113.80191, 52, 76.961685, 49,        64, 56, 6.2676125, 67, 643.33984, 72, 129.40952, 77, 44.281250, 83,         0,110,         3,116,         4,164,         1
55C,2016/09/06 18:56:00, 50, 59.581001, 51, 150.32071, 52, 90.739716, 49,        64, 56, 6.2676125, 67, 643.33984, 72, 130.08873, 77, 44.312500, 83,         0,110,         2,116,         4,164,         1
5EC,2016/09/06 18:57:00, 50, 31.061417, 51, 91.149345, 52, 60.087929, 49,        64, 56, 6.2676125, 67, 643.33984, 72, 129.43118, 77, 44.406250, 83,         0,110,         7,116,         4,164,         1
57C,2016/09/06 18:58:00, 50, 35.529610, 51, 132.42702, 52, 96.897415, 49,        64, 56, 6.2676125, 67, 643.33984, 72, 130.08638, 77, 44.468750, 83,         0,110,         1,116,         4,164,         1
52C,2016/09/06 18:59:00, 50, 36.901642, 51, 133.01372, 52, 96.112076, 49,        64, 56, 6.2676125, 67, 643.33984, 72, 129.47009, 77, 44.468750, 83,         0,110,         0,116,         4,164,         1
58C,2016/09/06 19:00:00, 50, 59.145798, 51, 204.71773, 52, 145.57193, 49,        64, 56, 6.2676125, 67, 643.33984, 72, 129.50624, 77, 44.562500, 83,         0,110,         3,116,         4,164,         1
5BC,2016/09/06 19:01:00, 50, 37.788094, 51, 143.40309, 52, 105.61501, 49,        64, 56, 6.2676125, 67, 643.33984, 72, 130.17792, 77, 44.625000, 83,         0,110,         2,116,         4,164,         1
5EC,2016/09/06 19:02:00, 50, 41.768463, 51, 94.099396, 52, 52.330933, 49,        64, 56, 6.2676125, 67, 643.33984, 72, 129.46841, 77, 44.687500, 83,         0,110,         7,116,         4,164,         1
5CC,2016/09/06 19:03:00, 50, 26.018044, 51, 30.350822, 52, 4.3327799, 49,        64, 56, 6.2676125, 67, 643.33984, 72, 130.11932, 77, 44.750000, 83,         0,110,         1,116,         4,164,         1
59C,2016/09/06 19:04:00, 50, 47.665283, 51, 87.762207, 52, 40.096924, 49,        64, 56, 6.2676125, 67, 643.33984, 72, 129.44888, 77, 44.843750, 83,         0,110,         0,116,         4,164,         1
52C,2016/09/06 19:05:00, 50, 74.969437, 51, 112.74520, 52, 37.775764, 49,        64, 56, 6.2676125, 67, 643.33984, 72, 129.46414, 77, 44.875000, 83,         0,110,         3,116,         4,164,         1
5DC,2016/09/06 19:06:00, 50, 157.96921, 51, 283.84448, 52, 125.87527, 49,        64, 56, 6.2676125, 67, 643.33984, 72, 130.15080, 77, 44.968750, 83,         0,110,         2,116,         4,164,         1
5DC,2016/09/06 19:07:00, 50, 38.990227, 51, 91.348175, 52, 52.357948, 49,        64, 56, 6.2676125, 67, 643.33984, 72, 129.46582, 77, 45.000000, 83,         0,110,         7,116,         4,164,         1
59C,2016/09/06 19:08:00, 50, 8.3248711, 51, 27.076527, 52, 18.751656, 49,        64, 56, 6.2676125, 67, 643.33984, 72, 130.12167, 77, 44.468750, 83,         0,110,         1,116,         4,164,         1
58C,2016/09/06 19:09:00, 50, 83.448883, 51, 170.42628, 52, 86.977402, 49,        64, 56, 6.2676125, 67, 643.33984, 72, 129.34950, 77, 43.875000, 83,         0,110,         0,116,         4,164,         1
5EC,2016/09/06 19:10:00, 50, 101.50279, 51, 223.51932, 52, 122.01653, 49,        64, 56, 6.2676125, 67, 643.33984, 72, 129.24004, 77, 43.406250, 83,         0,110,         3,116,         4,164,         1
59C,2016/09/06 19:11:00, 50, 392.47437, 51, 430.94989, 52, 38.475540, 49,        64, 56, 6.2676125, 67, 643.33984, 72, 129.79156, 77, 42.812500, 83,         0,110,         2,116,         4,164,         1
5EC,2016/09/06 19:12:00, 50, 415.71033, 51, 535.42584, 52, 119.71553, 49,        64, 56, 6.2676125, 67, 643.33984, 72, 129.04822, 77, 42.281250, 83,         0,110,         7,116,         4,164,         1
56C,2016/09/06 19:13:00, 50, 59.719475, 51, 155.19603, 52, 95.476562, 49,        64, 56, 6.2676125, 67, 643.33984, 72, 129.67981, 77, 41.875000, 83,         0,110,         1,116,         4,164,         1
53C,2016/09/06 19:14:00, 50, 47.804672, 51, 101.04509, 52, 53.240417, 49,        64, 56, 6.2676125, 67, 643.33984, 72, 128.99469, 77, 41.437500, 83,         0,110,         0,116,         4,164,         1
57C,2016/09/06 19:15:00, 50, 65.286804, 51, 148.17183, 52, 82.885025, 49,        64, 56, 6.2676125, 67, 643.33984, 72, 129.01894, 77, 41.062500, 83,         0,110,         3,116,         4,164,         1
5DC,2016/09/06 19:16:00, 50, 36.405922, 51, 103.73397, 52, 67.328049, 49,        64, 56, 6.2676125, 67, 643.33984, 72, 129.72165, 77, 40.750000, 83,         0,110,         2,116,         4,164,         1
5CC,2016/09/06 19:17:00, 50, 35.856850, 51, 62.088646, 52, 26.231796, 49,        64, 56, 6.2676125, 67, 643.33984, 72, 129.07176, 77, 40.468750, 83,         0,110,         7,116,         4,164,         1
54C,2016/09/06 19:18:00, 50, 120.40115, 51, 208.39407, 52, 87.992920, 49,        64, 56, 6.2676125, 67, 643.33984, 72, 129.72766, 77, 40.250000, 83,         0,110,         1,116,         4,164,         1
56C,2016/09/06 19:19:00, 50, 149.03622, 51, 277.23065, 52, 128.19443, 49,        64, 56, 6.2676125, 67, 643.33984, 72, 129.02817, 77, 40.031250, 83,         0,110,         0,116,         4,164,         1
59C,2016/09/06 19:20:00, 50, 66.456512, 51, 197.59259, 52, 131.13608, 49,        64, 56, 6.2676125, 67, 643.33984, 72, 129.00336, 77, 39.843750, 83,         0,110,         3,116,         4,164,         1
57C,2016/09/06 19:21:00, 50, 104.81334, 51, 295.31339, 52, 190.50006, 49,        64, 56, 6.2676125, 67, 643.33984, 72, 129.65100, 77, 39.656250, 83,         0,110,         2,116,         4,164,         1
52C,2016/09/06 19:22:00, 50, 114.73198, 51, 167.77907, 52, 53.047089, 49,        64, 56, 6.2676125, 67, 643.33984, 72, 128.96111, 77, 39.531250, 83,         0,110,         7,116,         4,164,         1
54C,2016/09/06 19:23:00, 50, 172.85068, 51, 243.56563, 52, 70.714951, 49,        64, 56, 6.2676125, 67, 643.33984, 72, 129.58476, 77, 39.406250, 83,         0,110,         1,116,         4,164,         1
5AC,2016/09/06 19:24:00, 50, 25.829449, 51, 94.749260, 52, 68.919815, 49,        64, 56, 6.2676125, 67, 643.33984, 72, 128.86174, 77, 39.281250, 83,         0,110,         0,116,         4,164,         1
51C,2016/09/06 19:25:00, 50, 266.13422, 51, 125.23648, 52,-140.89774, 49,        64, 56, 6.2676125, 67, 643.33984, 72, 128.81303, 77, 39.218750, 83,         0,110,         3,116,         4,164,         1
55C,2016/09/06 19:26:00, 50, 222.42392, 51, 117.50168, 52,-104.92224, 49,        64, 56, 6.2676125, 67, 643.33984, 72, 129.47295, 77, 39.093750, 83,         0,110,         2,116,         4,164,         1
56C,2016/09/06 19:27:00, 50, 199.32047, 51, 593.68127, 52, 394.36084, 49,        64, 56, 6.2676125, 67, 643.33984, 72, 128.81549, 77, 39.031250, 83,         0,110,         7,116,         4,164,         1
5EC,2016/09/06 19:28:00, 50, 487.96021, 51, 968.06964, 52, 480.10944, 49,        64, 56, 6.2676125, 67, 643.33984, 72, 129.50269, 77, 38.968750, 83,         0,110,         1,116,         4,164,         1
5BC,2016/09/06 19:29:00, 50, 151.64447, 51, 369.18146, 52, 217.53699, 49,        64, 56, 6.2676125, 67, 643.33984, 72, 128.86040, 77, 38.906250, 83,         0,110,         0,116,         4,164,         1
5AC,2016/09/06 19:30:00, 50, 60.504898, 51, 160.37260, 52, 99.867706, 49,        64, 56, 6.2676125, 67, 643.33984, 72, 128.89304, 77, 38.843750, 83,         0,110,         3,116,         4,164,         1
50C,2016/09/06 19:31:00, 50, 22.559719, 51, 65.360321, 52, 42.800606, 49,        64, 56, 6.2676125, 67, 643.33984, 72, 129.63560, 77, 38.781250, 83,         0,110,         2,116,         4,164,         1
54C,2016/09/06 19:32:00, 50, 154.23264, 51, 234.62509, 52, 80.392456, 49,        64, 56, 6.2676125, 67, 643.33984, 72, 129.01849, 77, 38.718750, 83,         0,110,         7,116,         4,164,         1
5BC,2016/09/06 19:33:00, 50, 139.67831, 51, 203.44427, 52, 63.765968, 49,        64, 56, 6.2676125, 67, 643.33984, 72, 129.64311, 77, 38.687500, 83,         0,110,         1,116,         4,164,         1
55C,2016/09/06 19:34:00, 50, 83.426361, 51, 163.92506, 52, 80.498703, 49,        64, 56, 6.2676125, 67, 643.33984, 72, 128.95006, 77, 38.656250, 83,         0,110,         0,116,         4,164,         1
53C,2016/09/06 19:35:00, 50, 23.607685, 51, 75.889244, 52, 52.281563, 49,        64, 56, 6.2676125, 67, 643.33984, 72, 128.92525, 77, 38.625000, 83,         0,110,         3,116,         4,164,         1
52C,2016/09/06 19:36:00, 50, 17.124031, 51, 60.132629, 52, 43.008598, 49,        64, 56, 6.2676125, 67, 643.33984, 72, 129.63399, 77, 38.625000, 83,         0,110,         2,116,         4,164,         1
56C,2016/09/06 19:37:00, 50, 10.477016, 51, 29.067825, 52, 18.590809, 49,        64, 56, 6.2676125, 67, 643.33984, 72, 129.03995, 77, 38.625000, 83,         0,110,         7,116,         4,164,         1
5BC,2016/09/06 19:38:00, 50, 2.6284876, 51, 11.564401, 52, 8.9359131, 49,        64, 56, 6.2676125, 67, 643.33984, 72, 129.74525, 77, 38.593750, 83,         0,110,         1,116,         4,164,         1
53C,2016/09/06 19:39:00, 50, 65.100082, 51, 173.13354, 52, 108.03346, 49,        64, 56, 6.2676125, 67, 643.33984, 72, 129.10156, 77, 38.593750, 83,         0,110,         0,116,         4,164,         1
58C,2016/09/06 19:40:00, 50, 42.481216, 51, 53.991066, 52, 11.509850, 49,        64, 56, 6.2676125, 67, 643.33984, 72, 129.09579, 77, 38.562500, 83,         0,110,         3,116,         4,164,         1
50C,2016/09/06 19:41:00, 50, 72.716995, 51, 141.88185, 52, 69.164856, 49,        64, 56, 6.2676125, 67, 643.33984, 72, 129.75528, 77, 38.562500, 83,         0,110,         2,116,         4,164,         1
55C,2016/09/06 19:42:00, 50, 122.49603, 51, 290.39832, 52, 167.90228, 49,        64, 56, 6.2676125, 67, 643.33984, 72, 129.01819, 77, 38.562500, 83,         0,110,         7,116,         4,164,         1
5AC,2016/09/06 19:43:00, 50, 114.23120, 51, 221.64621, 52, 107.41501, 49,        64, 56, 6.2676125, 67, 643.33984, 72, 129.63029, 77, 38.562500, 83,         0,110,         1,116,         4,164,         1
55C,2016/09/06 19:44:00, 50, 104.65884, 51, 229.66687, 52, 125.00803, 49,        64, 56, 6.2676125, 67, 643.33984, 72, 128.93253, 77, 38.562500, 83,         0,110,         0,116,         4,164,         1
52C,2016/09/06 19:45:00, 50, 52.730072, 51, 68.991310, 52, 16.261242, 49,        64, 56, 6.2676125, 67, 643.33984, 72, 128.92024, 77, 38.531250, 83,         0,110,         3,116,         4,164,         1
5BC,2016/09/06 19:46:00, 50, 67.227493, 51, 154.90189, 52, 87.674393, 49,        64, 56, 6.2676125, 67, 643.33984, 72, 129.58063, 77, 38.531250, 83,         0,110,         2,116,         4,164,         1
53C,2016/09/06 19:47:00, 50, 7.5535440, 51, 116.17842, 52, 108.62488, 49,        64, 56, 6.2676125, 67, 643.33984, 72, 128.91449, 77, 38.531250, 83,         0,110,         7,116,         4,164,         1
5BC,2016/09/06 19:48:00, 50, 4.4307957, 51, 58.606049, 52, 54.175255, 49,        64, 56, 6.2676125, 67, 643.33984, 72, 129.56975, 77, 38.531250, 83,         0,110,         1,116,         4,164,         1
51C,2016/09/06 19:49:00, 50, 109.47588, 51, 196.04253, 52, 86.566650, 49,        64, 56, 6.2676125, 67, 643.33984, 72, 128.93349, 77, 38.531250, 83,         0,110,         0,116,         4,164,         1
57C,2016/09/06 19:50:00, 50, 119.02054, 51, 105.19466, 52,-13.825876, 49,        64, 56, 6.2676125, 67, 643.33984, 72, 128.98920, 77, 38.531250, 83,         0,110,         3,116,         4,164,         1
58C,2016/09/06 19:51:00, 50, 56.068619, 51, 115.55176, 52, 59.483139, 49,        64, 56, 6.2676125, 67, 643.33984, 72, 129.61600, 77, 38.531250, 83,         0,110,         2,116,         4,164,         1
58C,2016/09/06 19:52:00, 50, 13.984198, 51, 86.584702, 52, 72.600510, 49,        64, 56, 6.2676125, 67, 643.33984, 72, 128.91075, 77, 38.531250, 83,         0,110,         7,116,         4,164,         1
5FC,2016/09/06 19:53:00, 50, 41.446259, 51, 47.022583, 52, 5.5763273, 49,        64, 56, 6.2676125, 67, 643.33984, 72, 129.57359, 77, 38.531250, 83,         0,110,         1,116,         4,164,         1
50C,2016/09/06 19:54:00, 50, 16.306805, 51, 25.534910, 52, 9.2281055, 49,        64, 56, 6.2676125, 67, 643.33984, 72, 128.89107, 77, 38.562500, 83,         0,110,         0,116,         4,164,         1
54C,2016/09/06 19:55:00, 50, 222.03220, 51, 332.79599, 52, 110.76379, 49,        64, 56, 6.2676125, 67, 643.33984, 72, 128.88744, 77, 38.562500, 83,         0,110,         3,116,         4,164,         1
5BC,2016/09/06 19:56:00, 50, 83.169601, 51, 173.83456, 52, 90.664963, 49,        64, 56, 6.2676125, 67, 643.33984, 72, 129.55621, 77, 38.562500, 83,         0,110,         2,116,         4,164,         1
5DC,2016/09/06 19:57:00, 50, 54.257698, 51, 146.50668, 52, 92.248993, 49,        64, 56, 6.2676125, 67, 643.33984, 72, 128.92671, 77, 38.593750, 83,         0,110,         7,116,         4,164,         1
58C,2016/09/06 19:58:00, 50, 61.650734, 51, 129.98135, 52, 68.330627, 49,        64, 56, 6.2676125, 67, 643.33984, 72, 129.60442, 77, 38.562500, 83,         0,110,         1,116,         4,164,         1
56C,2016/09/06 19:59:00, 50, 83.264236, 51, 171.86299, 52, 88.598755, 49,        64, 56, 6.2676125, 67, 643.33984, 72, 128.92302, 77, 38.562500, 83,         0,110,         0,116,         4,164,         1
54C,2016/09/06 20:00:00, 50, 84.241394, 51, 198.78151, 52, 114.54012, 49,        64, 56, 6.2676125, 67, 643.33984, 72, 128.90692, 77, 38.531250, 83,         0,110,         3,116,         4,164,         1
50C,2016/09/06 20:01:00, 50, 131.34637, 51, 170.64214, 52, 39.295769, 49,        64, 56, 6.2676125, 67, 643.33984, 72, 129.56662, 77, 38.531250, 83,         0,110,         2,116,         4,164,         1
53C,2016/09/06 20:02:00, 50, 83.602219, 51, 167.41757, 52, 83.815353, 49,        64, 56, 6.2676125, 67, 643.33984, 72, 128.88496, 77, 38.531250, 83,         0,110,         7,116,         4,164,         1
54C,2016/09/06 20:03:00, 50, 33.314079, 51, 158.95860, 52, 125.64453, 49,        64, 56, 6.2676125, 67, 643.33984, 72, 129.55629, 77, 38.531250, 83,         0,110,         1,116,         4,164,         1
52C,2016/09/06 20:04:00, 50, 54.988937, 51, 188.50627, 52, 133.51733, 49,        64, 56, 6.2676125, 67, 643.33984, 72, 128.89091, 77, 38.500000, 83,         0,110,         0,116,         4,164,         1
59C,2016/09/06 20:05:00, 50, 58.868835, 51, 143.37848, 52, 84.509644, 49,        64, 56, 6.2676125, 67, 643.33984, 72, 128.90643, 77, 38.468750, 83,         0,110,         3,116,         4,164,         1
56C,2016/09/06 20:06:00, 50, 46.897697, 51, 118.97520, 52, 72.077499, 49,        64, 56, 6.2676125, 67, 643.33984, 72, 129.59526, 77, 38.468750, 83,         0,110,         2,116,         4,164,         1
54C,2016/09/06 20:07:00, 50, 31.820095, 51, 136.16766, 52, 104.34758, 49,        64, 56, 6.2676125, 67, 643.33984, 72, 128.89983, 77, 38.437500, 83,         0,110,         7,116,         4,164,         1
5CC,2016/09/06 20:08:00, 50, 35.210602, 51, 102.74864, 52, 67.538040, 49,        64, 56, 6.2676125, 67, 643.33984, 72, 129.57999, 77, 38.437500, 83,         0,110,         1,116,         4,164,         1
54C,2016/09/06 20:09:00, 50, 66.441498, 51, 177.60258, 52, 111.16109, 49,        64, 56, 6.2676125, 67, 643.33984, 72, 128.94269, 77, 38.437500, 83,         0,110,         0,116,         4,164,         1
5EC,2016/09/06 20:10:00, 50, 18.371410, 51, 93.079353, 52, 74.707947, 49,        64, 56, 6.2676125, 67, 643.33984, 72, 128.99075, 77, 38.406250, 83,         0,110,         3,116,         4,164,         1
5FC,2016/09/06 20:11:00, 50, 51.521004, 51, 91.030403, 52, 39.509399, 49,        64, 56, 6.2676125, 67, 643.33984, 72, 129.68442, 77, 38.406250, 83,         0,110,         2,116,         4,164,         1
5EC,2016/09/06 20:12:00, 50, 83.545502, 51, 96.059631, 52, 12.514133, 49,        64, 56, 6.2676125, 67, 643.33984, 72, 129.02812, 77, 38.406250, 83,         0,110,         7,116,         4,164,         1
55C,2016/09/06 20:13:00, 50, 100.76967, 51, 226.33699, 52, 125.56732, 49,        64, 56, 6.2676125, 67, 643.33984, 72, 129.65631, 77, 38.375000, 83,         0,110,         1,116,         4,164,         1
55C,2016/09/06 20:14:00, 50, 45.669495, 51, 137.24359, 52, 91.574097, 49,        64, 56, 6.2676125, 67, 643.33984, 72, 128.91118, 77, 38.343750, 83,         0,110,         0,116,         4,164,         1
51C,2016/09/06 20:15:00, 50, 40.188339, 51, 120.47507, 52, 80.286728, 49,        64, 56, 6.2676125, 67, 643.33984, 72, 128.85312, 77, 38.343750, 83,         0,110,         3,116,         4,164,         1
56C,2016/09/06 20:16:00, 50, 91.745422, 51, 131.03745, 52, 39.292030, 49,        64, 56, 6.2676125, 67, 643.33984, 72, 129.50343, 77, 38.312500, 83,         0,110,         2,116,         4,164,         1
5BC,2016/09/06 20:17:00, 50, 22.448597, 51, 100.74333, 52, 78.294739, 49,        64, 56, 6.2676125, 67, 643.33984, 72, 128.84285, 77, 38.281250, 83,         0,110,         7,116,         4,164,         1
54C,2016/09/06 20:18:00, 50, 78.306519, 51, 78.341682, 52, 0.0351705, 49,        64, 56, 6.2676125, 67, 643.33984, 72, 129.51164, 77, 38.250000, 83,         0,110,         1,116,         4,164,         1
59C,2016/09/06 20:19:00, 50, 35.244431, 51, 45.011433, 52, 9.7670040, 49,        64, 56, 6.2676125, 67, 643.33984, 72, 128.81270, 77, 38.187500, 83,         0,110,         0,116,         4,164,         1
58C,2016/09/06 20:20:00, 50, 12.887194, 51, 75.449524, 52, 62.562332, 49,        64, 56, 6.2676125, 67, 643.33984, 72, 128.79639, 77, 38.125000, 83,         0,110,         3,116,         4,164,         1
59C,2016/09/06 20:21:00, 50, 22.702641, 51, 71.168999, 52, 48.466362, 49,        64, 56, 6.2676125, 67, 643.33984, 72, 129.49539, 77, 38.093750, 83,         0,110,         2,116,         4,164,         1
56C,2016/09/06 20:22:00, 50, 27.403168, 51, 75.795845, 52, 48.392677, 49,        64, 56, 6.2676125, 67, 643.33984, 72, 128.83385, 77, 38.062500, 83,         0,110,         7,116,         4,164,         1
5BC,2016/09/06 20:23:00, 50, 40.916969, 51, 64.867989, 52, 23.951019, 49,        64, 56, 6.2676125, 67, 643.33984, 72, 129.47159, 77, 38.031250, 83,         0,110,         1,116,         4,164,         1
55C,2016/09/06 20:24:00, 50, 29.734859, 51, 66.584778, 52, 36.849922, 49,        64, 56, 6.2676125, 67, 643.33984, 72, 128.80446, 77, 38.000000, 83,         0,110,         0,116,         4,164,         1
50C,2016/09/06 20:25:00, 50, 127.45296, 51, 4.3082581, 52,-123.14470, 49,        64, 56, 6.2676125, 67, 643.33984, 72, 128.81299, 77, 37.937500, 83,         0,110,         3,116,         4,164,         1
57C,2016/09/06 20:26:00, 50, 14.610697, 51, 93.634117, 52, 79.023422, 49,        64, 56, 6.2676125, 67, 643.33984, 72, 129.50252, 77, 37.937500, 83,         0,110,         2,116,         4,164,         1
5FC,2016/09/06 20:27:00, 50, 19.782616, 51, 99.571297, 52, 79.788681, 49,        64, 56, 6.2676125, 67, 643.33984, 72, 128.81554, 77, 37.937500, 83,         0,110,         7,116,         4,164,         1
57C,2016/09/06 20:28:00, 50, 8.6133270, 51, 78.856827, 52, 70.243500, 49,        64, 56, 6.2676125, 67, 643.33984, 72, 129.50717, 77, 37.906250, 83,         0,110,         1,116,         4,164,         1
59C,2016/09/06 20:29:00, 50, 45.384453, 51, 51.131977, 52, 5.7475252, 49,        64, 56, 6.2676125, 67, 643.33984, 72, 128.85245, 77, 37.875000, 83,         0,110,         0,116,         4,164,         1
55C,2016/09/06 20:30:00, 50, 18.261600, 51, 54.042736, 52, 35.781136, 49,        64, 56, 6.2676125, 67, 643.33984, 72, 128.84566, 77, 37.875000, 83,         0,110,         3,116,         4,164,         1
51C,2016/09/06 20:31:00, 50, 133.25635, 51, 234.60214, 52, 101.34579, 49,        64, 56, 6.2676125, 67, 643.33984, 72, 129.50003, 77, 37.843750, 83,         0,110,         2,116,         4,164,         1
5DC,2016/09/06 20:32:00, 50, 40.043312, 51, 93.301933, 52, 53.258621, 49,        64, 56, 6.2676125, 67, 643.33984, 72, 128.82034, 77, 37.843750, 83,         0,110,         7,116,         4,164,         1
50C,2016/09/06 20:33:00, 50, 9.4788628, 51, 64.209610, 52, 54.730751, 49,        64, 56, 6.2676125, 67, 643.33984, 72, 129.53766, 77, 37.875000, 83,         0,110,         1,116,         4,164,         1
5CC,2016/09/06 20:34:00, 50, 19.160442, 51, 76.972839, 52, 57.812401, 49,        64, 56, 6.2676125, 67, 643.33984, 72, 128.92767, 77, 37.843750, 83,         0,110,         0,116,         4,164,         1
52C,2016/09/06 20:35:00, 50, 19.209038, 51, 78.073662, 52, 58.864624, 49,        64, 56, 6.2676125, 67, 643.33984, 72, 128.95027, 77, 37.843750, 83,         0,110,         3,116,         4,164,         1
5AC,2016/09/06 20:36:00, 50, 78.760422, 51, 215.24873, 52, 136.48831, 49,        64, 56, 6.2676125, 67, 643.33984, 72, 129.62370, 77, 37.843750, 83,         0,110,         2,116,         4,164,         1
5BC,2016/09/06 20:37:00, 50, 59.521271, 51, 72.736588, 52, 13.215322, 49,        64, 56, 6.2676125, 67, 643.33984, 72, 128.95171, 77, 37.843750, 83,         0,110,         7,116,         4,164,         1
5FC,2016/09/06 20:38:00, 50, 13.315619, 51, 66.928627, 52, 53.613014, 49,        64, 56, 6.2676125, 67, 643.33984, 72, 129.58728, 77, 37.843750, 83,         0,110,         1,116,         4,164,         1
5AC,2016/09/06 20:39:00, 50, 24.085567, 51, 56.597851, 52, 32.512283, 49,        64, 56, 6.2676125, 67, 643.33984, 72, 128.88863, 77, 37.843750, 83,         0,110,         0,116,         4,164,         1
59C,2016/09/06 20:40:00, 50, 19.846004, 51, 78.320145, 52, 58.474144, 49,        64, 56, 6.2676125, 67, 643.33984, 72, 128.87390, 77, 37.843750, 83,         0,110,         3,116,         4,164,         1
50C,2016/09/06 20:41:00, 50, 17.720371, 51, 24.279562, 52, 6.5591908, 49,        64, 56, 6.2676125, 67, 643.33984, 72, 129.50900, 77, 37.843750, 83,         0,110,         2,116,         4,164,         1
55C,2016/09/06 20:42:00, 50, 24.246353, 51, 85.007843, 52, 60.761490, 49,        64, 56, 6.2676125, 67, 643.33984, 72, 128.82478, 77, 37.843750, 83,         0,110,         7,116,         4,164,         1
50C,2016/09/06 20:43:00, 50, 16.466953, 51, 78.115387, 52, 61.648437, 49,        64, 56, 6.2676125, 67, 643.33984, 72, 129.46291, 77, 37.843750, 83,         0,110,         1,116,         4,164,         1
58C,2016/09/06 20:44:00, 50, 21.930077, 51, 76.257637, 52, 54.327560, 49,        64, 56, 6.2676125, 67, 643.33984, 72, 128.79033, 77, 37.843750, 83,         0,110,         0,116,         4,164,         1
50C,2016/09/06 20:45:00, 50, 9.6414776, 51, 40.641106, 52, 30.999630, 49,        64, 56, 6.2676125, 67, 643.33984, 72, 128.78023, 77, 37.812500, 83,         0,110,         3,116,         4,164,         1
53C,2016/09/06 20:46:00, 50,-7.0427980, 51, 24.651581, 52, 31.694378, 49,        64, 56, 6.2676125, 67, 643.33984, 72, 129.41759, 77, 37.812500, 83,         0,110,         2,116,         4,164,         1
59C,2016/09/06 20:47:00, 50, 1.6411505, 51, 40.780857, 52, 39.139709, 49,        64, 56, 6.2676125, 67, 643.33984, 72, 128.73843, 77, 37.812500, 83,         0,110,         7,116,         4,164,         1
5CC,2016/09/06 20:48:00, 50, 8.8227329, 51, 51.381966, 52, 42.559235, 49,        64, 56, 6.2676125, 67, 643.33984, 72, 129.38660, 77, 37.843750, 83,         0,110,         1,116,         4,164,         1
58C,2016/09/06 20:49:00, 50, 21.529827, 51, 60.608624, 52, 39.078796, 49,        64, 56, 6.2676125, 67, 643.33984, 72, 128.65218, 77, 37.843750, 83,         0,110,         0,116,         4,164,         1
59C,2016/09/06 20:50:00, 50, 8.9881897, 51, 50.899887, 52, 41.911697, 49,        64, 56, 6.2676125, 67, 643.33984, 72, 128.59605, 77, 37.843750, 83,         0,110,         3,116,         4,164,         1
53C,2016/09/06 20:51:00, 50, 21.058178, 51, 85.730339, 52, 64.672165, 49,        64, 56, 6.2676125, 67, 643.33984, 72, 129.19716, 77, 37.875000, 83,         0,110,         2,116,         4,164,         1
5DC,2016/09/06 20:52:00, 50, 12.866262, 51, 65.696304, 52, 52.830048, 49,        64, 56, 6.2676125, 67, 643.33984, 72, 128.52162, 77, 37.875000, 83,         0,110,         7,116,         4,164,         1
51C,2016/09/06 20:53:00, 50, 11.597176, 51, 57.548149, 52, 45.950974, 49,        64, 56, 6.2676125, 67, 643.33984, 72, 129.17894, 77, 37.875000, 83,         0,110,         1,116,         4,164,         1
55C,2016/09/06 20:54:00, 50, 7.6353168, 51, 76.256348, 52, 68.621033, 49,        64, 56, 6.2676125, 67, 643.33984, 72, 128.50122, 77, 37.875000, 83,         0,110,         0,116,         4,164,         1
56C,2016/09/06 20:55:00, 50, 2.8890595, 51, 51.730846, 52, 48.841789, 49,        64, 56, 6.2676125, 67, 643.33984, 72, 128.49294, 77, 37.843750, 83,         0,110,         3,116,         4,164,         1
5FC,2016/09/06 20:56:00, 50,-2.3942833, 51, 36.215870, 52, 38.610153, 49,        64, 56, 6.2676125, 67, 643.33984, 72, 129.12811, 77, 37.843750, 83,         0,110,         2,116,         4,164,         1
57C,2016/09/06 20:57:00, 50, 0.7024151, 51, 28.686850, 52, 27.984436, 49,        64, 56, 6.2676125, 67, 643.33984, 72, 128.44298, 77, 37.812500, 83,         0,110,         7,116,         4,164,         1
56C,2016/09/06 20:58:00, 50, 108.17439, 51, 453.95398, 52, 345.77960, 49,        64, 56, 6.2676125, 67, 643.33984, 72, 129.07513, 77, 37.812500, 83,         0,110,         1,116,         4,164,         1
56C,2016/09/06 20:59:00, 50, 54.925011, 51, 62.494099, 52, 7.5690899, 49,        64, 56, 6.2676125, 67, 643.33984, 72, 128.39784, 77, 37.781250, 83,         0,110,         0,116,         4,164,         1
5DC,2016/09/06 21:00:00, 50, 60.655106, 51, 114.50917, 52, 53.854065, 49,        64, 56, 6.2676125, 67, 643.33984, 72, 128.38058, 77, 37.781250, 83,         0,110,         3,116,         4,164,         1
5BC,2016/09/06 21:01:00, 50, 58.157333, 51, 123.66278, 52, 65.505447, 49,        64, 56, 6.2676125, 67, 643.33984, 72, 129.04971, 77, 37.750000, 83,         0,110,         2,116,         4,164,         1
59C,2016/09/06 21:02:00, 50, 21.927387, 51, 48.463017, 52, 26.535629, 49,        64, 56, 6.2676125, 67, 643.33984, 72, 128.37799, 77, 37.781250, 83,         0,110,         7,116,         4,164,         1
55C,2016/09/06 21:03:00, 50, 46.152985, 51, 109.73069, 52, 63.577705, 49,        64, 56, 6.2676125, 67, 643.33984, 72, 129.04842, 77, 37.781250, 83,         0,110,         1,116,         4,164,         1
53C,2016/09/06 21:04:00, 50, 24.243423, 51, 110.91380, 52, 86.670380, 49,        64, 56, 6.2676125, 67, 643.33984, 72, 128.38132, 77, 37.781250, 83,         0,110,         0,116,         4,164,         1
51C,2016/09/06 21:05:00, 50, 17.666737, 51, 61.647953, 52, 43.981216, 49,        64, 56, 6.2676125, 67, 643.33984, 72, 128.37662, 77, 37.781250, 83,         0,110,         3,116,         4,164,         1
59C,2016/09/06 21:06:00, 50, 11.165571, 51, 11.838499, 52, 0.6729286, 49,        64, 56, 6.2676125, 67, 643.33984, 72, 129.00565, 77, 37.812500, 83,         0,110,         2,116,         4,164,         1
5AC,2016/09/06 21:07:00, 50, 14.258486, 51, 40.731899, 52, 26.473415, 49,        64, 56, 6.2676125, 67, 643.33984, 72, 128.28766, 77, 37.812500, 83,         0,110,         7,116,         4,164,         1
5BC,2016/09/06 21:08:00, 50, 16.709084, 51, 63.208488, 52, 46.499405, 49,        64, 56, 6.2676125, 67, 643.33984, 72, 128.92966, 77, 37.843750, 83,         0,110,         1,116,         4,164,         1
5CC,2016/09/06 21:09:00, 50, 10.568716, 51, 49.954395, 52, 39.385681, 49,        64, 56, 6.2676125, 67, 643.33984, 72, 128.23701, 77, 37.843750, 83,         0,110,         0,116,         4,164,         1
5CC,2016/09/06 21:10:00, 50, 59.923424, 51, 112.96781, 52, 53.044388, 49,        64, 56, 6.2676125, 67, 643.33984, 72, 128.22520, 77, 37.843750, 83,         0,110,         3,116,         4,164,         1
5AC,2016/09/06 21:11:00, 50, 27.828846, 51, 56.936607, 52, 29.107761, 49,        64, 56, 6.2676125, 67, 643.33984, 72, 128.87344, 77, 37.812500, 83,         0,110,         2,116,         4,164,         1
5FC,2016/09/06 21:12:00, 50, 46.948067, 51, 71.399796, 52, 24.451733, 49,        64, 56, 6.2676125, 67, 643.33984, 72, 128.20944, 77, 37.812500, 83,         0,110,         7,116,         4,164,         1
5AC,2016/09/06 21:13:00, 50, 2.3740206, 51, 39.752720, 52, 37.378700, 49,        64, 56, 6.2676125, 67, 643.33984, 72, 128.89322, 77, 37.781250, 83,         0,110,         1,116,         4,164,         1
5CC,2016/09/06 21:14:00, 50, 11.334217, 51, 45.520908, 52, 34.186691, 49,        64, 56, 6.2676125, 67, 643.33984, 72, 128.23636, 77, 37.812500, 83,         0,110,         0,116,         4,164,         1
54C,2016/09/06 21:15:00, 50, 10.479633, 51, 37.909916, 52, 27.430283, 49,        64, 56, 6.2676125, 67, 643.33984, 72, 128.21655, 77, 37.812500, 83,         0,110,         3,116,         4,164,         1
53C,2016/09/06 21:16:00, 50, 10.805449, 51, 29.730852, 52, 18.925404, 49,        64, 56, 6.2676125, 67, 643.33984, 72, 128.84265, 77, 37.843750, 83,         0,110,         2,116,         4,164,         1
55C,2016/09/06 21:17:00, 50, 19.641720, 51, 125.74329, 52, 106.10158, 49,        64, 56, 6.2676125, 67, 643.33984, 72, 128.16220, 77, 37.812500, 83,         0,110,         7,116,         4,164,         1
5FC,2016/09/06 21:18:00, 50, 0.3602845, 51, 36.386742, 52, 36.026459, 49,        64, 56, 6.2676125, 67, 643.33984, 72, 128.85349, 77, 37.812500, 83,         0,110,         1,116,         4,164,         1
54C,2016/09/06 21:19:00, 50, 16.403286, 51, 37.988876, 52, 21.585590, 49,        64, 56, 6.2676125, 67, 643.33984, 72, 128.18617, 77, 37.812500, 83,         0,110,         0,116,         4,164,         1
5FC,2016/09/06 21:20:00, 50, 21.772144, 51, 52.303368, 52, 30.531223, 49,        64, 56, 6.2676125, 67, 643.33984, 72, 128.17197, 77, 37.812500, 83,         0,110,         3,116,         4,164,         1
5DC,2016/09/06 21:21:00, 50, 30.788742, 51, 78.724213, 52, 47.935471, 49,        64, 56, 6.2676125, 67, 643.33984, 72, 128.82018, 77, 37.812500, 83,         0,110,         2,116,         4,164,         1
5DC,2016/09/06 21:22:00, 50, 111.43657, 51, 109.58752, 52,-1.8490515, 49,        64, 56, 6.2676125, 67, 643.33984, 72, 128.16949, 77, 37.750000, 83,         0,110,         7,116,         4,164,         1
53C,2016/09/06 21:23:00, 50, 61.807579, 51, 106.57233, 52, 44.764748, 49,        64, 56, 6.2676125, 67, 643.33984, 72, 128.83249, 77, 37.781250, 83,         0,110,         1,116,         4,164,         1
50C,2016/09/06 21:24:00, 50, 21.097824, 51, 65.695946, 52, 44.598122, 49,        64, 56, 6.2676125, 67, 643.33984, 72, 128.16811, 77, 37.781250, 83,         0,110,         0,116,         4,164,         1
51C,2016/09/06 21:25:00, 50, 4.2042952, 51, 50.158974, 52, 45.954681, 49,        64, 56, 6.2676125, 67, 643.33984, 72, 128.15755, 77, 37.781250, 83,         0,110,         3,116,         4,164,         1
5BC,2016/09/06 21:26:00, 50, 31.520748, 51, 54.230820, 52, 22.710072, 49,        64, 56, 6.2676125, 67, 643.33984, 72, 128.84000, 77, 37.750000, 83,         0,110,         2,116,         4,164,         1
53C,2016/09/06 21:27:00, 50, 35.049080, 51, 67.519012, 52, 32.469933, 49,        64, 56, 6.2676125, 67, 643.33984, 72, 128.18414, 77, 37.750000, 83,         0,110,         7,116,         4,164,         1
59C,2016/09/06 21:28:00, 50, 70.963379, 51, 126.21112, 52, 55.247742, 49,        64, 56, 6.2676125, 67, 643.33984, 72, 128.88503, 77, 37.750000, 83,         0,110,         1,116,         4,164,         1
5FC,2016/09/06 21:29:00, 50, 14.679216, 51, 38.139717, 52, 23.460503, 49,        64, 56, 6.2676125, 67, 643.33984, 72, 128.21605, 77, 37.718750, 83,         0,110,         0,116,         4,164,         1
59C,2016/09/06 21:30:00, 50, 16.014267, 51, 58.597366, 52, 42.583099, 49,        64, 56, 6.2676125, 67, 643.33984, 72, 128.22762, 77, 37.750000, 83,         0,110,         3,116,         4,164,         1
52C,2016/09/06 21:31:00, 50, 3.6620688, 51, 39.939312, 52, 36.277245, 49,        64, 56, 6.2676125, 67, 643.33984, 72, 128.88824, 77, 37.750000, 83,         0,110,         2,116,         4,164,         1
56C,2016/09/06 21:32:00, 50, 23.847721, 51, 29.970566, 52, 6.1228447, 49,        64, 56, 6.2676125, 67, 643.33984, 72, 128.19954, 77, 37.750000, 83,         0,110,         7,116,         4,164,         1
51C,2016/09/06 21:33:00, 50, 4.3744526, 51, 46.032700, 52, 41.658249, 49,        64, 56, 6.2676125, 67, 643.33984, 72, 128.86330, 77, 37.812500, 83,         0,110,         1,116,         4,164,         1
50C,2016/09/06 21:34:00, 50, 3.6170721, 51, 33.499924, 52, 29.882854, 49,        64, 56, 6.2676125, 67, 643.33984, 72, 128.20015, 77, 37.781250, 83,         0,110,         0,116,         4,164,         1
50C,2016/09/06 21:35:00, 50, 14.639656, 51, 60.982460, 52, 46.342804, 49,        64, 56, 6.2676125, 67, 643.33984, 72, 128.19070, 77, 37.812500, 83,         0,110,         3,116,         4,164,         1
56C,2016/09/06 21:36:00, 50, 1.1229374, 51, 10.133050, 52, 9.0101128, 49,        64, 56, 6.2676125, 67, 643.33984, 72, 128.83907, 77, 37.812500, 83,         0,110,         2,116,         4,164,         1
52C,2016/09/06 21:37:00, 50, 6.5293112, 51, 34.639023, 52, 28.109715, 49,        64, 56, 6.2676125, 67, 643.33984, 72, 128.13803, 77, 37.812500, 83,         0,110,         7,116,         4,164,         1
58C,2016/09/06 21:38:00, 50, 1.2100196, 51, 55.169529, 52, 53.959511, 49,        64, 56, 6.2676125, 67, 643.33984, 72, 128.79803, 77, 37.781250, 83,         0,110,         1,116,         4,164,         1
55C,2016/09/06 21:39:00, 50, 19.853336, 51, 49.007103, 52, 29.153767, 49,        64, 56, 6.2676125, 67, 643.33984, 72, 128.10760, 77, 37.781250, 83,         0,110,         0,116,         4,164,         1
5AC,2016/09/06 21:40:00, 50, 12.501947, 51, 53.176170, 52, 40.674225, 49,        64, 56, 6.2676125, 67, 643.33984, 72, 128.09653, 77, 37.781250, 83,         0,110,         3,116,         4,164,         1
5AC,2016/09/06 21:41:00, 50, 10.029310, 51, 37.225456, 52, 27.196148, 49,        64, 56, 6.2676125, 67, 643.33984, 72, 128.75177, 77, 37.750000, 83,         0,110,         2,116,         4,164,         1
5BC,2016/09/06 21:42:00, 50, 16.614517, 51, 27.736650, 52, 11.122133, 49,        64, 56, 6.2676125, 67, 643.33984, 72, 128.05684, 77, 37.750000, 83,         0,110,         7,116,         4,164,         1
55C,2016/09/06 21:43:00, 50, 12.336538, 51, 64.050377, 52, 51.713844, 49,        64, 56, 6.2676125, 67, 643.33984, 72, 128.71391, 77, 37.718750, 83,         0,110,         1,116,         4,164,         1
52C,2016/09/06 21:44:00, 50, 4.3368187, 51, 22.340965, 52, 18.004147, 49,        64, 56, 6.2676125, 67, 643.33984, 72, 128.05801, 77, 37.718750, 83,         0,110,         0,116,         4,164,         1
5DC,2016/09/06 21:45:00, 50, 15.597630, 51, 2.1031570, 52,-13.494473, 49,        64, 56, 6.2676125, 67, 643.33984, 72, 128.04927, 77, 37.718750, 83,         0,110,         3,116,         4,164,         1
55C,2016/09/06 21:46:00, 50,-1.7725449, 51, 26.167789, 52, 27.940334, 49,        64, 56, 6.2676125, 67, 643.33984, 72, 128.71623, 77, 37.687500, 83,         0,110,         2,116,         4,164,         1
5BC,2016/09/06 21:47:00, 50, 9.9991779, 51, 15.310192, 52, 5.3110142, 49,        64, 56, 6.2676125, 67, 643.33984, 72, 128.04633, 77, 37.687500, 83,         0,110,         7,116,         4,164,         1
55C,2016/09/06 21:48:00, 50, 11.023647, 51, 23.382746, 52, 12.359098, 49,        64, 56, 6.2676125, 67, 643.33984, 72, 128.72255, 77, 37.687500, 83,         0,110,         2,116,         4,164,         1
56C,2016/09/06 21:49:00, 50, 14.605640, 51, 49.420353, 52, 34.814713, 49,        64, 56, 6.2676125, 67, 643.33984, 72, 128.06248, 77, 37.656250, 83,         0,110,         0,116,         4,164,         1
59C,2016/09/06 21:50:00, 50, 12.834538, 51, 58.531399, 52, 45.696861, 49,        64, 56, 6.2676125, 67, 643.33984, 72, 128.06065, 77, 37.656250, 83,         0,110,         3,116,         4,164,         1
53C,2016/09/06 21:51:00, 50, 18.529621, 51, 46.771122, 52, 28.241501, 49,        64, 56, 6.2676125, 67, 643.33984, 72, 128.72826, 77, 37.625000, 83,         0,110,         2,116,         4,164,         1
55C,2016/09/06 21:52:00, 50, 34.837143, 51, 58.624226, 52, 23.787083, 49,        64, 56, 6.2676125, 67, 643.33984, 72, 128.07056, 77, 37.625000, 83,         0,110,         7,116,         4,164,         1
5BC,2016/09/06 21:53:00, 50, 4.0255089, 51, 49.534428, 52, 45.508919, 49,        64, 56, 6.2676125, 67, 643.33984, 72, 128.72496, 77, 37.593750, 83,         0,110,         1,116,         4,164,         1
5AC,2016/09/06 21:54:00, 50, 40.750610, 51, 50.945183, 52, 10.194572, 49,        64, 56, 6.2676125, 67, 643.33984, 72, 128.05682, 77, 37.593750, 83,         0,110,         0,116,         4,164,         1
56C,2016/09/06 21:55:00, 50, 17.325333, 51, 75.408882, 52, 58.083549, 49,        64, 56, 6.2676125, 67, 643.33984, 72, 128.05650, 77, 37.562500, 83,         0,110,         3,116,         4,164,         1
5CC,2016/09/06 21:56:00, 50, 21.021107, 51, 47.596554, 52, 26.575447, 49,        64, 56, 6.2676125, 67, 643.33984, 72, 128.72737, 77, 37.531250, 83,         0,110,         2,116,         4,164,         1
5FC,2016/09/06 21:57:00, 50, 68.855118, 51, 153.27118, 52, 84.416061, 49,        64, 56, 6.2676125, 67, 643.33984, 72, 128.07404, 77, 37.500000, 83,         0,110,         7,116,         4,164,         1
5BC,2016/09/06 21:58:00, 50, 5.0739040, 51, 39.212406, 52, 34.138504, 49,        64, 56, 6.2676125, 67, 643.33984, 72, 128.75269, 77, 37.500000, 83,         0,110,         1,116,         4,164,         1
53C,2016/09/06 21:59:00, 50, 13.000034, 51, 40.238792, 52, 27.238758, 49,        64, 56, 6.2676125, 67, 643.33984, 72, 128.08994, 77, 37.500000, 83,         0,110,         0,116,         4,164,         1
57C,2016/09/06 22:00:00, 50, 6.1364174, 51, 48.795322, 52, 42.658905, 49,        64, 56, 6.2676125, 67, 643.33984, 72, 128.09248, 77, 37.500000, 83,         0,110,         3,116,         4,164,         1
59C,2016/09/06 22:01:00, 50, 35.659386, 51, 37.295856, 52, 1.6364744, 49,        64, 56, 6.2676125, 67, 643.33984, 72, 128.74680, 77, 37.531250, 83,         0,110,         3,116,         4,164,         1
51C,2016/09/06 22:02:00, 50, 18.538723, 51, 46.173634, 52, 27.634911, 49,        64, 56, 6.2676125, 67, 643.33984, 72, 128.07248, 77, 37.531250, 83,         0,110,         7,116,         4,164,         1
55C,2016/09/06 22:03:00, 50, 24.631016, 51, 45.221668, 52, 20.590652, 49,        64, 56, 6.2676125, 67, 643.33984, 72, 128.75426, 77, 37.531250, 83,         0,110,         1,116,         4,164,         1
5EC,2016/09/06 22:04:00, 50, 14.485456, 51, 13.024755, 52,-1.4607012, 49,        64, 56, 6.2676125, 67, 643.33984, 72, 128.09300, 77, 37.562500, 83,         0,110,         1,116,         4,164,         1
57C,2016/09/06 22:05:00, 50, 76.795364, 51, 158.55203, 52, 81.756668, 49,        64, 56, 6.2676125, 67, 643.33984, 72, 128.10762, 77, 37.562500, 83,         0,110,         0,116,         4,164,         1
5AC,2016/09/06 22:06:00, 50, 19.680626, 51, 5.7343845, 52,-13.946241, 49,        64, 56, 6.2676125, 67, 643.33984, 72, 128.77962, 77, 37.593750, 83,         0,110,         3,116,         4,164,         1
58C,2016/09/06 22:07:00, 50, 16.289261, 51, 42.448582, 52, 26.159321, 49,        64, 56, 6.2676125, 67, 643.33984, 72, 128.11052, 77, 37.625000, 83,         0,110,         7,116,         4,164,         1
58C,2016/09/06 22:08:00, 50,-4.1439943, 51, 36.802570, 52, 40.946564, 49,        64, 56, 6.2676125, 67, 643.33984, 72, 128.72624, 77, 37.593750, 83,         0,110,         2,116,         4,164,         1
51C,2016/09/06 22:09:00, 50,-6.6191311, 51, 19.422895, 52, 26.042027, 49,        64, 56, 6.2676125, 67, 643.33984, 72, 128.02559, 77, 37.593750, 83,         0,110,         1,116,         4,164,         1
54C,2016/09/06 22:10:00, 50, 0.4914266, 51, 33.278137, 52, 32.786713, 49,        64, 56, 6.2676125, 67, 643.33984, 72, 128.02174, 77, 37.593750, 83,         0,110,         0,116,         4,164,         1
53C,2016/09/06 22:11:00, 50, 12.002226, 51, 23.400467, 52, 11.398241, 49,        64, 56, 6.2676125, 67, 643.33984, 72, 128.69795, 77, 37.625000, 83,         0,110,         3,116,         4,164,         1
54C,2016/09/06 22:12:00, 50, 39.435638, 51, 31.546600, 52,-7.8890390, 49,        64, 56, 6.2676125, 67, 643.33984, 72, 128.06232, 77, 37.593750, 83,         0,110,         7,116,         4,164,         1
54C,2016/09/06 22:13:00, 50, 8.3055229, 51, 48.352169, 52, 40.046646, 49,        64, 56, 6.2676125, 67, 643.33984, 72, 128.73593, 77, 37.593750, 83,         0,110,         1,116,         4,164,         1
5DC,2016/09/06 22:14:00, 50, 1.1406133, 51, 19.287596, 52, 18.146984, 49,        64, 56, 6.2676125, 67, 643.33984, 72, 128.08437, 77, 37.562500, 83,         0,110,         0,116,         4,164,         1
56C,2016/09/06 22:15:00, 50,-8.8567257, 51, 23.146923, 52, 32.003647, 49,        64, 56, 6.2676125, 67, 643.33984, 72, 128.05762, 77, 37.562500, 83,         0,110,         3,116,         4,164,         1
5EC,2016/09/06 22:16:00, 50,-4.8700991, 51, 10.833173, 52, 15.703272, 49,        64, 56, 6.2676125, 67, 643.33984, 72, 128.69780, 77, 37.531250, 83,         0,110,         2,116,         4,164,         1
50C,2016/09/06 22:17:00, 50, 12.087027, 51, 33.832684, 52, 21.745659, 49,        64, 56, 6.2676125, 67, 643.33984, 72, 128.00740, 77, 37.531250, 83,         0,110,         7,116,         4,164,         1
5EC,2016/09/06 22:18:00, 50, 93.562073, 51, 125.75880, 52, 32.196724, 49,        64, 56, 6.2676125, 67, 643.33984, 72, 128.68384, 77, 37.500000, 83,         0,110,         1,116,         4,164,         1
59C,2016/09/06 22:19:00, 50, 22.341343, 51, 40.261265, 52, 17.919922, 49,        64, 56, 6.2676125, 67, 643.33984, 72, 128.02904, 77, 37.500000, 83,         0,110,         0,116,         4,164,         1
58C,2016/09/06 22:20:00, 50, 51.056732, 51, 87.337738, 52, 36.281006, 49,        64, 56, 6.2676125, 67, 643.33984, 72, 128.02026, 77, 37.500000, 83,         0,110,         3,116,         4,164,         1
5AC,2016/09/06 22:21:00, 50, 13.365011, 51, 25.130589, 52, 11.765577, 49,        64, 56, 6.2676125, 67, 643.33984, 72, 128.68954, 77, 37.468750, 83,         0,110,         2,116,         4,164,         1
5AC,2016/09/06 22:22:00, 50, 8.6162434, 51, 33.114510, 52, 24.498268, 49,        64, 56, 6.2676125, 67, 643.33984, 72, 128.02921, 77, 37.437500, 83,         0,110,         7,116,         4,164,         1
5DC,2016/09/06 22:23:00, 50,-2.9540963, 51, 11.426579, 52, 14.380674, 49,        64, 56, 6.2676125, 67, 643.33984, 72, 128.67674, 77, 37.437500, 83,         0,110,         1,116,         4,164,         1
5CC,2016/09/06 22:24:00, 50, 19.008049, 51, 18.952513, 52,-0.0555371, 49,        64, 56, 6.2676125, 67, 643.33984, 72, 127.99025, 77, 37.406250, 83,         0,110,         0,116,         4,164,         1
5AC,2016/09/06 22:25:00, 50, 3.3968120, 51, 25.523752, 52, 22.126942, 49,        64, 56, 6.2676125, 67, 643.33984, 72, 127.97635, 77, 37.437500, 83,         0,110,         3,116,         4,164,         1
50C,2016/09/06 22:26:00, 50, 9.1113186, 51, 16.437975, 52, 7.3266563, 49,        64, 56, 6.2676125, 67, 643.33984, 72, 128.65768, 77, 37.406250, 83,         0,110,         2,116,         4,164,         1
50C,2016/09/06 22:27:00, 50, 11.496881, 51, 21.898689, 52, 10.401808, 49,        64, 56, 6.2676125, 67, 643.33984, 72, 128.00645, 77, 37.375000, 83,         0,110,         7,116,         4,164,         1
55C,2016/09/06 22:28:00, 50, 19.660366, 51, 44.960526, 52, 25.300159, 49,        64, 56, 6.2676125, 67, 643.33984, 72, 128.71323, 77, 37.375000, 83,         0,110,         1,116,         4,164,         1
56C,2016/09/06 22:29:00, 50, 58.060616, 51, 73.965065, 52, 15.904449, 49,        64, 56, 6.2676125, 67, 643.33984, 72, 128.06049, 77, 37.343750, 83,         0,110,         0,116,         4,164,         1
5AC,2016/09/06 22:30:00, 50, 4.2100916, 51, 27.183041, 52, 22.972950, 49,        64, 56, 6.2676125, 67, 643.33984, 72, 128.06529, 77, 37.343750, 83,         0,110,         3,116,         4,164,         1
5FC,2016/09/06 22:31:00, 50, 10.158920, 51, 32.584587, 52, 22.425667, 49,        64, 56, 6.2676125, 67, 643.33984, 72, 128.72496, 77, 37.343750, 83,         0,110,         2,116,         4,164,         1
56C,2016/09/06 22:32:00, 50, 15.513924, 51, 87.573174, 52, 72.059250, 49,        64, 56, 6.2676125, 67, 643.33984, 72, 128.05569, 77, 37.343750, 83,         0,110,         7,116,         4,164,         1
52C,2016/09/06 22:33:00, 50, 35.028923, 51, 68.374283, 52, 33.345360, 49,        64, 56, 6.2676125, 67, 643.33984, 72, 128.72650, 77, 37.343750, 83,         0,110,         1,116,         4,164,         1
54C,2016/09/06 22:34:00, 50, 23.167561, 51, 70.892982, 52, 47.725426, 49,        64, 56, 6.2676125, 67, 643.33984, 72, 128.07144, 77, 37.312500, 83,         0,110,         0,116,         4,164,         1
5BC,2016/09/06 22:35:00, 50, 14.727684, 51, 37.641476, 52, 22.913792, 49,        64, 56, 6.2676125, 67, 643.33984, 72, 128.07892, 77, 37.312500, 83,         0,110,         3,116,         4,164,         1
55C,2016/09/06 22:36:00, 50, 45.188614, 51, 53.303936, 52, 8.1153240, 49,        64, 56, 6.2676125, 67, 643.33984, 72, 128.74246, 77, 37.250000, 83,         0,110,         2,116,         4,164,         1
51C,2016/09/06 22:37:00, 50, 6.5481949, 51, 19.407667, 52, 12.859472, 49,        64, 56, 6.2676125, 67, 643.33984, 72, 128.11064, 77, 37.250000, 83,         0,110,         7,116,         4,164,         1
5FC,2016/09/06 22:38:00, 50, 95.311935, 51, 133.53781, 52, 38.225883, 49,        64, 56, 6.2676125, 67, 643.33984, 72, 128.77054, 77, 37.250000, 83,         0,110,         1,116,         4,164,         1
51C,2016/09/06 22:39:00, 50, 34.716125, 51, 33.349056, 52,-1.3670707, 49,        64, 56, 6.2676125, 67, 643.33984, 72, 128.10051, 77, 37.187500, 83,         0,110,         0,116,         4,164,         1
58C,2016/09/06 22:40:00, 50, 38.566284, 51, 57.947578, 52, 19.381294, 49,        64, 56, 6.2676125, 67, 643.33984, 72, 128.12376, 77, 37.125000, 83,         0,110,         3,116,         4,164,         1
5BC,2016/09/06 22:41:00, 50, 32.658783, 51, 54.792786, 52, 22.134003, 49,        64, 56, 6.2676125, 67, 643.33984, 72, 128.79659, 77, 37.093750, 83,         0,110,         2,116,         4,164,         1
5FC,2016/09/06 22:42:00, 50, 19.281788, 51, 57.596889, 52, 38.315102, 49,        64, 56, 6.2676125, 67, 643.33984, 72, 128.15623, 77, 37.000000, 83,         0,110,         7,116,         4,164,         1
55C,2016/09/06 22:43:00, 50, 40.948158, 51, 64.643311, 52, 23.695156, 49,        64, 56, 6.2676125, 67, 643.33984, 72, 128.81079, 77, 36.968750, 83,         0,110,         2,116,         4,164,         1
59C,2016/09/06 22:44:00, 50, 2.4152265, 51, 62.406231, 52, 59.991005, 49,        64, 56, 6.2676125, 67, 643.33984, 72, 128.16583, 77, 36.937500, 83,         0,110,         1,116,         4,164,         1
53C,2016/09/06 22:45:00, 50, 66.242477, 51, 101.94957, 52, 35.707092, 49,        64, 56, 6.2676125, 67, 643.33984, 72, 128.20601, 77, 36.875000, 83,         0,110,         0,116,         4,164,         1
58C,2016/09/06 22:46:00, 50, 16.336212, 51, 59.602875, 52, 43.266663, 49,        64, 56, 6.2676125, 67, 643.33984, 72, 128.86008, 77, 36.843750, 83,         0,110,         3,116,         4,164,         1
5BC,2016/09/06 22:47:00, 50, 34.706429, 51, 84.144188, 52, 49.437759, 49,        64, 56, 6.2676125, 67, 643.33984, 72, 128.22334, 77, 36.812500, 83,         0,110,         7,116,         4,164,         1
55C,2016/09/06 22:48:00, 50, 35.003670, 51, 71.479057, 52, 36.475388, 49,        64, 56, 6.2676125, 67, 643.33984, 72, 128.86142, 77, 36.812500, 83,         0,110,         2,116,         4,164,         1
51C,2016/09/06 22:49:00, 50, 15.501925, 51, 31.932096, 52, 16.430172, 49,        64, 56, 6.2676125, 67, 643.33984, 72, 128.21292, 77, 36.812500, 83,         0,110,         1,116,         4,164,         1
5AC,2016/09/06 22:50:00, 50, 7.7659187, 51, 67.020081, 52, 59.254166, 49,        64, 56, 6.2676125, 67, 643.33984, 72, 128.22176, 77, 36.781250, 83,         0,110,         0,116,         4,164,         1
50C,2016/09/06 22:51:00, 50, 17.413582, 51, 52.116226, 52, 34.702644, 49,        64, 56, 6.2676125, 67, 643.33984, 72, 128.89261, 77, 36.781250, 83,         0,110,         3,116,         4,164,         1
5BC,2016/09/06 22:52:00, 50, 28.608616, 51, 15.035093, 52,-13.573523, 49,        64, 56, 6.2676125, 67, 643.33984, 72, 128.22560, 77, 36.781250, 83,         0,110,         7,116,         4,164,         1
56C,2016/09/06 22:53:00, 50, 15.260777, 51, 41.034817, 52, 25.774040, 49,        64, 56, 6.2676125, 67, 643.33984, 72, 128.88857, 77, 36.750000, 83,         0,110,         2,116,         4,164,         1
58C,2016/09/06 22:54:00, 50, 9.6645584, 51, 54.491127, 52, 44.826569, 49,        64, 56, 6.2676125, 67, 643.33984, 72, 128.21643, 77, 36.750000, 83,         0,110,         1,116,         4,164,         1
59C,2016/09/06 22:55:00, 50, 14.019701, 51, 30.832006, 52, 16.812305, 49,        64, 56, 6.2676125, 67, 643.33984, 72, 128.21120, 77, 36.750000, 83,         0,110,         0,116,         4,164,         1
59C,2016/09/06 22:56:00, 50, 188.23953, 51, 367.16885, 52, 178.92932, 49,        64, 56, 6.2676125, 67, 643.33984, 72, 128.86661, 77, 36.750000, 83,         0,110,         3,116,         4,164,         1
58C,2016/09/06 22:57:00, 50, 15.708359, 51, 33.777840, 52, 18.069481, 49,        64, 56, 6.2676125, 67, 643.33984, 72, 128.20343, 77, 36.781250, 83,         0,110,         7,116,         4,164,         1
56C,2016/09/06 22:58:00, 50, 29.168201, 51, 26.635283, 52,-2.5329189, 49,        64, 56, 6.2676125, 67, 643.33984, 72, 128.87302, 77, 36.781250, 83,         0,110,         2,116,         4,164,         1
53C,2016/09/06 22:59:00, 50, 116.96902, 51, 132.08453, 52, 15.115509, 49,        64, 56, 6.2676125, 67, 643.33984, 72, 128.20363, 77, 36.781250, 83,         0,110,         1,116,         4,164,         1
5EC,2016/09/06 23:00:00, 50, 39.680191, 51, 71.692108, 52, 32.011917, 49,        64, 56, 6.2676125, 67, 643.33984, 72, 128.20047, 77, 36.781250, 83,         0,110,         0,116,         4,164,         1
5FC,2016/09/06 23:01:00, 50, 24.751228, 51, 67.969604, 52, 43.218376, 49,        64, 56, 6.2676125, 67, 643.33984, 72, 128.87921, 77, 36.781250, 83,         0,110,         3,116,         4,164,         1
5BC,2016/09/06 23:02:00, 50, 17.612034, 51, 47.770882, 52, 30.158848, 49,        64, 56, 6.2676125, 67, 643.33984, 72, 128.19278, 77, 36.750000, 83,         0,110,         7,116,         4,164,         1
5FC,2016/09/06 23:03:00, 50, 21.360043, 51, 47.068386, 52, 25.708344, 49,        64, 56, 6.2676125, 67, 643.33984, 72, 128.78871, 77, 36.750000, 83,         0,110,         2,116,         4,164,         1
57C,2016/09/06 23:04:00, 50, 43.132484, 51, 80.057106, 52, 36.924622, 49,        64, 56, 6.2676125, 67, 643.33984, 72, 128.18394, 77, 36.718750, 83,         0,110,         1,116,         4,164,         1
5CC,2016/09/06 23:05:00, 50, 28.480396, 51, 41.435265, 52, 12.954868, 49,        64, 56, 6.2676125, 67, 643.33984, 72, 128.22481, 77, 36.750000, 83,         0,110,         0,116,         4,164,         1
5DC,2016/09/06 23:06:00, 50, 17.117939, 51, 22.673706, 52, 5.5557671, 49,        64, 56, 6.2676125, 67, 643.33984, 72, 128.87422, 77, 36.750000, 83,         0,110,         3,116,         4,164,         1
5CC,2016/09/06 23:07:00, 50, 9.3209019, 51, 37.105305, 52, 27.784405, 49,        64, 56, 6.2676125, 67, 643.33984, 72, 128.15739, 77, 36.750000, 83,         0,110,         7,116,         4,164,         1
57C,2016/09/06 23:08:00, 50, 23.316055, 51, 37.587692, 52, 14.271639, 49,        64, 56, 6.2676125, 67, 643.33984, 72, 128.77254, 77, 36.750000, 83,         0,110,         2,116,         4,164,         1
51C,2016/09/06 23:09:00, 50, 34.593903, 51, 62.018959, 52, 27.425056, 49,        64, 56, 6.2676125, 67, 643.33984, 72, 128.09093, 77, 36.750000, 83,         0,110,         1,116,         4,164,         1
55C,2016/09/06 23:10:00, 50, 33.002632, 51, 47.467613, 52, 14.464983, 49,        64, 56, 6.2676125, 67, 643.33984, 72, 128.10008, 77, 36.687500, 83,         0,110,         0,116,         4,164,         1
5EC,2016/09/06 23:11:00, 50, 28.859146, 51, 54.093147, 52, 25.234001, 49,        64, 56, 6.2676125, 67, 643.33984, 72, 128.77313, 77, 36.687500, 83,         0,110,         3,116,         4,164,         1
5FC,2016/09/06 23:12:00, 50, 10.001011, 51, 39.656223, 52, 29.655212, 49,        64, 56, 6.2676125, 67, 643.33984, 72, 128.11385, 77, 36.656250, 83,         0,110,         7,116,         4,164,         1
5EC,2016/09/06 23:13:00, 50, 27.638405, 51, 47.665451, 52, 20.027046, 49,        64, 56, 6.2676125, 67, 643.33984, 72, 128.81392, 77, 36.656250, 83,         0,110,         2,116,         4,164,         1
54C,2016/09/06 23:14:00, 50, 11.058096, 51, 21.642971, 52, 10.584875, 49,        64, 56, 6.2676125, 67, 643.33984, 72, 128.14255, 77, 36.687500, 83,         0,110,         1,116,         4,164,         1
59C,2016/09/06 23:15:00, 50, 2.8606405, 51, 6.7820883, 52, 3.9214478, 49,        64, 56, 6.2676125, 67, 643.33984, 72, 128.16039, 77, 36.656250, 83,         0,110,         0,116,         4,164,         1
5EC,2016/09/06 23:16:00, 50,-3.6118321, 51, 8.7635841, 52, 12.375416, 49,        64, 56, 6.2676125, 67, 643.33984, 72, 128.83430, 77, 36.656250, 83,         0,110,         3,116,         4,164,         1
56C,2016/09/06 23:17:00, 50, 23.792099, 51, 66.400414, 52, 42.608315, 49,        64, 56, 6.2676125, 67, 643.33984, 72, 128.16367, 77, 36.656250, 83,         0,110,         7,116,         4,164,         1
52C,2016/09/06 23:18:00, 50, 8.4114838, 51, 36.999306, 52, 28.587822, 49,        64, 56, 6.2676125, 67, 643.33984, 72, 128.80925, 77, 36.656250, 83,         0,110,         2,116,         4,164,         1
5DC,2016/09/06 23:19:00, 50, 20.858284, 51, 37.041550, 52, 16.183266, 49,        64, 56, 6.2676125, 67, 643.33984, 72, 128.14246, 77, 36.625000, 83,         0,110,         1,116,         4,164,         1
59C,2016/09/06 23:20:00, 50, 91.629807, 51, 161.77798, 52, 70.148178, 49,        64, 56, 6.2676125, 67, 643.33984, 72, 128.14035, 77, 36.625000, 83,         0,110,         0,116,         4,164,         1
5EC,2016/09/06 23:21:00, 50, 27.710602, 51, 58.479572, 52, 30.768970, 49,        64, 56, 6.2676125, 67, 643.33984, 72, 128.81401, 77, 36.625000, 83,         0,110,         3,116,         4,164,         1
56C,2016/09/06 23:22:00, 50, 9.0403442, 51, 16.316359, 52, 7.2760143, 49,        64, 56, 6.2676125, 67, 643.33984, 72, 128.11603, 77, 36.625000, 83,         0,110,         7,116,         4,164,         1
5FC,2016/09/06 23:23:00, 50, 7.0482807, 51, 46.507179, 52, 39.458900, 49,        64, 56, 6.2676125, 67, 643.33984, 72, 128.70020, 77, 36.593750, 83,         0,110,         2,116,         4,164,         1
56C,2016/09/06 23:24:00, 50, 29.245926, 51, 46.225868, 52, 16.979942, 49,        64, 56, 6.2676125, 67, 643.33984, 72, 128.02496, 77, 36.562500, 83,         0,110,         1,116,         4,164,         1
5EC,2016/09/06 23:25:00, 50,-4.3608484, 51, 20.965649, 52, 25.326496, 49,        64, 56, 6.2676125, 67, 643.33984, 72, 128.01874, 77, 36.531250, 83,         0,110,         0,116,         4,164,         1
54C,2016/09/06 23:26:00, 50, 4.0062323, 51, 24.830629, 52, 20.824398, 49,        64, 56, 6.2676125, 67, 643.33984, 72, 128.68622, 77, 36.531250, 83,         0,110,         3,116,         4,164,         1
5CC,2016/09/06 23:27:00, 50, 12.243235, 51, 32.186787, 52, 19.943554, 49,        64, 56, 6.2676125, 67, 643.33984, 72, 128.10475, 77, 36.468750, 83,         0,110,         7,116,         4,164,         1
55C,2016/09/06 23:28:00, 50, 17.912689, 51, 34.370773, 52, 16.458084, 49,        64, 56, 6.2676125, 67, 643.33984, 72, 128.73763, 77, 36.437500, 83,         0,110,         2,116,         4,164,         1
5AC,2016/09/06 23:29:00, 50, 20.041737, 51, 49.009567, 52, 28.967831, 49,        64, 56, 6.2676125, 67, 643.33984, 72, 128.05902, 77, 36.406250, 83,         0,110,         1,116,         4,164,         1
52C,2016/09/06 23:30:00, 50, 22.476860, 51, 46.530655, 52, 24.053795, 49,        64, 56, 6.2676125, 67, 643.33984, 72, 128.09967, 77, 36.437500, 83,         0,110,         0,116,         4,164,         1
59C,2016/09/06 23:31:00, 50, 22.740959, 51, 41.840477, 52, 19.099518, 49,        64, 56, 6.2676125, 67, 643.33984, 72, 128.72220, 77, 36.406250, 83,         0,110,         3,116,         4,164,         1
55C,2016/09/06 23:32:00, 50, 60.819618, 51, 142.58479, 52, 81.765182, 49,        64, 56, 6.2676125, 67, 643.33984, 72, 128.09337, 77, 36.406250, 83,         0,110,         7,116,         4,164,         1
5BC,2016/09/06 23:33:00, 50, 37.284927, 51, 62.109325, 52, 24.824398, 49,        64, 56, 6.2676125, 67, 643.33984, 72, 128.87451, 77, 36.406250, 83,         0,110,         2,116,         4,164,         1
56C,2016/09/06 23:34:00, 50, 17.427017, 51, 92.260361, 52, 74.833344, 49,        64, 56, 6.2676125, 67, 643.33984, 72, 128.26576, 77, 36.406250, 83,         0,110,         1,116,         4,164,         1
56C,2016/09/06 23:35:00, 50, 17.196384, 51, 41.675808, 52, 24.479424, 49,        64, 56, 6.2676125, 67, 643.33984, 72, 128.29616, 77, 36.437500, 83,         0,110,         0,116,         4,164,         1
5AC,2016/09/06 23:36:00, 50, 8.5554485, 51, 22.018690, 52, 13.463242, 49,        64, 56, 6.2676125, 67, 643.33984, 72, 128.96123, 77, 36.437500, 83,         0,110,         3,116,         4,164,         1
59C,2016/09/06 23:37:00, 50, 95.541870, 51, 15.682663, 52,-79.859207, 49,        64, 56, 6.2676125, 67, 643.33984, 72, 128.28976, 77, 36.437500, 83,         0,110,         7,116,         4,164,         1
5DC,2016/09/06 23:38:00, 50, 52.884712, 51, 46.416328, 52,-6.4683847, 49,        64, 56, 6.2676125, 67, 643.33984, 72, 128.89427, 77, 36.437500, 83,         0,110,         2,116,         4,164,         1
57C,2016/09/06 23:39:00, 50, 93.895081, 51, 75.943184, 52,-17.951897, 49,        64, 56, 6.2676125, 67, 643.33984, 72, 128.26286, 77, 36.437500, 83,         0,110,         1,116,         4,164,         1
5DC,2016/09/06 23:40:00, 50, 61.286644, 51, 65.913078, 52, 4.6264343, 49,        64, 56, 6.2676125, 67, 643.33984, 72, 128.21532, 77, 36.437500, 83,         0,110,         0,116,         4,164,         1
51C,2016/09/06 23:41:00, 50, 20.329865, 51, 59.587395, 52, 39.257530, 49,        64, 56, 6.2676125, 67, 643.33984, 72, 128.14774, 77, 36.406250, 83,         0,110,         3,116,         4,164,         1
50C,2016/09/06 23:42:00, 50, 30.060123, 51, 156.93410, 52, 126.87398, 49,        64, 56, 6.2676125, 67, 643.33984, 72, 128.08870, 77, 36.375000, 83,         0,110,         7,116,         4,164,         1
5CC,2016/09/06 23:43:00, 50,-2.1311612, 51, 16.906162, 52, 19.037323, 49,        64, 56, 6.2676125, 67, 643.33984, 72, 128.75616, 77, 36.343750, 83,         0,110,         2,116,         4,164,         1
54C,2016/09/06 23:44:00, 50, 24.246742, 51, 65.570786, 52, 41.324043, 49,        64, 56, 6.2676125, 67, 643.33984, 72, 128.78365, 77, 36.312500, 83,         0,110,         1,116,         4,164,         1
57C,2016/09/06 23:45:00, 50, 80.655716, 51, 161.43420, 52, 80.778488, 49,        64, 56, 6.2676125, 67, 643.33984, 72, 128.12939, 77, 36.281250, 83,         0,110,         0,116,         4,164,         1
5AC,2016/09/06 23:46:00, 50, 29.811378, 51, 31.200777, 52, 1.3893988, 49,        64, 56, 6.2676125, 67, 643.33984, 72, 128.14908, 77, 36.218750, 83,         0,110,         3,116,         4,164,         1
55C,2016/09/06 23:47:00, 50, 23.060558, 51, 68.427223, 52, 45.366669, 49,        64, 56, 6.2676125, 67, 643.33984, 72, 128.20665, 77, 36.218750, 83,         0,110,         7,116,         4,164,         1
5AC,2016/09/06 23:48:00, 50, 27.094959, 51, 92.677856, 52, 65.582901, 49,        64, 56, 6.2676125, 67, 643.33984, 72, 128.99243, 77, 36.218750, 83,         0,110,         2,116,         4,164,         1
51C,2016/09/06 23:49:00, 50, 19.128922, 51, 67.200844, 52, 48.071922, 49,        64, 56, 6.2676125, 67, 643.33984, 72, 129.04477, 77, 36.218750, 83,         0,110,         1,116,         4,164,         1
5AC,2016/09/06 23:50:00, 50, 17.911942, 51, 45.610527, 52, 27.698586, 49,        64, 56, 6.2676125, 67, 643.33984, 72, 128.39314, 77, 36.187500, 83,         0,110,         0,116,         4,164,         1
50C,2016/09/06 23:51:00, 50, 10.705061, 51, 46.730358, 52, 36.025299, 49,        64, 56, 6.2676125, 67, 643.33984, 72, 128.32271, 77, 36.218750, 83,         0,110,         3,116,         4,164,         1
5EC,2016/09/06 23:52:00, 50, 49.744415, 51, 82.105980, 52, 32.361565, 49,        64, 56, 6.2676125, 67, 643.33984, 72, 128.33224, 77, 36.187500, 83,         0,110,         7,116,         4,164,         1
5EC,2016/09/06 23:53:00, 50, 26.786335, 51, 84.990189, 52, 58.203857, 49,        64, 56, 6.2676125, 67, 643.33984, 72, 129.04919, 77, 36.187500, 83,         0,110,         2,116,         4,164,         1
5DC,2016/09/06 23:54:00, 50, 17.085827, 51, 30.137197, 52, 13.051371, 49,        64, 56, 6.2676125, 67, 643.33984, 72, 129.05180, 77, 36.187500, 83,         0,110,         1,116,         4,164,         1
5EC,2016/09/06 23:55:00, 50, 37.850838, 51, 64.909843, 52, 27.059006, 49,        64, 56, 6.2676125, 67, 643.33984, 72, 128.39493, 77, 36.156250, 83,         0,110,         0,116,         4,164,         1
58C,2016/09/06 23:56:00, 50, 48.861687, 51, 121.66181, 52, 72.800125, 49,        64, 56, 6.2676125, 67, 643.33984, 72, 128.36765, 77, 36.156250, 83,         0,110,         3,116,         4,164,         1
57C,2016/09/06 23:57:00, 50, 34.821213, 51, 58.757320, 52, 23.936108, 49,        64, 56, 6.2676125, 67, 643.33984, 72, 128.35654, 77, 36.156250, 83,         0,110,         7,116,         4,164,         1
52C,2016/09/06 23:58:00, 50, 24.852859, 51, 58.880760, 52, 34.027901, 49,        64, 56, 6.2676125, 67, 643.33984, 72, 129.02676, 77, 36.156250, 83,         0,110,         2,116,         4,164,         1
5EC,2016/09/06 23:59:00, 50, 35.913612, 51, 57.026459, 52, 21.112846, 49,        64, 56, 6.2676125, 67, 643.33984, 72, 129.01826, 77, 36.156250, 83,         0,110,         1,116,         4,164,         1
