43C,2019/05/17 12:41:00, 50, 0.0000000, 13,        22, 49,        64, 56, 1.0976870, 74, 11.869418, 73, 737.42096, 77, 23.625000, 79, 1.2347773, 75, 23.365921, 66,-0.3848267,116,         4, 84,-0.0259399
4DC,2019/05/17 12:42:00, 50, 0.0000000, 13,       176, 49,         4, 56, 1.0976870, 74, 11.838305, 73, 737.94727, 77, 24.187500, 79, 1.2347773, 75, 25.896523, 66, 1.4566040,116,         4, 84, 4.8573303
58C,2019/05/17 12:43:00, 50, 0.0000000, 13,        67, 49,         1, 56, 1.0976870, 74, 11.838305, 73, 739.40942, 77, 24.656250, 79, 1.2396387, 75, 26.892311, 66,-0.3797913,116,         4, 84, 4.2544556
57C,2019/05/17 12:44:00, 50, 0.0000000, 13,        68, 49,         2, 56, 1.0976870, 74, 11.838305, 73, 738.38593, 77, 25.093750, 79, 1.2299160, 75, 27.758247, 66, 1.1483765,116,         4, 84, 3.8233948
54C,2019/05/17 12:45:00, 50, 0.0000000, 13,        74, 49,         4, 56, 1.0976870, 74, 11.838305, 73, 738.47363, 77, 25.500000, 79, 1.2250546, 75, 28.782433, 66,-0.2125549,116,         4, 84, 3.8192749
5BC,2019/05/17 12:46:00, 50, 0.0000000, 13,        80, 49,         1, 56, 1.0976870, 74, 11.838305, 73, 738.67834, 77, 25.875000, 79, 1.2299160, 75, 29.735535, 66,-0.1878357,116,         4, 84, 3.7973022
5EC,2019/05/17 12:47:00, 50, 0.0000000, 13,        89, 49,         1, 56, 1.0976870, 74, 11.838305, 73, 740.05273, 77, 26.187500, 79, 1.2250546, 75, 30.675652, 66,-0.3768921,116,         4, 84, 3.8150024
53C,2019/05/17 12:48:00, 50, 0.0000000, 13,        95, 49,         1, 56, 1.0976870, 74, 11.838305, 73, 740.14044, 77, 26.437500, 79, 1.2250546, 75, 31.603569, 66,-0.3767395,116,         4, 84, 3.8110352
46C,2019/05/17 12:49:00, 50, 0.0000000, 13,       104, 49,         1, 56, 1.0976870, 74, 11.838305, 73, 740.22815, 77, 26.718750, 79, 1.2250546, 75, 32.466431, 66,-0.3764343,116,         4, 84, 3.8139343
48C,2019/05/17 12:50:00, 50, 0.0000000, 13,       110, 49,         1, 56, 1.0976870, 74, 11.838305, 73, 740.34515, 77, 26.937500, 79, 1.2250546, 75, 33.372849, 66,-0.3761292,116,         4, 84, 3.8180542
4BC,2019/05/17 12:51:00, 50, 0.0000000, 13,       117, 49,         1, 56, 1.0976870, 74, 11.838305, 73, 740.46210, 77, 27.250000, 79, 1.2299160, 75, 34.269341, 66,-0.3756714,116,         4, 84, 3.8130188
4CC,2019/05/17 12:52:00, 50, 0.0000000, 13,       121, 49,         1, 56, 1.0976870, 74, 11.838305, 73, 740.46210, 77, 27.500000, 79, 1.2299160, 75, 35.104721, 66,-0.3755188,116,         4, 84, 3.8084412
44C,2019/05/17 12:53:00, 50, 0.0000000, 13,       125, 49,         1, 56, 1.0976870, 74, 11.822749, 73, 740.52057, 77, 27.687500, 79, 1.2153320, 75, 35.932640, 66,-0.3750610,116,         4, 84, 3.8043213
45C,2019/05/17 12:54:00, 50, 0.0000000, 13,       129, 49,         1, 56, 1.0976870, 74, 11.838305, 73, 740.69604, 77, 27.875000, 79, 1.2299160, 75, 36.702606, 66,-0.3749084,116,         4, 84, 3.8006592
46C,2019/05/17 12:55:00, 50, 0.0000000, 13,       132, 49,         1, 56, 1.0976870, 74, 11.838305, 73, 740.72528, 77, 28.062500, 79, 1.2250546, 75, 37.517906, 66,-0.3746033,116,         4, 84, 3.8027954
46C,2019/05/17 12:56:00, 50, 0.0000000, 13,       135, 49,         1, 56, 1.0976870, 74, 11.853862, 73, 740.78375, 77, 28.281250, 79, 1.2250546, 75, 38.277184, 66,-0.3742981,116,         4, 84, 3.8009644
42C,2019/05/17 12:57:00, 50, 0.0000000, 13,       139, 49,         1, 56, 1.0976870, 74, 11.838305, 73, 740.87152, 77, 28.437500, 79, 1.2250546, 75, 38.981911, 66,-0.3741455,116,         4, 84, 3.8200378
40C,2019/05/17 12:58:00, 50, 0.0000000, 13,       142, 49,         1, 56, 1.0976870, 74, 11.822749, 73, 740.90076, 77, 28.625000, 79, 1.2201934, 75, 39.733246, 66,-0.3738403,116,         4, 84, 3.8116455
4DC,2019/05/17 12:59:00, 50, 0.0000000, 13,       146, 49,         1, 56, 1.0976870, 74, 11.822749, 73, 740.92999, 77, 28.812500, 79, 1.2201934, 75, 40.381699, 66,-0.3736877,116,         4, 84, 3.8084412
4CC,2019/05/17 13:00:00, 50, 0.0000000, 13,       150, 49,         1, 56, 1.0976870, 74, 11.838305, 73, 740.98846, 77, 29.062500, 79, 1.2153320, 75, 41.077629, 66,-0.3735352,116,         4, 84, 3.8102722
43C,2019/05/17 13:01:00, 50, 0.0000000, 13,       154, 49,         1, 56, 1.0976870, 74, 11.822749, 73, 740.98846, 77, 29.250000, 79, 1.2201934, 75, 41.672493, 66,-0.3732300,116,         4, 84, 3.8078308
43C,2019/05/17 13:02:00, 50, 0.0000000, 13,       158, 49,         1, 56, 1.0976870, 74, 11.838305, 73, 741.04694, 77, 29.437500, 79, 1.2201934, 75, 42.364944, 66,-0.3730774,116,         4, 84, 3.8006592
4EC,2019/05/17 13:03:00, 50, 0.0000000, 13,       163, 49,         1, 56, 1.0976870, 74, 11.822749, 73, 741.07617, 77, 29.625000, 79, 1.2250546, 75, 43.006798, 66,-0.3729248,116,         4, 84, 3.8096619
40C,2019/05/17 13:04:00, 50, 0.0000000, 13,       167, 49,         1, 56, 1.0976870, 74, 11.822749, 73, 741.13470, 77, 29.843750, 79, 1.2201934, 75, 43.598610, 66,-0.3726196,116,         4, 84, 3.8002014
45C,2019/05/17 13:05:00, 50, 0.0000000, 13,       172, 49,         1, 56, 1.0976870, 74, 11.838305, 73, 741.19318, 77, 30.031250, 79, 1.2299160, 75, 44.190079, 66,-0.3724670,116,         4, 84, 3.8113403
4BC,2019/05/17 13:06:00, 50, 0.0000000, 13,       177, 49,         1, 56, 1.0976870, 74, 11.853862, 73, 741.16394, 77, 30.187500, 79, 1.2250546, 75, 44.732170, 66,-0.3723145,116,         4, 84, 3.8124084
4EC,2019/05/17 13:07:00, 50, 0.0000000, 13,       182, 49,         1, 56, 1.0976870, 74, 11.838305, 73, 741.28088, 77, 30.375000, 79, 1.2201934, 75, 45.373024, 66,-0.3720093,116,         4, 84, 3.7986755
45C,2019/05/17 13:08:00, 50, 0.0000000, 13,       186, 49,         1, 56, 1.0976870, 74, 11.838305, 73, 741.31012, 77, 30.531250, 79, 1.2250546, 75, 45.816986, 66,-0.3718567,116,         4, 84, 3.8078308
4EC,2019/05/17 13:09:00, 50, 0.0000000, 13,       190, 49,         1, 56, 1.0976870, 74, 11.853862, 73, 741.33936, 77, 30.687500, 79, 1.2347773, 75, 45.866333, 66,-0.3717041,116,         4, 84, 3.8096619
4FC,2019/05/17 13:10:00, 50, 0.0000000, 13,       194, 49,         1, 56, 1.0976870, 74, 11.853862, 73, 741.36859, 77, 30.843750, 79, 1.2153320, 75, 46.063789, 66,-0.3715515,116,         4, 84, 3.8142395
4BC,2019/05/17 13:11:00, 50, 0.0000000, 13,       197, 49,         1, 56, 1.0976870, 74, 11.853862, 73, 741.45636, 77, 31.031250, 79, 1.2104707, 75, 46.706154, 66,-0.3713989,116,         4, 84, 3.8052368
4FC,2019/05/17 13:12:00, 50, 0.0000000, 13,       201, 49,         1, 56, 1.0976870, 74, 11.853862, 73, 741.42712, 77, 31.281250, 79, 1.2201934, 75, 46.805084, 66,-0.3712463,116,         4, 84, 3.8056946
47C,2019/05/17 13:13:00, 50, 0.0000000, 13,       205, 49,         1, 56, 1.0976870, 74, 11.853862, 73, 741.48560, 77, 31.281250, 79, 1.2201934, 75, 47.647369, 66,-0.3710937,116,         4, 84, 3.8021851
4DC,2019/05/17 13:14:00, 50, 0.0000000, 13,       209, 49,         1, 56, 1.0976870, 74, 11.853862, 73, 741.51483, 77, 31.375000, 79, 1.2201934, 75, 48.044746, 66,-0.3710937,116,         4, 84, 3.8014221
40C,2019/05/17 13:15:00, 50, 0.0000000, 13,       213, 49,         1, 56, 1.0976870, 74, 11.838305, 73, 741.60254, 77, 31.593750, 79, 1.2201934, 75, 48.293480, 66,-0.3709412,116,         4, 84, 3.8108826
40C,2019/05/17 13:16:00, 50, 161.47665, 13,       217, 49,         1, 56, 1.0976870, 74, 11.853862, 73, 740.40363, 77, 31.687500, 79, 1.2299160, 75, 48.991653, 66, 1.2809753,116,         4, 84, 3.8104248
42C,2019/05/17 13:17:00, 50, 161.47665, 13,       221, 49,       128, 56, 1.0976870, 74, 11.838305, 73, 740.43286, 77, 31.781250, 79, 1.2201934, 75, 49.542229, 66, 2.3316956,116,         4, 84, 3.8003540
41C,2019/05/17 13:18:00, 50, 161.47665, 13,       226, 49,       128, 56, 1.0976870, 74, 11.838305, 73, 740.46210, 77, 31.812500, 79, 1.2250546, 75, 49.893616, 66, 2.9246521,116,         4, 84, 3.8121033
5EC,2019/05/17 13:19:00, 50, 161.47665, 13,       229, 49,        64, 56, 1.0976870, 74, 11.838305, 73, 740.34515, 77, 31.937500, 79, 1.2250546, 75, 50.195496, 66, 1.5055847,116,         4, 84, 3.8014221
5AC,2019/05/17 13:20:00, 50, 161.47665, 13,       233, 49,        64, 56, 1.0976870, 74, 11.838305, 73, 740.34515, 77, 32.000000, 79, 1.2056093, 75, 50.346680, 66, 1.6268921,116,         4, 84, 3.8102722
5DC,2019/05/17 13:21:00, 50, 161.47665, 13,       235, 49,        64, 56, 1.0976870, 74, 11.853862, 73, 740.40363, 77, 32.062500, 79, 1.2153320, 75, 50.548523, 66, 1.6520691,116,         4, 84, 3.8031006
50C,2019/05/17 13:22:00, 50, 161.47665, 13,       238, 49,        64, 56, 1.0976870, 74, 11.838305, 73, 740.40363, 77, 32.156250, 79, 1.2153320, 75, 50.649567, 66, 1.8110657,116,         4, 84, 3.8108826
52C,2019/05/17 13:23:00, 50, 161.47665, 13,       239, 49,        64, 56, 1.0976870, 74, 11.853862, 73, 740.37439, 77, 32.218750, 79, 1.2250546, 75, 50.700111, 66, 1.8203735,116,         4, 84, 3.8021851
51C,2019/05/17 13:24:00, 50, 335.31671, 13,       241, 49,        64, 56, 1.0976870, 74, 11.853862, 73, 740.40363, 77, 32.031250, 79, 1.2153320, 75, 50.700111, 66, 1.9544983,116,         4, 84, 3.8133240
56C,2019/05/17 13:25:00, 50, 560.97729, 13,       242, 49,        64, 56, 1.0976870, 74, 11.869418, 73, 740.34515, 77, 32.125000, 79, 1.2153320, 75, 50.700111, 66, 1.9876099,116,         4, 84, 3.8108826
51C,2019/05/17 13:26:00, 50, 620.59241, 13,       243, 49,        64, 56, 1.0976870, 74, 11.869418, 73, 740.34515, 77, 32.156250, 79, 1.2250546, 75, 50.700111, 66, 2.0994568,116,         4, 84, 3.8133240
50C,2019/05/17 13:27:00, 50, 672.00208, 13,       243, 49,        64, 56, 1.0976870, 74, 11.838305, 73, 740.37439, 77, 32.250000, 79, 1.2201934, 75, 50.599037, 66, 2.1569824,116,         4, 84, 3.8066101
51C,2019/05/17 13:28:00, 50, 715.87988, 13,       243, 49,        64, 56, 1.0976870, 74, 11.869418, 73, 740.34515, 77, 32.250000, 79, 1.2201934, 75, 50.599037, 66, 2.1833801,116,         4, 84, 3.8031006
53C,2019/05/17 13:29:00, 50, 758.76062, 13,       244, 49,        64, 56, 1.0976870, 74, 11.869418, 73, 740.34515, 77, 32.281250, 79, 1.2250546, 75, 50.548523, 66, 2.2779846,116,         4, 84, 3.8163757
58C,2019/05/17 13:30:00, 50, 798.61890, 13,       244, 49,        64, 56, 1.0976870, 74, 11.869418, 73, 740.40363, 77, 32.250000, 79, 1.2201934, 75, 50.397110, 66, 2.3062134,116,         4, 84, 3.8139343
50C,2019/05/17 13:31:00, 50, 835.74292, 13,       244, 49,        64, 56, 1.0976870, 74, 11.853862, 73, 740.40363, 77, 32.312500, 79, 1.2201934, 75, 50.397110, 66, 2.3771667,116,         4, 84, 3.8143921
5AC,2019/05/17 13:32:00, 50, 872.66431, 13,       244, 49,        64, 56, 1.0976870, 74, 11.853862, 73, 740.40363, 77, 32.312500, 79, 1.2299160, 75, 50.346680, 66, 2.4116516,116,         4, 84, 3.8151550
5CC,2019/05/17 13:33:00, 50, 914.00146, 13,       244, 49,        64, 56, 1.0976870, 74, 11.853862, 73, 740.43286, 77, 32.343750, 79, 1.2201934, 75, 50.296265, 66, 2.4391174,116,         4, 84, 3.8180542
58C,2019/05/17 13:34:00, 50, 963.22437, 13,       244, 49,        64, 56, 1.0976870, 74, 11.853862, 73, 740.37439, 77, 32.343750, 79, 1.2201934, 75, 50.245865, 66, 2.4949646,116,         4, 84, 3.8214111
55C,2019/05/17 13:35:00, 50, 1021.1180, 13,       244, 49,        64, 56, 1.0976870, 74, 11.838305, 73, 740.37439, 77, 32.343750, 79, 1.2201934, 75, 50.145134, 66, 2.5245667,116,         4, 84, 3.8223267
5CC,2019/05/17 13:36:00, 50, 1082.1211, 13,       244, 49,        64, 56, 1.0976870, 74, 11.853862, 73, 740.37439, 77, 32.343750, 79, 1.2444999, 75, 50.094795, 66, 2.5314331,116,         4, 84, 3.8226318
5AC,2019/05/17 13:37:00, 50, 1135.2224, 13,       244, 49,        64, 56, 1.0976870, 74, 11.869418, 73, 740.37439, 77, 32.343750, 79, 1.2153320, 75, 50.094795, 66, 2.5363159,116,         4, 84, 3.8226318
55C,2019/05/17 13:38:00, 50, 1170.5930, 13,       244, 49,        64, 56, 1.0976870, 74, 11.869418, 73, 740.34515, 77, 32.343750, 79, 1.2201934, 75, 50.044472, 66, 2.5645447,116,         4, 84, 3.8253784
5EC,2019/05/17 13:39:00, 50, 1198.5784, 13,       244, 49,        64, 56, 1.0976870, 74, 11.853862, 73, 740.34515, 77, 32.406250, 79, 1.2201934, 75, 50.044472, 66, 2.5691223,116,         4, 84, 3.8261414
54C,2019/05/17 13:40:00, 50, 1218.9182, 13,       244, 49,        64, 56, 1.0976870, 74, 11.853862, 73, 740.31592, 77, 32.406250, 79, 1.2104707, 75, 49.994171, 66, 2.5613403,116,         4, 84, 3.8250732
5BC,2019/05/17 13:41:00, 50, 1235.6323, 13,       244, 49,        64, 56, 1.0976870, 74, 11.884974, 73, 740.28668, 77, 32.437500, 79, 1.2201934, 75, 49.943886, 66, 2.5859070,116,         4, 84, 3.8233948
5BC,2019/05/17 13:42:00, 50, 1250.0020, 13,       244, 49,        64, 56, 1.0976870, 74, 11.869418, 73, 740.25745, 77, 32.375000, 79, 1.2201934, 75, 49.943886, 66, 2.5863647,116,         4, 84, 3.8209534
5AC,2019/05/17 13:43:00, 50, 1262.9849, 13,       244, 49,        64, 56, 1.0976870, 74, 11.853862, 73, 740.25745, 77, 32.406250, 79, 1.2250546, 75, 49.994171, 66, 2.5604248,116,         4, 84, 3.8175964
5AC,2019/05/17 13:44:00, 50, 1272.8018, 13,       244, 49,        64, 56, 1.0976870, 74, 11.853862, 73, 740.28668, 77, 32.437500, 79, 1.2153320, 75, 49.943886, 66, 2.5894165,116,         4, 84, 3.8153076
59C,2019/05/17 13:45:00, 50, 1282.5090, 13,       244, 49,        64, 56, 1.0976870, 74, 11.884974, 73, 740.22815, 77, 32.406250, 79, 1.2201934, 75, 49.943886, 66, 2.6007080,116,         4, 84, 3.8113403
58C,2019/05/17 13:46:00, 50, 1289.9304, 13,       244, 49,        64, 56, 1.0976870, 74, 11.869418, 73, 740.25745, 77, 32.406250, 79, 1.2201934, 75, 49.994171, 66, 2.6089478,116,         4, 84, 3.8063049
53C,2019/05/17 13:47:00, 50, 1297.1638, 13,       244, 49,        64, 56, 1.0976870, 74, 11.838305, 73, 740.19891, 77, 32.437500, 79, 1.2250546, 75, 49.994171, 66, 2.5498962,116,         4, 84, 3.8005066
5EC,2019/05/17 13:48:00, 50, 1304.2700, 13,       245, 49,        64, 56, 1.0976870, 74, 11.853862, 73, 740.19891, 77, 32.468750, 79, 1.2201934, 75, 49.994171, 66, 2.6081848,116,         4, 84, 3.8151550
57C,2019/05/17 13:49:00, 50, 1311.5586, 13,       245, 49,        64, 56, 1.0976870, 74, 11.869418, 73, 740.19891, 77, 32.500000, 79, 1.2299160, 75, 49.943886, 66, 2.6037598,116,         4, 84, 3.8111877
55C,2019/05/17 13:50:00, 50, 1317.6665, 13,       245, 49,        64, 56, 1.0976870, 74, 11.869418, 73, 740.16968, 77, 32.468750, 79, 1.2201934, 75, 49.994171, 66, 2.5981140,116,         4, 84, 3.8069153
59C,2019/05/17 13:51:00, 50, 1322.7434, 13,       245, 49,        64, 56, 1.0976870, 74, 11.853862, 73, 740.19891, 77, 32.468750, 79, 1.2153320, 75, 49.994171, 66, 2.6269531,116,         4, 84, 3.8023376
59C,2019/05/17 13:52:00, 50, 1328.6042, 13,       246, 49,        64, 56, 1.0976870, 74, 11.853862, 73, 740.19891, 77, 32.500000, 79, 1.2250546, 75, 49.994171, 66, 2.6460266,116,         4, 84, 3.8143921
54C,2019/05/17 13:53:00, 50, 1333.8811, 13,       246, 49,        64, 56, 1.0976870, 74, 11.853862, 73, 740.16968, 77, 32.500000, 79, 1.2153320, 75, 49.994171, 66, 2.6406860,116,         4, 84, 3.8090515
54C,2019/05/17 13:54:00, 50, 1338.5439, 13,       246, 49,        64, 56, 1.0976870, 74, 11.869418, 73, 740.08197, 77, 32.531250, 79, 1.2201934, 75, 49.994171, 66, 2.6203918,116,         4, 84, 3.8053894
5FC,2019/05/17 13:55:00, 50, 1343.2842, 13,       247, 49,        64, 56, 1.0976870, 74, 11.853862, 73, 740.08197, 77, 32.531250, 79, 1.2299160, 75, 49.994171, 66, 2.6351929,116,         4, 84, 3.8145447
5CC,2019/05/17 13:56:00, 50, 1348.4395, 13,       247, 49,        64, 56, 1.0976870, 74, 11.838305, 73, 740.08197, 77, 32.531250, 79, 1.2201934, 75, 49.994171, 66, 2.6504517,116,         4, 84, 3.8130188
54C,2019/05/17 13:57:00, 50, 1353.0742, 13,       247, 49,        64, 56, 1.0976870, 74, 11.884974, 73, 740.08197, 77, 32.531250, 79, 1.2056093, 75, 49.994171, 66, 2.6441956,116,         4, 84, 3.8082886
52C,2019/05/17 13:58:00, 50, 1357.8135, 13,       247, 49,        64, 56, 1.0976870, 74, 11.853862, 73, 740.08197, 77, 32.500000, 79, 1.2250546, 75, 49.994171, 66, 2.6319885,116,         4, 84, 3.8052368
54C,2019/05/17 13:59:00, 50, 1362.0764, 13,       248, 49,        64, 56, 1.0976870, 74, 11.853862, 73, 740.08197, 77, 32.468750, 79, 1.2250546, 75, 50.044472, 66, 2.6687622,116,         4, 84, 3.8069153
5EC,2019/05/17 14:00:00, 50, 1366.8279, 13,       248, 49,        64, 56, 1.0976870, 74, 11.853862, 73, 740.02350, 77, 32.500000, 79, 1.2250546, 75, 49.994171, 66, 2.6527405,116,         4, 84, 3.8114929
50C,2019/05/17 14:01:00, 50, 1371.5093, 13,       248, 49,        64, 56, 1.0976870, 74, 11.869418, 73, 740.02350, 77, 32.500000, 79, 1.2250546, 75, 50.044472, 66, 2.6457214,116,         4, 84, 3.8095093
5BC,2019/05/17 14:02:00, 50, 1375.3350, 13,       248, 49,        64, 56, 1.0976870, 74, 11.869418, 73, 740.05273, 77, 32.531250, 79, 1.2250546, 75, 49.994171, 66, 2.6794434,116,         4, 84, 3.8073730
5FC,2019/05/17 14:03:00, 50, 1379.6514, 13,       248, 49,        64, 56, 1.0976870, 74, 11.838305, 73, 739.96503, 77, 32.531250, 79, 1.2153320, 75, 49.994171, 66, 2.6789856,116,         4, 84, 3.8046265
50C,2019/05/17 14:04:00, 50, 1383.7808, 13,       248, 49,        64, 56, 1.0976870, 74, 11.838305, 73, 739.96503, 77, 32.500000, 79, 1.2299160, 75, 50.044472, 66, 2.6689148,116,         4, 84, 3.8031006
52C,2019/05/17 14:05:00, 50, 1387.9856, 13,       249, 49,        64, 56, 1.0976870, 74, 11.869418, 73, 739.96503, 77, 32.531250, 79, 1.2250546, 75, 49.994171, 66, 2.6799011,116,         4, 84, 3.8139343
58C,2019/05/17 14:06:00, 50, 1392.3958, 13,       249, 49,        64, 56, 1.0976870, 74, 11.869418, 73, 739.96503, 77, 32.531250, 79, 1.2250546, 75, 49.994171, 66, 2.7027893,116,         4, 84, 3.8114929
5EC,2019/05/17 14:07:00, 50, 1396.5115, 13,       249, 49,        64, 56, 1.0976870, 74, 11.838305, 73, 739.90649, 77, 32.531250, 79, 1.2153320, 75, 50.044472, 66, 2.6940918,116,         4, 84, 3.8098145
51C,2019/05/17 14:08:00, 50, 1400.5801, 13,       249, 49,        64, 56, 1.0976870, 74, 11.853862, 73, 739.87726, 77, 32.500000, 79, 1.2250546, 75, 49.994171, 66, 2.6911926,116,         4, 84, 3.8058472
56C,2019/05/17 14:09:00, 50, 1404.6443, 13,       249, 49,        64, 56, 1.0976870, 74, 11.869418, 73, 739.84802, 77, 32.531250, 79, 1.2104707, 75, 49.943886, 66, 2.7001953,116,         4, 84, 3.8032532
54C,2019/05/17 14:10:00, 50, 1409.2842, 13,       249, 49,        64, 56, 1.0976870, 74, 11.853862, 73, 739.81879, 77, 32.531250, 79, 1.2104707, 75, 49.994171, 66, 2.7261353,116,         4, 84, 3.8009644
53C,2019/05/17 14:11:00, 50, 1414.6213, 13,       250, 49,        64, 56, 1.0976870, 74, 11.838305, 73, 739.81879, 77, 32.531250, 79, 1.2299160, 75, 49.994171, 66, 2.7371216,116,         4, 84, 3.8127136
5CC,2019/05/17 14:12:00, 50, 1419.9917, 13,       250, 49,        64, 56, 1.0976870, 74, 11.869418, 73, 739.78955, 77, 32.531250, 79, 1.2250546, 75, 50.044472, 66, 2.7322388,116,         4, 84, 3.8088989
55C,2019/05/17 14:13:00, 50, 1425.2183, 13,       250, 49,        64, 56, 1.0976870, 74, 11.884974, 73, 739.73108, 77, 32.562500, 79, 1.2299160, 75, 49.994171, 66, 2.6977539,116,         4, 84, 3.8040161
57C,2019/05/17 14:14:00, 50, 1430.4626, 13,       250, 49,        64, 56, 1.0976870, 74, 11.884974, 73, 739.76031, 77, 32.562500, 79, 1.2347773, 75, 49.943886, 66, 2.7169800,116,         4, 84, 3.8009644
51C,2019/05/17 14:15:00, 50, 1436.4387, 13,       251, 49,        64, 56, 1.0976870, 74, 11.853862, 73, 739.73108, 77, 32.562500, 79, 1.2201934, 75, 49.943886, 66, 2.7204895,116,         4, 84, 3.8128662
56C,2019/05/17 14:16:00, 50, 1442.7444, 13,       251, 49,        64, 56, 1.0976870, 74, 11.853862, 73, 739.73108, 77, 32.562500, 79, 1.2153320, 75, 50.044472, 66, 2.7201843,116,         4, 84, 3.8125610
54C,2019/05/17 14:17:00, 50, 1449.1960, 13,       251, 49,        64, 56, 1.0976870, 74, 11.869418, 73, 739.73108, 77, 32.562500, 79, 1.2250546, 75, 49.994171, 66, 2.7491760,116,         4, 84, 3.8099670
50C,2019/05/17 14:18:00, 50, 1456.2690, 13,       251, 49,        64, 56, 1.0976870, 74, 11.869418, 73, 739.76031, 77, 32.593750, 79, 1.2056093, 75, 49.994171, 66, 2.7462769,116,         4, 84, 3.8081360
57C,2019/05/17 14:19:00, 50, 1463.0002, 13,       251, 49,        64, 56, 1.0976870, 74, 11.853862, 73, 739.73108, 77, 32.562500, 79, 1.2201934, 75, 49.994171, 66, 2.7212524,116,         4, 84, 3.8040161
56C,2019/05/17 14:20:00, 50, 1469.7717, 13,       251, 49,        64, 56, 1.0976870, 74, 11.853862, 73, 739.70184, 77, 32.593750, 79, 1.2153320, 75, 50.094795, 66, 2.7229309,116,         4, 84, 3.8018799
55C,2019/05/17 14:21:00, 50, 1476.5371, 13,       251, 49,        64, 56, 1.0976870, 74, 11.869418, 73, 739.70184, 77, 32.593750, 79, 1.2250546, 75, 50.044472, 66, 2.7473450,116,         4, 84, 3.8021851
5CC,2019/05/17 14:22:00, 50, 1484.6272, 13,       252, 49,        64, 56, 1.0976870, 74, 11.884974, 73, 739.67255, 77, 32.625000, 79, 1.2007481, 75, 49.994171, 66, 2.7386475,116,         4, 84, 3.8134766
5AC,2019/05/17 14:23:00, 50, 1493.4810, 13,       252, 49,        64, 56, 1.0976870, 74, 11.838305, 73, 739.70184, 77, 32.656250, 79, 1.2299160, 75, 49.994171, 66, 2.7703857,116,         4, 84, 3.8117981
57C,2019/05/17 14:24:00, 50, 1504.3606, 13,       252, 49,        64, 56, 1.0976870, 74, 11.869418, 73, 739.61407, 77, 32.625000, 79, 1.2153320, 75, 50.044472, 66, 2.7662659,116,         4, 84, 3.8099670
52C,2019/05/17 14:25:00, 50, 1516.7373, 13,       252, 49,        64, 56, 1.0976870, 74, 11.853862, 73, 739.67255, 77, 32.656250, 79, 1.2056093, 75, 49.994171, 66, 2.7406311,116,         4, 84, 3.8064575
5EC,2019/05/17 14:26:00, 50, 1530.2546, 13,       252, 49,        64, 56, 1.0976870, 74, 11.853862, 73, 739.64331, 77, 32.625000, 79, 1.2299160, 75, 50.044472, 66, 2.7232361,116,         4, 84, 3.8035583
52C,2019/05/17 14:27:00, 50, 1545.2644, 13,       252, 49,        64, 56, 1.0976870, 74, 11.853862, 73, 739.61407, 77, 32.593750, 79, 1.2104707, 75, 50.044472, 66, 2.7423096,116,         4, 84, 3.8017273
5FC,2019/05/17 14:28:00, 50, 1559.8635, 13,       253, 49,        64, 56, 1.0976870, 74, 11.869418, 73, 739.55560, 77, 32.593750, 79, 1.2250546, 75, 49.994171, 66, 2.7746582,116,         4, 84, 3.8150024
56C,2019/05/17 14:29:00, 50, 1572.2864, 13,       253, 49,        64, 56, 1.0976870, 74, 11.884974, 73, 739.52637, 77, 32.593750, 79, 1.2250546, 75, 49.943886, 66, 2.7571106,116,         4, 84, 3.8102722
5CC,2019/05/17 14:30:00, 50, 1580.4233, 13,       253, 49,        64, 56, 1.0976870, 74, 11.869418, 73, 739.55560, 77, 32.562500, 79, 1.2250546, 75, 50.044472, 66, 2.7627563,116,         4, 84, 3.8063049
50C,2019/05/17 14:31:00, 50, 1588.9556, 13,       253, 49,        64, 56, 1.0976870, 74, 11.869418, 73, 739.55560, 77, 32.593750, 79, 1.2153320, 75, 50.044472, 66, 2.7554321,116,         4, 84, 3.8047791
54C,2019/05/17 14:32:00, 50, 1593.7500, 13,       253, 49,        64, 56, 1.0976870, 74, 11.853862, 73, 739.58484, 77, 32.593750, 79, 1.2201934, 75, 50.044472, 66, 2.7722168,116,         4, 84, 3.8032532
53C,2019/05/17 14:33:00, 50, 1597.9099, 13,       254, 49,        64, 56, 1.0976870, 74, 11.884974, 73, 739.52637, 77, 32.562500, 79, 1.2201934, 75, 50.044472, 66, 2.7622986,116,         4, 84, 3.8145447
53C,2019/05/17 14:34:00, 50, 1602.7205, 13,       254, 49,        64, 56, 1.0976870, 74, 11.869418, 73, 739.55560, 77, 32.562500, 79, 1.2104707, 75, 49.994171, 66, 2.7572632,116,         4, 84, 3.8127136
54C,2019/05/17 14:35:00, 50, 1607.4375, 13,       254, 49,        64, 56, 1.0976870, 74, 11.853862, 73, 739.52637, 77, 32.593750, 79, 1.2201934, 75, 49.893616, 66, 2.7911377,116,         4, 84, 3.8113403
55C,2019/05/17 14:36:00, 50, 1611.7559, 13,       254, 49,        64, 56, 1.0976870, 74, 11.838305, 73, 739.55560, 77, 32.593750, 79, 1.2153320, 75, 50.044472, 66, 2.7925110,116,         4, 84, 3.8101196
51C,2019/05/17 14:37:00, 50, 1615.9966, 13,       254, 49,        64, 56, 1.0976870, 74, 11.869418, 73, 739.52637, 77, 32.562500, 79, 1.2347773, 75, 50.044472, 66, 2.7705383,116,         4, 84, 3.8073730
55C,2019/05/17 14:38:00, 50, 1619.7954, 13,       254, 49,        64, 56, 1.0976870, 74, 11.853862, 73, 739.49713, 77, 32.562500, 79, 1.2153320, 75, 50.044472, 66, 2.7790833,116,         4, 84, 3.8059998
58C,2019/05/17 14:39:00, 50, 1622.6829, 13,       254, 49,        64, 56, 1.0976870, 74, 11.869418, 73, 739.46790, 77, 32.562500, 79, 1.2250546, 75, 49.994171, 66, 2.8024292,116,         4, 84, 3.8041687
5DC,2019/05/17 14:40:00, 50, 1626.2781, 13,       254, 49,        64, 56, 1.0976870, 74, 11.853862, 73, 739.46790, 77, 32.562500, 79, 1.2153320, 75, 49.943886, 66, 2.8022766,116,         4, 84, 3.8002014
54C,2019/05/17 14:41:00, 50, 1628.2598, 13,       254, 49,        64, 56, 1.0976870, 74, 11.900531, 73, 739.43866, 77, 32.531250, 79, 1.2153320, 75, 50.044472, 66, 2.7630615,116,         4, 84, 3.7947083
5EC,2019/05/17 14:42:00, 50, 1631.4011, 13,       254, 49,        64, 56, 1.0976870, 74, 11.853862, 73, 739.46790, 77, 32.562500, 79, 1.2201934, 75, 49.994171, 66, 2.7851868,116,         4, 84, 3.7963867
5AC,2019/05/17 14:43:00, 50, 1633.3911, 13,       254, 49,        64, 56, 1.0976870, 74, 11.838305, 73, 739.46790, 77, 32.562500, 79, 1.2250546, 75, 49.994171, 66, 2.7549744,116,         4, 84, 3.7924194
5DC,2019/05/17 14:44:00, 50, 1636.3032, 13,       254, 49,        64, 56, 1.0976870, 74, 11.853862, 73, 739.43866, 77, 32.531250, 79, 1.2153320, 75, 49.943886, 66, 2.7835083,116,         4, 84, 3.7930298
5AC,2019/05/17 14:45:00, 50, 1637.8188, 13,       254, 49,        64, 56, 1.0976870, 74, 11.884974, 73, 739.40942, 77, 32.562500, 79, 1.2153320, 75, 49.994171, 66, 2.7737427,116,         4, 84, 3.7886047
5BC,2019/05/17 14:46:00, 50, 1637.6533, 13,       254, 49,        64, 56, 1.0976870, 74, 11.869418, 73, 739.43866, 77, 32.562500, 79, 1.2201934, 75, 50.145134, 66, 2.7445984,116,         4, 84, 3.7857056
5AC,2019/05/17 14:47:00, 50, 1638.5974, 13,       254, 49,        64, 56, 1.0976870, 74, 11.838305, 73, 739.40942, 77, 32.562500, 79, 1.2250546, 75, 49.943886, 66, 2.7546692,116,         4, 84, 3.7828064
56C,2019/05/17 14:48:00, 50, 1639.4470, 13,       254, 49,        64, 56, 1.0976870, 74, 11.853862, 73, 739.40942, 77, 32.531250, 79, 1.2153320, 75, 50.044472, 66, 2.7667236,116,         4, 84, 3.7811279
5CC,2019/05/17 14:49:00, 50, 1640.7495, 13,       254, 49,        64, 56, 1.0976870, 74, 11.884974, 73, 739.38013, 77, 32.500000, 79, 1.2153320, 75, 49.994171, 66, 2.7952576,116,         4, 84, 3.7799072
5EC,2019/05/17 14:50:00, 50, 1642.1287, 13,       254, 49,        64, 56, 1.0976870, 74, 11.853862, 73, 739.40942, 77, 32.500000, 79, 1.2250546, 75, 49.893616, 66, 2.7700806,116,         4, 84, 3.7794495
51C,2019/05/17 14:51:00, 50, 1645.0110, 13,       254, 49,        64, 56, 1.0976870, 74, 11.853862, 73, 739.38013, 77, 32.500000, 79, 1.2201934, 75, 49.994171, 66, 2.7717590,116,         4, 84, 3.7780762
59C,2019/05/17 14:52:00, 50, 1647.1152, 13,       254, 49,        64, 56, 1.0976870, 74, 11.869418, 73, 739.40942, 77, 32.500000, 79, 1.2201934, 75, 49.994171, 66, 2.7589417,116,         4, 84, 3.7762451
59C,2019/05/17 14:53:00, 50, 1647.0342, 13,       254, 49,        64, 56, 1.0976870, 74, 11.869418, 73, 739.40942, 77, 32.500000, 79, 1.2201934, 75, 49.943886, 66, 2.7291870,116,         4, 84, 3.7738037
58C,2019/05/17 14:54:00, 50, 1646.3855, 13,       254, 49,        64, 56, 1.0976870, 74, 11.900531, 73, 739.32166, 77, 32.468750, 79, 1.2250546, 75, 49.994171, 66, 2.7554321,116,         4, 84, 3.7716675
5EC,2019/05/17 14:55:00, 50, 1646.4053, 13,       254, 49,        64, 56, 1.0976870, 74, 11.853862, 73, 739.38013, 77, 32.468750, 79, 1.2104707, 75, 50.094795, 66, 2.7851868,116,         4, 84, 3.7704468
5CC,2019/05/17 14:56:00, 50, 1646.2727, 13,       254, 49,        64, 56, 1.0976870, 74, 11.884974, 73, 739.46790, 77, 32.468750, 79, 1.2250546, 75, 49.994171, 66, 2.7490234,116,         4, 84, 3.7683105
5EC,2019/05/17 14:57:00, 50, 1645.6416, 13,       254, 49,        64, 56, 1.0976870, 74, 11.869418, 73, 739.43866, 77, 32.500000, 79, 1.2250546, 75, 50.044472, 66, 2.7374268,116,         4, 84, 3.7640381
5FC,2019/05/17 14:58:00, 50, 1645.5322, 13,       254, 49,        64, 56, 1.0976870, 74, 11.869418, 73, 739.40942, 77, 32.468750, 79, 1.2153320, 75, 49.943886, 66, 2.7575684,116,         4, 84, 3.7637329
5EC,2019/05/17 14:59:00, 50, 1646.6724, 13,       254, 49,        64, 56, 1.0976870, 74, 11.838305, 73, 739.40942, 77, 32.500000, 79, 1.2201934, 75, 49.994171, 66, 2.7513123,116,         4, 84, 3.7625122
5DC,2019/05/17 15:00:00, 50, 1647.1252, 13,       254, 49,        64, 56, 1.0976870, 74, 11.853862, 73, 739.40942, 77, 32.500000, 79, 1.2153320, 75, 50.044472, 66, 2.7314758,116,         4, 84, 3.7585449
5AC,2019/05/17 15:01:00, 50, 1647.1558, 13,       254, 49,        64, 56, 1.0976870, 74, 11.884974, 73, 739.40942, 77, 32.531250, 79, 1.2201934, 75, 49.994171, 66, 2.7407837,116,         4, 84, 3.7585449
50C,2019/05/17 15:02:00, 50, 1648.1240, 13,       254, 49,        64, 56, 1.0976870, 74, 11.884974, 73, 739.40942, 77, 32.500000, 79, 1.2299160, 75, 49.994171, 66, 2.7540588,116,         4, 84, 3.7556458
59C,2019/05/17 15:03:00, 50, 1649.1211, 13,       254, 49,        64, 56, 1.0976870, 74, 11.869418, 73, 739.40942, 77, 32.531250, 79, 1.2250546, 75, 49.994171, 66, 2.7255249,116,         4, 84, 3.7556458
55C,2019/05/17 15:04:00, 50, 1648.7222, 13,       254, 49,        64, 56, 1.0976870, 74, 11.853862, 73, 739.40942, 77, 32.531250, 79, 1.2153320, 75, 49.893616, 66, 2.7622986,116,         4, 84, 3.7541199
56C,2019/05/17 15:05:00, 50, 1648.2983, 13,       254, 49,        64, 56, 1.0976870, 74, 11.869418, 73, 739.46790, 77, 32.593750, 79, 1.2201934, 75, 50.044472, 66, 2.7412415,116,         4, 84, 3.7532043
5BC,2019/05/17 15:06:00, 50, 1648.8694, 13,       254, 49,        64, 56, 1.0976870, 74, 11.900531, 73, 739.43866, 77, 32.593750, 79, 1.2201934, 75, 49.994171, 66, 2.7209473,116,         4, 84, 3.7507629
50C,2019/05/17 15:07:00, 50, 1647.4995, 13,       254, 49,        64, 56, 1.0976870, 74, 11.853862, 73, 739.43866, 77, 32.593750, 79, 1.2347773, 75, 50.145134, 66, 2.6991272,116,         4, 84, 3.7510681
54C,2019/05/17 15:08:00, 50, 1647.0354, 13,       254, 49,        64, 56, 1.0976870, 74, 11.869418, 73, 739.46790, 77, 32.625000, 79, 1.2153320, 75, 49.994171, 66, 2.7319336,116,         4, 84, 3.7487793
50C,2019/05/17 15:09:00, 50, 1647.0808, 13,       254, 49,        64, 56, 1.0976870, 74, 11.884974, 73, 739.46790, 77, 32.656250, 79, 1.2250546, 75, 50.094795, 66, 2.7404785,116,         4, 84, 3.7464905
5BC,2019/05/17 15:10:00, 50, 1647.0374, 13,       254, 49,        64, 56, 1.0976870, 74, 11.869418, 73, 739.40942, 77, 32.656250, 79, 1.2250546, 75, 49.994171, 66, 2.7334595,116,         4, 84, 3.7443542
5CC,2019/05/17 15:11:00, 50, 1648.0752, 13,       254, 49,        64, 56, 1.0976870, 74, 11.853862, 73, 739.43866, 77, 32.656250, 79, 1.2153320, 75, 49.994171, 66, 2.7505493,116,         4, 84, 3.7443542
55C,2019/05/17 15:12:00, 50, 1647.6416, 13,       254, 49,        64, 56, 1.0976870, 74, 11.838305, 73, 739.40942, 77, 32.656250, 79, 1.2299160, 75, 50.094795, 66, 2.7220154,116,         4, 84, 3.7416077
50C,2019/05/17 15:13:00, 50, 1647.8552, 13,       254, 49,        64, 56, 1.0976870, 74, 11.884974, 73, 739.40942, 77, 32.625000, 79, 1.2201934, 75, 50.044472, 66, 2.7293396,116,         4, 84, 3.7380981
5AC,2019/05/17 15:14:00, 50, 1647.2070, 13,       254, 49,        64, 56, 1.0976870, 74, 11.884974, 73, 739.40942, 77, 32.593750, 79, 1.2250546, 75, 50.145134, 66, 2.7145386,116,         4, 84, 3.7365723
58C,2019/05/17 15:15:00, 50, 1646.7791, 13,       254, 49,        64, 56, 1.0976870, 74, 11.853862, 73, 739.35089, 77, 32.593750, 79, 1.2250546, 75, 49.893616, 66, 2.7168274,116,         4, 84, 3.7374878
52C,2019/05/17 15:16:00, 50, 1647.6780, 13,       254, 49,        64, 56, 1.0976870, 74, 11.838305, 73, 739.32166, 77, 32.593750, 79, 1.2201934, 75, 50.044472, 66, 2.7127075,116,         4, 84, 3.7359619
54C,2019/05/17 15:17:00, 50, 1648.9683, 13,       254, 49,        64, 56, 1.0976870, 74, 11.869418, 73, 739.32166, 77, 32.562500, 79, 1.2201934, 75, 50.044472, 66, 2.7293396,116,         4, 84, 3.7350464
59C,2019/05/17 15:18:00, 50, 1649.6558, 13,       254, 49,        64, 56, 1.0976870, 74, 11.853862, 73, 739.38013, 77, 32.562500, 79, 1.2153320, 75, 49.994171, 66, 2.7182007,116,         4, 84, 3.7297058
5AC,2019/05/17 15:19:00, 50, 1649.2195, 13,       254, 49,        64, 56, 1.0976870, 74, 11.822749, 73, 739.35089, 77, 32.562500, 79, 1.2153320, 75, 49.994171, 66, 2.7096558,116,         4, 84, 3.7287903
5DC,2019/05/17 15:20:00, 50, 1618.8113, 13,       254, 49,        64, 56, 1.0976870, 74, 11.884974, 73, 739.26318, 77, 32.562500, 79, 1.2201934, 75, 49.893616, 66, 2.5643921,116,         4, 84, 3.7239075
5CC,2019/05/17 15:21:00, 50, 1440.0229, 13,       254, 49,        64, 56, 1.0976870, 74, 11.916087, 73, 739.35089, 77, 32.562500, 79, 1.2250546, 75, 49.994171, 66, 2.6092529,116,         4, 84, 3.7413025
51C,2019/05/17 15:22:00, 50, 1337.3799, 13,       254, 49,        64, 56, 1.0976870, 74, 11.853862, 73, 739.32166, 77, 32.625000, 79, 1.2153320, 75, 50.145134, 66, 2.4626160,116,         4, 84, 3.7283325
56C,2019/05/17 15:23:00, 50, 1324.3948, 13,       254, 49,        64, 56, 1.0976870, 74, 11.853862, 73, 739.32166, 77, 32.656250, 79, 1.2153320, 75, 49.943886, 66, 2.4890137,116,         4, 84, 3.7286377
5EC,2019/05/17 15:24:00, 50, 1327.3943, 13,       254, 49,        64, 56, 1.0976870, 74, 11.853862, 73, 739.38013, 77, 32.687500, 79, 1.2201934, 75, 49.994171, 66, 2.4867249,116,         4, 84, 3.7283325
5AC,2019/05/17 15:25:00, 50, 1328.8105, 13,       254, 49,        64, 56, 1.0976870, 74, 11.869418, 73, 739.43866, 77, 32.687500, 79, 1.2153320, 75, 50.044472, 66, 2.4798584,116,         4, 84, 3.7254333
53C,2019/05/17 15:26:00, 50, 1331.8335, 13,       254, 49,        64, 56, 1.0976870, 74, 11.869418, 73, 739.40942, 77, 32.750000, 79, 1.2201934, 75, 49.994171, 66, 2.5067139,116,         4, 84, 3.7232971
52C,2019/05/17 15:27:00, 50, 1335.5378, 13,       254, 49,        64, 56, 1.0976870, 74, 11.838305, 73, 739.40942, 77, 32.812500, 79, 1.2201934, 75, 49.994171, 66, 2.4810791,116,         4, 84, 3.7150574
5DC,2019/05/17 15:28:00, 50, 1185.9116, 13,       254, 49,        64, 56, 1.0976870, 74, 11.838305, 73, 739.40942, 77, 32.812500, 79, 1.2201934, 75, 50.044472, 66, 2.2076416,116,         4, 84, 3.7173462
52C,2019/05/17 15:29:00, 50, 867.14478, 13,       254, 49,        64, 56, 1.0976870, 74, 11.869418, 73, 739.46790, 77, 32.843750, 79, 1.2201934, 75, 49.994171, 66, 2.1270752,116,         4, 84, 3.7174988
5FC,2019/05/17 15:30:00, 50, 821.81299, 13,       254, 49,        64, 56, 1.0976870, 74, 11.869418, 73, 739.55560, 77, 32.906250, 79, 1.2153320, 75, 49.994171, 66, 2.0364380,116,         4, 84, 3.7197876
5DC,2019/05/17 15:31:00, 50, 499.10437, 13,       254, 49,        64, 56, 1.0976870, 74, 11.853862, 73, 739.55560, 77, 32.937500, 79, 1.2201934, 75, 49.994171, 66, 1.8679810,116,         4, 84, 3.7246704
52C,2019/05/17 15:32:00, 50, 413.72906, 13,       254, 49,        64, 56, 1.0976870, 74, 11.853862, 73, 739.61407, 77, 32.937500, 79, 1.2153320, 75, 50.145134, 66, 1.7596436,116,         4, 84, 3.7266541
57C,2019/05/17 15:33:00, 50, 0.2864370, 13,       254, 49,        64, 56, 1.0976870, 74, 11.869418, 73, 739.58484, 77, 32.968750, 79, 1.2250546, 75, 49.994171, 66, 1.7359924,116,         0, 84, 3.7236023
52C,2019/05/17 15:34:00, 50, 0.2744060, 13,       254, 49,        64, 56, 1.0976870, 74, 11.869418, 73, 739.64331, 77, 33.000000, 79, 1.2250546, 75, 49.943886, 66, 1.7320251,116,         0, 84, 3.7252808
51C,2019/05/17 15:35:00, 50, 0.2638712, 13,       254, 49,        64, 56, 1.0976870, 74, 11.838305, 73, 739.64331, 77, 33.031250, 79, 1.2201934, 75, 49.994171, 66, 1.7288208,116,         0, 84, 3.7268066
56C,2019/05/17 15:36:00, 50, 0.2578747, 13,       254, 49,        64, 56, 1.0976870, 74, 11.853862, 73, 739.67255, 77, 33.093750, 79, 1.2153320, 75, 49.994171, 66, 1.7437744,116,         0, 84, 3.7272644
48C,2019/05/17 15:37:00, 50, 19.855873, 13,       254, 49,         8, 56, 1.0976870, 74, 11.900531, 73, 739.73108, 77, 33.156250, 79, 1.2153320, 75, 49.994171, 66, 2.2962952,116,         0, 84, 3.7123108
4FC,2019/05/17 15:38:00, 50, 39.602325, 13,       254, 49,         4, 56, 1.0976870, 74, 11.853862, 73, 739.70184, 77, 33.218750, 79, 1.2201934, 75, 49.943886, 66, 1.9406128,116,         0, 84, 3.6999512
4DC,2019/05/17 15:39:00, 50, 40.419830, 13,       254, 49,         4, 56, 1.0976870, 74, 11.838305, 73, 739.76031, 77, 33.218750, 79, 1.2201934, 75, 49.994171, 66, 1.9685364,116,         0, 84, 3.6981201
48C,2019/05/17 15:40:00, 50, 40.527138, 13,       254, 49,         4, 56, 1.0976870, 74, 11.838305, 73, 739.81879, 77, 33.250000, 79, 1.2201934, 75, 49.994171, 66, 1.9725037,116,         0, 84, 3.6964417
43C,2019/05/17 15:41:00, 50, 40.574593, 13,       254, 49,         4, 56, 1.0976870, 74, 11.869418, 73, 739.84802, 77, 33.281250, 79, 1.2201934, 75, 49.994171, 66, 1.9729614,116,         0, 84, 3.6950684
4FC,2019/05/17 15:42:00, 50, 40.612083, 13,       254, 49,         4, 56, 1.0976870, 74, 11.869418, 73, 739.93573, 77, 33.312500, 79, 1.2104707, 75, 49.994171, 66, 1.9714355,116,         0, 84, 3.6935425
4FC,2019/05/17 15:43:00, 50, 40.647934, 13,       254, 49,         4, 56, 1.0976870, 74, 11.838305, 73, 739.87726, 77, 33.343750, 79, 1.2250546, 75, 49.994171, 66, 1.9757080,116,         0, 84, 3.6920166
43C,2019/05/17 15:44:00, 50, 40.689125, 13,       254, 49,         4, 56, 1.0976870, 74, 11.838305, 73, 739.93573, 77, 33.375000, 79, 1.2201934, 75, 50.044472, 66, 1.9747925,116,         0, 84, 3.6917114
42C,2019/05/17 15:45:00, 50, 40.714279, 13,       254, 49,         4, 56, 1.0976870, 74, 11.869418, 73, 739.96503, 77, 33.375000, 79, 1.2153320, 75, 49.994171, 66, 1.9746399,116,         0, 84, 3.6875916
41C,2019/05/17 15:46:00, 50, 40.719658, 13,       254, 49,         4, 56, 1.0976870, 74, 11.853862, 73, 739.93573, 77, 33.406250, 79, 1.2201934, 75, 49.994171, 66, 1.9764709,116,         0, 84, 3.6871338
42C,2019/05/17 15:47:00, 50, 40.728188, 13,       254, 49,         4, 56, 1.0976870, 74, 11.853862, 73, 739.96503, 77, 33.375000, 79, 1.2153320, 75, 49.943886, 66, 1.9749451,116,         0, 84, 3.6845398
40C,2019/05/17 15:48:00, 50, 40.732460, 13,       254, 49,         4, 56, 1.0976870, 74, 11.869418, 73, 740.02350, 77, 33.375000, 79, 1.2201934, 75, 49.994171, 66, 1.9746399,116,         0, 84, 3.6857605
4DC,2019/05/17 15:49:00, 50, 40.809845, 13,       254, 49,         4, 56, 1.0976870, 74, 11.853862, 73, 740.05273, 77, 33.406250, 79, 1.2201934, 75, 49.994171, 66, 1.9967651,116,         0, 84, 3.6834717
4CC,2019/05/17 15:50:00, 50, 40.657372, 13,       254, 49,         4, 56, 1.0976870, 74, 11.884974, 73, 740.02350, 77, 33.406250, 79, 1.2201934, 75, 50.044472, 66, 1.9960022,116,         0, 84, 3.6810303
4DC,2019/05/17 15:51:00, 50, 40.644775, 13,       254, 49,         4, 56, 1.0976870, 74, 11.838305, 73, 739.96503, 77, 33.406250, 79, 1.2299160, 75, 49.943886, 66, 1.9958496,116,         0, 84, 3.6798096
48C,2019/05/17 15:52:00, 50, 40.655083, 13,       254, 49,         4, 56, 1.0976870, 74, 11.869418, 73, 739.99426, 77, 33.375000, 79, 1.2153320, 75, 49.943886, 66, 1.9978333,116,         0, 84, 3.6788940
4BC,2019/05/17 15:53:00, 50, 40.665359, 13,       254, 49,         4, 56, 1.0976870, 74, 11.869418, 73, 740.05273, 77, 33.375000, 79, 1.2201934, 75, 49.994171, 66, 1.9961548,116,         0, 84, 3.6766052
41C,2019/05/17 15:54:00, 50, 40.677696, 13,       254, 49,         4, 56, 1.0976870, 74, 11.853862, 73, 740.05273, 77, 33.375000, 79, 1.2250546, 75, 49.994171, 66, 1.9973755,116,         0, 84, 3.6772156
47C,2019/05/17 15:55:00, 50, 40.828094, 13,       254, 49,         4, 56, 1.0976870, 74, 11.838305, 73, 740.02350, 77, 33.375000, 79, 1.2201934, 75, 50.044472, 66, 1.9978333,116,         0, 84, 3.6723328
46C,2019/05/17 15:56:00, 50, 40.797501, 13,       254, 49,         4, 56, 1.0976870, 74, 11.853862, 73, 740.05273, 77, 33.406250, 79, 1.2153320, 75, 50.044472, 66, 1.9714355,116,         0, 84, 3.6737061
4FC,2019/05/17 15:57:00, 50, 40.804344, 13,       254, 49,         4, 56, 1.0976870, 74, 11.869418, 73, 740.05273, 77, 33.375000, 79, 1.2201934, 75, 49.994171, 66, 1.9677734,116,         0, 84, 3.6715698
41C,2019/05/17 15:58:00, 50, 36.623535, 13,       254, 49,         4, 56, 1.0976870, 74, 11.853862, 73, 740.02350, 77, 33.406250, 79, 1.2153320, 75, 49.994171, 66, 1.8240356,116,         0, 84, 3.6721802
45C,2019/05/17 15:59:00, 50, 40.820908, 13,       254, 49,         4, 56, 1.0976870, 74, 11.853862, 73, 740.05273, 77, 33.437500, 79, 1.2201934, 75, 49.994171, 66, 1.9706726,116,         0, 84, 3.6701965
41C,2019/05/17 16:00:00, 50, 40.846413, 13,       254, 49,         4, 56, 1.0976870, 74, 11.838305, 73, 740.11121, 77, 33.468750, 79, 1.2201934, 75, 49.994171, 66, 1.9682312,116,         0, 84, 3.6688232
45C,2019/05/17 16:01:00, 50, 51052.266, 13,       254, 49,         4, 56, 1.0976870, 74, 11.853862, 73, 740.08197, 77, 33.500000, 79, 1.2153320, 75, 49.994171, 66, 1.9699097,116,         4, 84, 3.6694336
48C,2019/05/17 16:02:00, 50, 51053.906, 13,       254, 49,         4, 56, 1.0976870, 74, 11.869418, 73, 740.08197, 77, 33.531250, 79, 1.2201934, 75, 49.994171, 66, 1.9703674,116,         4, 84, 3.6691284
43C,2019/05/17 16:03:00, 50, 51082.000, 13,       254, 49,         4, 56, 1.0976870, 74, 11.853862, 73, 740.11121, 77, 33.531250, 79, 1.2201934, 75, 49.994171, 66, 1.9692993,116,         4, 84, 3.6662292
4CC,2019/05/17 16:04:00, 50, 51062.383, 13,       254, 49,         4, 56, 1.0976870, 74, 11.853862, 73, 740.11121, 77, 33.531250, 79, 1.2201934, 75, 49.994171, 66, 1.9647217,116,         4, 84, 3.6645508
41C,2019/05/17 16:05:00, 50, 51100.570, 13,       254, 49,         4, 56, 1.0976870, 74, 11.869418, 73, 740.11121, 77, 33.593750, 79, 1.2153320, 75, 49.994171, 66, 1.9883728,116,         4, 84, 3.6621094
41C,2019/05/17 16:06:00, 50, 50896.500, 13,       254, 49,         4, 56, 1.0976870, 74, 11.869418, 73, 740.14044, 77, 33.562500, 79, 1.2153320, 75, 49.994171, 66, 1.9882202,116,         4, 84, 3.6595154
4AC,2019/05/17 16:07:00, 50, 50892.062, 13,       254, 49,         4, 56, 1.0976870, 74, 11.853862, 73, 740.11121, 77, 33.593750, 79, 1.2201934, 75, 50.044472, 66, 1.9639587,116,         4, 84, 3.6477661
4AC,2019/05/17 16:08:00, 50, 50969.469, 13,       254, 49,         4, 56, 1.0976870, 74, 11.838305, 73, 740.11121, 77, 33.593750, 79, 1.2153320, 75, 49.994171, 66, 1.9674683,116,         4, 84, 3.6590576
45C,2019/05/17 16:09:00, 50, 51020.273, 13,       254, 49,         4, 56, 1.0976870, 74, 11.853862, 73, 740.14044, 77, 33.593750, 79, 1.2201934, 75, 49.994171, 66, 1.9868469,116,         4, 84, 3.6563110
4FC,2019/05/17 16:10:00, 50, 50949.391, 13,       254, 49,         4, 56, 1.0976870, 74, 11.869418, 73, 740.11121, 77, 33.593750, 79, 1.2153320, 75, 50.044472, 66, 1.9657898,116,         4, 84, 3.6428833
49C,2019/05/17 16:11:00, 50, 50936.094, 13,       254, 49,         4, 56, 1.0976870, 74, 11.853862, 73, 740.11121, 77, 33.593750, 79, 1.2153320, 75, 49.994171, 66, 1.9602966,116,         4, 84, 3.6558533
42C,2019/05/17 16:12:00, 50, 50990.391, 13,       254, 49,         4, 56, 1.0976870, 74, 11.853862, 73, 740.14044, 77, 33.562500, 79, 1.2153320, 75, 49.994171, 66, 1.9613647,116,         4, 84, 3.6552429
4BC,2019/05/17 16:13:00, 50, 18842.242, 13,       254, 49,         4, 56, 1.0976870, 74, 11.869418, 73, 740.11121, 77, 33.625000, 79, 1.2153320, 75, 49.994171, 66, 0.8622742,116,         4, 84, 3.6705017
5CC,2019/05/17 16:14:00, 50, 1638.5195, 13,       254, 49,        32, 56, 1.0976870, 74, 11.869418, 73, 740.11121, 77, 33.625000, 79, 1.2153320, 75, 49.994171, 66, 1.2786865,116,         4, 84, 3.6724854
5CC,2019/05/17 16:15:00, 50, 1328.9692, 13,       254, 49,        32, 56, 1.0976870, 74, 11.853862, 73, 740.08197, 77, 33.625000, 79, 1.2201934, 75, 49.994171, 66, 1.1897278,116,         4, 84, 3.6694336
55C,2019/05/17 16:16:00, 50, 1311.7058, 13,       254, 49,        32, 56, 1.0976870, 74, 11.838305, 73, 740.08197, 77, 33.656250, 79, 1.2153320, 75, 49.994171, 66, 1.2179565,116,         4, 84, 3.6694336
5AC,2019/05/17 16:17:00, 50, 1394.2283, 13,       254, 49,        32, 56, 1.0976870, 74, 11.884974, 73, 740.08197, 77, 33.687500, 79, 1.2153320, 75, 49.994171, 66, 1.3566589,116,         4, 84, 3.6685181
50C,2019/05/17 16:18:00, 50, 1530.0559, 13,       254, 49,        32, 56, 1.0976870, 74, 11.869418, 73, 740.08197, 77, 33.656250, 79, 1.2201934, 75, 49.994171, 66, 1.2840271,116,         4, 84, 3.6656189
5AC,2019/05/17 16:19:00, 50, 1505.5500, 13,       254, 49,        32, 56, 1.0976870, 74, 11.838305, 73, 740.11121, 77, 33.656250, 79, 1.2153320, 75, 50.044472, 66, 1.2533569,116,         4, 84, 3.6659241
5AC,2019/05/17 16:20:00, 50, 1498.6724, 13,       254, 49,        32, 56, 1.0976870, 74, 11.853862, 73, 740.08197, 77, 33.687500, 79, 1.2201934, 75, 49.994171, 66, 1.2376404,116,         4, 84, 3.6653137
54C,2019/05/17 16:21:00, 50, 1463.6074, 13,       254, 49,        32, 56, 1.0976870, 74, 11.869418, 73, 740.11121, 77, 33.687500, 79, 1.2153320, 75, 50.044472, 66, 1.2812805,116,         4, 84, 3.6651611
5CC,2019/05/17 16:22:00, 50, 1493.2251, 13,       254, 49,        32, 56, 1.0976870, 74, 11.869418, 73, 740.08197, 77, 33.687500, 79, 1.2153320, 75, 49.994171, 66, 1.2681580,116,         4, 84, 3.6630249
57C,2019/05/17 16:23:00, 50, 1490.4966, 13,       254, 49,        32, 56, 1.0976870, 74, 11.838305, 73, 740.14044, 77, 33.687500, 79, 1.2153320, 75, 49.994171, 66, 1.2547302,116,         4, 84, 3.6613464
52C,2019/05/17 16:24:00, 50, 1482.2173, 13,       254, 49,        32, 56, 1.0976870, 74, 11.853862, 73, 740.11121, 77, 33.656250, 79, 1.2153320, 75, 49.994171, 66, 1.2710571,116,         4, 84, 3.6607361
56C,2019/05/17 16:25:00, 50, 1491.7163, 13,       254, 49,        32, 56, 1.0976870, 74, 11.869418, 73, 740.14044, 77, 33.656250, 79, 1.2201934, 75, 50.044472, 66, 1.3653564,116,         4, 84, 3.6581421
52C,2019/05/17 16:26:00, 50, 1525.5779, 13,       254, 49,        32, 56, 1.0976870, 74, 11.853862, 73, 740.16968, 77, 33.656250, 79, 1.2153320, 75, 49.994171, 66, 1.2815857,116,         4, 84, 3.6589050
5EC,2019/05/17 16:27:00, 50, 1525.7368, 13,       254, 49,        32, 56, 1.0976870, 74, 11.853862, 73, 740.16968, 77, 33.656250, 79, 1.2153320, 75, 49.994171, 66, 1.4187622,116,         4, 84, 3.6572266
5BC,2019/05/17 16:28:00, 50, 2530.2744, 13,       254, 49,        32, 56, 1.0976870, 74, 11.853862, 73, 740.22815, 77, 33.625000, 79, 1.2153320, 75, 49.994171, 66, 1.7167664,116,         4, 84, 3.6563110
50C,2019/05/17 16:29:00, 50, 1820.7346, 13,       254, 49,        32, 56, 1.0976870, 74, 11.869418, 73, 740.19891, 77, 33.687500, 79, 1.2153320, 75, 50.044472, 66, 1.4002991,116,         4, 84, 3.6547852
52C,2019/05/17 16:30:00, 50, 1838.1685, 13,       254, 49,        32, 56, 1.0976870, 74, 11.869418, 73, 740.19891, 77, 33.656250, 79, 1.2153320, 75, 49.943886, 66, 1.3316345,116,         4, 84, 3.6532593
5CC,2019/05/17 16:31:00, 50, 1797.3733, 13,       254, 49,        32, 56, 1.0976870, 74, 11.838305, 73, 740.16968, 77, 33.656250, 79, 1.2201934, 75, 50.044472, 66, 1.4234924,116,         4, 84, 3.6531067
5EC,2019/05/17 16:32:00, 50, 2202.2788, 13,       254, 49,        32, 56, 1.0976870, 74, 11.853862, 73, 740.16968, 77, 33.656250, 79, 1.2153320, 75, 49.994171, 66, 1.5277100,116,         4, 84, 3.6508179
5AC,2019/05/17 16:33:00, 50, 2258.7646, 13,       254, 49,        32, 56, 1.0976870, 74, 11.869418, 73, 740.19891, 77, 33.687500, 79, 1.2153320, 75, 49.994171, 66, 1.5933228,116,         4, 84, 3.6491394
55C,2019/05/17 16:34:00, 50, 2035.6975, 13,       254, 49,        32, 56, 1.0976870, 74, 11.869418, 73, 740.22815, 77, 33.687500, 79, 1.2153320, 75, 49.994171, 66, 1.4903259,116,         4, 84, 3.6500549
57C,2019/05/17 16:35:00, 50, 2119.8950, 13,       254, 49,        32, 56, 1.0976870, 74, 11.853862, 73, 740.19891, 77, 33.687500, 79, 1.2153320, 75, 49.994171, 66, 1.5138245,116,         4, 84, 3.6474609
53C,2019/05/17 16:36:00, 50, 2106.1284, 13,       254, 49,        32, 56, 1.0976870, 74, 11.853862, 73, 740.22815, 77, 33.718750, 79, 1.2153320, 75, 49.994171, 66, 1.4378357,116,         4, 84, 3.6460876
5AC,2019/05/17 16:37:00, 50, 1777.5798, 13,       254, 49,        32, 56, 1.0976870, 74, 11.869418, 73, 740.25745, 77, 33.718750, 79, 1.2153320, 75, 49.994171, 66, 1.3302612,116,         4, 84, 3.6442566
50C,2019/05/17 16:38:00, 50, 1948.4075, 13,       254, 49,        32, 56, 1.0976870, 74, 11.869418, 73, 740.22815, 77, 33.687500, 79, 1.2153320, 75, 50.044472, 66, 1.4418030,116,         4, 84, 3.6459351
5FC,2019/05/17 16:39:00, 50, 1908.8738, 13,       254, 49,        32, 56, 1.0976870, 74, 11.853862, 73, 740.28668, 77, 33.750000, 79, 1.2153320, 75, 49.994171, 66, 1.4430237,116,         4, 84, 3.6445618
51C,2019/05/17 16:40:00, 50, 1876.0374, 13,       254, 49,        32, 56, 1.0976870, 74, 11.838305, 73, 740.25745, 77, 33.750000, 79, 1.2153320, 75, 49.994171, 66, 1.4225769,116,         4, 84, 3.6439514
59C,2019/05/17 16:41:00, 50, 1850.6331, 13,       254, 49,        32, 56, 1.0976870, 74, 11.869418, 73, 740.28668, 77, 33.781250, 79, 1.2153320, 75, 49.994171, 66, 1.2704468,116,         4, 84, 3.6421204
52C,2019/05/17 16:42:00, 50, 1686.0596, 13,       254, 49,        32, 56, 1.0976870, 74, 11.869418, 73, 740.22815, 77, 33.781250, 79, 1.2153320, 75, 50.044472, 66, 1.3848877,116,         4, 84, 3.6416626
53C,2019/05/17 16:43:00, 50, 2295.5059, 13,       254, 49,        32, 56, 1.0976870, 74, 11.853862, 73, 740.28668, 77, 33.781250, 79, 1.2153320, 75, 50.044472, 66, 1.5376282,116,         4, 84, 3.6415100
5DC,2019/05/17 16:44:00, 50, 2089.0581, 13,       254, 49,        32, 56, 1.0976870, 74, 11.853862, 73, 740.28668, 77, 33.781250, 79, 1.2153320, 75, 49.994171, 66, 1.4427185,116,         4, 84, 3.6399841
58C,2019/05/17 16:45:00, 50, 1985.2969, 13,       254, 49,        32, 56, 1.0976870, 74, 11.884974, 73, 740.22815, 77, 33.750000, 79, 1.2153320, 75, 50.044472, 66, 1.3485718,116,         4, 84, 3.6383057
59C,2019/05/17 16:46:00, 50, 1793.2026, 13,       254, 49,        32, 56, 1.0976870, 74, 11.838305, 73, 740.16968, 77, 33.750000, 79, 1.2201934, 75, 49.994171, 66, 1.2547302,116,         4, 84, 3.6402893
4FC,2019/05/17 16:47:00, 50, 15636.836, 13,       254, 49,         8, 56, 1.0976870, 74, 11.853862, 73, 740.14044, 77, 33.750000, 79, 1.2153320, 75, 50.044472, 66, 1.4677429,116,         4, 84, 3.6354065
58C,2019/05/17 16:48:00, 50, 895.93860, 13,       254, 49,        32, 56, 1.0976870, 74, 11.853862, 73, 740.19891, 77, 33.718750, 79, 1.2153320, 75, 49.994171, 66, 1.0148621,116,         4, 84, 3.6462402
57C,2019/05/17 16:49:00, 50, 400.18970, 13,       254, 49,        32, 56, 1.0976870, 74, 11.869418, 73, 740.19891, 77, 33.750000, 79, 1.2201934, 75, 49.994171, 66, 0.8711243,116,         4, 84, 3.6477661
56C,2019/05/17 16:50:00, 50, 364.79102, 13,       254, 49,        32, 56, 1.0976870, 74, 11.884974, 73, 740.16968, 77, 33.750000, 79, 1.2153320, 75, 49.943886, 66, 0.8613586,116,         4, 84, 3.6476135
5FC,2019/05/17 16:51:00, 50, 349.64490, 13,       254, 49,        32, 56, 1.0976870, 74, 11.853862, 73, 740.19891, 77, 33.781250, 79, 1.2153320, 75, 50.044472, 66, 0.8441162,116,         4, 84, 3.6465454
54C,2019/05/17 16:52:00, 50, 336.62372, 13,       254, 49,        32, 56, 1.0976870, 74, 11.853862, 73, 740.22815, 77, 33.750000, 79, 1.2153320, 75, 50.044472, 66, 0.8439636,116,         4, 84, 3.6457825
57C,2019/05/17 16:53:00, 50, 344.96808, 13,       254, 49,        32, 56, 1.0976870, 74, 11.884974, 73, 740.19891, 77, 33.781250, 79, 1.2201934, 75, 49.943886, 66, 0.8215332,116,         4, 84, 3.6335754
52C,2019/05/17 16:54:00, 50, 320.11835, 13,       254, 49,        64, 56, 1.0976870, 74, 11.853862, 73, 740.25745, 77, 33.750000, 79, 1.2153320, 75, 50.044472, 66, 1.7387390,116,         4, 84, 3.6468506
59C,2019/05/17 16:55:00, 50, 336.39429, 13,       254, 49,        64, 56, 1.0976870, 74, 11.838305, 73, 740.25745, 77, 33.812500, 79, 1.2201934, 75, 49.994171, 66, 1.7657471,116,         4, 84, 3.6466980
5BC,2019/05/17 16:56:00, 50, 0.2802809, 13,       254, 49,        64, 56, 1.0976870, 74, 11.853862, 73, 740.19891, 77, 33.812500, 79, 1.2153320, 75, 49.994171, 66, 1.7536926,116,         0, 84, 3.6451721
58C,2019/05/17 16:57:00, 50, 361.62524, 13,       254, 49,        64, 56, 1.0976870, 74, 11.853862, 73, 740.16968, 77, 33.781250, 79, 1.2153320, 75, 49.994171, 66, 1.7770386,116,         4, 84, 3.6442566
5EC,2019/05/17 16:58:00, 50, 378.01306, 13,       254, 49,        64, 56, 1.0976870, 74, 11.869418, 73, 740.19891, 77, 33.781250, 79, 1.2104707, 75, 50.044472, 66, 1.8077087,116,         4, 84, 3.6436462
5EC,2019/05/17 16:59:00, 50, 392.70447, 13,       254, 49,        64, 56, 1.0976870, 74, 11.822749, 73, 740.22815, 77, 33.750000, 79, 1.2201934, 75, 50.044472, 66, 1.8231201,116,         4, 84, 3.6431885
5DC,2019/05/17 17:00:00, 50, 408.22894, 13,       254, 49,        64, 56, 1.0976870, 74, 11.838305, 73, 740.14044, 77, 33.750000, 79, 1.2201934, 75, 50.094795, 66, 1.8582153,116,         4, 84, 3.6439514
58C,2019/05/17 17:01:00, 50, 425.18414, 13,       254, 49,        64, 56, 1.0976870, 74, 11.884974, 73, 740.14044, 77, 33.656250, 79, 1.2153320, 75, 49.994171, 66, 1.8780518,116,         4, 84, 3.6439514
5CC,2019/05/17 17:02:00, 50, 443.99274, 13,       254, 49,        64, 56, 1.0976870, 74, 11.869418, 73, 740.16968, 77, 33.687500, 79, 1.2201934, 75, 49.994171, 66, 1.9169617,116,         4, 84, 3.6430359
59C,2019/05/17 17:03:00, 50, 465.00189, 13,       254, 49,        64, 56, 1.0976870, 74, 11.838305, 73, 740.14044, 77, 33.687500, 79, 1.2153320, 75, 50.044472, 66, 1.9140625,116,         4, 84, 3.6422729
59C,2019/05/17 17:04:00, 50, 497.50519, 13,       254, 49,        64, 56, 1.0976870, 74, 11.853862, 73, 740.19891, 77, 33.687500, 79, 1.2104707, 75, 49.994171, 66, 1.9445801,116,         4, 84, 3.6436462
50C,2019/05/17 17:05:00, 50, 538.19800, 13,       254, 49,        64, 56, 1.0976870, 74, 11.884974, 73, 740.16968, 77, 33.687500, 79, 1.2153320, 75, 49.943886, 66, 1.9316101,116,         4, 84, 3.6421204
51C,2019/05/17 17:06:00, 50, 584.78149, 13,       254, 49,        64, 56, 1.0976870, 74, 11.869418, 73, 740.16968, 77, 33.656250, 79, 1.2153320, 75, 50.044472, 66, 1.9659424,116,         4, 84, 3.6424255
59C,2019/05/17 17:07:00, 50, 608.48853, 13,       254, 49,        64, 56, 1.0976870, 74, 11.822749, 73, 740.14044, 77, 33.656250, 79, 1.2153320, 75, 49.943886, 66, 1.9517517,116,         4, 84, 3.6412048
5CC,2019/05/17 17:08:01, 50, 620.08667, 13,       254, 49,        64, 56, 1.0976870, 74, 11.838305, 73, 740.19891, 77, 33.625000, 79, 1.2153320, 75, 50.044472, 66, 1.9775391,116,         4, 84, 3.6421204
56C,2019/05/17 17:09:00, 50, 638.34363, 13,       254, 49,        64, 56, 1.0976870, 74, 11.900531, 73, 740.19891, 77, 33.593750, 79, 1.2153320, 75, 49.994171, 66, 1.9963074,116,         4, 84, 3.6410522
55C,2019/05/17 17:10:00, 50, 651.91455, 13,       254, 49,        64, 56, 1.0976870, 74, 11.869418, 73, 740.19891, 77, 33.562500, 79, 1.2201934, 75, 49.994171, 66, 2.0082092,116,         4, 84, 3.6408997
52C,2019/05/17 17:11:00, 50, 661.82617, 13,       254, 49,        64, 56, 1.0976870, 74, 11.853862, 73, 740.25745, 77, 33.562500, 79, 1.2201934, 75, 50.044472, 66, 1.9866943,116,         4, 84, 3.6399841
5FC,2019/05/17 17:12:00, 50, 670.11560, 13,       254, 49,        64, 56, 1.0976870, 74, 11.838305, 73, 740.19891, 77, 33.562500, 79, 1.2201934, 75, 49.943886, 66, 1.9992065,116,         4, 84, 3.6407471
59C,2019/05/17 17:13:00, 50, 676.45520, 13,       254, 49,        64, 56, 1.0976870, 74, 11.869418, 73, 740.19891, 77, 33.531250, 79, 1.2104707, 75, 50.044472, 66, 1.9949341,116,         4, 84, 3.6402893
5DC,2019/05/17 17:14:00, 50, 681.45593, 13,       254, 49,        64, 56, 1.0976870, 74, 11.869418, 73, 740.19891, 77, 33.531250, 79, 1.2153320, 75, 49.943886, 66, 2.0425415,116,         4, 84, 3.6399841
51C,2019/05/17 17:15:00, 50, 730.23560, 13,       254, 49,        64, 56, 1.0976870, 74, 11.853862, 73, 740.22815, 77, 33.500000, 79, 1.2201934, 75, 49.994171, 66, 2.1589661,116,         4, 84, 3.6320496
55C,2019/05/17 17:16:00, 50, 1011.3964, 13,       254, 49,        64, 56, 1.0976870, 74, 11.853862, 73, 740.22815, 77, 33.500000, 79, 1.2153320, 75, 49.943886, 66, 2.1038818,116,         4, 84, 3.6302185
5DC,2019/05/17 17:17:00, 50, 827.01672, 13,       254, 49,        64, 56, 1.0976870, 74, 11.869418, 73, 740.25745, 77, 33.468750, 79, 1.2201934, 75, 49.994171, 66, 2.1171570,116,         4, 84, 3.6349487
5CC,2019/05/17 17:18:00, 50, 860.47998, 13,       254, 49,        64, 56, 1.0976870, 74, 11.869418, 73, 740.22815, 77, 33.437500, 79, 1.2201934, 75, 49.943886, 66, 2.0747375,116,         4, 84, 3.6344910
5DC,2019/05/17 17:19:00, 50, 827.81982, 13,       254, 49,        64, 56, 1.0976870, 74, 11.853862, 73, 740.25745, 77, 33.437500, 79, 1.2250546, 75, 50.044472, 66, 2.0065308,116,         4, 84, 3.6334229
5EC,2019/05/17 17:20:00, 50, 805.69897, 13,       254, 49,        64, 56, 1.0976870, 74, 11.838305, 73, 740.28668, 77, 33.406250, 79, 1.2104707, 75, 49.994171, 66, 2.0527649,116,         4, 84, 3.6358643
57C,2019/05/17 17:21:00, 50, 903.41492, 13,       254, 49,        64, 56, 1.0976870, 74, 11.884974, 73, 740.28668, 77, 33.406250, 79, 1.2201934, 75, 49.994171, 66, 2.2789001,116,         4, 84, 3.6347961
5BC,2019/05/17 17:22:00, 50, 1540.2583, 13,       254, 49,        64, 56, 1.0976870, 74, 11.869418, 73, 740.34515, 77, 33.406250, 79, 1.2201934, 75, 49.994171, 66, 2.6129150,116,         4, 84, 3.6331177
59C,2019/05/17 17:23:00, 50, 1686.0464, 13,       254, 49,        64, 56, 1.0976870, 74, 11.869418, 73, 740.34515, 77, 33.406250, 79, 1.2201934, 75, 50.044472, 66, 2.7130127,116,         4, 84, 3.6341858
5EC,2019/05/17 17:24:00, 50, 1776.7012, 13,       254, 49,        64, 56, 1.0976870, 74, 11.853862, 73, 740.34515, 77, 33.375000, 79, 1.2153320, 75, 49.943886, 66, 2.7690125,116,         4, 84, 3.6332703
5FC,2019/05/17 17:25:00, 50, 1800.7661, 13,       254, 49,        64, 56, 1.0976870, 74, 11.884974, 73, 740.40363, 77, 33.375000, 79, 1.2201934, 75, 49.994171, 66, 2.7603149,116,         4, 84, 3.6326599
5AC,2019/05/17 17:26:00, 50, 3555.0078, 13,       254, 49,        32, 56, 1.0976870, 74, 11.884974, 73, 740.40363, 77, 33.406250, 79, 1.2153320, 75, 49.943886, 66, 2.0526123,116,         4, 84, 3.6320496
51C,2019/05/17 17:27:00, 50, 6455.1680, 13,       254, 49,        16, 56, 1.0976870, 74, 11.853862, 73, 740.37439, 77, 33.406250, 79, 1.2201934, 75, 49.994171, 66, 1.5309143,116,         4, 84, 3.6273193
58C,2019/05/17 17:28:00, 50, 8.3334599, 13,       254, 49,        16, 56, 1.0976870, 74, 11.853862, 73, 740.43286, 77, 33.375000, 79, 1.2153320, 75, 50.044472, 66, 2.1870422,116,         0, 84, 3.6259460
5BC,2019/05/17 17:29:00, 50, 8.4672089, 13,       254, 49,        16, 56, 1.0976870, 74, 11.884974, 73, 740.46210, 77, 33.343750, 79, 1.2104707, 75, 49.943886, 66, 2.2062683,116,         0, 84, 3.6238098
56C,2019/05/17 17:30:00, 50, 10605.635, 13,       254, 49,        16, 56, 1.0976870, 74, 11.853862, 73, 740.43286, 77, 33.375000, 79, 1.2201934, 75, 49.943886, 66, 2.2077942,116,         4, 84, 3.6230469
54C,2019/05/17 17:31:00, 50, 8.4917774, 13,       254, 49,        16, 56, 1.0976870, 74, 11.853862, 73, 740.46210, 77, 33.406250, 79, 1.2201934, 75, 49.943886, 66, 2.2102356,116,         0, 84, 3.6230469
51C,2019/05/17 17:32:00, 50, 8.4936981, 13,       254, 49,        16, 56, 1.0976870, 74, 11.838305, 73, 740.46210, 77, 33.343750, 79, 1.2201934, 75, 50.044472, 66, 2.2042847,116,         0, 84, 3.6222839
5AC,2019/05/17 17:33:00, 50, 8.4972572, 13,       254, 49,        16, 56, 1.0976870, 74, 11.884974, 73, 740.49133, 77, 33.375000, 79, 1.2104707, 75, 49.994171, 66, 2.2125244,116,         0, 84, 3.6221313
51C,2019/05/17 17:34:00, 50, 8.5008736, 13,       254, 49,        16, 56, 1.0976870, 74, 11.884974, 73, 740.49133, 77, 33.375000, 79, 1.2250546, 75, 50.044472, 66, 2.2067261,116,         0, 84, 3.6210632
59C,2019/05/17 17:35:00, 50, 10628.783, 13,       254, 49,        16, 56, 1.0976870, 74, 11.853862, 73, 740.49133, 77, 33.343750, 79, 1.2250546, 75, 49.994171, 66, 2.2146606,116,         4, 84, 3.6207581
5EC,2019/05/17 17:36:00, 50, 10632.271, 13,       254, 49,        16, 56, 1.0976870, 74, 11.838305, 73, 740.52057, 77, 33.375000, 79, 1.2201934, 75, 49.994171, 66, 2.2052002,116,         4, 84, 3.6199951
5EC,2019/05/17 17:37:00, 50, 5135.5811, 13,       254, 49,        16, 56, 1.0976870, 74, 11.884974, 73, 740.46210, 77, 33.375000, 79, 1.2153320, 75, 49.994171, 66, 1.2266541,116,         4, 84, 3.6222839
53C,2019/05/17 17:38:00, 50, 1023.5139, 13,       254, 49,        32, 56, 1.0976870, 74, 11.869418, 73, 740.40363, 77, 33.343750, 79, 1.2201934, 75, 49.994171, 66, 1.0729980,116,         4, 84, 3.6242676
56C,2019/05/17 17:39:00, 50, 913.41321, 13,       254, 49,        32, 56, 1.0976870, 74, 11.853862, 73, 740.46210, 77, 33.375000, 79, 1.2250546, 75, 49.994171, 66, 1.0470581,116,         4, 84, 3.6233521
5EC,2019/05/17 17:40:00, 50, 889.16650, 13,       254, 49,        32, 56, 1.0976870, 74, 11.838305, 73, 740.46210, 77, 33.343750, 79, 1.2201934, 75, 50.044472, 66, 1.0411072,116,         4, 84, 3.6239624
5EC,2019/05/17 17:41:00, 50, 884.51526, 13,       254, 49,        32, 56, 1.0976870, 74, 11.884974, 73, 740.49133, 77, 33.375000, 79, 1.2201934, 75, 49.994171, 66, 1.0534668,116,         4, 84, 3.6227417
5EC,2019/05/17 17:42:00, 50, 882.12903, 13,       254, 49,        32, 56, 1.0976870, 74, 11.884974, 73, 740.46210, 77, 33.343750, 79, 1.2201934, 75, 49.994171, 66, 1.0458374,116,         4, 84, 3.6247253
5AC,2019/05/17 17:43:00, 50, 869.67920, 13,       254, 49,        32, 56, 1.0976870, 74, 11.853862, 73, 740.46210, 77, 33.343750, 79, 1.2153320, 75, 49.994171, 66, 1.0287476,116,         4, 84, 3.6254883
5AC,2019/05/17 17:44:00, 50, 855.29700, 13,       254, 49,        32, 56, 1.0976870, 74, 11.853862, 73, 740.43286, 77, 33.375000, 79, 1.2201934, 75, 49.994171, 66, 1.0466003,116,         4, 84, 3.6216736
59C,2019/05/17 17:45:00, 50, 883.23889, 13,       254, 49,        32, 56, 1.0976870, 74, 11.884974, 73, 740.40363, 77, 33.312500, 79, 1.2201934, 75, 49.943886, 66, 1.0848999,116,         4, 84, 3.6178589
52C,2019/05/17 17:46:00, 50, 927.12927, 13,       254, 49,        32, 56, 1.0976870, 74, 11.884974, 73, 740.34515, 77, 33.281250, 79, 1.2153320, 75, 49.994171, 66, 1.0830688,116,         4, 84, 3.6149597
55C,2019/05/17 17:47:00, 50, 930.78467, 13,       254, 49,        32, 56, 1.0976870, 74, 11.869418, 73, 740.43286, 77, 33.281250, 79, 1.2153320, 75, 49.994171, 66, 1.0635376,116,         4, 84, 3.6177063
5FC,2019/05/17 17:48:00, 50, 929.71082, 13,       254, 49,        32, 56, 1.0976870, 74, 11.869418, 73, 740.43286, 77, 33.250000, 79, 1.2104707, 75, 49.994171, 66, 1.0980225,116,         4, 84, 3.6167908
58C,2019/05/17 17:49:00, 50, 953.03735, 13,       254, 49,        32, 56, 1.0976870, 74, 11.869418, 73, 740.43286, 77, 33.218750, 79, 1.2201934, 75, 49.994171, 66, 1.0981750,116,         4, 84, 3.6123657
51C,2019/05/17 17:50:00, 50, 981.41638, 13,       254, 49,        32, 56, 1.0976870, 74, 11.853862, 73, 740.43286, 77, 33.218750, 79, 1.2153320, 75, 49.994171, 66, 1.1296082,116,         4, 84, 3.6109924
5EC,2019/05/17 17:51:00, 50, 1024.6240, 13,       254, 49,        32, 56, 1.0976870, 74, 11.853862, 73, 740.40363, 77, 33.218750, 79, 1.2153320, 75, 49.994171, 66, 1.1242676,116,         4, 84, 3.6108398
5AC,2019/05/17 17:52:00, 50, 1084.1733, 13,       254, 49,        32, 56, 1.0976870, 74, 11.838305, 73, 740.43286, 77, 33.218750, 79, 1.2153320, 75, 49.943886, 66, 1.1497498,116,         4, 84, 3.6090088
56C,2019/05/17 17:53:00, 50, 1115.2817, 13,       254, 49,        32, 56, 1.0976870, 74, 11.869418, 73, 740.37439, 77, 33.156250, 79, 1.2153320, 75, 49.994171, 66, 1.1175537,116,         4, 84, 3.6082458
5AC,2019/05/17 17:54:00, 50, 1131.3638, 13,       254, 49,        32, 56, 1.0976870, 74, 11.853862, 73, 740.37439, 77, 33.187500, 79, 1.2201934, 75, 49.994171, 66, 1.1450195,116,         4, 84, 3.6093140
54C,2019/05/17 17:55:00, 50, 1139.9126, 13,       254, 49,        32, 56, 1.0976870, 74, 11.822749, 73, 740.37439, 77, 33.187500, 79, 1.2153320, 75, 49.943886, 66, 1.1306763,116,         4, 84, 3.6088562
54C,2019/05/17 17:56:00, 50, 1145.4102, 13,       254, 49,        32, 56, 1.0976870, 74, 11.838305, 73, 740.37439, 77, 33.156250, 79, 1.2104707, 75, 49.994171, 66, 1.1363220,116,         4, 84, 3.6076355
51C,2019/05/17 17:57:00, 50, 1148.5723, 13,       254, 49,        32, 56, 1.0976870, 74, 11.884974, 73, 740.40363, 77, 33.156250, 79, 1.2201934, 75, 49.994171, 66, 1.1589050,116,         4, 84, 3.6082458
54C,2019/05/17 17:58:00, 50, 1148.7678, 13,       254, 49,        32, 56, 1.0976870, 74, 11.869418, 73, 740.43286, 77, 33.156250, 79, 1.2250546, 75, 49.994171, 66, 1.1367798,116,         4, 84, 3.6071777
57C,2019/05/17 17:59:00, 50, 1149.8391, 13,       254, 49,        32, 56, 1.0976870, 74, 11.838305, 73, 740.43286, 77, 33.156250, 79, 1.2201934, 75, 49.943886, 66, 1.1407471,116,         4, 84, 3.6067200
54C,2019/05/17 18:00:00, 50, 1151.3555, 13,       254, 49,        32, 56, 1.0976870, 74, 11.838305, 73, 740.43286, 77, 33.125000, 79, 1.2153320, 75, 49.994171, 66, 1.1277771,116,         4, 84, 3.6059570
50C,2019/05/17 18:01:00, 50, 1153.2136, 13,       254, 49,        32, 56, 1.0976870, 74, 11.884974, 73, 740.43286, 77, 33.156250, 79, 1.2201934, 75, 49.994171, 66, 1.1511230,116,         4, 84, 3.6045837
53C,2019/05/17 18:02:00, 50, 1154.9573, 13,       254, 49,        32, 56, 1.0976870, 74, 11.869418, 73, 740.40363, 77, 33.156250, 79, 1.2153320, 75, 49.994171, 66, 1.1431885,116,         4, 84, 3.6027527
54C,2019/05/17 18:03:00, 50, 1155.0159, 13,       254, 49,        32, 56, 1.0976870, 74, 11.869418, 73, 740.46210, 77, 33.187500, 79, 1.2201934, 75, 49.943886, 66, 1.1492920,116,         4, 84, 3.6016846
51C,2019/05/17 18:04:00, 50, 1158.0200, 13,       254, 49,        32, 56, 1.0976870, 74, 11.838305, 73, 740.43286, 77, 33.187500, 79, 1.2201934, 75, 50.044472, 66, 1.1489868,116,         4, 84, 3.6019897
5AC,2019/05/17 18:05:00, 50, 1160.4541, 13,       254, 49,        32, 56, 1.0976870, 74, 11.869418, 73, 740.43286, 77, 33.187500, 79, 1.2153320, 75, 49.943886, 66, 1.1300659,116,         4, 84, 3.6021423
57C,2019/05/17 18:06:00, 50, 1159.6328, 13,       254, 49,        32, 56, 1.0976870, 74, 11.869418, 73, 740.46210, 77, 33.218750, 79, 1.2153320, 75, 49.943886, 66, 1.1302185,116,         4, 84, 3.6015320
5EC,2019/05/17 18:07:00, 50, 1159.3188, 13,       254, 49,        32, 56, 1.0976870, 74, 11.838305, 73, 740.46210, 77, 33.218750, 79, 1.2201934, 75, 49.893616, 66, 1.1444092,116,         4, 84, 3.5997009
57C,2019/05/17 18:08:00, 50, 1157.3572, 13,       254, 49,        32, 56, 1.0976870, 74, 11.838305, 73, 740.46210, 77, 33.218750, 79, 1.2201934, 75, 49.994171, 66, 1.1074829,116,         4, 84, 3.6001587
56C,2019/05/17 18:09:00, 50, 1152.5183, 13,       254, 49,        32, 56, 1.0976870, 74, 11.884974, 73, 740.40363, 77, 33.187500, 79, 1.2153320, 75, 50.044472, 66, 1.1273193,116,         4, 84, 3.5993958
5AC,2019/05/17 18:10:00, 50, 1151.1121, 13,       254, 49,        32, 56, 1.0976870, 74, 11.853862, 73, 740.40363, 77, 33.218750, 79, 1.2201934, 75, 49.994171, 66, 1.1262512,116,         4, 84, 3.5997009
59C,2019/05/17 18:11:00, 50, 1149.6655, 13,       254, 49,        32, 56, 1.0976870, 74, 11.838305, 73, 740.40363, 77, 33.187500, 79, 1.2153320, 75, 49.994171, 66, 1.1303711,116,         4, 84, 3.5984802
55C,2019/05/17 18:12:00, 50, 1148.9021, 13,       254, 49,        32, 56, 1.0976870, 74, 11.853862, 73, 740.37439, 77, 33.156250, 79, 1.2153320, 75, 49.994171, 66, 1.1241150,116,         4, 84, 3.5968018
53C,2019/05/17 18:13:00, 50, 1149.5752, 13,       254, 49,        32, 56, 1.0976870, 74, 11.869418, 73, 740.34515, 77, 33.156250, 79, 1.2201934, 75, 49.994171, 66, 1.1218262,116,         4, 84, 3.5966492
58C,2019/05/17 18:14:00, 50, 1148.8928, 13,       254, 49,        32, 56, 1.0976870, 74, 11.869418, 73, 740.37439, 77, 33.156250, 79, 1.2153320, 75, 49.994171, 66, 1.1376953,116,         4, 84, 3.5961914
57C,2019/05/17 18:15:00, 50, 1150.3945, 13,       254, 49,        32, 56, 1.0976870, 74, 11.853862, 73, 740.37439, 77, 33.156250, 79, 1.2250546, 75, 49.994171, 66, 1.1228943,116,         4, 84, 3.5971069
52C,2019/05/17 18:16:00, 50, 1148.6255, 13,       254, 49,        32, 56, 1.0976870, 74, 11.853862, 73, 740.37439, 77, 33.156250, 79, 1.2056093, 75, 49.994171, 66, 1.1299133,116,         4, 84, 3.5943604
56C,2019/05/17 18:17:00, 50, 1147.8962, 13,       254, 49,        32, 56, 1.0976870, 74, 11.869418, 73, 740.40363, 77, 33.156250, 79, 1.2201934, 75, 50.044472, 66, 1.1373901,116,         4, 84, 3.5935974
58C,2019/05/17 18:18:00, 50, 1146.7930, 13,       254, 49,        32, 56, 1.0976870, 74, 11.869418, 73, 740.43286, 77, 33.125000, 79, 1.2153320, 75, 49.994171, 66, 1.1285400,116,         4, 84, 3.5945129
5FC,2019/05/17 18:19:00, 50, 1143.9104, 13,       254, 49,        32, 56, 1.0976870, 74, 11.838305, 73, 740.40363, 77, 33.093750, 79, 1.2153320, 75, 49.994171, 66, 1.1054993,116,         4, 84, 3.5932922
57C,2019/05/17 18:20:00, 50, 1143.8040, 13,       254, 49,        32, 56, 1.0976870, 74, 11.838305, 73, 740.40363, 77, 33.093750, 79, 1.2104707, 75, 49.994171, 66, 1.1341858,116,         4, 84, 3.5928345
51C,2019/05/17 18:21:00, 50, 1144.6575, 13,       254, 49,        32, 56, 1.0976870, 74, 11.869418, 73, 740.37439, 77, 33.062500, 79, 1.2299160, 75, 49.994171, 66, 1.1375427,116,         4, 84, 3.5928345
58C,2019/05/17 18:22:00, 50, 1142.8611, 13,       254, 49,        32, 56, 1.0976870, 74, 11.853862, 73, 740.40363, 77, 33.062500, 79, 1.2153320, 75, 49.994171, 66, 1.1091614,116,         4, 84, 3.5911560
5AC,2019/05/17 18:23:00, 50, 1140.3120, 13,       254, 49,        32, 56, 1.0976870, 74, 11.853862, 73, 740.40363, 77, 33.031250, 79, 1.2153320, 75, 49.994171, 66, 1.1074829,116,         4, 84, 3.5911560
5FC,2019/05/17 18:24:00, 50, 1140.6865, 13,       254, 49,        32, 56, 1.0976870, 74, 11.838305, 73, 740.40363, 77, 33.062500, 79, 1.2153320, 75, 49.994171, 66, 1.1192322,116,         4, 84, 3.5910034
5DC,2019/05/17 18:25:00, 50, 1139.6191, 13,       254, 49,        32, 56, 1.0976870, 74, 11.869418, 73, 740.43286, 77, 33.062500, 79, 1.2153320, 75, 49.994171, 66, 1.1280823,116,         4, 84, 3.5908508
55C,2019/05/17 18:26:00, 50, 1141.9829, 13,       254, 49,        32, 56, 1.0976870, 74, 11.869418, 73, 740.40363, 77, 33.062500, 79, 1.2201934, 75, 49.994171, 66, 1.1610413,116,         4, 84, 3.5899353
5AC,2019/05/17 18:27:00, 50, 1191.2207, 13,       254, 49,        32, 56, 1.0976870, 74, 11.853862, 73, 740.43286, 77, 33.062500, 79, 1.2153320, 75, 49.994171, 66, 1.2165833,116,         4, 84, 3.5891724
50C,2019/05/17 18:28:00, 50, 1412.2148, 13,       254, 49,        32, 56, 1.0976870, 74, 11.853862, 73, 740.46210, 77, 33.031250, 79, 1.2250546, 75, 50.044472, 66, 1.2272644,116,         4, 84, 3.5888672
