4FC,2019/05/27 19:27:00, 50, 0.0000000, 13,       231, 49,         1, 56, 1.0976870, 74, 11.853862, 73, 513.04663, 77, 18.781250, 79, 1.2396387, 75, 21.618690, 66,-0.3892517,116,         4, 84, 2.6615906
5AC,2019/05/27 19:28:00, 50, 0.0000000, 13,        75, 49,         8, 56, 1.0976870, 74, 11.853862, 73, 512.25708, 77, 19.281250, 79, 1.2347773, 75, 22.747681, 66, 0.6462097,116,         4, 84, 4.8934937
55C,2019/05/27 19:29:00, 50, 0.0000000, 13,        45, 49,         1, 56, 1.0976870, 74, 11.838305, 73, 512.63721, 77, 19.656250, 79, 1.2347773, 75, 23.550179, 66, 2.7543640,116,         4, 84, 4.0119934
53C,2019/05/27 19:30:00, 50, 0.0000000, 13,        45, 49,         4, 56, 1.0976870, 74, 11.838305, 73, 512.78345, 77, 20.031250, 79, 1.2444999, 75, 24.463203, 66,-0.1927185,116,         4, 84, 3.8336182
50C,2019/05/27 19:31:00, 50, 0.0000000, 13,        47, 49,         1, 56, 1.0976870, 74, 11.838305, 73, 513.01740, 77, 20.343750, 79, 1.2396387, 75, 25.422417, 66,-0.3260803,116,         4, 84, 3.8040161
57C,2019/05/27 19:32:00, 50, 0.0000000, 13,        54, 49,         1, 56, 1.0976870, 74, 11.838305, 73, 514.24554, 77, 20.687500, 79, 1.2396387, 75, 26.367081, 66,-0.3842163,116,         4, 84, 3.8208008
57C,2019/05/27 19:33:00, 50, 0.0000000, 13,        59, 49,         1, 56, 1.0976870, 74, 11.869418, 73, 514.39172, 77, 21.000000, 79, 1.2396387, 75, 27.297867, 66,-0.3848267,116,         4, 84, 3.8116455
5DC,2019/05/27 19:34:00, 50, 0.0000000, 13,        63, 49,         1, 56, 1.0976870, 74, 11.822749, 73, 514.56720, 77, 21.312500, 79, 1.2347773, 75, 28.215408, 66,-0.3826904,116,         4, 84, 3.8310242
5CC,2019/05/27 19:35:00, 50, 0.0000000, 13,        71, 49,         1, 56, 1.0976870, 74, 11.838305, 73, 514.68414, 77, 21.593750, 79, 1.2250546, 75, 29.064156, 66,-0.3825378,116,         4, 84, 3.8111877
5DC,2019/05/27 19:36:00, 50, 0.0000000, 13,        76, 49,         1, 56, 1.0976870, 74, 11.822749, 73, 514.83038, 77, 21.875000, 79, 1.2347773, 75, 30.013351, 66,-0.3822327,116,         4, 84, 3.8105774
57C,2019/05/27 19:37:00, 50, 0.0000000, 13,        85, 49,         1, 56, 1.0976870, 74, 11.838305, 73, 514.94733, 77, 22.187500, 79, 1.2299160, 75, 30.785439, 66,-0.3819275,116,         4, 84, 3.8246155
52C,2019/05/27 19:38:00, 50, 0.0000000, 13,        91, 49,         1, 56, 1.0976870, 74, 11.838305, 73, 515.03510, 77, 22.500000, 79, 1.2299160, 75, 31.657784, 66,-0.3816223,116,         4, 84, 3.7971497
4DC,2019/05/27 19:39:00, 50, 0.0000000, 13,       100, 49,         1, 56, 1.0976870, 74, 11.838305, 73, 515.18127, 77, 22.781250, 79, 1.2299160, 75, 32.466431, 66,-0.3810120,116,         4, 84, 3.7954712
44C,2019/05/27 19:40:00, 50, 0.0000000, 13,       104, 49,         1, 56, 1.0976870, 74, 11.838305, 73, 515.23975, 77, 23.093750, 79, 1.2250546, 75, 33.213631, 66,-0.3808594,116,         4, 84, 3.8117981
4DC,2019/05/27 19:41:00, 50, 0.0000000, 13,       109, 49,         1, 56, 1.0976870, 74, 11.838305, 73, 515.26904, 77, 23.406250, 79, 1.2299160, 75, 34.006645, 66,-0.3807068,116,         4, 84, 3.8116455
46C,2019/05/27 19:42:00, 50, 0.0000000, 13,       115, 49,         1, 56, 1.0976870, 74, 11.838305, 73, 515.29828, 77, 23.687500, 79, 1.2347773, 75, 34.740196, 66,-0.3804016,116,         4, 84, 3.8101196
4DC,2019/05/27 19:43:00, 50, 0.0000000, 13,       119, 49,         1, 56, 1.0976870, 74, 11.838305, 73, 515.35675, 77, 23.875000, 79, 1.2299160, 75, 35.467812, 66,-0.3800964,116,         4, 84, 3.8212585
48C,2019/05/27 19:44:00, 50, 0.0000000, 13,       123, 49,         1, 56, 1.0976870, 74, 11.838305, 73, 515.47369, 77, 24.156250, 79, 1.2299160, 75, 36.241318, 66,-0.3797913,116,         4, 84, 3.8612366
4BC,2019/05/27 19:45:00, 50, 0.0000000, 13,       124, 49,         1, 56, 1.0976870, 74, 11.838305, 73, 515.56146, 77, 24.406250, 79, 1.2299160, 75, 36.906990, 66,-0.3796387,116,         4, 84, 3.8069153
48C,2019/05/27 19:46:00, 50, 0.0000000, 13,       127, 49,         1, 56, 1.0976870, 74, 11.822749, 73, 515.61993, 77, 24.656250, 79, 1.2250546, 75, 37.517906, 66,-0.3793335,116,         4, 84, 3.8211060
42C,2019/05/27 19:47:00, 50, 0.0000000, 13,       130, 49,         1, 56, 1.0976870, 74, 11.822749, 73, 515.73688, 77, 24.906250, 79, 1.2250546, 75, 38.226707, 66,-0.3790283,116,         4, 84, 3.8185120
4EC,2019/05/27 19:48:00, 50, 0.0000000, 13,       133, 49,         1, 56, 1.0976870, 74, 11.822749, 73, 515.76611, 77, 25.125000, 79, 1.2299160, 75, 38.881454, 66,-0.3787231,116,         4, 84, 3.8174438
45C,2019/05/27 19:49:00, 50, 0.0000000, 13,       136, 49,         1, 56, 1.0976870, 74, 11.822749, 73, 515.88312, 77, 25.343750, 79, 1.2299160, 75, 39.483200, 66,-0.3785706,116,         4, 84, 3.8247681
4AC,2019/05/27 19:50:00, 50, 0.0000000, 13,       139, 49,         1, 56, 1.0976870, 74, 11.822749, 73, 515.94159, 77, 25.531250, 79, 1.2347773, 75, 40.082703, 66,-0.3782654,116,         4, 84, 3.8206482
41C,2019/05/27 19:51:00, 50, 0.0000000, 13,       142, 49,         1, 56, 1.0976870, 74, 11.822749, 73, 516.00006, 77, 25.750000, 79, 1.2444999, 75, 40.680237, 66,-0.3781128,116,         4, 84, 3.8204956
41C,2019/05/27 19:52:00, 50, 0.0000000, 13,       145, 49,         1, 56, 1.0976870, 74, 11.822749, 73, 516.02930, 77, 25.937500, 79, 1.2201934, 75, 41.276077, 66,-0.3778076,116,         4, 84, 3.8052368
42C,2019/05/27 19:53:00, 50, 0.0000000, 13,       148, 49,         1, 56, 1.0976870, 74, 11.838305, 73, 516.11700, 77, 26.156250, 79, 1.2299160, 75, 41.672493, 66,-0.3776550,116,         4, 84, 3.8168335
4DC,2019/05/27 19:54:00, 50, 0.0000000, 13,       151, 49,         1, 56, 1.0976870, 74, 11.822749, 73, 516.17554, 77, 26.375000, 79, 1.2299160, 75, 42.266106, 66,-0.3775024,116,         4, 84, 3.8240051
42C,2019/05/27 19:55:00, 50, 0.0000000, 13,       154, 49,         1, 56, 1.0976870, 74, 11.838305, 73, 516.26324, 77, 26.562500, 79, 1.2347773, 75, 42.858749, 66,-0.3771973,116,         4, 84, 3.8165283
42C,2019/05/27 19:56:00, 50, 0.0000000, 13,       157, 49,         1, 56, 1.0976870, 74, 11.822749, 73, 516.32172, 77, 26.781250, 79, 1.2250546, 75, 43.500015, 66,-0.3768921,116,         4, 84, 3.8055420
4AC,2019/05/27 19:57:00, 50, 0.0000000, 13,       161, 49,         1, 56, 1.0976870, 74, 11.838305, 73, 516.38019, 77, 27.000000, 79, 1.2201934, 75, 44.042229, 66,-0.3767395,116,         4, 84, 3.8174438
47C,2019/05/27 19:58:00, 50, 0.0000000, 13,       165, 49,         1, 56, 1.0976870, 74, 11.853862, 73, 516.49719, 77, 27.218750, 79, 1.2299160, 75, 44.584320, 66,-0.3764343,116,         4, 84, 3.8275146
44C,2019/05/27 19:59:00, 50, 0.0000000, 13,       168, 49,         1, 56, 1.0976870, 74, 11.822749, 73, 516.55566, 77, 27.468750, 79, 1.2250546, 75, 45.077194, 66,-0.3761292,116,         4, 84, 3.8121033
46C,2019/05/27 20:00:00, 50, 0.0000000, 13,       172, 49,         1, 56, 1.0976870, 74, 11.822749, 73, 516.64337, 77, 27.656250, 79, 1.2250546, 75, 45.520973, 66,-0.3758240,116,         4, 84, 3.8059998
4BC,2019/05/27 20:01:00, 50, 0.0000000, 13,       175, 49,         1, 56, 1.0976870, 74, 11.822749, 73, 516.70190, 77, 27.875000, 79, 1.2347773, 75, 45.816986, 66,-0.3756714,116,         4, 84, 3.8095093
44C,2019/05/27 20:02:00, 50, 0.0000000, 13,       178, 49,         1, 56, 1.0976870, 74, 11.838305, 73, 516.76038, 77, 28.062500, 79, 1.2201934, 75, 45.965050, 66,-0.3753662,116,         4, 84, 3.8027954
49C,2019/05/27 20:03:00, 50, 0.0000000, 13,       181, 49,         1, 56, 1.0976870, 74, 11.822749, 73, 516.84808, 77, 28.281250, 79, 1.2153320, 75, 46.162544, 66,-0.3752136,116,         4, 84, 3.8124084
49C,2019/05/27 20:04:00, 50, 0.0000000, 13,       183, 49,         1, 56, 1.0976870, 74, 11.822749, 73, 516.93579, 77, 28.468750, 79, 1.2201934, 75, 46.261322, 66,-0.3749084,116,         4, 84, 3.8069153
4AC,2019/05/27 20:05:00, 50, 0.0000000, 13,       187, 49,         1, 56, 1.0976870, 74, 11.838305, 73, 517.02356, 77, 28.593750, 79, 1.2201934, 75, 46.953537, 66,-0.3747559,116,         4, 84, 3.8348389
43C,2019/05/27 20:06:00, 50, 0.0000000, 13,       189, 49,         1, 56, 1.0976870, 74, 11.853862, 73, 517.02356, 77, 28.781250, 79, 1.2201934, 75, 47.697006, 66,-0.3746033,116,         4, 84, 3.8061523
48C,2019/05/27 20:07:00, 50, 0.0000000, 13,       193, 49,         1, 56, 1.0976870, 74, 11.838305, 73, 517.08203, 77, 28.968750, 79, 1.2153320, 75, 47.746651, 66,-0.3744507,116,         4, 84, 3.8073730
4CC,2019/05/27 20:08:00, 50, 164.53043, 13,       196, 49,         1, 56, 1.0976870, 74, 11.838305, 73, 517.16974, 77, 29.093750, 79, 1.2299160, 75, 48.343262, 66,-0.3742981,116,         4, 84, 3.8049316
41C,2019/05/27 20:09:00, 50, 145.34125, 13,       200, 49,         1, 56, 1.0976870, 74, 11.853862, 73, 515.91235, 77, 29.218750, 79, 1.2201934, 75, 48.741997, 66, 0.8692932,116,         4, 84, 3.8067627
46C,2019/05/27 20:10:00, 50, 145.34125, 13,       205, 49,       128, 56, 1.0976870, 74, 11.838305, 73, 516.05853, 77, 29.375000, 79, 1.2250546, 75, 49.241684, 66, 2.6280212,116,         4, 84, 3.8253784
4DC,2019/05/27 20:11:00, 50, 145.34125, 13,       208, 49,       128, 56, 1.0976870, 74, 11.853862, 73, 516.05853, 77, 29.500000, 79, 1.2201934, 75, 49.592377, 66, 2.6289368,116,         4, 84, 3.8053894
59C,2019/05/27 20:12:00, 50, 145.34125, 13,       212, 49,        64, 56, 1.0976870, 74, 11.853862, 73, 516.05853, 77, 29.656250, 79, 1.2201934, 75, 49.994171, 66, 1.4340210,116,         4, 84, 3.8157654
5FC,2019/05/27 20:13:00, 50, 145.34125, 13,       215, 49,        64, 56, 1.0976870, 74, 11.853862, 73, 516.08777, 77, 29.781250, 79, 1.2201934, 75, 50.245865, 66, 1.7028809,116,         4, 84, 3.8078308
59C,2019/05/27 20:14:00, 50, 145.34125, 13,       218, 49,        64, 56, 1.0976870, 74, 11.838305, 73, 516.14630, 77, 29.875000, 79, 1.2250546, 75, 50.397110, 66, 1.8682861,116,         4, 84, 3.8081360
55C,2019/05/27 20:15:00, 50, 145.34125, 13,       221, 49,        64, 56, 1.0976870, 74, 11.838305, 73, 516.17554, 77, 30.031250, 79, 1.2299160, 75, 50.548523, 66, 1.7222595,116,         4, 84, 3.8194275
54C,2019/05/27 20:16:00, 50, 145.34125, 13,       222, 49,        64, 56, 1.0976870, 74, 11.838305, 73, 516.20477, 77, 30.125000, 79, 1.2201934, 75, 50.599037, 66, 2.0146179,116,         4, 84, 3.8024902
5CC,2019/05/27 20:17:00, 50, 215.94363, 13,       224, 49,        64, 56, 1.0976870, 74, 11.869418, 73, 516.20477, 77, 30.187500, 79, 1.2250546, 75, 50.700111, 66, 1.8949890,116,         4, 84, 3.8031006
5BC,2019/05/27 20:18:00, 50, 329.18518, 13,       226, 49,        64, 56, 1.0976870, 74, 11.869418, 73, 516.20477, 77, 30.281250, 79, 1.2201934, 75, 50.700111, 66, 2.0402527,116,         4, 84, 3.8047791
54C,2019/05/27 20:19:00, 50, 484.49231, 13,       227, 49,        64, 56, 1.0976870, 74, 11.853862, 73, 516.29248, 77, 30.406250, 79, 1.2201934, 75, 50.649567, 66, 2.3898315,116,         4, 84, 3.8165283
50C,2019/05/27 20:20:00, 50, 597.72327, 13,       227, 49,        64, 56, 1.0976870, 74, 11.838305, 73, 516.32172, 77, 30.437500, 79, 1.2201934, 75, 50.649567, 66, 2.1307373,116,         4, 84, 3.8015747
5FC,2019/05/27 20:21:00, 50, 623.29834, 13,       228, 49,        64, 56, 1.0976870, 74, 11.853862, 73, 516.32172, 77, 30.531250, 79, 1.2201934, 75, 50.548523, 66, 2.5117493,116,         4, 84, 3.8157654
5FC,2019/05/27 20:22:00, 50, 682.51782, 13,       228, 49,        64, 56, 1.0976870, 74, 11.869418, 73, 516.32172, 77, 30.562500, 79, 1.2250546, 75, 50.548523, 66, 2.1838379,116,         4, 84, 3.8046265
55C,2019/05/27 20:23:00, 50, 1152.5208, 13,       228, 49,        32, 56, 1.0976870, 74, 11.853862, 73, 516.32172, 77, 30.593750, 79, 1.2250546, 75, 50.397110, 66, 2.0762634,116,         4, 84, 3.8052368
56C,2019/05/27 20:24:00, 50, 1247.4822, 13,       229, 49,        32, 56, 1.0976870, 74, 11.838305, 73, 516.29248, 77, 30.625000, 79, 1.2153320, 75, 50.397110, 66, 1.3970947,116,         4, 84, 3.8192749
58C,2019/05/27 20:25:00, 50, 1192.7998, 13,       229, 49,        32, 56, 1.0976870, 74, 11.853862, 73, 516.26324, 77, 30.625000, 79, 1.2201934, 75, 50.296265, 66, 1.3241577,116,         4, 84, 3.8189697
55C,2019/05/27 20:26:00, 50, 1031.1169, 13,       229, 49,        32, 56, 1.0976870, 74, 11.869418, 73, 516.29248, 77, 30.562500, 79, 1.2201934, 75, 50.296265, 66, 1.2188721,116,         4, 84, 3.8250732
54C,2019/05/27 20:27:00, 50, 929.06262, 13,       229, 49,        32, 56, 1.0976870, 74, 11.853862, 73, 516.23401, 77, 30.593750, 79, 1.2201934, 75, 50.195496, 66, 1.1915588,116,         4, 84, 3.8272095
52C,2019/05/27 20:28:00, 50, 979.04468, 13,       229, 49,        32, 56, 1.0976870, 74, 11.838305, 73, 516.26324, 77, 30.593750, 79, 1.2250546, 75, 50.145134, 66, 1.3092041,116,         4, 84, 3.8240051
5DC,2019/05/27 20:29:00, 50, 985.62085, 13,       229, 49,        32, 56, 1.0976870, 74, 11.869418, 73, 516.26324, 77, 30.562500, 79, 1.2201934, 75, 50.145134, 66, 1.2522888,116,         4, 84, 3.8246155
5CC,2019/05/27 20:30:00, 50, 991.74707, 13,       229, 49,        32, 56, 1.0976870, 74, 11.853862, 73, 516.23401, 77, 30.562500, 79, 1.2250546, 75, 50.094795, 66, 1.1619568,116,         4, 84, 3.8204956
5DC,2019/05/27 20:31:00, 50, 1044.7749, 13,       229, 49,        32, 56, 1.0976870, 74, 11.853862, 73, 516.26324, 77, 30.562500, 79, 1.2201934, 75, 50.094795, 66, 1.6128540,116,         4, 84, 3.8183594
56C,2019/05/27 20:32:00, 50, 1064.9604, 13,       229, 49,        32, 56, 1.0976870, 74, 11.838305, 73, 516.26324, 77, 30.625000, 79, 1.2201934, 75, 50.044472, 66, 1.2785339,116,         4, 84, 3.8160706
5BC,2019/05/27 20:33:00, 50, 1008.6287, 13,       229, 49,        32, 56, 1.0976870, 74, 11.853862, 73, 516.29248, 77, 30.656250, 79, 1.2201934, 75, 49.994171, 66, 1.2361145,116,         4, 84, 3.8136292
5FC,2019/05/27 20:34:00, 50, 1136.7151, 13,       229, 49,        32, 56, 1.0976870, 74, 11.853862, 73, 516.29248, 77, 30.687500, 79, 1.2201934, 75, 49.994171, 66, 2.0277405,116,         4, 84, 3.8053894
55C,2019/05/27 20:35:00, 50, 1157.7197, 13,       230, 49,        32, 56, 1.0976870, 74, 11.853862, 73, 516.23401, 77, 30.687500, 79, 1.2201934, 75, 49.994171, 66, 1.3296509,116,         4, 84, 3.8198853
53C,2019/05/27 20:36:00, 50, 1276.8511, 13,       230, 49,        32, 56, 1.0976870, 74, 11.838305, 73, 516.29248, 77, 30.750000, 79, 1.2299160, 75, 49.994171, 66, 1.6355896,116,         4, 84, 3.8092041
51C,2019/05/27 20:37:00, 50, 1197.3271, 13,       231, 49,        32, 56, 1.0976870, 74, 11.853862, 73, 516.32172, 77, 30.750000, 79, 1.2153320, 75, 49.994171, 66, 1.2155151,116,         4, 84, 3.7998962
56C,2019/05/27 20:38:00, 50, 1088.2688, 13,       231, 49,        32, 56, 1.0976870, 74, 11.869418, 73, 516.29248, 77, 30.812500, 79, 1.2250546, 75, 49.994171, 66, 1.2088013,116,         4, 84, 3.8180542
5BC,2019/05/27 20:39:00, 50, 757.78674, 13,       231, 49,        32, 56, 1.0976870, 74, 11.853862, 73, 516.35095, 77, 30.843750, 79, 1.2250546, 75, 49.994171, 66, 1.0971069,116,         4, 84, 3.8088989
50C,2019/05/27 20:40:00, 50, 635.80286, 13,       231, 49,        32, 56, 1.0976870, 74, 11.838305, 73, 516.38019, 77, 30.875000, 79, 1.2250546, 75, 49.994171, 66, 1.2362671,116,         4, 84, 3.8026428
5AC,2019/05/27 20:41:00, 50, 624.12219, 13,       232, 49,        32, 56, 1.0976870, 74, 11.853862, 73, 516.38019, 77, 30.875000, 79, 1.2250546, 75, 49.994171, 66, 1.1895752,116,         4, 84, 3.8142395
50C,2019/05/27 20:42:00, 50, 611.68176, 13,       232, 49,        32, 56, 1.0976870, 74, 11.869418, 73, 516.35095, 77, 30.968750, 79, 1.2250546, 75, 49.994171, 66, 1.0720825,116,         4, 84, 3.8079834
53C,2019/05/27 20:43:00, 50, 617.42102, 13,       233, 49,        32, 56, 1.0976870, 74, 11.853862, 73, 516.38019, 77, 30.937500, 79, 1.2201934, 75, 49.994171, 66, 1.2556458,116,         4, 84, 3.8209534
5FC,2019/05/27 20:44:00, 50, 766.02551, 13,       233, 49,        32, 56, 1.0976870, 74, 11.838305, 73, 516.43872, 77, 31.000000, 79, 1.2201934, 75, 49.994171, 66, 1.7439270,116,         4, 84, 3.8107300
55C,2019/05/27 20:45:00, 50, 965.50366, 13,       233, 49,        32, 56, 1.0976870, 74, 11.869418, 73, 516.38019, 77, 31.031250, 79, 1.2201934, 75, 49.994171, 66, 1.2004089,116,         4, 84, 3.8101196
58C,2019/05/27 20:46:00, 50, 902.20837, 13,       234, 49,        32, 56, 1.0976870, 74, 11.869418, 73, 516.43872, 77, 31.062500, 79, 1.2299160, 75, 49.994171, 66, 1.2927246,116,         4, 84, 3.8150024
5CC,2019/05/27 20:47:00, 50, 819.42493, 13,       234, 49,        32, 56, 1.0976870, 74, 11.838305, 73, 516.43872, 77, 31.125000, 79, 1.2201934, 75, 50.044472, 66, 1.1399841,116,         4, 84, 3.8099670
52C,2019/05/27 20:48:00, 50, 831.08679, 13,       234, 49,        32, 56, 1.0976870, 74, 11.838305, 73, 516.43872, 77, 31.156250, 79, 1.2250546, 75, 50.044472, 66, 1.3349915,116,         4, 84, 3.8053894
50C,2019/05/27 20:49:00, 50, 834.10681, 13,       235, 49,        32, 56, 1.0976870, 74, 11.884974, 73, 516.46796, 77, 31.156250, 79, 1.2250546, 75, 49.994171, 66, 1.2985229,116,         4, 84, 3.8157654
5CC,2019/05/27 20:50:00, 50, 832.03516, 13,       235, 49,        32, 56, 1.0976870, 74, 11.869418, 73, 516.46796, 77, 31.187500, 79, 1.2250546, 75, 49.994171, 66, 1.1090088,116,         4, 84, 3.8110352
5CC,2019/05/27 20:51:00, 50, 799.96277, 13,       235, 49,        32, 56, 1.0976870, 74, 11.869418, 73, 516.49719, 77, 31.218750, 79, 1.2250546, 75, 49.994171, 66, 1.1151123,116,         4, 84, 3.8096619
51C,2019/05/27 20:52:00, 50, 812.66125, 13,       236, 49,        32, 56, 1.0976870, 74, 11.838305, 73, 516.46796, 77, 31.218750, 79, 1.2250546, 75, 50.044472, 66, 1.3473511,116,         4, 84, 3.8154602
5DC,2019/05/27 20:53:00, 50, 848.82434, 13,       236, 49,        32, 56, 1.0976870, 74, 11.853862, 73, 516.49719, 77, 31.250000, 79, 1.2250546, 75, 50.044472, 66, 1.2129211,116,         4, 84, 3.8113403
5CC,2019/05/27 20:54:00, 50, 853.10461, 13,       236, 49,        32, 56, 1.0976870, 74, 11.869418, 73, 516.55566, 77, 31.281250, 79, 1.2250546, 75, 50.044472, 66, 1.3038635,116,         4, 84, 3.8005066
5DC,2019/05/27 20:55:00, 50, 864.41919, 13,       237, 49,        32, 56, 1.0976870, 74, 11.869418, 73, 516.52643, 77, 31.250000, 79, 1.2201934, 75, 49.994171, 66, 1.0769653,116,         4, 84, 3.8209534
5CC,2019/05/27 20:56:00, 50, 807.48755, 13,       237, 49,        32, 56, 1.0976870, 74, 11.853862, 73, 516.52643, 77, 31.312500, 79, 1.2250546, 75, 49.994171, 66, 1.1016846,116,         4, 84, 3.8121033
5DC,2019/05/27 20:57:00, 50, 802.21545, 13,       237, 49,        32, 56, 1.0976870, 74, 11.853862, 73, 516.58490, 77, 31.312500, 79, 1.2201934, 75, 49.994171, 66, 1.3677979,116,         4, 84, 3.8093567
5DC,2019/05/27 20:58:00, 50, 966.33362, 13,       238, 49,        32, 56, 1.0976870, 74, 11.884974, 73, 516.58490, 77, 31.343750, 79, 1.2201934, 75, 50.044472, 66, 1.2167358,116,         4, 84, 3.8188171
5EC,2019/05/27 20:59:00, 50, 1010.3035, 13,       238, 49,        32, 56, 1.0976870, 74, 11.853862, 73, 516.61414, 77, 31.343750, 79, 1.2250546, 75, 50.044472, 66, 1.2054443,116,         4, 84, 3.8157654
58C,2019/05/27 21:00:00, 50, 1149.0464, 13,       238, 49,        32, 56, 1.0976870, 74, 11.853862, 73, 516.64337, 77, 31.343750, 79, 1.2250546, 75, 50.044472, 66, 1.2463379,116,         4, 84, 3.8143921
53C,2019/05/27 21:01:00, 50, 802.69409, 13,       238, 49,        32, 56, 1.0976870, 74, 11.869418, 73, 516.61414, 77, 31.375000, 79, 1.2250546, 75, 50.044472, 66, 1.1145020,116,         4, 84, 3.8110352
5CC,2019/05/27 21:02:00, 50, 722.47791, 13,       238, 49,        32, 56, 1.0976870, 74, 11.869418, 73, 516.58490, 77, 31.437500, 79, 1.2250546, 75, 49.994171, 66, 1.0963440,116,         4, 84, 3.8037109
5CC,2019/05/27 21:03:00, 50, 1826.1982, 13,       239, 49,        32, 56, 1.0976870, 74, 11.853862, 73, 516.67261, 77, 31.406250, 79, 1.2250546, 75, 49.994171, 66, 1.7237854,116,         4, 84, 3.8127136
58C,2019/05/27 21:04:00, 50, 1106.1799, 13,       239, 49,        32, 56, 1.0976870, 74, 11.838305, 73, 516.61414, 77, 31.468750, 79, 1.2201934, 75, 49.994171, 66, 1.1953735,116,         4, 84, 3.8093567
51C,2019/05/27 21:05:00, 50, 867.39001, 13,       239, 49,        32, 56, 1.0976870, 74, 11.853862, 73, 516.67261, 77, 31.500000, 79, 1.2201934, 75, 50.044472, 66, 1.1949158,116,         4, 84, 3.8073730
58C,2019/05/27 21:06:00, 50, 802.04895, 13,       240, 49,        32, 56, 1.0976870, 74, 11.869418, 73, 516.64337, 77, 31.500000, 79, 1.2153320, 75, 49.994171, 66, 1.1955261,116,         4, 84, 3.8166809
59C,2019/05/27 21:07:00, 50, 797.92957, 13,       240, 49,        32, 56, 1.0976870, 74, 11.853862, 73, 516.67261, 77, 31.531250, 79, 1.2250546, 75, 49.994171, 66, 1.2577820,116,         4, 84, 3.8111877
5AC,2019/05/27 21:08:00, 50, 865.74768, 13,       240, 49,        32, 56, 1.0976870, 74, 11.822749, 73, 516.73114, 77, 31.531250, 79, 1.2250546, 75, 49.994171, 66, 1.3948059,116,         4, 84, 3.8087463
50C,2019/05/27 21:09:00, 50, 895.58057, 13,       240, 49,        32, 56, 1.0976870, 74, 11.853862, 73, 516.70190, 77, 31.562500, 79, 1.2201934, 75, 50.044472, 66, 1.2376404,116,         4, 84, 3.8049316
5FC,2019/05/27 21:10:00, 50, 998.98035, 13,       241, 49,        32, 56, 1.0976870, 74, 11.853862, 73, 516.70190, 77, 31.593750, 79, 1.2201934, 75, 49.994171, 66, 1.5026855,116,         4, 84, 3.8163757
55C,2019/05/27 21:11:00, 50, 1165.7559, 13,       241, 49,        32, 56, 1.0976870, 74, 11.838305, 73, 516.73114, 77, 31.625000, 79, 1.2201934, 75, 50.044472, 66, 1.4143372,116,         4, 84, 3.8119507
5EC,2019/05/27 21:12:00, 50, 1057.6155, 13,       241, 49,        32, 56, 1.0976870, 74, 11.853862, 73, 516.70190, 77, 31.625000, 79, 1.2201934, 75, 49.994171, 66, 1.2515259,116,         4, 84, 3.8131714
54C,2019/05/27 21:13:00, 50, 902.43115, 13,       241, 49,        32, 56, 1.0976870, 74, 11.853862, 73, 516.73114, 77, 31.656250, 79, 1.2153320, 75, 49.994171, 66, 1.1459351,116,         4, 84, 3.8053894
57C,2019/05/27 21:14:00, 50, 899.39929, 13,       242, 49,        32, 56, 1.0976870, 74, 11.869418, 73, 516.70190, 77, 31.656250, 79, 1.2250546, 75, 50.044472, 66, 1.2493896,116,         4, 84, 3.8235474
57C,2019/05/27 21:15:00, 50, 883.43237, 13,       242, 49,        32, 56, 1.0976870, 74, 11.853862, 73, 516.70190, 77, 31.687500, 79, 1.2250546, 75, 50.044472, 66, 1.1343384,116,         4, 84, 3.8117981
52C,2019/05/27 21:16:00, 50, 878.55481, 13,       242, 49,        32, 56, 1.0976870, 74, 11.838305, 73, 516.81885, 77, 31.718750, 79, 1.2201934, 75, 49.994171, 66, 1.6162109,116,         4, 84, 3.8084412
57C,2019/05/27 21:17:00, 50, 867.58057, 13,       242, 49,        32, 56, 1.0976870, 74, 11.853862, 73, 516.78961, 77, 31.687500, 79, 1.2201934, 75, 49.994171, 66, 1.1273193,116,         4, 84, 3.8092041
56C,2019/05/27 21:18:00, 50, 1079.4800, 13,       242, 49,        32, 56, 1.0976870, 74, 11.853862, 73, 516.84808, 77, 31.750000, 79, 1.2153320, 75, 49.994171, 66, 1.4074707,116,         4, 84, 3.8095093
51C,2019/05/27 21:19:00, 50, 779.86267, 13,       242, 49,        32, 56, 1.0976870, 74, 11.853862, 73, 516.84808, 77, 31.750000, 79, 1.2250546, 75, 49.994171, 66, 1.2295532,116,         4, 84, 3.8011169
57C,2019/05/27 21:20:00, 50, 744.38196, 13,       243, 49,        32, 56, 1.0976870, 74, 11.853862, 73, 516.87732, 77, 31.750000, 79, 1.2201934, 75, 49.994171, 66, 1.1813354,116,         4, 84, 3.8143921
52C,2019/05/27 21:21:00, 50, 814.31384, 13,       243, 49,        32, 56, 1.0976870, 74, 11.869418, 73, 516.81885, 77, 31.781250, 79, 1.2201934, 75, 49.994171, 66, 1.2809753,116,         4, 84, 3.8133240
55C,2019/05/27 21:22:00, 50, 926.69373, 13,       243, 49,        32, 56, 1.0976870, 74, 11.869418, 73, 516.81885, 77, 31.781250, 79, 1.2250546, 75, 49.994171, 66, 1.4384460,116,         4, 84, 3.8105774
5BC,2019/05/27 21:23:00, 50, 1138.3228, 13,       243, 49,        32, 56, 1.0976870, 74, 11.853862, 73, 516.84808, 77, 31.812500, 79, 1.2250546, 75, 49.994171, 66, 1.3458252,116,         4, 84, 3.8053894
59C,2019/05/27 21:24:00, 50, 1071.8625, 13,       244, 49,        32, 56, 1.0976870, 74, 11.838305, 73, 516.87732, 77, 31.812500, 79, 1.2250546, 75, 49.943886, 66, 1.2350464,116,         4, 84, 3.8165283
50C,2019/05/27 21:25:00, 50, 853.06775, 13,       244, 49,        32, 56, 1.0976870, 74, 11.884974, 73, 516.87732, 77, 31.812500, 79, 1.2250546, 75, 49.943886, 66, 1.1332703,116,         4, 84, 3.8146973
5BC,2019/05/27 21:26:00, 50, 762.05908, 13,       244, 49,        32, 56, 1.0976870, 74, 11.869418, 73, 516.84808, 77, 31.812500, 79, 1.2201934, 75, 50.044472, 66, 1.1904907,116,         4, 84, 3.8059998
55C,2019/05/27 21:27:00, 50, 764.11096, 13,       245, 49,        32, 56, 1.0976870, 74, 11.869418, 73, 516.81885, 77, 31.843750, 79, 1.2201934, 75, 50.044472, 66, 1.1721802,116,         4, 84, 3.8049316
55C,2019/05/27 21:28:00, 50, 776.85449, 13,       245, 49,        32, 56, 1.0976870, 74, 11.838305, 73, 516.87732, 77, 31.875000, 79, 1.2153320, 75, 49.994171, 66, 1.2374878,116,         4, 84, 3.8175964
51C,2019/05/27 21:29:00, 50, 839.41113, 13,       245, 49,        32, 56, 1.0976870, 74, 11.869418, 73, 516.87732, 77, 31.875000, 79, 1.2201934, 75, 50.044472, 66, 1.4167786,116,         4, 84, 3.8136292
50C,2019/05/27 21:30:00, 50, 1107.2017, 13,       245, 49,        32, 56, 1.0976870, 74, 11.869418, 73, 516.87732, 77, 31.875000, 79, 1.2201934, 75, 50.094795, 66, 1.3305664,116,         4, 84, 3.8069153
53C,2019/05/27 21:31:00, 50, 1031.6284, 13,       245, 49,        32, 56, 1.0976870, 74, 11.853862, 73, 516.84808, 77, 31.906250, 79, 1.2201934, 75, 50.094795, 66, 1.2927246,116,         4, 84, 3.8067627
5DC,2019/05/27 21:32:00, 50, 1043.8425, 13,       246, 49,        32, 56, 1.0976870, 74, 11.838305, 73, 516.87732, 77, 31.875000, 79, 1.2201934, 75, 49.994171, 66, 1.3308716,116,         4, 84, 3.8169861
53C,2019/05/27 21:33:00, 50, 1047.3042, 13,       246, 49,        32, 56, 1.0976870, 74, 11.853862, 73, 516.90656, 77, 31.906250, 79, 1.2153320, 75, 50.094795, 66, 1.3157654,116,         4, 84, 3.8174438
5CC,2019/05/27 21:34:00, 50, 1041.8213, 13,       246, 49,        32, 56, 1.0976870, 74, 11.869418, 73, 516.93579, 77, 31.906250, 79, 1.2250546, 75, 49.994171, 66, 1.3055420,116,         4, 84, 3.8116455
5EC,2019/05/27 21:35:00, 50, 1045.3477, 13,       247, 49,        32, 56, 1.0976870, 74, 11.853862, 73, 516.93579, 77, 31.937500, 79, 1.2201934, 75, 49.994171, 66, 1.3258362,116,         4, 84, 3.8223267
5CC,2019/05/27 21:36:00, 50, 1045.1826, 13,       247, 49,        32, 56, 1.0976870, 74, 11.853862, 73, 516.93579, 77, 31.937500, 79, 1.2250546, 75, 49.943886, 66, 1.3058472,116,         4, 84, 3.8209534
5BC,2019/05/27 21:37:00, 50, 1045.2781, 13,       247, 49,        32, 56, 1.0976870, 74, 11.869418, 73, 516.96503, 77, 31.937500, 79, 1.2201934, 75, 49.994171, 66, 1.3456726,116,         4, 84, 3.8192749
53C,2019/05/27 21:38:00, 50, 1168.3950, 13,       247, 49,        32, 56, 1.0976870, 74, 11.853862, 73, 516.96503, 77, 31.968750, 79, 1.2201934, 75, 50.044472, 66, 1.9403076,116,         4, 84, 3.8174438
53C,2019/05/27 21:39:00, 50, 2190.2656, 13,       247, 49,        32, 56, 1.0976870, 74, 11.807193, 73, 516.96503, 77, 31.968750, 79, 1.2153320, 75, 49.994171, 66, 1.7306519,116,         4, 84, 3.8133240
59C,2019/05/27 21:40:00, 50, 1575.0527, 13,       247, 49,        32, 56, 1.0976870, 74, 11.807193, 73, 516.99432, 77, 31.937500, 79, 1.2201934, 75, 50.044472, 66, 1.4949036,116,         4, 84, 3.8150024
59C,2019/05/27 21:41:00, 50, 1372.3635, 13,       247, 49,        32, 56, 1.0976870, 74, 11.869418, 73, 516.93579, 77, 31.937500, 79, 1.2201934, 75, 49.994171, 66, 1.4578247,116,         4, 84, 3.8171387
59C,2019/05/27 21:42:00, 50, 1360.7571, 13,       247, 49,        32, 56, 1.0976870, 74, 11.869418, 73, 516.96503, 77, 31.937500, 79, 1.2250546, 75, 49.994171, 66, 1.5022278,116,         4, 84, 3.8093567
58C,2019/05/27 21:43:00, 50, 1392.7603, 13,       247, 49,        32, 56, 1.0976870, 74, 11.869418, 73, 517.02356, 77, 32.000000, 79, 1.2201934, 75, 49.994171, 66, 1.5480042,116,         4, 84, 3.8093567
5EC,2019/05/27 21:44:00, 50, 1410.0889, 13,       248, 49,        32, 56, 1.0976870, 74, 11.822749, 73, 516.99432, 77, 32.000000, 79, 1.2201934, 75, 49.994171, 66, 1.4294434,116,         4, 84, 3.8185120
5CC,2019/05/27 21:45:00, 50, 1367.0632, 13,       248, 49,        32, 56, 1.0976870, 74, 11.884974, 73, 516.99432, 77, 32.000000, 79, 1.2153320, 75, 49.994171, 66, 1.4775085,116,         4, 84, 3.8220215
57C,2019/05/27 21:46:00, 50, 1818.4246, 13,       248, 49,        32, 56, 1.0976870, 74, 11.884974, 73, 517.02356, 77, 32.000000, 79, 1.2153320, 75, 49.943886, 66, 1.7361450,116,         4, 84, 3.8136292
54C,2019/05/27 21:47:00, 50, 1819.8657, 13,       248, 49,        32, 56, 1.0976870, 74, 11.853862, 73, 517.05280, 77, 31.968750, 79, 1.2201934, 75, 49.943886, 66, 1.6595459,116,         4, 84, 3.8172913
51C,2019/05/27 21:48:00, 50, 1747.1199, 13,       248, 49,        32, 56, 1.0976870, 74, 11.838305, 73, 517.05280, 77, 32.000000, 79, 1.2201934, 75, 49.943886, 66, 1.5742493,116,         4, 84, 3.8125610
58C,2019/05/27 21:49:00, 50, 2167.0376, 13,       248, 49,        32, 56, 1.0976870, 74, 11.869418, 73, 517.08203, 77, 32.062500, 79, 1.2153320, 75, 50.044472, 66, 1.8496704,116,         4, 84, 3.8110352
5CC,2019/05/27 21:50:00, 50, 1794.3960, 13,       248, 49,        32, 56, 1.0976870, 74, 11.869418, 73, 517.05280, 77, 32.000000, 79, 1.2201934, 75, 49.893616, 66, 1.5852356,116,         4, 84, 3.8075256
5FC,2019/05/27 21:51:00, 50, 1402.7612, 13,       248, 49,        32, 56, 1.0976870, 74, 11.853862, 73, 517.08203, 77, 32.062500, 79, 1.2201934, 75, 49.893616, 66, 1.5046692,116,         4, 84, 3.8041687
51C,2019/05/27 21:52:00, 50, 1381.8301, 13,       249, 49,        32, 56, 1.0976870, 74, 11.838305, 73, 517.05280, 77, 32.062500, 79, 1.2201934, 75, 50.094795, 66, 1.4605713,116,         4, 84, 3.8166809
57C,2019/05/27 21:53:00, 50, 1379.3501, 13,       249, 49,        32, 56, 1.0976870, 74, 11.884974, 73, 517.05280, 77, 32.125000, 79, 1.2201934, 75, 50.145134, 66, 1.4997864,116,         4, 84, 3.8206482
5DC,2019/05/27 21:54:00, 50, 1402.9651, 13,       249, 49,        32, 56, 1.0976870, 74, 11.900531, 73, 517.08203, 77, 32.125000, 79, 1.2201934, 75, 49.943886, 66, 1.5274048,116,         4, 84, 3.8099670
5CC,2019/05/27 21:55:00, 50, 1422.5708, 13,       249, 49,        32, 56, 1.0976870, 74, 11.869418, 73, 517.05280, 77, 32.125000, 79, 1.2250546, 75, 49.943886, 66, 1.5536499,116,         4, 84, 3.8102722
52C,2019/05/27 21:56:00, 50, 1535.4099, 13,       249, 49,        32, 56, 1.0976870, 74, 11.869418, 73, 517.05280, 77, 32.125000, 79, 1.2201934, 75, 49.994171, 66, 1.6871643,116,         4, 84, 3.8087463
52C,2019/05/27 21:57:00, 50, 1453.6216, 13,       249, 49,        32, 56, 1.0976870, 74, 11.869418, 73, 517.02356, 77, 32.156250, 79, 1.2201934, 75, 49.943886, 66, 1.4901733,116,         4, 84, 3.8092041
5FC,2019/05/27 21:58:00, 50, 1438.0955, 13,       250, 49,        32, 56, 1.0976870, 74, 11.869418, 73, 517.05280, 77, 32.218750, 79, 1.2250546, 75, 49.943886, 66, 1.4941406,116,         4, 84, 3.8198853
59C,2019/05/27 21:59:00, 50, 1429.4214, 13,       250, 49,        32, 56, 1.0976870, 74, 11.853862, 73, 517.05280, 77, 32.218750, 79, 1.2250546, 75, 49.893616, 66, 1.4598083,116,         4, 84, 3.8096619
5BC,2019/05/27 22:00:00, 50, 1409.9292, 13,       250, 49,        32, 56, 1.0976870, 74, 11.822749, 73, 517.05280, 77, 32.250000, 79, 1.2201934, 75, 49.943886, 66, 1.4590454,116,         4, 84, 3.8130188
52C,2019/05/27 22:01:00, 50, 1415.0144, 13,       250, 49,        32, 56, 1.0976870, 74, 11.838305, 73, 517.05280, 77, 32.281250, 79, 1.2201934, 75, 50.044472, 66, 1.5034485,116,         4, 84, 3.8081360
5EC,2019/05/27 22:02:00, 50, 1455.3579, 13,       250, 49,        32, 56, 1.0976870, 74, 11.853862, 73, 517.08203, 77, 32.281250, 79, 1.2201934, 75, 49.994171, 66, 1.5251160,116,         4, 84, 3.8052368
53C,2019/05/27 22:03:00, 50, 1494.7952, 13,       251, 49,        32, 56, 1.0976870, 74, 11.884974, 73, 517.05280, 77, 32.312500, 79, 1.2201934, 75, 50.044472, 66, 1.5142822,116,         4, 84, 3.8194275
56C,2019/05/27 22:04:00, 50, 1511.3850, 13,       251, 49,        32, 56, 1.0976870, 74, 11.853862, 73, 516.99432, 77, 32.312500, 79, 1.2201934, 75, 50.094795, 66, 1.5492249,116,         4, 84, 3.8180542
5BC,2019/05/27 22:05:00, 50, 1507.8794, 13,       251, 49,        32, 56, 1.0976870, 74, 11.838305, 73, 516.99432, 77, 32.312500, 79, 1.2250546, 75, 50.044472, 66, 1.4932251,116,         4, 84, 3.8172913
5EC,2019/05/27 22:06:00, 50, 1473.1052, 13,       251, 49,        32, 56, 1.0976870, 74, 11.900531, 73, 517.02356, 77, 32.312500, 79, 1.2250546, 75, 50.044472, 66, 1.4559937,116,         4, 84, 3.8175964
54C,2019/05/27 22:07:00, 50, 1444.2732, 13,       251, 49,        32, 56, 1.0976870, 74, 11.869418, 73, 516.96503, 77, 32.312500, 79, 1.2153320, 75, 50.145134, 66, 1.4857483,116,         4, 84, 3.8119507
56C,2019/05/27 22:08:00, 50, 1448.9167, 13,       251, 49,        32, 56, 1.0976870, 74, 11.822749, 73, 516.99432, 77, 32.312500, 79, 1.2201934, 75, 50.044472, 66, 1.4781189,116,         4, 84, 3.8113403
5FC,2019/05/27 22:09:00, 50, 1450.8413, 13,       251, 49,        32, 56, 1.0976870, 74, 11.853862, 73, 517.02356, 77, 32.312500, 79, 1.2201934, 75, 49.893616, 66, 1.5034485,116,         4, 84, 3.8139343
57C,2019/05/27 22:10:00, 50, 1447.0686, 13,       251, 49,        32, 56, 1.0976870, 74, 11.884974, 73, 517.05280, 77, 32.312500, 79, 1.2250546, 75, 50.044472, 66, 1.5127563,116,         4, 84, 3.8075256
5FC,2019/05/27 22:11:00, 50, 1469.2070, 13,       251, 49,        32, 56, 1.0976870, 74, 11.869418, 73, 517.05280, 77, 32.312500, 79, 1.2201934, 75, 50.044472, 66, 1.4964294,116,         4, 84, 3.8046265
50C,2019/05/27 22:12:00, 50, 1467.9062, 13,       252, 49,        32, 56, 1.0976870, 74, 11.853862, 73, 517.02356, 77, 32.343750, 79, 1.2201934, 75, 49.943886, 66, 1.5159607,116,         4, 84, 3.8195801
5AC,2019/05/27 22:13:00, 50, 1475.7705, 13,       252, 49,        32, 56, 1.0976870, 74, 11.838305, 73, 517.05280, 77, 32.312500, 79, 1.2201934, 75, 49.994171, 66, 1.6574097,116,         4, 84, 3.8169861
5CC,2019/05/27 22:14:00, 50, 932.94128, 13,       252, 49,        32, 56, 1.0976870, 74, 11.853862, 73, 517.02356, 77, 32.343750, 79, 1.2250546, 75, 49.994171, 66, 1.2219238,116,         4, 84, 3.8133240
55C,2019/05/27 22:15:00, 50, 894.95813, 13,       254, 49,        32, 56, 1.0976870, 74, 11.869418, 73, 516.99432, 77, 32.375000, 79, 1.2250546, 75, 50.044472, 66, 1.1207581,116,         4, 84, 3.7922668
59C,2019/05/27 22:16:00, 50, 947.55798, 13,       254, 49,        32, 56, 1.0976870, 74, 11.822749, 73, 516.99432, 77, 32.375000, 79, 1.2250546, 75, 49.994171, 66, 1.2921143,116,         4, 84, 3.8407898
59C,2019/05/27 22:17:00, 50, 2738.4067, 13,       254, 49,        32, 56, 1.0976870, 74, 11.853862, 73, 517.08203, 77, 32.375000, 79, 1.2201934, 75, 49.994171, 66, 2.1180725,116,         4, 84, 3.8410950
50C,2019/05/27 22:18:00, 50, 978.57239, 13,       254, 49,        32, 56, 1.0976870, 74, 11.869418, 73, 517.02356, 77, 32.375000, 79, 1.2201934, 75, 49.943886, 66, 1.2733459,116,         4, 84, 3.8418579
50C,2019/05/27 22:19:00, 50, 1311.7397, 13,       254, 49,        32, 56, 1.0976870, 74, 11.853862, 73, 516.99432, 77, 32.406250, 79, 1.2201934, 75, 49.994171, 66, 1.5037537,116,         4, 84, 3.8369751
5BC,2019/05/27 22:20:00, 50, 1363.9810, 13,       254, 49,        32, 56, 1.0976870, 74, 11.822749, 73, 517.02356, 77, 32.375000, 79, 1.2250546, 75, 49.994171, 66, 1.3085937,116,         4, 84, 3.8386536
54C,2019/05/27 22:21:00, 50, 895.74353, 13,       254, 49,        32, 56, 1.0976870, 74, 11.838305, 73, 517.02356, 77, 32.375000, 79, 1.2201934, 75, 49.994171, 66, 1.2792969,116,         4, 84, 3.8351440
52C,2019/05/27 22:22:00, 50, 876.66907, 13,       254, 49,        32, 56, 1.0976870, 74, 11.869418, 73, 516.99432, 77, 32.406250, 79, 1.2250546, 75, 49.994171, 66, 1.1885071,116,         4, 84, 3.8372803
5AC,2019/05/27 22:23:00, 50, 885.06458, 13,       254, 49,        32, 56, 1.0976870, 74, 11.869418, 73, 516.99432, 77, 32.375000, 79, 1.2250546, 75, 49.994171, 66, 1.2953186,116,         4, 84, 3.8354492
5FC,2019/05/27 22:24:00, 50, 1061.0212, 13,       254, 49,        32, 56, 1.0976870, 74, 11.822749, 73, 516.99432, 77, 32.375000, 79, 1.2201934, 75, 49.994171, 66, 1.3157654,116,         4, 84, 3.8327026
53C,2019/05/27 22:25:00, 50, 1065.7319, 13,       254, 49,        32, 56, 1.0976870, 74, 11.853862, 73, 517.05280, 77, 32.406250, 79, 1.2201934, 75, 49.943886, 66, 1.2898254,116,         4, 84, 3.8285828
54C,2019/05/27 22:26:00, 50, 1550.7615, 13,       254, 49,        32, 56, 1.0976870, 74, 11.853862, 73, 517.02356, 77, 32.375000, 79, 1.2201934, 75, 49.994171, 66, 1.5443420,116,         4, 84, 3.8323975
50C,2019/05/27 22:27:00, 50, 1787.5977, 13,       254, 49,        32, 56, 1.0976870, 74, 11.869418, 73, 517.08203, 77, 32.437500, 79, 1.2201934, 75, 49.943886, 66, 1.7485046,116,         4, 84, 3.8278198
57C,2019/05/27 22:28:00, 50, 1973.9641, 13,       254, 49,        32, 56, 1.0976870, 74, 11.838305, 73, 517.02356, 77, 32.406250, 79, 1.2201934, 75, 49.943886, 66, 1.7784119,116,         4, 84, 3.8238525
53C,2019/05/27 22:29:00, 50, 2588.9946, 13,       254, 49,        32, 56, 1.0976870, 74, 11.838305, 73, 517.08203, 77, 32.406250, 79, 1.2153320, 75, 49.994171, 66, 1.9172668,116,         4, 84, 3.8259888
56C,2019/05/27 22:30:00, 50, 2150.9849, 13,       254, 49,        32, 56, 1.0976870, 74, 11.884974, 73, 517.05280, 77, 32.375000, 79, 1.2201934, 75, 50.044472, 66, 1.8473816,116,         4, 84, 3.8200378
56C,2019/05/27 22:31:00, 50, 2222.0508, 13,       254, 49,        32, 56, 1.0976870, 74, 11.869418, 73, 517.05280, 77, 32.343750, 79, 1.2250546, 75, 49.994171, 66, 1.8328857,116,         4, 84, 3.8223267
50C,2019/05/27 22:32:00, 50, 2162.2261, 13,       254, 49,        32, 56, 1.0976870, 74, 11.838305, 73, 517.02356, 77, 32.343750, 79, 1.2250546, 75, 49.994171, 66, 1.5185547,116,         4, 84, 3.8201904
59C,2019/05/27 22:33:00, 50, 2464.6338, 13,       254, 49,        32, 56, 1.0976870, 74, 11.853862, 73, 517.05280, 77, 32.281250, 79, 1.2201934, 75, 49.994171, 66, 1.9764709,116,         4, 84, 3.8204956
59C,2019/05/27 22:34:00, 50, 1423.8047, 13,       254, 49,        32, 56, 1.0976870, 74, 11.869418, 73, 517.02356, 77, 32.343750, 79, 1.2201934, 75, 49.994171, 66, 1.4476013,116,         4, 84, 3.8192749
59C,2019/05/27 22:35:00, 50, 1548.7212, 13,       254, 49,        32, 56, 1.0976870, 74, 11.853862, 73, 516.96503, 77, 32.312500, 79, 1.2201934, 75, 49.994171, 66, 1.4804077,116,         4, 84, 3.8191223
59C,2019/05/27 22:36:00, 50, 1511.3374, 13,       254, 49,        32, 56, 1.0976870, 74, 11.838305, 73, 516.99432, 77, 32.343750, 79, 1.2201934, 75, 49.943886, 66, 1.5365601,116,         4, 84, 3.8148499
58C,2019/05/27 22:37:00, 50, 1473.4231, 13,       254, 49,        32, 56, 1.0976870, 74, 11.869418, 73, 516.96503, 77, 32.281250, 79, 1.2201934, 75, 49.994171, 66, 1.3728333,116,         4, 84, 3.8095093
54C,2019/05/27 22:38:00, 50, 1272.8821, 13,       254, 49,        32, 56, 1.0976870, 74, 11.869418, 73, 517.05280, 77, 32.312500, 79, 1.2201934, 75, 49.994171, 66, 1.2573242,116,         4, 84, 3.8098145
5BC,2019/05/27 22:39:00, 50, 984.10852, 13,       254, 49,        32, 56, 1.0976870, 74, 11.869418, 73, 517.02356, 77, 32.343750, 79, 1.2201934, 75, 49.994171, 66, 1.2771606,116,         4, 84, 3.8104248
5EC,2019/05/27 22:40:00, 50, 1110.4407, 13,       254, 49,        32, 56, 1.0976870, 74, 11.838305, 73, 517.02356, 77, 32.375000, 79, 1.2250546, 75, 49.994171, 66, 1.5138245,116,         4, 84, 3.8043213
59C,2019/05/27 22:41:00, 50, 1192.9158, 13,       254, 49,        32, 56, 1.0976870, 74, 11.853862, 73, 517.02356, 77, 32.375000, 79, 1.2201934, 75, 49.994171, 66, 1.2655640,116,         4, 84, 3.8049316
5AC,2019/05/27 22:42:00, 50, 1099.3586, 13,       254, 49,        32, 56, 1.0976870, 74, 11.869418, 73, 517.02356, 77, 32.375000, 79, 1.2201934, 75, 50.044472, 66, 1.2846375,116,         4, 84, 3.8046265
55C,2019/05/27 22:43:00, 50, 1051.2600, 13,       254, 49,        32, 56, 1.0976870, 74, 11.869418, 73, 517.02356, 77, 32.437500, 79, 1.2153320, 75, 50.044472, 66, 1.1816406,116,         4, 84, 3.7986755
58C,2019/05/27 22:44:00, 50, 992.88525, 13,       254, 49,        32, 56, 1.0976870, 74, 11.838305, 73, 517.02356, 77, 32.406250, 79, 1.2201934, 75, 49.994171, 66, 1.2283325,116,         4, 84, 3.8012695
5FC,2019/05/27 22:45:00, 50, 973.73315, 13,       254, 49,        32, 56, 1.0976870, 74, 11.853862, 73, 516.99432, 77, 32.406250, 79, 1.2250546, 75, 49.994171, 66, 1.1654663,116,         4, 84, 3.7840271
54C,2019/05/27 22:46:00, 50, 1068.9434, 13,       254, 49,        32, 56, 1.0976870, 74, 11.869418, 73, 517.02356, 77, 32.437500, 79, 1.2250546, 75, 49.994171, 66, 1.4215088,116,         4, 84, 3.7826538
56C,2019/05/27 22:47:00, 50, 1199.4746, 13,       254, 49,        32, 56, 1.0976870, 74, 11.869418, 73, 517.02356, 77, 32.437500, 79, 1.2250546, 75, 49.994171, 66, 1.3488770,116,         4, 84, 3.7828064
55C,2019/05/27 22:48:00, 50, 1091.5063, 13,       254, 49,        32, 56, 1.0976870, 74, 11.853862, 73, 517.08203, 77, 32.468750, 79, 1.2201934, 75, 49.994171, 66, 1.2504578,116,         4, 84, 3.7861633
53C,2019/05/27 22:49:00, 50, 1047.7546, 13,       254, 49,        32, 56, 1.0976870, 74, 11.838305, 73, 517.02356, 77, 32.437500, 79, 1.2201934, 75, 49.994171, 66, 1.3092041,116,         4, 84, 3.7890625
51C,2019/05/27 22:50:00, 50, 1032.0129, 13,       254, 49,        32, 56, 1.0976870, 74, 11.853862, 73, 516.99432, 77, 32.468750, 79, 1.2201934, 75, 49.994171, 66, 1.1917114,116,         4, 84, 3.7832642
57C,2019/05/27 22:51:00, 50, 934.95959, 13,       254, 49,        32, 56, 1.0976870, 74, 11.869418, 73, 516.96503, 77, 32.468750, 79, 1.2250546, 75, 49.994171, 66, 1.1846924,116,         4, 84, 3.7852478
52C,2019/05/27 22:52:00, 50, 878.99487, 13,       254, 49,        32, 56, 1.0976870, 74, 11.853862, 73, 516.96503, 77, 32.500000, 79, 1.2153320, 75, 49.994171, 66, 1.1856079,116,         4, 84, 3.7866211
5DC,2019/05/27 22:53:00, 50, 947.20422, 13,       254, 49,        32, 56, 1.0976870, 74, 11.853862, 73, 516.99432, 77, 32.500000, 79, 1.2201934, 75, 49.994171, 66, 1.2269592,116,         4, 84, 3.7812805
56C,2019/05/27 22:54:00, 50, 882.88916, 13,       254, 49,        32, 56, 1.0976870, 74, 11.869418, 73, 517.02356, 77, 32.531250, 79, 1.2250546, 75, 49.994171, 66, 1.2048340,116,         4, 84, 3.7852478
58C,2019/05/27 22:55:00, 50, 859.61816, 13,       254, 49,        32, 56, 1.0976870, 74, 11.853862, 73, 517.02356, 77, 32.531250, 79, 1.2201934, 75, 49.994171, 66, 1.2300110,116,         4, 84, 3.7815857
5AC,2019/05/27 22:56:00, 50, 850.28235, 13,       254, 49,        32, 56, 1.0976870, 74, 11.853862, 73, 516.99432, 77, 32.531250, 79, 1.2299160, 75, 49.994171, 66, 1.2026978,116,         4, 84, 3.7707520
59C,2019/05/27 22:57:00, 50, 959.98010, 13,       254, 49,        32, 56, 1.0976870, 74, 11.853862, 73, 517.05280, 77, 32.531250, 79, 1.2201934, 75, 49.994171, 66, 1.3359070,116,         4, 84, 3.7776184
52C,2019/05/27 22:58:00, 50, 1091.5637, 13,       254, 49,        32, 56, 1.0976870, 74, 11.884974, 73, 517.02356, 77, 32.500000, 79, 1.2201934, 75, 49.994171, 66, 1.2643433,116,         4, 84, 3.7791443
5FC,2019/05/27 22:59:00, 50, 1029.9336, 13,       254, 49,        32, 56, 1.0976870, 74, 11.869418, 73, 517.05280, 77, 32.500000, 79, 1.2201934, 75, 49.994171, 66, 1.3258362,116,         4, 84, 3.7797546
5BC,2019/05/27 23:00:00, 50, 1502.5928, 13,       254, 49,        32, 56, 1.0976870, 74, 11.838305, 73, 517.05280, 77, 32.500000, 79, 1.2201934, 75, 49.994171, 66, 1.3946533,116,         4, 84, 3.7796021
56C,2019/05/27 23:01:00, 50, 1408.5859, 13,       254, 49,        32, 56, 1.0976870, 74, 11.853862, 73, 517.05280, 77, 32.500000, 79, 1.2153320, 75, 49.994171, 66, 1.3494873,116,         4, 84, 3.7800598
5AC,2019/05/27 23:02:00, 50, 1200.3350, 13,       254, 49,        32, 56, 1.0976870, 74, 11.869418, 73, 517.05280, 77, 32.500000, 79, 1.2250546, 75, 49.994171, 66, 1.2870789,116,         4, 84, 3.7792969
54C,2019/05/27 23:03:00, 50, 1002.8859, 13,       254, 49,        32, 56, 1.0976870, 74, 11.853862, 73, 517.02356, 77, 32.500000, 79, 1.2250546, 75, 49.994171, 66, 1.1993408,116,         4, 84, 3.7791443
53C,2019/05/27 23:04:00, 50, 965.82031, 13,       254, 49,        32, 56, 1.0976870, 74, 11.853862, 73, 517.05280, 77, 32.500000, 79, 1.2201934, 75, 49.994171, 66, 1.2416077,116,         4, 84, 3.7779236
57C,2019/05/27 23:05:00, 50, 993.16394, 13,       254, 49,        32, 56, 1.0976870, 74, 11.853862, 73, 516.99432, 77, 32.500000, 79, 1.2201934, 75, 49.994171, 66, 1.2632751,116,         4, 84, 3.7507629
50C,2019/05/27 23:06:00, 50, 1142.4395, 13,       254, 49,        32, 56, 1.0976870, 74, 11.884974, 73, 517.02356, 77, 32.500000, 79, 1.2201934, 75, 49.994171, 66, 1.3082886,116,         4, 84, 3.7728882
55C,2019/05/27 23:07:00, 50, 940.31152, 13,       254, 49,        32, 56, 1.0976870, 74, 11.853862, 73, 516.99432, 77, 32.531250, 79, 1.2201934, 75, 49.994171, 66, 1.0908508,116,         4, 84, 3.7330627
50C,2019/05/27 23:08:00, 50, 858.06543, 13,       254, 49,        32, 56, 1.0976870, 74, 11.853862, 73, 517.02356, 77, 32.531250, 79, 1.2153320, 75, 49.994171, 66, 1.1726379,116,         4, 84, 3.7733459
58C,2019/05/27 23:09:00, 50, 863.01257, 13,       254, 49,        32, 56, 1.0976870, 74, 11.853862, 73, 517.02356, 77, 32.500000, 79, 1.2201934, 75, 49.994171, 66, 1.1889648,116,         4, 84, 3.7808228
5DC,2019/05/27 23:10:00, 50, 880.31445, 13,       254, 49,        32, 56, 1.0976870, 74, 11.884974, 73, 517.05280, 77, 32.562500, 79, 1.2201934, 75, 49.994171, 66, 1.2077332,116,         4, 84, 3.7791443
5BC,2019/05/27 23:11:00, 50, 890.07507, 13,       254, 49,        32, 56, 1.0976870, 74, 11.853862, 73, 517.02356, 77, 32.531250, 79, 1.2153320, 75, 49.943886, 66, 1.1868286,116,         4, 84, 3.7815857
5DC,2019/05/27 23:12:00, 50, 897.78674, 13,       254, 49,        32, 56, 1.0976870, 74, 11.822749, 73, 517.05280, 77, 32.531250, 79, 1.2153320, 75, 50.044472, 66, 1.1907959,116,         4, 84, 3.7815857
5AC,2019/05/27 23:13:00, 50, 903.25049, 13,       254, 49,        32, 56, 1.0976870, 74, 11.822749, 73, 517.02356, 77, 32.562500, 79, 1.2250546, 75, 49.994171, 66, 1.1956787,116,         4, 84, 3.7869263
58C,2019/05/27 23:14:00, 50, 902.58557, 13,       254, 49,        32, 56, 1.0976870, 74, 11.869418, 73, 517.05280, 77, 32.593750, 79, 1.2201934, 75, 49.994171, 66, 1.1785889,116,         4, 84, 3.7811279
55C,2019/05/27 23:15:00, 50, 901.91907, 13,       254, 49,        32, 56, 1.0976870, 74, 11.853862, 73, 517.05280, 77, 32.562500, 79, 1.2201934, 75, 50.044472, 66, 1.2237549,116,         4, 84, 3.7826538
5DC,2019/05/27 23:16:00, 50, 907.41174, 13,       254, 49,        32, 56, 1.0976870, 74, 11.838305, 73, 517.02356, 77, 32.562500, 79, 1.2201934, 75, 49.994171, 66, 1.2197876,116,         4, 84, 3.7837219
5CC,2019/05/27 23:17:00, 50, 930.77588, 13,       254, 49,        32, 56, 1.0976870, 74, 11.853862, 73, 517.02356, 77, 32.500000, 79, 1.2250546, 75, 49.994171, 66, 1.3391113,116,         4, 84, 3.7841797
5AC,2019/05/27 23:18:00, 50, 941.67651, 13,       254, 49,        32, 56, 1.0976870, 74, 11.869418, 73, 517.02356, 77, 32.500000, 79, 1.2201934, 75, 49.994171, 66, 1.2095642,116,         4, 84, 3.7843323
59C,2019/05/27 23:19:00, 50, 933.01782, 13,       254, 49,        32, 56, 1.0976870, 74, 11.853862, 73, 517.08203, 77, 32.500000, 79, 1.2201934, 75, 49.994171, 66, 1.1819458,116,         4, 84, 3.7809753
5EC,2019/05/27 23:20:00, 50, 926.20007, 13,       254, 49,        32, 56, 1.0976870, 74, 11.838305, 73, 517.08203, 77, 32.500000, 79, 1.2201934, 75, 49.994171, 66, 1.2013245,116,         4, 84, 3.7825012
50C,2019/05/27 23:21:00, 50, 1434.1897, 13,       254, 49,        32, 56, 1.0976870, 74, 11.838305, 73, 517.05280, 77, 32.500000, 79, 1.2250546, 75, 49.994171, 66, 1.3218689,116,         4, 84, 3.7789917
5DC,2019/05/27 23:22:00, 50, 1748.2231, 13,       254, 49,        32, 56, 1.0976870, 74, 11.869418, 73, 517.11127, 77, 32.500000, 79, 1.2201934, 75, 49.994171, 66, 1.5043640,116,         4, 84, 3.7791443
5FC,2019/05/27 23:23:00, 50, 964.99219, 13,       254, 49,        32, 56, 1.0976870, 74, 11.869418, 73, 517.05280, 77, 32.500000, 79, 1.2201934, 75, 49.994171, 66, 1.1962891,116,         4, 84, 3.7818909
5FC,2019/05/27 23:24:00, 50, 883.67554, 13,       254, 49,        32, 56, 1.0976870, 74, 11.838305, 73, 517.05280, 77, 32.531250, 79, 1.2201934, 75, 49.994171, 66, 1.2167358,116,         4, 84, 3.7776184
5FC,2019/05/27 23:25:00, 50, 1237.5925, 13,       254, 49,        32, 56, 1.0976870, 74, 11.853862, 73, 517.02356, 77, 32.468750, 79, 1.2201934, 75, 49.994171, 66, 1.3162231,116,         4, 84, 3.7759399
51C,2019/05/27 23:26:00, 50, 1093.2515, 13,       254, 49,        32, 56, 1.0976870, 74, 11.869418, 73, 517.05280, 77, 32.500000, 79, 1.2250546, 75, 49.943886, 66, 1.2269592,116,         4, 84, 3.7759399
50C,2019/05/27 23:27:00, 50, 1017.5743, 13,       254, 49,        32, 56, 1.0976870, 74, 11.869418, 73, 517.05280, 77, 32.468750, 79, 1.2201934, 75, 49.994171, 66, 1.2054443,116,         4, 84, 3.7730408
56C,2019/05/27 23:28:00, 50, 1016.5704, 13,       254, 49,        32, 56, 1.0976870, 74, 11.838305, 73, 517.02356, 77, 32.500000, 79, 1.2201934, 75, 49.994171, 66, 1.2301636,116,         4, 84, 3.7733459
5BC,2019/05/27 23:29:00, 50, 1047.8259, 13,       254, 49,        32, 56, 1.0976870, 74, 11.853862, 73, 517.05280, 77, 32.468750, 79, 1.2201934, 75, 49.994171, 66, 1.3056946,116,         4, 84, 3.7738037
51C,2019/05/27 23:30:00, 50, 1063.8020, 13,       254, 49,        32, 56, 1.0976870, 74, 11.869418, 73, 517.02356, 77, 32.437500, 79, 1.2201934, 75, 50.044472, 66, 1.2072754,116,         4, 84, 3.7670898
5AC,2019/05/27 23:31:00, 50, 1198.1570, 13,       254, 49,        32, 56, 1.0976870, 74, 11.853862, 73, 517.08203, 77, 32.437500, 79, 1.2153320, 75, 50.044472, 66, 1.2869263,116,         4, 84, 3.7657166
5AC,2019/05/27 23:32:00, 50, 1131.6709, 13,       254, 49,        32, 56, 1.0976870, 74, 11.853862, 73, 517.05280, 77, 32.437500, 79, 1.2201934, 75, 49.994171, 66, 1.1532593,116,         4, 84, 3.7661743
57C,2019/05/27 23:33:00, 50, 945.37805, 13,       254, 49,        32, 56, 1.0976870, 74, 11.838305, 73, 517.08203, 77, 32.406250, 79, 1.2201934, 75, 49.994171, 66, 1.1695862,116,         4, 84, 3.7637329
59C,2019/05/27 23:34:00, 50, 1780.4260, 13,       254, 49,        32, 56, 1.0976870, 74, 11.884974, 73, 517.08203, 77, 32.406250, 79, 1.2201934, 75, 49.994171, 66, 1.4213562,116,         4, 84, 3.7643433
5CC,2019/05/27 23:35:00, 50, 931.99585, 13,       254, 49,        32, 56, 1.0976870, 74, 11.869418, 73, 517.08203, 77, 32.406250, 79, 1.2250546, 75, 49.994171, 66, 1.1795044,116,         4, 84, 3.7629700
56C,2019/05/27 23:36:00, 50, 952.64172, 13,       254, 49,        32, 56, 1.0976870, 74, 11.838305, 73, 517.05280, 77, 32.437500, 79, 1.2250546, 75, 49.994171, 66, 1.2161255,116,         4, 84, 3.7623596
51C,2019/05/27 23:37:00, 50, 950.99707, 13,       254, 49,        32, 56, 1.0976870, 74, 11.838305, 73, 517.05280, 77, 32.375000, 79, 1.2153320, 75, 50.044472, 66, 1.1433411,116,         4, 84, 3.7625122
56C,2019/05/27 23:38:00, 50, 949.37659, 13,       254, 49,        32, 56, 1.0976870, 74, 11.869418, 73, 517.08203, 77, 32.375000, 79, 1.2201934, 75, 49.994171, 66, 1.2249756,116,         4, 84, 3.7591553
55C,2019/05/27 23:39:00, 50, 1021.0012, 13,       254, 49,        32, 56, 1.0976870, 74, 11.869418, 73, 517.14050, 77, 32.406250, 79, 1.2201934, 75, 49.994171, 66, 1.2432861,116,         4, 84, 3.7649536
5BC,2019/05/27 23:40:00, 50, 993.39612, 13,       254, 49,        32, 56, 1.0976870, 74, 11.838305, 73, 517.11127, 77, 32.406250, 79, 1.2153320, 75, 49.994171, 66, 1.1726379,116,         4, 84, 3.7622070
58C,2019/05/27 23:41:00, 50, 964.86926, 13,       254, 49,        32, 56, 1.0976870, 74, 11.838305, 73, 517.11127, 77, 32.375000, 79, 1.2201934, 75, 49.994171, 66, 1.1648560,116,         4, 84, 3.7605286
50C,2019/05/27 23:42:00, 50, 940.95264, 13,       254, 49,        32, 56, 1.0976870, 74, 11.869418, 73, 517.08203, 77, 32.375000, 79, 1.2201934, 75, 49.994171, 66, 1.1596680,116,         4, 84, 3.7582397
5EC,2019/05/27 23:43:00, 50, 935.95801, 13,       254, 49,        32, 56, 1.0976870, 74, 11.869418, 73, 517.11127, 77, 32.406250, 79, 1.2201934, 75, 50.044472, 66, 1.1808777,116,         4, 84, 3.7583923
5AC,2019/05/27 23:44:00, 50, 955.63916, 13,       254, 49,        32, 56, 1.0976870, 74, 11.838305, 73, 517.11127, 77, 32.375000, 79, 1.2153320, 75, 49.994171, 66, 1.2043762,116,         4, 84, 3.7547302
53C,2019/05/27 23:45:00, 50, 958.92871, 13,       254, 49,        32, 56, 1.0976870, 74, 11.838305, 73, 517.14050, 77, 32.406250, 79, 1.2201934, 75, 49.994171, 66, 1.1570740,116,         4, 84, 3.7553406
50C,2019/05/27 23:46:00, 50, 957.06750, 13,       254, 49,        32, 56, 1.0976870, 74, 11.869418, 73, 517.14050, 77, 32.406250, 79, 1.2250546, 75, 49.994171, 66, 1.1686707,116,         4, 84, 3.7527466
55C,2019/05/27 23:47:00, 50, 948.15027, 13,       254, 49,        32, 56, 1.0976870, 74, 11.869418, 73, 517.14050, 77, 32.375000, 79, 1.2250546, 75, 49.994171, 66, 1.1605835,116,         4, 84, 3.7464905
59C,2019/05/27 23:48:00, 50, 959.09717, 13,       254, 49,        32, 56, 1.0976870, 74, 11.838305, 73, 517.14050, 77, 32.375000, 79, 1.2250546, 75, 49.994171, 66, 1.2359619,116,         4, 84, 3.7513733
50C,2019/05/27 23:49:00, 50, 1107.8789, 13,       254, 49,        32, 56, 1.0976870, 74, 11.838305, 73, 517.11127, 77, 32.375000, 79, 1.2201934, 75, 49.994171, 66, 1.2268066,116,         4, 84, 3.7393188
5BC,2019/05/27 23:50:00, 50, 2154.4390, 13,       254, 49,        32, 56, 1.0976870, 74, 11.853862, 73, 517.14050, 77, 32.375000, 79, 1.2201934, 75, 49.994171, 66, 1.5576172,116,         4, 84, 3.7457275
52C,2019/05/27 23:51:00, 50, 2154.4390, 13,       254, 49,        32, 56, 1.0976870, 74, 11.853862, 73, 517.14050, 77, 32.343750, 79, 1.2201934, 75, 49.994171, 66, 1.1915588,116,         4, 84, 3.7388611
5AC,2019/05/27 23:52:00, 50, 2154.4390, 13,       254, 49,        32, 56, 1.0976870, 74, 11.822749, 73, 517.08203, 77, 32.343750, 79, 1.2201934, 75, 49.994171, 66, 1.1398315,116,         4, 84, 3.7396240
5EC,2019/05/27 23:53:00, 50, 2154.4390, 13,       254, 49,        32, 56, 1.0976870, 74, 11.838305, 73, 517.14050, 77, 32.343750, 79, 1.2201934, 75, 49.994171, 66, 1.2268066,116,         4, 84, 3.7448120
5BC,2019/05/27 23:54:00, 50, 2154.4390, 13,       254, 49,        32, 56, 1.0976870, 74, 11.869418, 73, 517.14050, 77, 32.375000, 79, 1.2250546, 75, 49.994171, 66, 1.1575317,116,         4, 84, 3.7413025
5CC,2019/05/27 23:55:00, 50, 2154.4390, 13,       254, 49,        32, 56, 1.0976870, 74, 11.869418, 73, 517.14050, 77, 32.375000, 79, 1.2250546, 75, 49.994171, 66, 1.1738586,116,         4, 84, 3.7466431
57C,2019/05/27 23:56:00, 50, 2154.4390, 13,       254, 49,        32, 56, 1.0976870, 74, 11.838305, 73, 517.14050, 77, 32.375000, 79, 1.2201934, 75, 49.994171, 66, 1.1404419,116,         4, 84, 3.7431335
5FC,2019/05/27 23:57:00, 50, 1539.3826, 13,       254, 49,        32, 56, 1.0976870, 74, 11.822749, 73, 517.16974, 77, 32.437500, 79, 1.2201934, 75, 49.994171, 66, 1.1410522,116,         4, 84, 3.7400818
5CC,2019/05/27 23:58:00, 50,-54.045494, 13,       254, 49,        32, 56, 1.0976870, 74, 11.869418, 73, 517.14050, 77, 32.406250, 79, 1.2201934, 75, 49.994171, 66, 1.1833191,116,         4, 84, 3.7393188
5BC,2019/05/27 23:59:00, 50,-8.7368107, 13,       254, 49,        32, 56, 1.0976870, 74, 11.869418, 73, 517.19897, 77, 32.406250, 79, 1.2153320, 75, 49.994171, 66, 1.2562561,116,         4, 84, 3.7362671
