46C,2014/10/15 08:51:00, 50, 0.0000000, 51, 0.0000000, 52, 0.0000000, 49,        64, 56, 6.2676125, 67, 644.68970, 72, 151.06854, 77, 23.468750, 83,     36353,110,        29,116,         4,164,         1
46C,2014/10/15 08:51:00, 50, 0.0000000, 51, 0.0000000, 52, 0.0000000, 49,        64, 56, 6.2676125, 67, 644.68970, 72, 149.84808, 77, 23.656250, 83,     36353,110,        29,116,         4,164,         1
48C,2014/10/15 08:52:00, 50, 0.0000000, 51, 0.0000000, 52, 0.0000000, 49,        64, 56, 6.2676125, 67, 644.68970, 72, 149.63110, 77, 24.375000, 83,     36353,110,        29,116,         4,164,         1
49C,2014/10/15 08:53:00, 50, 0.0000000, 51, 0.0000000, 52, 0.0000000, 49,        64, 56, 6.2676125, 67, 644.68970, 72, 149.46643, 77, 25.093750, 83,     35329,110,        29,116,         4,164,         1
43C,2014/10/15 08:54:00, 50, 0.0000000, 51, 0.0000000, 52, 0.0000000, 49,        64, 56, 6.2676125, 67, 644.68970, 72, 149.07074, 77, 25.750000, 83,     35329,110,        29,116,         4,164,         1
4DC,2014/10/15 08:55:00, 50, 0.0000000, 51, 0.0000000, 52, 0.0000000, 49,        64, 56, 6.2676125, 67, 644.68970, 72, 148.88287, 77, 26.343750, 83,     35329,110,        29,116,         4,164,         1
47C,2014/10/15 08:56:00, 50, 0.0000000, 51, 0.0000000, 52, 0.0000000, 49,        64, 56, 6.2676125, 67, 644.68970, 72, 148.87036, 77, 26.906250, 83,     35329,110,        29,116,         4,164,         1
4EC,2014/10/15 08:57:00, 50, 0.0000000, 51, 0.0000000, 52, 0.0000000, 49,        64, 56, 6.2676125, 67, 644.68970, 72, 148.82895, 77, 27.406250, 83,     35329,110,        29,116,         4,164,         1
4EC,2014/10/15 08:58:00, 50, 0.0000000, 51, 0.0000000, 52, 0.0000000, 49,        64, 56, 6.2676125, 67, 644.68970, 72, 148.83072, 77, 27.875000, 83,     35329,110,        29,116,         4,164,         1
4DC,2014/10/15 08:59:00, 50, 0.0000000, 51, 0.0000000, 52, 0.0000000, 49,        64, 56, 6.2676125, 67, 644.68970, 72, 148.82507, 77, 28.343750, 83,     34817,110,        29,116,         4,164,         1
46C,2014/10/15 09:00:00, 50, 0.0000000, 51, 0.0000000, 52, 0.0000000, 49,        64, 56, 6.2676125, 67, 644.68970, 72, 148.79016, 77, 28.625000, 83,     34817,110,        29,116,         4,164,         1
40C,2014/10/15 09:01:00, 50, 0.0000000, 51, 0.0000000, 52, 0.0000000, 49,        64, 56, 6.2676125, 67, 644.68970, 72, 148.81531, 77, 29.000000, 83,     34817,110,        29,116,         4,164,         1
4DC,2014/10/15 09:02:00, 50, 0.0000000, 51, 0.0000000, 52, 0.0000000, 49,        64, 56, 6.2676125, 67, 644.68970, 72, 148.78970, 77, 29.375000, 83,     34817,110,        29,116,         4,164,         1
49C,2014/10/15 09:03:00, 50, 0.0000000, 51, 0.0000000, 52, 0.0000000, 49,        64, 56, 6.2676125, 67, 644.68970, 72, 148.81583, 77, 29.750000, 83,     34817,110,        29,116,         4,164,         1
45C,2014/10/15 09:04:00, 50, 0.0000000, 51, 0.0000000, 52, 0.0000000, 49,        64, 56, 6.2676125, 67, 644.68970, 72, 148.87628, 77, 30.031250, 83,     34817,110,        29,116,         4,164,         1
4CC,2014/10/15 09:05:00, 50, 0.0000000, 51, 0.0000000, 52, 0.0000000, 49,        64, 56, 6.2676125, 67, 644.68970, 72, 148.90427, 77, 30.343750, 83,     34817,110,        29,116,         4,164,         1
4DC,2014/10/15 09:06:00, 50, 0.0000000, 51, 0.0000000, 52, 0.0000000, 49,        64, 56, 6.2676125, 67, 644.68970, 72, 149.00168, 77, 30.656250, 83,     34817,110,        29,116,         4,164,         1
41C,2014/10/15 09:07:00, 50, 0.0000000, 51, 0.0000000, 52, 0.0000000, 49,        64, 56, 6.2676125, 67, 644.68970, 72, 149.14066, 77, 30.968750, 83,     34817,110,        29,116,         4,164,         1
44C,2014/10/15 09:08:00, 50, 0.0000000, 51, 0.0000000, 52, 0.0000000, 49,        64, 56, 6.2676125, 67, 644.68970, 72, 149.30573, 77, 31.218750, 83,     34817,110,        29,116,         4,164,         1
48C,2014/10/15 09:09:00, 50, 0.0000000, 51, 0.0000000, 52, 0.0000000, 49,        64, 56, 6.2676125, 67, 644.68970, 72, 149.45367, 77, 31.500000, 83,     34817,110,        29,116,         4,164,         1
4EC,2014/10/15 09:10:00, 50, 0.0000000, 51, 0.0000000, 52, 0.0000000, 49,        64, 56, 6.2676125, 67, 644.68970, 72, 149.59677, 77, 31.656250, 83,     34817,110,        29,116,         4,164,         1
41C,2014/10/15 09:11:00, 50, 0.0000000, 51, 0.0000000, 52, 0.0000000, 49,        64, 56, 6.2676125, 67, 644.68970, 72, 149.75385, 77, 31.875000, 83,     34817,110,        29,116,         4,164,         1
41C,2014/10/15 09:12:00, 50, 0.0000000, 51, 0.0000000, 52, 0.0000000, 49,        64, 56, 6.2676125, 67, 644.68970, 72, 149.89133, 77, 32.125000, 83,     34817,110,        29,116,         4,164,         1
46C,2014/10/15 09:13:00, 50, 0.0000000, 51, 0.0000000, 52, 0.0000000, 49,        64, 56, 6.2676125, 67, 644.68970, 72, 150.08908, 77, 32.375000, 83,     34817,110,        29,116,         4,164,         1
4EC,2014/10/15 09:14:00, 50, 0.0000000, 51, 0.0000000, 52, 0.0000000, 49,        64, 56, 6.2676125, 67, 644.68970, 72, 150.21570, 77, 32.343750, 83,     34817,110,        29,116,         4,164,         1
42C,2014/10/15 09:15:00, 50, 0.0000000, 51, 0.0000000, 52, 0.0000000, 49,        64, 56, 6.2676125, 67, 643.33984, 72, 150.38858, 77, 32.343750, 83,     34817,110,        29,116,         4,164,         1
41C,2014/10/15 09:16:00, 50, 0.0000000, 51, 0.0000000, 52, 0.0000000, 49,        64, 56, 6.2676125, 67, 644.68970, 72, 150.46396, 77, 32.562500, 83,     34817,110,        29,116,         4,164,         1
4FC,2014/10/15 09:17:00, 50, 0.0000000, 51, 0.0000000, 52, 0.0000000, 49,        64, 56, 6.2676125, 67, 644.68970, 72, 150.57108, 77, 32.812500, 83,     34817,110,        29,116,         4,164,         1
41C,2014/10/15 09:18:00, 50, 0.0000000, 51, 0.0000000, 52, 0.0000000, 49,        64, 56, 6.2676125, 67, 644.68970, 72, 150.65839, 77, 32.968750, 83,     34817,110,        29,116,         4,164,         1
4DC,2014/10/15 09:19:00, 50, 0.0000000, 51, 0.0000000, 52, 0.0000000, 49,        64, 56, 6.2676125, 67, 644.68970, 72, 150.79663, 77, 33.156250, 83,     34817,110,        29,116,         4,164,         1
45C,2014/10/15 09:20:00, 50, 0.0000000, 51, 0.0000000, 52, 0.0000000, 49,        64, 56, 6.2676125, 67, 644.68970, 72, 150.80646, 77, 33.343750, 83,     34817,110,        29,116,         4,164,         1
46C,2014/10/15 09:21:00, 50, 0.0000000, 51, 0.0000000, 52, 0.0000000, 49,        64, 56, 6.2676125, 67, 644.68970, 72, 150.91849, 77, 33.500000, 83,     34817,110,        29,116,         4,164,         1
46C,2014/10/15 09:22:00, 50, 0.0000000, 51, 0.0000000, 52, 0.0000000, 49,        64, 56, 6.2676125, 67, 644.68970, 72, 151.02499, 77, 33.687500, 83,     34817,110,        29,116,         4,164,         1
45C,2014/10/15 09:23:00, 50, 0.0000000, 51, 0.0000000, 52, 0.0000000, 49,        64, 56, 6.2676125, 67, 644.68970, 72, 151.10510, 77, 33.843750, 83,     34817,110,        29,116,         4,164,         1
46C,2014/10/15 09:24:00, 50, 0.0000000, 51, 0.0000000, 52, 0.0000000, 49,        64, 56, 6.2676125, 67, 644.68970, 72, 151.17807, 77, 33.968750, 83,     34817,110,        29,116,         4,164,         1
46C,2014/10/15 09:25:00, 50, 0.0000000, 51, 0.0000000, 52, 0.0000000, 49,        64, 56, 6.2676125, 67, 644.68970, 72, 151.20099, 77, 34.093750, 83,     34817,110,        29,116,         4,164,         1
5CC,2014/10/15 09:26:00, 50, 0.0000000, 51, 0.0000000, 52, 0.0000000, 49,        64, 56, 6.2676125, 67, 644.68970, 72, 151.21774, 77, 34.250000, 83,         0,110,         1,116,         4,164,         1
51C,2014/10/15 09:27:00, 50, 26.349632, 51, 111.77554, 52, 85.425903, 49,        64, 56, 6.2676125, 67, 644.68970, 72, 150.66614, 77, 34.437500, 83,         0,110,         6,116,         4,164,         1
51C,2014/10/15 09:28:00, 50, 29.151211, 51, 114.81097, 52, 85.659760, 49,        64, 56, 6.2676125, 67, 644.68970, 72, 150.68884, 77, 34.531250, 83,         0,110,         0,116,         4,164,         1
5CC,2014/10/15 09:29:00, 50, 28.090244, 51, 109.30400, 52, 81.213760, 49,        64, 56, 6.2676125, 67, 644.68970, 72, 151.31656, 77, 34.687500, 83,         0,110,         3,116,         4,164,         1
5BC,2014/10/15 09:30:00, 50, 27.348099, 51, 104.38705, 52, 77.038956, 49,        64, 56, 6.2676125, 67, 644.68970, 72, 151.36560, 77, 34.750000, 83,         0,110,         2,116,         4,164,         1
57C,2014/10/15 09:31:00, 50, 24.175350, 51, 112.00320, 52, 87.827850, 49,        64, 56, 6.2676125, 67, 644.68970, 72, 150.79550, 77, 34.843750, 83,         0,110,         1,116,         4,164,         1
55C,2014/10/15 09:32:00, 50, 26.774246, 51, 116.98546, 52, 90.211212, 49,        64, 56, 6.2676125, 67, 644.68970, 72, 150.84985, 77, 34.937500, 83,         0,110,         6,116,         4,164,         1
5DC,2014/10/15 09:33:00, 50, 31.801907, 51, 106.95606, 52, 75.154160, 49,        64, 56, 6.2676125, 67, 644.68970, 72, 150.89902, 77, 35.031250, 83,         0,110,         0,116,         4,164,         1
59C,2014/10/15 09:34:00, 50, 28.321812, 51, 113.87849, 52, 85.556686, 49,        64, 56, 6.2676125, 67, 644.68970, 72, 151.55109, 77, 35.125000, 83,         0,110,         3,116,         4,164,         1
50C,2014/10/15 09:35:00, 50, 25.844810, 51, 108.29649, 52, 82.451675, 49,        64, 56, 6.2676125, 67, 644.68970, 72, 151.57721, 77, 35.187500, 83,         0,110,         2,116,         4,164,         1
5CC,2014/10/15 09:36:00, 50, 30.684269, 51, 107.41377, 52, 76.729507, 49,        64, 56, 6.2676125, 67, 644.68970, 72, 150.98160, 77, 35.281250, 83,         0,110,         1,116,         4,164,         1
54C,2014/10/15 09:37:00, 50, 26.823326, 51, 114.26447, 52, 87.441147, 49,        64, 56, 6.2676125, 67, 644.68970, 72, 151.02963, 77, 35.375000, 83,         0,110,         6,116,         4,164,         1
58C,2014/10/15 09:38:00, 50, 39.254936, 51, 109.81969, 52, 70.564758, 49,        64, 56, 6.2676125, 67, 644.68970, 72, 151.07297, 77, 35.468750, 83,         0,110,         0,116,         4,164,         1
5CC,2014/10/15 09:39:00, 50, 38.015343, 51, 125.62763, 52, 87.612289, 49,        64, 56, 6.2676125, 67, 644.68970, 72, 151.73868, 77, 35.593750, 83,         0,110,         3,116,         4,164,         1
5FC,2014/10/15 09:40:00, 50, 34.945488, 51, 122.86347, 52, 87.917984, 49,        64, 56, 6.2676125, 67, 644.68970, 72, 151.78131, 77, 35.687500, 83,         0,110,         2,116,         4,164,         1
5BC,2014/10/15 09:41:00, 50, 30.652935, 51, 129.12907, 52, 98.476151, 49,        64, 56, 6.2676125, 67, 644.68970, 72, 151.17377, 77, 35.781250, 83,         0,110,         1,116,         4,164,         1
53C,2014/10/15 09:42:00, 50, 41.003365, 51, 128.13199, 52, 87.128632, 49,        64, 56, 6.2676125, 67, 644.68970, 72, 151.21069, 77, 35.875000, 83,         0,110,         6,116,         4,164,         1
5AC,2014/10/15 09:43:00, 50, 40.019737, 51, 131.00124, 52, 90.981506, 49,        64, 56, 6.2676125, 67, 644.68970, 72, 151.23990, 77, 35.968750, 83,         0,110,         0,116,         4,164,         1
53C,2014/10/15 09:44:00, 50, 36.980606, 51, 134.07559, 52, 97.094986, 49,        64, 56, 6.2676125, 67, 644.68970, 72, 151.91614, 77, 36.093750, 83,         0,110,         3,116,         4,164,         1
5AC,2014/10/15 09:45:00, 50, 35.172287, 51, 132.32658, 52, 97.154297, 49,        64, 56, 6.2676125, 67, 644.68970, 72, 151.95673, 77, 36.187500, 83,         0,110,         2,116,         4,164,         1
53C,2014/10/15 09:46:00, 50, 42.493744, 51, 131.73941, 52, 89.245667, 49,        64, 56, 6.2676125, 67, 644.68970, 72, 151.32654, 77, 36.281250, 83,         0,110,         1,116,         4,164,         1
51C,2014/10/15 09:47:00, 50, 37.070023, 51, 127.59084, 52, 90.520813, 49,        64, 56, 6.2676125, 67, 644.68970, 72, 151.37048, 77, 36.406250, 83,         0,110,         6,116,         4,164,         1
5FC,2014/10/15 09:48:00, 50, 26.278942, 51, 127.71729, 52, 101.43835, 49,        64, 56, 6.2676125, 67, 644.68970, 72, 151.39767, 77, 36.437500, 83,         0,110,         0,116,         4,164,         1
54C,2014/10/15 09:49:00, 50, 32.185562, 51, 121.75627, 52, 89.570709, 49,        64, 56, 6.2676125, 67, 644.68970, 72, 152.07245, 77, 36.562500, 83,         0,110,         3,116,         4,164,         1
58C,2014/10/15 09:50:00, 50, 27.481045, 51, 127.87745, 52, 100.39641, 49,        64, 56, 6.2676125, 67, 644.68970, 72, 152.09399, 77, 36.625000, 83,         0,110,         2,116,         4,164,         1
54C,2014/10/15 09:51:00, 50, 34.082756, 51, 121.70451, 52, 87.621750, 49,        64, 56, 6.2676125, 67, 644.68970, 72, 152.10022, 77, 36.687500, 83,         0,110,         1,116,         4,164,         1
53C,2014/10/15 09:52:00, 50, 33.210320, 51, 131.70345, 52, 98.493134, 49,        64, 56, 6.2676125, 67, 644.68970, 72, 151.41333, 77, 36.750000, 83,         0,110,         6,116,         4,164,         1
54C,2014/10/15 09:53:00, 50, 32.629120, 51, 127.20287, 52, 94.573746, 49,        64, 56, 6.2676125, 67, 644.68970, 72, 151.39340, 77, 36.781250, 83,         0,110,         0,116,         4,164,         1
54C,2014/10/15 09:54:00, 50, 33.602882, 51, 121.14610, 52, 87.543213, 49,        64, 56, 6.2676125, 67, 644.68970, 72, 151.38434, 77, 36.812500, 83,         0,110,         3,116,         4,164,         1
5BC,2014/10/15 09:55:00, 50, 33.709061, 51, 116.65350, 52, 82.944443, 49,        64, 56, 6.2676125, 67, 644.68970, 72, 152.03894, 77, 36.843750, 83,         0,110,         2,116,         4,164,         1
5FC,2014/10/15 09:56:00, 50, 31.387440, 51, 116.17712, 52, 84.789688, 49,        64, 56, 6.2676125, 67, 644.68970, 72, 152.01318, 77, 36.906250, 83,         0,110,         1,116,         4,164,         1
58C,2014/10/15 09:57:00, 50, 26.728870, 51, 115.68179, 52, 88.952927, 49,        64, 56, 6.2676125, 67, 644.68970, 72, 151.34137, 77, 36.968750, 83,         0,110,         6,116,         4,164,         1
57C,2014/10/15 09:58:00, 50, 26.575920, 51, 118.22578, 52, 91.649857, 49,        64, 56, 6.2676125, 67, 644.68970, 72, 151.36102, 77, 37.031250, 83,         0,110,         0,116,         4,164,         1
5DC,2014/10/15 09:59:00, 50, 33.526672, 51, 115.14642, 52, 81.619751, 49,        64, 56, 6.2676125, 67, 644.68970, 72, 151.35687, 77, 37.062500, 83,         0,110,         3,116,         4,164,         1
51C,2014/10/15 10:00:00, 50, 42.001114, 51, 127.79877, 52, 85.797653, 49,        64, 56, 6.2676125, 67, 644.68970, 72, 152.02267, 77, 37.125000, 83,         0,110,         2,116,         4,164,         1
53C,2014/10/15 10:01:00, 50, 49.790604, 51, 175.07410, 52, 125.28349, 49,        64, 56, 6.2676125, 67, 644.68970, 72, 152.02328, 77, 37.187500, 83,         0,110,         1,116,         4,164,         1
5EC,2014/10/15 10:02:00, 50, 51.637756, 51, 160.38347, 52, 108.74571, 49,        64, 56, 6.2676125, 67, 644.68970, 72, 151.34753, 77, 37.218750, 83,         0,110,         6,116,         4,164,         1
5AC,2014/10/15 10:03:00, 50, 48.810913, 51, 159.94981, 52, 111.13890, 49,        64, 56, 6.2676125, 67, 644.68970, 72, 151.33597, 77, 37.281250, 83,         0,110,         0,116,         4,164,         1
56C,2014/10/15 10:04:00, 50, 47.710686, 51, 155.24382, 52, 107.53314, 49,        64, 56, 6.2676125, 67, 644.68970, 72, 151.32706, 77, 37.343750, 83,         0,110,         3,116,         4,164,         1
5FC,2014/10/15 10:05:00, 50, 43.843124, 51, 153.79851, 52, 109.95538, 49,        64, 56, 6.2676125, 67, 644.68970, 72, 152.02930, 77, 37.375000, 83,         0,110,         2,116,         4,164,         1
55C,2014/10/15 10:06:00, 50, 41.831421, 51, 153.32996, 52, 111.49854, 49,        64, 56, 6.2676125, 67, 644.68970, 72, 152.04483, 77, 37.437500, 83,         0,110,         1,116,         4,164,         1
53C,2014/10/15 10:07:00, 50, 44.446564, 51, 149.54436, 52, 105.09779, 49,        64, 56, 6.2676125, 67, 644.68970, 72, 151.37555, 77, 37.468750, 83,         0,110,         6,116,         4,164,         1
5FC,2014/10/15 10:08:00, 50, 45.266930, 51, 161.08675, 52, 115.81982, 49,        64, 56, 6.2676125, 67, 644.68970, 72, 151.38214, 77, 37.500000, 83,         0,110,         0,116,         4,164,         1
5FC,2014/10/15 10:09:00, 50, 47.610512, 51, 151.40164, 52, 103.79114, 49,        64, 56, 6.2676125, 67, 643.33984, 72, 151.38165, 77, 37.562500, 83,         0,110,         3,116,         4,164,         1
56C,2014/10/15 10:10:00, 50, 46.676079, 51, 149.95523, 52, 103.27916, 49,        64, 56, 6.2676125, 67, 643.33984, 72, 152.05765, 77, 37.625000, 83,         0,110,         2,116,         4,164,         1
57C,2014/10/15 10:11:00, 50, 47.007057, 51, 160.56149, 52, 113.55444, 49,        64, 56, 6.2676125, 67, 643.33984, 72, 152.05469, 77, 37.656250, 83,         0,110,         1,116,         4,164,         1
58C,2014/10/15 10:12:00, 50, 48.688690, 51, 178.61392, 52, 129.92523, 49,        64, 56, 6.2676125, 67, 643.33984, 72, 151.39813, 77, 37.687500, 83,         0,110,         6,116,         4,164,         1
56C,2014/10/15 10:13:00, 50, 59.715897, 51, 183.96184, 52, 124.24594, 49,        64, 56, 6.2676125, 67, 643.33984, 72, 151.40039, 77, 37.750000, 83,         0,110,         0,116,         4,164,         1
54C,2014/10/15 10:14:00, 50, 54.670067, 51, 177.68497, 52, 123.01491, 49,        64, 56, 6.2676125, 67, 643.33984, 72, 151.40402, 77, 37.781250, 83,         0,110,         3,116,         4,164,         1
50C,2014/10/15 10:15:00, 50, 54.881927, 51, 176.69095, 52, 121.80902, 49,        64, 56, 6.2676125, 67, 643.33984, 72, 152.06982, 77, 37.812500, 83,         0,110,         2,116,         4,164,         1
59C,2014/10/15 10:16:00, 50, 59.946068, 51, 178.14999, 52, 118.20393, 49,        64, 56, 6.2676125, 67, 643.33984, 72, 152.07349, 77, 37.843750, 83,         0,110,         1,116,         4,164,         1
51C,2014/10/15 10:17:00, 50, 72.418564, 51, 192.11543, 52, 119.69687, 49,        64, 56, 6.2676125, 67, 643.33984, 72, 151.41501, 77, 37.906250, 83,         0,110,         6,116,         4,164,         1
59C,2014/10/15 10:18:00, 50, 71.456467, 51, 193.96519, 52, 122.50873, 49,        64, 56, 6.2676125, 67, 643.33984, 72, 151.42209, 77, 37.937500, 83,         0,110,         0,116,         4,164,         1
52C,2014/10/15 10:19:00, 50, 69.809021, 51, 192.24348, 52, 122.43446, 49,        64, 56, 6.2676125, 67, 643.33984, 72, 151.42105, 77, 37.968750, 83,         0,110,         3,116,         4,164,         1
57C,2014/10/15 10:20:00, 50, 69.344910, 51, 185.37251, 52, 116.02760, 49,        64, 56, 6.2676125, 67, 643.33984, 72, 152.10870, 77, 37.968750, 83,         0,110,         2,116,         4,164,         1
5AC,2014/10/15 10:21:00, 50, 63.073341, 51, 177.10347, 52, 114.03014, 49,        64, 56, 6.2676125, 67, 643.33984, 72, 152.09973, 77, 38.031250, 83,         0,110,         1,116,         4,164,         1
53C,2014/10/15 10:22:00, 50, 61.412270, 51, 170.58401, 52, 109.17175, 49,        64, 56, 6.2676125, 67, 643.33984, 72, 151.41840, 77, 38.031250, 83,         0,110,         6,116,         4,164,         1
59C,2014/10/15 10:23:00, 50, 61.202560, 51, 172.48489, 52, 111.28233, 49,        64, 56, 6.2676125, 67, 643.33984, 72, 151.41672, 77, 38.062500, 83,         0,110,         0,116,         4,164,         1
57C,2014/10/15 10:24:00, 50, 54.977737, 51, 161.85999, 52, 106.88225, 49,        64, 56, 6.2676125, 67, 643.33984, 72, 151.41156, 77, 38.062500, 83,         0,110,         3,116,         4,164,         1
53C,2014/10/15 10:25:00, 50, 59.826111, 51, 160.78619, 52, 100.96008, 49,        64, 56, 6.2676125, 67, 643.33984, 72, 152.08072, 77, 38.125000, 83,         0,110,         2,116,         4,164,         1
5DC,2014/10/15 10:26:00, 50, 60.033157, 51, 163.80649, 52, 103.77333, 49,        64, 56, 6.2676125, 67, 643.33984, 72, 152.09448, 77, 38.125000, 83,         0,110,         1,116,         4,164,         1
5EC,2014/10/15 10:27:00, 50, 50.870819, 51, 169.35916, 52, 118.48834, 49,        64, 56, 6.2676125, 67, 643.33984, 72, 151.43689, 77, 38.156250, 83,         0,110,         6,116,         4,164,         1
5FC,2014/10/15 10:28:00, 50, 53.454712, 51, 168.86618, 52, 115.41147, 49,        64, 56, 6.2676125, 67, 643.33984, 72, 151.43683, 77, 38.187500, 83,         0,110,         0,116,         4,164,         1
57C,2014/10/15 10:29:00, 50, 57.160179, 51, 159.59320, 52, 102.43303, 49,        64, 56, 6.2676125, 67, 643.33984, 72, 151.44595, 77, 38.250000, 83,         0,110,         3,116,         4,164,         1
5DC,2014/10/15 10:30:00, 50, 49.697937, 51, 172.33958, 52, 122.64165, 49,        64, 56, 6.2676125, 67, 643.33984, 72, 152.11426, 77, 38.218750, 83,         0,110,         2,116,         4,164,         1
5FC,2014/10/15 10:31:00, 50, 41.400894, 51, 167.23431, 52, 125.83342, 49,        64, 56, 6.2676125, 67, 643.33984, 72, 152.10565, 77, 38.281250, 83,         0,110,         1,116,         4,164,         1
51C,2014/10/15 10:32:00, 50, 51.932449, 51, 162.80363, 52, 110.87119, 49,        64, 56, 6.2676125, 67, 643.33984, 72, 151.44269, 77, 38.281250, 83,         0,110,         6,116,         4,164,         1
55C,2014/10/15 10:33:00, 50, 53.892754, 51, 164.22882, 52, 110.33607, 49,        64, 56, 6.2676125, 67, 643.33984, 72, 151.44095, 77, 38.312500, 83,         0,110,         0,116,         4,164,         1
57C,2014/10/15 10:34:00, 50, 65.986893, 51, 170.68556, 52, 104.69867, 49,        64, 56, 6.2676125, 67, 643.33984, 72, 151.44144, 77, 38.343750, 83,         0,110,         3,116,         4,164,         1
54C,2014/10/15 10:35:00, 50, 62.475845, 51, 166.27841, 52, 103.80257, 49,        64, 56, 6.2676125, 67, 643.33984, 72, 152.13022, 77, 38.343750, 83,         0,110,         2,116,         4,164,         1
53C,2014/10/15 10:36:00, 50, 64.385345, 51, 175.32837, 52, 110.94302, 49,        64, 56, 6.2676125, 67, 643.33984, 72, 152.13141, 77, 38.375000, 83,         0,110,         1,116,         4,164,         1
5DC,2014/10/15 10:37:00, 50, 62.898888, 51, 178.22624, 52, 115.32736, 49,        64, 56, 6.2676125, 67, 643.33984, 72, 151.45786, 77, 38.406250, 83,         0,110,         6,116,         4,164,         1
5DC,2014/10/15 10:38:00, 50, 57.567024, 51, 177.81604, 52, 120.24902, 49,        64, 56, 6.2676125, 67, 643.33984, 72, 151.46082, 77, 38.437500, 83,         0,110,         0,116,         4,164,         1
50C,2014/10/15 10:39:00, 50, 56.813164, 51, 182.53586, 52, 125.72270, 49,        64, 56, 6.2676125, 67, 643.33984, 72, 151.46597, 77, 38.437500, 83,         0,110,         3,116,         4,164,         1
51C,2014/10/15 10:40:00, 50, 60.429825, 51, 167.67558, 52, 107.24576, 49,        64, 56, 6.2676125, 67, 643.33984, 72, 152.14850, 77, 38.468750, 83,         0,110,         2,116,         4,164,         1
5CC,2014/10/15 10:41:00, 50, 60.671631, 51, 156.28209, 52, 95.610458, 49,        64, 56, 6.2676125, 67, 643.33984, 72, 152.14093, 77, 38.468750, 83,         0,110,         1,116,         4,164,         1
5FC,2014/10/15 10:42:00, 50, 60.268387, 51, 179.45712, 52, 119.18874, 49,        64, 56, 6.2676125, 67, 643.33984, 72, 151.46207, 77, 38.531250, 83,         0,110,         6,116,         4,164,         1
56C,2014/10/15 10:43:00, 50, 50.240631, 51, 168.17737, 52, 117.93674, 49,        64, 56, 6.2676125, 67, 643.33984, 72, 151.47769, 77, 38.531250, 83,         0,110,         0,116,         4,164,         1
54C,2014/10/15 10:44:00, 50, 55.214928, 51, 157.32030, 52, 102.10538, 49,        64, 56, 6.2676125, 67, 643.33984, 72, 151.47345, 77, 38.531250, 83,         0,110,         3,116,         4,164,         1
5CC,2014/10/15 10:45:00, 50, 51.185539, 51, 150.47369, 52, 99.288162, 49,        64, 56, 6.2676125, 67, 643.33984, 72, 152.13596, 77, 38.531250, 83,         0,110,         2,116,         4,164,         1
55C,2014/10/15 10:46:00, 50, 48.945000, 51, 146.46155, 52, 97.516556, 49,        64, 56, 6.2676125, 67, 643.33984, 72, 152.13992, 77, 38.562500, 83,         0,110,         1,116,         4,164,         1
56C,2014/10/15 10:47:00, 50, 44.047897, 51, 150.09398, 52, 106.04608, 49,        64, 56, 6.2676125, 67, 643.33984, 72, 151.47849, 77, 38.593750, 83,         0,110,         6,116,         4,164,         1
56C,2014/10/15 10:48:00, 50, 52.450890, 51, 150.01512, 52, 97.564240, 49,        64, 56, 6.2676125, 67, 643.33984, 72, 151.47696, 77, 38.562500, 83,         0,110,         0,116,         4,164,         1
5CC,2014/10/15 10:49:01, 50, 50.274796, 51, 150.92641, 52, 100.65161, 49,        64, 56, 6.2676125, 67, 643.33984, 72, 151.46777, 77, 38.593750, 83,         0,110,         3,116,         4,164,         1
5DC,2014/10/15 10:50:00, 50, 39.205536, 51, 149.95416, 52, 110.74863, 49,        64, 56, 6.2676125, 67, 643.33984, 72, 152.13977, 77, 38.593750, 83,         0,110,         2,116,         4,164,         1
57C,2014/10/15 10:51:00, 50, 28.729568, 51, 138.45969, 52, 109.73012, 49,        64, 56, 6.2676125, 67, 643.33984, 72, 152.13406, 77, 38.625000, 83,         0,110,         1,116,         4,164,         1
5CC,2014/10/15 10:52:00, 50, 46.416916, 51, 157.62175, 52, 111.20483, 49,        64, 56, 6.2676125, 67, 643.33984, 72, 151.46503, 77, 38.625000, 83,         0,110,         6,116,         4,164,         1
51C,2014/10/15 10:53:00, 50, 42.543297, 51, 156.68484, 52, 114.14156, 49,        64, 56, 6.2676125, 67, 643.33984, 72, 151.47104, 77, 38.625000, 83,         0,110,         0,116,         4,164,         1
57C,2014/10/15 10:54:00, 50, 39.488960, 51, 161.00362, 52, 121.51466, 49,        64, 56, 6.2676125, 67, 643.33984, 72, 151.47876, 77, 38.656250, 83,         0,110,         3,116,         4,164,         1
5BC,2014/10/15 10:55:00, 50, 45.182335, 51, 160.72887, 52, 115.54654, 49,        64, 56, 6.2676125, 67, 643.33984, 72, 152.15576, 77, 38.687500, 83,         0,110,         2,116,         4,164,         1
5FC,2014/10/15 10:56:00, 50, 52.049393, 51, 144.38689, 52, 92.337494, 49,        64, 56, 6.2676125, 67, 643.33984, 72, 152.15442, 77, 38.687500, 83,         0,110,         1,116,         4,164,         1
5FC,2014/10/15 10:57:00, 50, 45.494240, 51, 137.56549, 52, 92.071259, 49,        64, 56, 6.2676125, 67, 643.33984, 72, 151.49017, 77, 38.718750, 83,         0,110,         6,116,         4,164,         1
5CC,2014/10/15 10:58:00, 50, 27.801239, 51, 128.51450, 52, 100.71326, 49,        64, 56, 6.2676125, 67, 643.33984, 72, 151.49207, 77, 38.718750, 83,         0,110,         0,116,         4,164,         1
56C,2014/10/15 10:59:00, 50, 33.012733, 51, 124.43998, 52, 91.427246, 49,        64, 56, 6.2676125, 67, 643.33984, 72, 151.46973, 77, 38.687500, 83,         0,110,         3,116,         4,164,         1
57C,2014/10/15 11:00:00, 50, 36.579765, 51, 122.32694, 52, 85.747177, 49,        64, 56, 6.2676125, 67, 643.33984, 72, 152.11490, 77, 38.687500, 83,         0,110,         2,116,         4,164,         1
59C,2014/10/15 11:01:00, 50, 20.598473, 51, 124.68378, 52, 104.08531, 49,        64, 56, 6.2676125, 67, 643.33984, 72, 152.12222, 77, 38.687500, 83,         0,110,         1,116,         4,164,         1
5EC,2014/10/15 11:02:00, 50, 28.074581, 51, 123.94300, 52, 95.868423, 49,        64, 56, 6.2676125, 67, 643.33984, 72, 151.46790, 77, 38.687500, 83,         0,110,         6,116,         4,164,         1
