41C,2016/04/14 18:09:00, 50, 0.0000000, 51, 0.0000000, 52, 0.0000000, 49,        32, 56, 6.2676125, 67, 646.03967, 72, 509.16138, 77, 19.781250, 83,     52737,110,        29,116,         4,164,         1
42C,2016/04/14 18:20:00, 50, 0.0000000, 51, 0.0000000, 52, 0.0000000, 49,        64, 56, 6.2676125, 67, 644.68970, 72, 510.01849, 77, 20.437500, 83,     51713,110,        29,116,         4,164,         1
40C,2016/04/14 18:21:00, 50, 0.0000000, 51, 0.0000000, 52, 0.0000000, 49,        64, 56, 6.2676125, 67, 644.68970, 72, 510.43604, 77, 21.125000, 83,     51713,110,        29,116,         4,164,         1
47C,2016/04/14 18:22:00, 50, 0.0000000, 51, 0.0000000, 52, 0.0000000, 49,        64, 56, 6.2676125, 67, 644.68970, 72, 510.80530, 77, 21.781250, 83,     51713,110,        29,116,         4,164,         1
4AC,2016/04/14 18:23:00, 50, 0.0000000, 51, 0.0000000, 52, 0.0000000, 49,        64, 56, 6.2676125, 67, 644.68970, 72, 511.18420, 77, 22.343750, 83,     51713,110,        29,116,         4,164,         1
40C,2016/04/14 18:24:00, 50, 0.0000000, 51, 0.0000000, 52, 0.0000000, 49,        64, 56, 6.2676125, 67, 644.68970, 72, 511.50873, 77, 22.843750, 83,     51713,110,        29,116,         4,164,         1
4BC,2016/04/14 18:25:00, 50, 0.0000000, 51, 0.0000000, 52, 0.0000000, 49,        64, 56, 6.2676125, 67, 644.68970, 72, 154.85538, 77, 23.343750, 83,     35329,110,        29,116,         4,164,         1
42C,2016/04/14 18:26:00, 50, 0.0000000, 51, 0.0000000, 52, 0.0000000, 49,        64, 56, 6.2676125, 67, 644.68970, 72, 112.29759, 77, 23.843750, 83,     35329,110,        29,116,         4,164,         1
45C,2016/04/14 18:27:00, 50, 0.0000000, 51, 0.0000000, 52, 0.0000000, 49,        64, 56, 6.2676125, 67, 644.68970, 72, 111.59703, 77, 24.250000, 83,     35329,110,        29,116,         4,164,         1
4EC,2016/04/14 18:28:00, 50, 0.0000000, 51, 0.0000000, 52, 0.0000000, 49,        64, 56, 6.2676125, 67, 644.68970, 72, 111.19800, 77, 24.687500, 83,     34817,110,        29,116,         4,164,         1
4AC,2016/04/14 18:29:00, 50, 0.0000000, 51, 0.0000000, 52, 0.0000000, 49,        64, 56, 6.2676125, 67, 646.03967, 72, 111.11949, 77, 25.156250, 83,     34817,110,        29,116,         4,164,         1
44C,2016/04/14 18:30:00, 50, 0.0000000, 51, 0.0000000, 52, 0.0000000, 49,        64, 56, 6.2676125, 67, 646.03967, 72, 111.07541, 77, 25.531250, 83,     34817,110,        29,116,         4,164,         1
46C,2016/04/14 18:31:00, 50, 0.0000000, 51, 0.0000000, 52, 0.0000000, 49,        64, 56, 6.2676125, 67, 646.03967, 72, 111.08260, 77, 25.937500, 83,     34817,110,        29,116,         4,164,         1
43C,2016/04/14 18:32:00, 50, 0.0000000, 51, 0.0000000, 52, 0.0000000, 49,        64, 56, 6.2676125, 67, 646.03967, 72, 111.06874, 77, 26.281250, 83,     34817,110,        29,116,         4,164,         1
43C,2016/04/14 18:33:00, 50, 0.0000000, 51, 0.0000000, 52, 0.0000000, 49,        64, 56, 6.2676125, 67, 646.03967, 72, 111.09787, 77, 26.625000, 83,     34817,110,        29,116,         4,164,         1
40C,2016/04/14 18:34:00, 50, 0.0000000, 51, 0.0000000, 52, 0.0000000, 49,        64, 56, 6.2676125, 67, 646.03967, 72, 111.15932, 77, 26.937500, 83,     34817,110,        29,116,         4,164,         1
4BC,2016/04/14 18:35:00, 50, 0.0000000, 51, 0.0000000, 52, 0.0000000, 49,        64, 56, 6.2676125, 67, 646.03967, 72, 111.21579, 77, 27.250000, 83,     34817,110,        29,116,         4,164,         1
42C,2016/04/14 18:36:00, 50, 0.0000000, 51, 0.0000000, 52, 0.0000000, 49,        64, 56, 6.2676125, 67, 646.03967, 72, 111.32004, 77, 27.531250, 83,     34817,110,        29,116,         4,164,         1
42C,2016/04/14 18:37:00, 50, 0.0000000, 51, 0.0000000, 52, 0.0000000, 49,        64, 56, 6.2676125, 67, 646.03967, 72, 111.46480, 77, 27.875000, 83,     34817,110,        29,116,         4,164,         1
44C,2016/04/14 18:38:00, 50, 0.0000000, 51, 0.0000000, 52, 0.0000000, 49,        64, 56, 6.2676125, 67, 646.03967, 72, 111.60168, 77, 28.187500, 83,     34817,110,        29,116,         4,164,         1
40C,2016/04/14 18:39:00, 50, 0.0000000, 51, 0.0000000, 52, 0.0000000, 49,        64, 56, 6.2676125, 67, 646.03967, 72, 111.68010, 77, 28.468750, 83,     34817,110,        29,116,         4,164,         1
47C,2016/04/14 18:40:00, 50, 0.0000000, 51, 0.0000000, 52, 0.0000000, 49,        64, 56, 6.2676125, 67, 644.68970, 72, 111.82472, 77, 28.687500, 83,     34817,110,        29,116,         4,164,         1
47C,2016/04/14 18:41:00, 50, 0.0000000, 51, 0.0000000, 52, 0.0000000, 49,        64, 56, 6.2676125, 67, 646.03967, 72, 111.92540, 77, 28.968750, 83,     34817,110,        29,116,         4,164,         1
46C,2016/04/14 18:42:00, 50, 0.0000000, 51, 0.0000000, 52, 0.0000000, 49,        64, 56, 6.2676125, 67, 644.68970, 72, 112.04027, 77, 29.250000, 83,     34817,110,        29,116,         4,164,         1
49C,2016/04/14 18:43:00, 50, 0.0000000, 51, 0.0000000, 52, 0.0000000, 49,        64, 56, 6.2676125, 67, 644.68970, 72, 112.20479, 77, 29.531250, 83,     34817,110,        29,116,         4,164,         1
4CC,2016/04/14 18:44:00, 50, 0.0000000, 51, 0.0000000, 52, 0.0000000, 49,        64, 56, 6.2676125, 67, 644.68970, 72, 112.36305, 77, 29.781250, 83,     34817,110,        29,116,         4,164,         1
45C,2016/04/14 18:45:00, 50, 0.0000000, 51, 0.0000000, 52, 0.0000000, 49,        64, 56, 6.2676125, 67, 644.68970, 72, 112.53508, 77, 30.062500, 83,     34817,110,        29,116,         4,164,         1
41C,2016/04/14 18:46:00, 50, 0.0000000, 51, 0.0000000, 52, 0.0000000, 49,        64, 56, 6.2676125, 67, 644.68970, 72, 112.67642, 77, 30.281250, 83,     34817,110,        29,116,         4,164,         1
4CC,2016/04/14 18:47:00, 50, 0.0000000, 51, 0.0000000, 52, 0.0000000, 49,        64, 56, 6.2676125, 67, 644.68970, 72, 112.80519, 77, 30.562500, 83,     34817,110,        29,116,         4,164,         1
4BC,2016/04/14 18:48:00, 50, 0.0000000, 51, 0.0000000, 52, 0.0000000, 49,        64, 56, 6.2676125, 67, 644.68970, 72, 112.94559, 77, 30.843750, 83,     34817,110,        29,116,         4,164,         1
4EC,2016/04/14 18:49:00, 50, 0.0000000, 51, 0.0000000, 52, 0.0000000, 49,        64, 56, 6.2676125, 67, 644.68970, 72, 113.08333, 77, 31.125000, 83,     34817,110,        29,116,         4,164,         1
43C,2016/04/14 18:50:00, 50, 0.0000000, 51, 0.0000000, 52, 0.0000000, 49,        64, 56, 6.2676125, 67, 644.68970, 72, 113.14931, 77, 31.343750, 83,     34817,110,        29,116,         4,164,         1
4AC,2016/04/14 18:51:00, 50, 0.0000000, 51, 0.0000000, 52, 0.0000000, 49,        64, 56, 6.2676125, 67, 644.68970, 72, 113.23077, 77, 31.625000, 83,     34817,110,        29,116,         4,164,         1
46C,2016/04/14 18:52:00, 50, 0.0000000, 51, 0.0000000, 52, 0.0000000, 49,        64, 56, 6.2676125, 67, 644.68970, 72, 113.26566, 77, 31.812500, 83,     34817,110,        29,116,         4,164,         1
4BC,2016/04/14 18:53:00, 50, 0.0000000, 51, 0.0000000, 52, 0.0000000, 49,        64, 56, 6.2676125, 67, 644.68970, 72, 113.30655, 77, 32.031250, 83,     34817,110,        29,116,         4,164,         1
49C,2016/04/14 18:54:00, 50, 0.0000000, 51, 0.0000000, 52, 0.0000000, 49,        64, 56, 6.2676125, 67, 644.68970, 72, 113.32346, 77, 32.312500, 83,     34817,110,        29,116,         4,164,         1
54C,2016/04/14 18:55:00, 50, 0.3012747, 51,-0.1676100, 52,-0.4688847, 49,        64, 56, 6.2676125, 67, 644.68970, 72, 113.37762, 77, 32.562500, 83,         0,110,         2,116,         4,164,         1
57C,2016/04/14 18:56:00, 50, 22.465366, 51, 135.32529, 52, 112.85992, 49,        64, 56, 6.2676125, 67, 644.68970, 72, 112.78082, 77, 32.468750, 83,         0,110,         6,116,         4,164,         1
54C,2016/04/14 18:57:00, 50, 4.8714790, 51, 123.37733, 52, 118.50586, 49,        64, 56, 6.2676125, 67, 644.68970, 72, 112.80383, 77, 32.687500, 83,         0,110,         1,116,         4,164,         1
55C,2016/04/14 18:58:00, 50,-2.7199221, 51, 107.39475, 52, 110.11467, 49,        64, 56, 6.2676125, 67, 644.68970, 72, 112.83998, 77, 32.750000, 83,         0,110,         0,116,         4,164,         1
5BC,2016/04/14 18:59:00, 50, 29.683048, 51, 79.102051, 52, 49.419006, 49,        64, 56, 6.2676125, 67, 644.68970, 72, 113.46489, 77, 32.937500, 83,         0,110,         3,116,         4,164,         1
50C,2016/04/14 19:00:00, 50, 30.999962, 51, 94.025368, 52, 63.025406, 49,        64, 56, 6.2676125, 67, 644.68970, 72, 113.50691, 77, 33.125000, 83,         0,110,         2,116,         4,164,         1
5BC,2016/04/14 19:01:00, 50, 10.984177, 51, 120.30188, 52, 109.31770, 49,        64, 56, 6.2676125, 67, 644.68970, 72, 112.94711, 77, 33.343750, 83,         0,110,         6,116,         4,164,         1
5CC,2016/04/14 19:02:00, 50, 10.527393, 51, 91.925873, 52, 81.398483, 49,        64, 56, 6.2676125, 67, 644.68970, 72, 113.59087, 77, 33.500000, 83,         0,110,         1,116,         4,164,         1
58C,2016/04/14 19:03:00, 50, 16.368958, 51, 111.81621, 52, 95.447250, 49,        64, 56, 6.2676125, 67, 644.68970, 72, 113.02954, 77, 33.625000, 83,         0,110,         0,116,         4,164,         1
56C,2016/04/14 19:04:00, 50, 16.303345, 51, 52.270599, 52, 35.967255, 49,        64, 56, 6.2676125, 67, 644.68970, 72, 113.08969, 77, 33.812500, 83,         0,110,         3,116,         4,164,         1
5EC,2016/04/14 19:05:00, 50,-3.8579426, 51, 52.762642, 52, 56.620583, 49,        64, 56, 6.2676125, 67, 644.68970, 72, 113.79681, 77, 34.000000, 83,         0,110,         2,116,         4,164,         1
5AC,2016/04/14 19:06:00, 50, 17.305096, 51, 12.443226, 52,-4.8618698, 49,        64, 56, 6.2676125, 67, 644.68970, 72, 113.25334, 77, 34.062500, 83,         0,110,         6,116,         4,164,         1
57C,2016/04/14 19:07:00, 50,-6.8128939, 51, 38.671322, 52, 45.484215, 49,        64, 56, 6.2676125, 67, 644.68970, 72, 113.97408, 77, 34.250000, 83,         0,110,         1,116,         4,164,         1
58C,2016/04/14 19:08:00, 50,-2.7331753, 51, 37.735394, 52, 40.468567, 49,        64, 56, 6.2676125, 67, 644.68970, 72, 113.39961, 77, 34.406250, 83,         0,110,         0,116,         4,164,         1
5CC,2016/04/14 19:09:00, 50, 16.318172, 51, 36.821037, 52, 20.502865, 49,        64, 56, 6.2676125, 67, 644.68970, 72, 113.42500, 77, 34.531250, 83,         0,110,         3,116,         4,164,         1
54C,2016/04/14 19:10:00, 50, 17.801006, 51, 48.688908, 52, 30.887901, 49,        64, 56, 6.2676125, 67, 644.68970, 72, 114.12315, 77, 34.656250, 83,         0,110,         2,116,         4,164,         1
53C,2016/04/14 19:11:00, 50, 19.524311, 51, 44.925343, 52, 25.401031, 49,        64, 56, 6.2676125, 67, 644.68970, 72, 113.50740, 77, 34.781250, 83,         0,110,         6,116,         4,164,         1
58C,2016/04/14 19:12:00, 50,-14.965744, 51, 39.859695, 52, 54.825439, 49,        64, 56, 6.2676125, 67, 644.68970, 72, 114.19576, 77, 34.906250, 83,         0,110,         1,116,         4,164,         1
56C,2016/04/14 19:13:00, 50,-17.831181, 51, 37.293018, 52, 55.124199, 49,        64, 56, 6.2676125, 67, 644.68970, 72, 113.56004, 77, 35.000000, 83,         0,110,         0,116,         4,164,         1
5AC,2016/04/14 19:14:00, 50, 0.4369768, 51, 10.109582, 52, 9.6726055, 49,        64, 56, 6.2676125, 67, 644.68970, 72, 113.55969, 77, 35.093750, 83,         0,110,         3,116,         4,164,         1
51C,2016/04/14 19:15:00, 50, 11.528967, 51, 11.934614, 52, 0.4056478, 49,        64, 56, 6.2676125, 67, 644.68970, 72, 114.21082, 77, 35.125000, 83,         0,110,         2,116,         4,164,         1
5EC,2016/04/14 19:16:00, 50,-13.197924, 51, 20.753227, 52, 33.951149, 49,        64, 56, 6.2676125, 67, 644.68970, 72, 113.53366, 77, 35.218750, 83,         0,110,         6,116,         4,164,         1
5FC,2016/04/14 19:17:00, 50, 9.4283428, 51, 18.361330, 52, 8.9329872, 49,        64, 56, 6.2676125, 67, 644.68970, 72, 114.20442, 77, 35.312500, 83,         0,110,         1,116,         4,164,         1
58C,2016/04/14 19:18:00, 50,-0.6393348, 51, 13.125651, 52, 13.764986, 49,        64, 56, 6.2676125, 67, 644.68970, 72, 113.54007, 77, 35.406250, 83,         0,110,         0,116,         4,164,         1
55C,2016/04/14 19:19:00, 50,-0.2915179, 51, 29.580702, 52, 29.872219, 49,        64, 56, 6.2676125, 67, 644.68970, 72, 113.54567, 77, 35.531250, 83,         0,110,         3,116,         4,164,         1
54C,2016/04/14 19:20:00, 50, 14.885330, 51, 4.1396942, 52,-10.745636, 49,        64, 56, 6.2676125, 67, 644.68970, 72, 114.23402, 77, 35.656250, 83,         0,110,         2,116,         4,164,         1
58C,2016/04/14 19:21:00, 50, 4.8887520, 51, 108.73993, 52, 103.85118, 49,        64, 56, 6.2676125, 67, 644.68970, 72, 113.55096, 77, 35.812500, 83,         0,110,         6,116,         4,164,         1
5CC,2016/04/14 19:22:00, 50, 27.216694, 51, 30.027628, 52, 2.8109345, 49,        64, 56, 6.2676125, 67, 644.68970, 72, 114.24048, 77, 35.937500, 83,         0,110,         1,116,         4,164,         1
50C,2016/04/14 19:23:00, 50, 2.6079583, 51, 19.911196, 52, 17.303238, 49,        64, 56, 6.2676125, 67, 644.68970, 72, 113.56242, 77, 36.093750, 83,         0,110,         0,116,         4,164,         1
5FC,2016/04/14 19:24:00, 50, 8.4699078, 51, 44.028957, 52, 35.559052, 49,        64, 56, 6.2676125, 67, 644.68970, 72, 113.57326, 77, 36.218750, 83,         0,110,         3,116,         4,164,         1
5AC,2016/04/14 19:25:00, 50, 3.9795313, 51, 42.652725, 52, 38.673195, 49,        64, 56, 6.2676125, 67, 644.68970, 72, 114.27742, 77, 36.312500, 83,         0,110,         2,116,         4,164,         1
5BC,2016/04/14 19:26:00, 50, 20.683872, 51, 13.321627, 52,-7.3622465, 49,        64, 56, 6.2676125, 67, 644.68970, 72, 113.61028, 77, 36.500000, 83,         0,110,         6,116,         4,164,         1
52C,2016/04/14 19:27:00, 50, 4.6846542, 51, 18.247976, 52, 13.563322, 49,        64, 56, 6.2676125, 67, 644.68970, 72, 114.30688, 77, 36.562500, 83,         0,110,         1,116,         4,164,         1
50C,2016/04/14 19:28:00, 50,-0.7668558, 51, 12.190306, 52, 12.957161, 49,        64, 56, 6.2676125, 67, 644.68970, 72, 113.64026, 77, 36.718750, 83,         0,110,         0,116,         4,164,         1
53C,2016/04/14 19:29:00, 50, 9.1273022, 51, 4.2217865, 52,-4.9055157, 49,        64, 56, 6.2676125, 67, 644.68970, 72, 113.66484, 77, 36.843750, 83,         0,110,         3,116,         4,164,         1
5CC,2016/04/14 19:30:00, 50, 10.531046, 51, 44.355179, 52, 33.824135, 49,        64, 56, 6.2676125, 67, 644.68970, 72, 114.37653, 77, 36.968750, 83,         0,110,         2,116,         4,164,         1
5CC,2016/04/14 19:31:00, 50, 17.450092, 51, 6.8267822, 52,-10.623310, 49,        64, 56, 6.2676125, 67, 644.68970, 72, 113.70491, 77, 37.093750, 83,         0,110,         6,116,         4,164,         1
5CC,2016/04/14 19:32:00, 50,-12.974258, 51,-6.9268942, 52, 6.0473642, 49,        64, 56, 6.2676125, 67, 644.68970, 72, 114.41718, 77, 37.250000, 83,         0,110,         1,116,         4,164,         1
51C,2016/04/14 19:33:00, 50, 26.600063, 51, 32.858170, 52, 6.2581072, 49,        64, 56, 6.2676125, 67, 644.68970, 72, 113.73502, 77, 37.375000, 83,         0,110,         0,116,         4,164,         1
54C,2016/04/14 19:34:00, 50, 15.721489, 51, 37.551407, 52, 21.829918, 49,        64, 56, 6.2676125, 67, 644.68970, 72, 113.73532, 77, 37.468750, 83,         0,110,         3,116,         4,164,         1
5DC,2016/04/14 19:35:00, 50, 11.826485, 51, 38.113621, 52, 26.287136, 49,        64, 56, 6.2676125, 67, 644.68970, 72, 114.45044, 77, 37.625000, 83,         0,110,         2,116,         4,164,         1
50C,2016/04/14 19:36:00, 50, 26.986641, 51, 35.071945, 52, 8.0853043, 49,        64, 56, 6.2676125, 67, 644.68970, 72, 113.79056, 77, 37.718750, 83,         0,110,         6,116,         4,164,         1
55C,2016/04/14 19:37:00, 50,-4.1836882, 51, 25.909521, 52, 30.093208, 49,        64, 56, 6.2676125, 67, 644.68970, 72, 114.50710, 77, 37.875000, 83,         0,110,         1,116,         4,164,         1
57C,2016/04/14 19:38:00, 50, 9.1200962, 51, 17.684492, 52, 8.5643959, 49,        64, 56, 6.2676125, 67, 644.68970, 72, 113.82921, 77, 38.031250, 83,         0,110,         0,116,         4,164,         1
58C,2016/04/14 19:39:00, 50,-6.3995419, 51, 25.669918, 52, 32.069458, 49,        64, 56, 6.2676125, 67, 644.68970, 72, 113.83430, 77, 38.062500, 83,         0,110,         3,116,         4,164,         1
50C,2016/04/14 19:40:00, 50,-0.5030643, 51, 27.047077, 52, 27.550140, 49,        64, 56, 6.2676125, 67, 644.68970, 72, 114.54399, 77, 38.187500, 83,         0,110,         2,116,         4,164,         1
57C,2016/04/14 19:41:00, 50,-4.9581051, 51, 62.239029, 52, 67.197128, 49,        64, 56, 6.2676125, 67, 644.68970, 72, 113.87300, 77, 38.343750, 83,         0,110,         6,116,         4,164,         1
55C,2016/04/14 19:42:00, 50, 21.195084, 51, 31.216503, 52, 10.021420, 49,        64, 56, 6.2676125, 67, 644.68970, 72, 114.57941, 77, 38.468750, 83,         0,110,         1,116,         4,164,         1
5AC,2016/04/14 19:43:00, 50, 25.230869, 51, 31.472540, 52, 6.2416716, 49,        64, 56, 6.2676125, 67, 644.68970, 72, 113.90541, 77, 38.562500, 83,         0,110,         0,116,         4,164,         1
5DC,2016/04/14 19:44:00, 50, 15.716745, 51, 41.375629, 52, 25.658886, 49,        64, 56, 6.2676125, 67, 644.68970, 72, 113.94576, 77, 38.656250, 83,         0,110,         3,116,         4,164,         1
52C,2016/04/14 19:45:00, 50, 23.487080, 51, 67.865753, 52, 44.378677, 49,        64, 56, 6.2676125, 67, 643.33984, 72, 114.71025, 77, 38.750000, 83,         0,110,         2,116,         4,164,         1
5FC,2016/04/14 19:46:00, 50, 27.533752, 51, 88.446747, 52, 60.912994, 49,        64, 56, 6.2676125, 67, 643.33984, 72, 114.09422, 77, 38.843750, 83,         0,110,         6,116,         4,164,         1
5AC,2016/04/14 19:47:00, 50, 24.679848, 51, 72.213730, 52, 47.533882, 49,        64, 56, 6.2676125, 67, 643.33984, 72, 114.84471, 77, 38.906250, 83,         0,110,         1,116,         4,164,         1
5FC,2016/04/14 19:48:00, 50, 12.412058, 51, 58.931236, 52, 46.519180, 49,        64, 56, 6.2676125, 67, 643.33984, 72, 114.19511, 77, 39.000000, 83,         0,110,         0,116,         4,164,         1
50C,2016/04/14 19:49:00, 50, 7.1474886, 51, 26.999565, 52, 19.852077, 49,        64, 56, 6.2676125, 67, 643.33984, 72, 114.22517, 77, 39.125000, 83,         0,110,         3,116,         4,164,         1
5EC,2016/04/14 19:50:00, 50, 9.4618244, 51,-2.1294823, 52,-11.591307, 49,        64, 56, 6.2676125, 67, 643.33984, 72, 114.97516, 77, 39.218750, 83,         0,110,         2,116,         4,164,         1
5EC,2016/04/14 19:51:00, 50,-4.6646175, 51, 20.156595, 52, 24.821213, 49,        64, 56, 6.2676125, 67, 643.33984, 72, 114.29529, 77, 39.312500, 83,         0,110,         6,116,         4,164,         1
59C,2016/04/14 19:52:00, 50, 18.511982, 51, 5.1893768, 52,-13.322605, 49,        64, 56, 6.2676125, 67, 643.33984, 72, 114.99573, 77, 39.375000, 83,         0,110,         1,116,         4,164,         1
5BC,2016/04/14 19:53:00, 50,-0.8007616, 51, 17.013208, 52, 17.813969, 49,        64, 56, 6.2676125, 67, 643.33984, 72, 114.29172, 77, 39.500000, 83,         0,110,         0,116,         4,164,         1
5BC,2016/04/14 19:54:00, 50, 2.7151647, 51, 10.034454, 52, 7.3192902, 49,        64, 56, 6.2676125, 67, 643.33984, 72, 114.29317, 77, 39.562500, 83,         0,110,         3,116,         4,164,         1
5AC,2016/04/14 19:55:00, 50, 17.605839, 51, 19.922886, 52, 2.3170476, 49,        64, 56, 6.2676125, 67, 643.33984, 72, 114.99901, 77, 39.656250, 83,         0,110,         2,116,         4,164,         1
51C,2016/04/14 19:56:00, 50, 16.450169, 51, 29.772760, 52, 13.322592, 49,        64, 56, 6.2676125, 67, 643.33984, 72, 114.31281, 77, 39.750000, 83,         0,110,         6,116,         4,164,         1
5AC,2016/04/14 19:57:00, 50, 7.1622677, 51, 6.9318676, 52,-0.2304001, 49,        64, 56, 6.2676125, 67, 643.33984, 72, 115.02687, 77, 39.812500, 83,         0,110,         1,116,         4,164,         1
59C,2016/04/14 19:58:00, 50, 8.4243202, 51,-3.9553261, 52,-12.379646, 49,        64, 56, 6.2676125, 67, 643.33984, 72, 114.36240, 77, 39.906250, 83,         0,110,         0,116,         4,164,         1
51C,2016/04/14 19:59:00, 50,-5.8443565, 51, 19.929668, 52, 25.774025, 49,        64, 56, 6.2676125, 67, 643.33984, 72, 114.37837, 77, 39.968750, 83,         0,110,         3,116,         4,164,         1
53C,2016/04/14 20:00:00, 50,-2.5377178, 51, 0.1283383, 52, 2.6660562, 49,        64, 56, 6.2676125, 67, 643.33984, 72, 115.11349, 77, 40.093750, 83,         0,110,         2,116,         4,164,         1
5DC,2016/04/14 20:01:00, 50,-7.1445751, 51,-3.0018787, 52, 4.1426964, 49,        64, 56, 6.2676125, 67, 643.33984, 72, 114.44373, 77, 40.156250, 83,         0,110,         6,116,         4,164,         1
5BC,2016/04/14 20:02:00, 50,-17.922966, 51, 19.338058, 52, 37.261024, 49,        64, 56, 6.2676125, 67, 643.33984, 72, 115.17517, 77, 40.218750, 83,         0,110,         1,116,         4,164,         1
55C,2016/04/14 20:03:00, 50,-3.5986524, 51, 10.999537, 52, 14.598188, 49,        64, 56, 6.2676125, 67, 643.33984, 72, 114.50296, 77, 40.281250, 83,         0,110,         0,116,         4,164,         1
5DC,2016/04/14 20:04:00, 50,-3.2503605, 51, 8.4765282, 52, 11.726889, 49,        64, 56, 6.2676125, 67, 643.33984, 72, 114.53195, 77, 40.343750, 83,         0,110,         3,116,         4,164,         1
59C,2016/04/14 20:05:00, 50,-9.4742203, 51, 18.259773, 52, 27.733994, 49,        64, 56, 6.2676125, 67, 643.33984, 72, 115.24875, 77, 40.437500, 83,         0,110,         2,116,         4,164,         1
55C,2016/04/14 20:06:00, 50,-4.0330334, 51, 17.826944, 52, 21.859978, 49,        64, 56, 6.2676125, 67, 643.33984, 72, 114.57687, 77, 40.500000, 83,         0,110,         6,116,         4,164,         1
54C,2016/04/14 20:07:00, 50,-2.5698996, 51, 24.176847, 52, 26.746746, 49,        64, 56, 6.2676125, 67, 643.33984, 72, 115.29201, 77, 40.593750, 83,         0,110,         1,116,         4,164,         1
55C,2016/04/14 20:08:00, 50,-3.0825973, 51, 13.848568, 52, 16.931164, 49,        64, 56, 6.2676125, 67, 643.33984, 72, 114.62570, 77, 40.625000, 83,         0,110,         0,116,         4,164,         1
5EC,2016/04/14 20:09:00, 50,-0.0462122, 51, 7.5112801, 52, 7.5574923, 49,        64, 56, 6.2676125, 67, 643.33984, 72, 114.65237, 77, 40.687500, 83,         0,110,         3,116,         4,164,         1
55C,2016/04/14 20:10:00, 50, 3.7339134, 51, 9.8776703, 52, 6.1437569, 49,        64, 56, 6.2676125, 67, 643.33984, 72, 115.37660, 77, 40.750000, 83,         0,110,         2,116,         4,164,         1
51C,2016/04/14 20:11:00, 50, 3.7233200, 51, 46.422539, 52, 42.699219, 49,        64, 56, 6.2676125, 67, 643.33984, 72, 114.69063, 77, 40.812500, 83,         0,110,         6,116,         4,164,         1
56C,2016/04/14 20:12:00, 50,-10.285099, 51, 3.6000938, 52, 13.885193, 49,        64, 56, 6.2676125, 67, 643.33984, 72, 115.37173, 77, 40.906250, 83,         0,110,         1,116,         4,164,         1
51C,2016/04/14 20:13:00, 50, 2.0978642, 51, 4.7549491, 52, 2.6570849, 49,        64, 56, 6.2676125, 67, 643.33984, 72, 114.67535, 77, 40.968750, 83,         0,110,         0,116,         4,164,         1
57C,2016/04/14 20:14:00, 50, 3.9686613, 51, 18.431572, 52, 14.462912, 49,        64, 56, 6.2676125, 67, 643.33984, 72, 114.68922, 77, 41.031250, 83,         0,110,         3,116,         4,164,         1
5BC,2016/04/14 20:15:00, 50,-6.3040695, 51, 26.256783, 52, 32.560852, 49,        64, 56, 6.2676125, 67, 643.33984, 72, 115.42467, 77, 41.093750, 83,         0,110,         2,116,         4,164,         1
5BC,2016/04/14 20:16:00, 50,-2.3291845, 51, 18.584398, 52, 20.913582, 49,        64, 56, 6.2676125, 67, 643.33984, 72, 114.75157, 77, 41.156250, 83,         0,110,         6,116,         4,164,         1
51C,2016/04/14 20:17:00, 50,-1.1785257, 51, 22.639580, 52, 23.818104, 49,        64, 56, 6.2676125, 67, 643.33984, 72, 115.46486, 77, 41.218750, 83,         0,110,         1,116,         4,164,         1
5AC,2016/04/14 20:18:00, 50, 4.7568111, 51, 26.275465, 52, 21.518654, 49,        64, 56, 6.2676125, 67, 643.33984, 72, 114.77811, 77, 41.281250, 83,         0,110,         0,116,         4,164,         1
5AC,2016/04/14 20:19:00, 50,-2.7502346, 51, 9.9914837, 52, 12.741718, 49,        64, 56, 6.2676125, 67, 643.33984, 72, 114.79280, 77, 41.375000, 83,         0,110,         3,116,         4,164,         1
5CC,2016/04/14 20:20:00, 50, 6.3677835, 51, 12.850420, 52, 6.4826365, 49,        64, 56, 6.2676125, 67, 643.33984, 72, 115.49847, 77, 41.406250, 83,         0,110,         2,116,         4,164,         1
54C,2016/04/14 20:21:00, 50,-3.8825378, 51, 26.978260, 52, 30.860798, 49,        64, 56, 6.2676125, 67, 643.33984, 72, 114.83429, 77, 41.468750, 83,         0,110,         6,116,         4,164,         1
5BC,2016/04/14 20:22:00, 50, 6.8578730, 51, 37.465244, 52, 30.607372, 49,        64, 56, 6.2676125, 67, 643.33984, 72, 115.57195, 77, 41.562500, 83,         0,110,         1,116,         4,164,         1
51C,2016/04/14 20:23:00, 50, 11.468195, 51, 24.963011, 52, 13.494816, 49,        64, 56, 6.2676125, 67, 643.33984, 72, 114.90091, 77, 41.593750, 83,         0,110,         0,116,         4,164,         1
57C,2016/04/14 20:24:00, 50, 0.6459345, 51, 17.380144, 52, 16.734211, 49,        64, 56, 6.2676125, 67, 643.33984, 72, 114.93758, 77, 41.656250, 83,         0,110,         3,116,         4,164,         1
52C,2016/04/14 20:25:00, 50,-12.170158, 51, 27.893143, 52, 40.063301, 49,        64, 56, 6.2676125, 67, 643.33984, 72, 115.66977, 77, 41.718750, 83,         0,110,         2,116,         4,164,         1
56C,2016/04/14 20:26:00, 50,-13.043499, 51, 32.759136, 52, 45.802635, 49,        64, 56, 6.2676125, 67, 643.33984, 72, 114.93193, 77, 41.781250, 83,         0,110,         6,116,         4,164,         1
58C,2016/04/14 20:27:00, 50, 2.8494396, 51, 46.239040, 52, 43.389603, 49,        64, 56, 6.2676125, 67, 643.33984, 72, 115.57251, 77, 41.843750, 83,         0,110,         1,116,         4,164,         1
5AC,2016/04/14 20:28:00, 50,-0.1160343, 51, 24.214060, 52, 24.330093, 49,        64, 56, 6.2676125, 67, 643.33984, 72, 114.82346, 77, 41.875000, 83,         0,110,         0,116,         4,164,         1
5CC,2016/04/14 20:29:00, 50, 8.3051624, 51, 22.288118, 52, 13.982956, 49,        64, 56, 6.2676125, 67, 643.33984, 72, 114.79712, 77, 41.968750, 83,         0,110,         3,116,         4,164,         1
58C,2016/04/14 20:30:00, 50,-0.0131564, 51, 35.007599, 52, 35.020752, 49,        64, 56, 6.2676125, 67, 643.33984, 72, 115.47224, 77, 42.000000, 83,         0,110,         2,116,         4,164,         1
53C,2016/04/14 20:31:00, 50, 11.770636, 51, 51.396351, 52, 39.625717, 49,        64, 56, 6.2676125, 67, 643.33984, 72, 114.71257, 77, 42.062500, 83,         0,110,         6,116,         4,164,         1
50C,2016/04/14 20:32:00, 50,-6.9964542, 51, 39.824547, 52, 46.820999, 49,        64, 56, 6.2676125, 67, 643.33984, 72, 115.37946, 77, 42.062500, 83,         0,110,         1,116,         4,164,         1
54C,2016/04/14 20:33:00, 50,-13.034477, 51, 19.557991, 52, 32.592468, 49,        64, 56, 6.2676125, 67, 643.33984, 72, 114.64735, 77, 42.125000, 83,         0,110,         0,116,         4,164,         1
52C,2016/04/14 20:34:00, 50, 1.3786681, 51, 47.607388, 52, 46.228722, 49,        64, 56, 6.2676125, 67, 643.33984, 72, 114.63350, 77, 42.187500, 83,         0,110,         3,116,         4,164,         1
54C,2016/04/14 20:35:00, 50,-3.2341275, 51,-3.0211594, 52, 0.2129683, 49,        64, 56, 6.2676125, 67, 643.33984, 72, 115.33531, 77, 42.187500, 83,         0,110,         2,116,         4,164,         1
54C,2016/04/14 20:36:00, 50, 10.917749, 51, 16.643240, 52, 5.7254906, 49,        64, 56, 6.2676125, 67, 643.33984, 72, 114.62798, 77, 42.218750, 83,         0,110,         6,116,         4,164,         1
58C,2016/04/14 20:37:00, 50,-6.8344584, 51,-0.3040552, 52, 6.5304031, 49,        64, 56, 6.2676125, 67, 643.33984, 72, 115.33594, 77, 42.312500, 83,         0,110,         1,116,         4,164,         1
5FC,2016/04/14 20:38:00, 50,-0.6376106, 51, 10.556630, 52, 11.194241, 49,        64, 56, 6.2676125, 67, 643.33984, 72, 114.65356, 77, 42.343750, 83,         0,110,         0,116,         4,164,         1
5CC,2016/04/14 20:39:00, 50, 16.193897, 51, 25.859726, 52, 9.6658287, 49,        64, 56, 6.2676125, 67, 643.33984, 72, 114.67613, 77, 42.406250, 83,         0,110,         3,116,         4,164,         1
5CC,2016/04/14 20:40:00, 50, 1.3804469, 51, 15.785489, 52, 14.405043, 49,        64, 56, 6.2676125, 67, 643.33984, 72, 115.40067, 77, 42.437500, 83,         0,110,         2,116,         4,164,         1
56C,2016/04/14 20:41:00, 50, 3.6053824, 51, 33.470928, 52, 29.865547, 49,        64, 56, 6.2676125, 67, 643.33984, 72, 114.71803, 77, 42.500000, 83,         0,110,         6,116,         4,164,         1
5DC,2016/04/14 20:42:00, 50, 2.9908371, 51, 33.450752, 52, 30.459915, 49,        64, 56, 6.2676125, 67, 643.33984, 72, 115.44144, 77, 42.562500, 83,         0,110,         1,116,         4,164,         1
5EC,2016/04/14 20:43:00, 50, 4.0455141, 51, 20.270863, 52, 16.225349, 49,        64, 56, 6.2676125, 67, 643.33984, 72, 114.75075, 77, 42.593750, 83,         0,110,         0,116,         4,164,         1
53C,2016/04/14 20:44:00, 50, 16.523254, 51, 51.746468, 52, 35.223213, 49,        64, 56, 6.2676125, 67, 643.33984, 72, 114.75658, 77, 42.625000, 83,         0,110,         3,116,         4,164,         1
55C,2016/04/14 20:45:00, 50, 5.7482471, 51, 45.991631, 52, 40.243385, 49,        64, 56, 6.2676125, 67, 643.33984, 72, 115.47621, 77, 42.656250, 83,         0,110,         2,116,         4,164,         1
5CC,2016/04/14 20:46:00, 50, 9.8716202, 51, 3.7435923, 52,-6.1280279, 49,        64, 56, 6.2676125, 67, 643.33984, 72, 114.74651, 77, 42.718750, 83,         0,110,         6,116,         4,164,         1
50C,2016/04/14 20:47:00, 50,-15.286335, 51, 28.188183, 52, 43.474518, 49,        64, 56, 6.2676125, 67, 643.33984, 72, 115.41843, 77, 42.750000, 83,         0,110,         1,116,         4,164,         1
5AC,2016/04/14 20:48:00, 50,-8.6973915, 51, 23.169689, 52, 31.867081, 49,        64, 56, 6.2676125, 67, 643.33984, 72, 114.71133, 77, 42.812500, 83,         0,110,         0,116,         4,164,         1
56C,2016/04/14 20:49:00, 50,-11.216084, 51, 43.568531, 52, 54.784615, 49,        64, 56, 6.2676125, 67, 643.33984, 72, 114.72472, 77, 42.843750, 83,         0,110,         3,116,         4,164,         1
5EC,2016/04/14 20:50:00, 50, 3.1535225, 51, 37.020435, 52, 33.866913, 49,        64, 56, 6.2676125, 67, 643.33984, 72, 115.44981, 77, 42.843750, 83,         0,110,         2,116,         4,164,         1
51C,2016/04/14 20:51:00, 50, 4.6265755, 51, 39.967274, 52, 35.340698, 49,        64, 56, 6.2676125, 67, 643.33984, 72, 114.77841, 77, 42.906250, 83,         0,110,         7,116,         4,164,         1
5BC,2016/04/14 20:52:00, 50,-7.0823011, 51, 48.433678, 52, 55.515976, 49,        64, 56, 6.2676125, 67, 643.33984, 72, 115.49602, 77, 42.937500, 83,         0,110,         1,116,         4,164,         1
57C,2016/04/14 20:53:00, 50, 11.285547, 51, 11.851796, 52, 0.5662496, 49,        64, 56, 6.2676125, 67, 643.33984, 72, 114.80847, 77, 42.968750, 83,         0,110,         0,116,         4,164,         1
59C,2016/04/14 20:54:00, 50, 13.944973, 51, 13.947906, 52, 0.0029328, 49,        64, 56, 6.2676125, 67, 643.33984, 72, 114.82948, 77, 43.000000, 83,         0,110,         3,116,         4,164,         1
5AC,2016/04/14 20:55:00, 50, 29.589310, 51, 28.159399, 52,-1.4299107, 49,        64, 56, 6.2676125, 67, 643.33984, 72, 115.56490, 77, 43.031250, 83,         0,110,         2,116,         4,164,         1
59C,2016/04/14 20:56:00, 50, 51.115395, 51, 108.19097, 52, 57.075577, 49,        64, 56, 6.2676125, 67, 643.33984, 72, 114.90807, 77, 43.093750, 83,         0,110,         7,116,         4,164,         1
5BC,2016/04/14 20:57:00, 50, 77.748688, 51, 133.81708, 52, 56.068390, 49,        64, 56, 6.2676125, 67, 643.33984, 72, 115.63737, 77, 43.156250, 83,         0,110,         1,116,         4,164,         1
54C,2016/04/14 20:58:00, 50, 104.23489, 51, 199.36777, 52, 95.132874, 49,        64, 56, 6.2676125, 67, 643.33984, 72, 114.94058, 77, 43.187500, 83,         0,110,         0,116,         4,164,         1
5FC,2016/04/14 20:59:00, 50, 90.170502, 51, 170.97467, 52, 80.804169, 49,        64, 56, 6.2676125, 67, 643.33984, 72, 114.95528, 77, 43.187500, 83,         0,110,         3,116,         4,164,         1
55C,2016/04/14 21:00:00, 50, 88.680405, 51, 215.02084, 52, 126.34044, 49,        64, 56, 6.2676125, 67, 643.33984, 72, 115.67012, 77, 43.250000, 83,         0,110,         2,116,         4,164,         1
57C,2016/04/14 21:01:00, 50, 119.11636, 51, 184.51778, 52, 65.401413, 49,        64, 56, 6.2676125, 67, 643.33984, 72, 114.96361, 77, 43.250000, 83,         0,110,         7,116,         4,164,         1
50C,2016/04/14 21:02:00, 50, 118.57211, 51, 183.08365, 52, 64.511536, 49,        64, 56, 6.2676125, 67, 643.33984, 72, 115.65924, 77, 43.312500, 83,         0,110,         1,116,         4,164,         1
5DC,2016/04/14 21:03:00, 50, 122.78505, 51, 202.50241, 52, 79.717361, 49,        64, 56, 6.2676125, 67, 643.33984, 72, 114.91331, 77, 43.343750, 83,         0,110,         0,116,         4,164,         1
5BC,2016/04/14 21:04:00, 50, 129.85342, 51, 202.64650, 52, 72.793076, 49,        64, 56, 6.2676125, 67, 643.33984, 72, 114.84229, 77, 43.406250, 83,         0,110,         3,116,         4,164,         1
5EC,2016/04/14 21:05:00, 50, 122.38091, 51, 198.07010, 52, 75.689194, 49,        64, 56, 6.2676125, 67, 643.33984, 72, 115.50751, 77, 43.437500, 83,         0,110,         2,116,         4,164,         1
5BC,2016/04/14 21:06:00, 50, 105.14320, 51, 203.61168, 52, 98.468475, 49,        64, 56, 6.2676125, 67, 643.33984, 72, 114.81712, 77, 43.500000, 83,         0,110,         7,116,         4,164,         1
5AC,2016/04/14 21:07:00, 50, 108.00926, 51, 191.38229, 52, 83.373032, 49,        64, 56, 6.2676125, 67, 643.33984, 72, 115.53285, 77, 43.531250, 83,         0,110,         1,116,         4,164,         1
58C,2016/04/14 21:08:00, 50, 116.58119, 51, 168.76038, 52, 52.179192, 49,        64, 56, 6.2676125, 67, 643.33984, 72, 114.81689, 77, 43.593750, 83,         0,110,         0,116,         4,164,         1
59C,2016/04/14 21:09:00, 50, 104.42120, 51, 186.44809, 52, 82.026886, 49,        64, 56, 6.2676125, 67, 643.33984, 72, 114.77435, 77, 43.625000, 83,         0,110,         3,116,         4,164,         1
55C,2016/04/14 21:10:00, 50, 106.45839, 51, 159.85722, 52, 53.398834, 49,        64, 56, 6.2676125, 67, 643.33984, 72, 115.42940, 77, 43.656250, 83,         0,110,         2,116,         4,164,         1
53C,2016/04/14 21:11:00, 50, 113.96133, 51, 189.48442, 52, 75.523087, 49,        64, 56, 6.2676125, 67, 643.33984, 72, 114.64877, 77, 43.656250, 83,         0,110,         7,116,         4,164,         1
51C,2016/04/14 21:12:00, 50, 119.14616, 51, 209.62845, 52, 90.482285, 49,        64, 56, 6.2676125, 67, 643.33984, 72, 115.30484, 77, 43.718750, 83,         0,110,         1,116,         4,164,         1
59C,2016/04/14 21:13:00, 50, 116.25931, 51, 207.57214, 52, 91.312836, 49,        64, 56, 6.2676125, 67, 643.33984, 72, 114.56726, 77, 43.750000, 83,         0,110,         0,116,         4,164,         1
5EC,2016/04/14 21:14:00, 50, 46.601746, 51, 139.91406, 52, 93.312317, 49,        64, 56, 6.2676125, 67, 643.33984, 72, 114.55156, 77, 43.750000, 83,         0,110,         3,116,         4,164,         1
5AC,2016/04/14 21:15:00, 50,-5.2873287, 51, 43.794392, 52, 49.081718, 49,        64, 56, 6.2676125, 67, 643.33984, 72, 115.26225, 77, 43.812500, 83,         0,110,         2,116,         4,164,         1
5AC,2016/04/14 21:16:00, 50, 53.026413, 51, 89.862595, 52, 36.836182, 49,        64, 56, 6.2676125, 67, 643.33984, 72, 114.56406, 77, 43.812500, 83,         0,110,         7,116,         4,164,         1
5DC,2016/04/14 21:17:00, 50, 62.800087, 51, 121.61671, 52, 58.816628, 49,        64, 56, 6.2676125, 67, 643.33984, 72, 115.24184, 77, 43.812500, 83,         0,110,         1,116,         4,164,         1
5AC,2016/04/14 21:18:00, 50, 17.293613, 51, 27.595539, 52, 10.301926, 49,        64, 56, 6.2676125, 67, 643.33984, 72, 114.50937, 77, 43.875000, 83,         0,110,         0,116,         4,164,         1
59C,2016/04/14 21:19:00, 50, 28.401485, 51, 68.723244, 52, 40.321762, 49,        64, 56, 6.2676125, 67, 643.33984, 72, 114.50044, 77, 43.875000, 83,         0,110,         3,116,         4,164,         1
5AC,2016/04/14 21:20:00, 50, 25.951382, 51, 89.097855, 52, 63.146477, 49,        64, 56, 6.2676125, 67, 643.33984, 72, 115.18196, 77, 43.718750, 83,         0,110,         2,116,         4,164,         1
58C,2016/04/14 21:21:00, 50, 58.407356, 51, 137.36014, 52, 78.952789, 49,        64, 56, 6.2676125, 67, 643.33984, 72, 114.42873, 77, 43.687500, 83,         0,110,         7,116,         4,164,         1
56C,2016/04/14 21:22:00, 50, 59.521065, 51, 129.08160, 52, 69.560547, 49,        64, 56, 6.2676125, 67, 643.33984, 72, 115.12915, 77, 43.468750, 83,         0,110,         1,116,         4,164,         1
5CC,2016/04/14 21:23:00, 50, 54.080841, 51, 116.31652, 52, 62.235680, 49,        64, 56, 6.2676125, 67, 643.33984, 72, 114.42859, 77, 43.343750, 83,         0,110,         0,116,         4,164,         1
5FC,2016/04/14 21:24:00, 50, 49.457001, 51, 113.58148, 52, 64.124481, 49,        64, 56, 6.2676125, 67, 643.33984, 72, 114.43652, 77, 43.187500, 83,         0,110,         3,116,         4,164,         1
5BC,2016/04/14 21:25:00, 50, 37.370461, 51, 127.39315, 52, 90.022690, 49,        64, 56, 6.2676125, 67, 643.33984, 72, 115.16241, 77, 43.031250, 83,         0,110,         2,116,         4,164,         1
57C,2016/04/14 21:26:00, 50, 43.842430, 51, 110.59064, 52, 66.748215, 49,        64, 56, 6.2676125, 67, 643.33984, 72, 114.46475, 77, 42.875000, 83,         0,110,         7,116,         4,164,         1
51C,2016/04/14 21:27:00, 50, 65.773300, 51, 116.63065, 52, 50.857353, 49,        64, 56, 6.2676125, 67, 643.33984, 72, 115.18069, 77, 42.687500, 83,         0,110,         1,116,         4,164,         1
52C,2016/04/14 21:28:00, 50, 70.474472, 51, 148.20650, 52, 77.732025, 49,        64, 56, 6.2676125, 67, 643.33984, 72, 114.48758, 77, 42.500000, 83,         0,110,         0,116,         4,164,         1
51C,2016/04/14 21:29:00, 50, 68.119614, 51, 157.16273, 52, 89.043121, 49,        64, 56, 6.2676125, 67, 643.33984, 72, 114.49184, 77, 42.281250, 83,         0,110,         3,116,         4,164,         1
52C,2016/04/14 21:30:00, 50, 94.078979, 51, 164.15817, 52, 70.079193, 49,        64, 56, 6.2676125, 67, 643.33984, 72, 115.20724, 77, 42.093750, 83,         0,110,         2,116,         4,164,         1
54C,2016/04/14 21:31:00, 50, 124.80702, 51, 218.58459, 52, 93.777573, 49,        64, 56, 6.2676125, 67, 643.33984, 72, 114.52483, 77, 41.968750, 83,         0,110,         7,116,         4,164,         1
52C,2016/04/14 21:32:00, 50, 126.29863, 51, 207.93280, 52, 81.634171, 49,        64, 56, 6.2676125, 67, 643.33984, 72, 115.24063, 77, 41.843750, 83,         0,110,         1,116,         4,164,         1
5EC,2016/04/14 21:33:00, 50, 108.10608, 51, 206.60168, 52, 98.495605, 49,        64, 56, 6.2676125, 67, 643.33984, 72, 114.54866, 77, 41.750000, 83,         0,110,         0,116,         4,164,         1
55C,2016/04/14 21:34:00, 50, 103.10330, 51, 181.70631, 52, 78.603012, 49,        64, 56, 6.2676125, 67, 643.33984, 72, 114.55521, 77, 41.656250, 83,         0,110,         3,116,         4,164,         1
5CC,2016/04/14 21:35:00, 50, 111.40240, 51, 166.28854, 52, 54.886139, 49,        64, 56, 6.2676125, 67, 643.33984, 72, 115.28943, 77, 41.562500, 83,         0,110,         2,116,         4,164,         1
58C,2016/04/14 21:36:00, 50, 95.830963, 51, 168.04149, 52, 72.210526, 49,        64, 56, 6.2676125, 67, 643.33984, 72, 114.60658, 77, 41.468750, 83,         0,110,         7,116,         4,164,         1
5EC,2016/04/14 21:37:00, 50, 88.191269, 51, 163.17558, 52, 74.984314, 49,        64, 56, 6.2676125, 67, 643.33984, 72, 115.32756, 77, 41.406250, 83,         0,110,         1,116,         4,164,         1
5FC,2016/04/14 21:38:00, 50, 101.82657, 51, 158.99902, 52, 57.172455, 49,        64, 56, 6.2676125, 67, 643.33984, 72, 114.61864, 77, 41.343750, 83,         0,110,         0,116,         4,164,         1
5AC,2016/04/14 21:39:00, 50, 94.899841, 51, 161.68863, 52, 66.788788, 49,        64, 56, 6.2676125, 67, 643.33984, 72, 114.61320, 77, 41.281250, 83,         0,110,         3,116,         4,164,         1
50C,2016/04/14 21:40:00, 50, 91.952469, 51, 169.34706, 52, 77.394592, 49,        64, 56, 6.2676125, 67, 643.33984, 72, 115.34071, 77, 41.250000, 83,         0,110,         2,116,         4,164,         1
57C,2016/04/14 21:41:00, 50, 74.302094, 51, 160.03209, 52, 85.729996, 49,        64, 56, 6.2676125, 67, 643.33984, 72, 114.66481, 77, 41.187500, 83,         0,110,         7,116,         4,164,         1
51C,2016/04/14 21:42:00, 50, 98.708191, 51, 177.14186, 52, 78.433670, 49,        64, 56, 6.2676125, 67, 643.33984, 72, 115.41063, 77, 41.156250, 83,         0,110,         1,116,         4,164,         1
5FC,2016/04/14 21:43:00, 50, 101.42015, 51, 171.31422, 52, 69.894073, 49,        64, 56, 6.2676125, 67, 643.33984, 72, 114.75107, 77, 41.156250, 83,         0,110,         0,116,         4,164,         1
53C,2016/04/14 21:44:00, 50, 77.199402, 51, 163.10880, 52, 85.909393, 49,        64, 56, 6.2676125, 67, 643.33984, 72, 114.79620, 77, 41.093750, 83,         0,110,         3,116,         4,164,         1
5BC,2016/04/14 21:45:00, 50, 75.554459, 51, 157.29448, 52, 81.740021, 49,        64, 56, 6.2676125, 67, 643.33984, 72, 115.52335, 77, 41.093750, 83,         0,110,         2,116,         4,164,         1
55C,2016/04/14 21:46:00, 50, 72.944748, 51, 144.79892, 52, 71.854172, 49,        64, 56, 6.2676125, 67, 643.33984, 72, 114.82152, 77, 41.093750, 83,         0,110,         7,116,         4,164,         1
53C,2016/04/14 21:47:00, 50, 96.618134, 51, 161.32794, 52, 64.709808, 49,        64, 56, 6.2676125, 67, 643.33984, 72, 115.51540, 77, 41.125000, 83,         0,110,         1,116,         4,164,         1
58C,2016/04/14 21:48:00, 50, 84.260788, 51, 152.80431, 52, 68.543518, 49,        64, 56, 6.2676125, 67, 643.33984, 72, 114.78891, 77, 41.093750, 83,         0,110,         0,116,         4,164,         1
5FC,2016/04/14 21:49:00, 50, 76.105804, 51, 147.49507, 52, 71.389267, 49,        64, 56, 6.2676125, 67, 643.33984, 72, 114.77263, 77, 41.062500, 83,         0,110,         3,116,         4,164,         1
51C,2016/04/14 21:50:00, 50, 95.554108, 51, 150.83054, 52, 55.276428, 49,        64, 56, 6.2676125, 67, 643.33984, 72, 115.45427, 77, 41.062500, 83,         0,110,         2,116,         4,164,         1
5BC,2016/04/14 21:51:00, 50, 102.20853, 51, 165.51392, 52, 63.305397, 49,        64, 56, 6.2676125, 67, 643.33984, 72, 114.73610, 77, 41.000000, 83,         0,110,         7,116,         4,164,         1
5DC,2016/04/14 21:52:00, 50, 105.55745, 51, 182.48473, 52, 76.927277, 49,        64, 56, 6.2676125, 67, 643.33984, 72, 115.44725, 77, 40.968750, 83,         0,110,         1,116,         4,164,         1
55C,2016/04/14 21:53:00, 50, 99.598022, 51, 173.73093, 52, 74.132904, 49,        64, 56, 6.2676125, 67, 643.33984, 72, 114.74059, 77, 40.906250, 83,         0,110,         0,116,         4,164,         1
54C,2016/04/14 21:54:00, 50, 100.71269, 51, 155.32426, 52, 54.611572, 49,        64, 56, 6.2676125, 67, 643.33984, 72, 114.72894, 77, 40.843750, 83,         0,110,         0,116,         4,164,         1
56C,2016/04/14 21:55:00, 50, 89.477173, 51, 160.90521, 52, 71.428040, 49,        64, 56, 6.2676125, 67, 643.33984, 72, 115.41876, 77, 40.781250, 83,         0,110,         3,116,         4,164,         1
57C,2016/04/14 21:56:00, 50, 93.018509, 51, 165.22159, 52, 72.203079, 49,        64, 56, 6.2676125, 67, 643.33984, 72, 114.73785, 77, 40.750000, 83,         0,110,         7,116,         4,164,         1
5BC,2016/04/14 21:57:00, 50, 87.441101, 51, 170.88252, 52, 83.441422, 49,        64, 56, 6.2676125, 67, 643.33984, 72, 115.48419, 77, 40.718750, 83,         0,110,         2,116,         4,164,         1
52C,2016/04/14 21:58:00, 50, 95.685928, 51, 162.72595, 52, 67.040024, 49,        64, 56, 6.2676125, 67, 643.33984, 72, 114.75812, 77, 40.687500, 83,         0,110,         1,116,         4,164,         1
5FC,2016/04/14 21:59:00, 50, 91.612228, 51, 157.35204, 52, 65.739807, 49,        64, 56, 6.2676125, 67, 643.33984, 72, 114.77397, 77, 40.687500, 83,         0,110,         0,116,         4,164,         1
51C,2016/04/14 22:00:00, 50, 81.374420, 51, 143.04735, 52, 61.672928, 49,        64, 56, 6.2676125, 67, 643.33984, 72, 115.50911, 77, 40.656250, 83,         0,110,         3,116,         4,164,         1
5CC,2016/04/14 22:01:00, 50, 82.786850, 51, 161.02829, 52, 78.241440, 49,        64, 56, 6.2676125, 67, 643.33984, 72, 114.83150, 77, 40.656250, 83,         0,110,         7,116,         4,164,         1
54C,2016/04/14 22:02:00, 50, 87.131317, 51, 162.85268, 52, 75.721359, 49,        64, 56, 6.2676125, 67, 643.33984, 72, 115.49800, 77, 40.656250, 83,         0,110,         2,116,         4,164,         1
5BC,2016/04/14 22:03:00, 50, 103.08247, 51, 155.63937, 52, 52.556900, 49,        64, 56, 6.2676125, 67, 643.33984, 72, 114.75699, 77, 40.625000, 83,         0,110,         1,116,         4,164,         1
51C,2016/04/14 22:04:00, 50, 101.18919, 51, 198.56747, 52, 97.378281, 49,        64, 56, 6.2676125, 67, 643.33984, 72, 114.72980, 77, 40.625000, 83,         0,110,         0,116,         4,164,         1
5CC,2016/04/14 22:05:00, 50, 113.72864, 51, 176.43019, 52, 62.701561, 49,        64, 56, 6.2676125, 67, 643.33984, 72, 115.42656, 77, 40.593750, 83,         0,110,         3,116,         4,164,         1
54C,2016/04/14 22:06:00, 50, 118.50156, 51, 198.48549, 52, 79.983932, 49,        64, 56, 6.2676125, 67, 643.33984, 72, 114.68521, 77, 40.562500, 83,         0,110,         7,116,         4,164,         1
57C,2016/04/14 22:07:00, 50, 128.08878, 51, 197.92473, 52, 69.835953, 49,        64, 56, 6.2676125, 67, 643.33984, 72, 115.29404, 77, 40.531250, 83,         0,110,         2,116,         4,164,         1
59C,2016/04/14 22:08:00, 50, 122.96825, 51, 199.06361, 52, 76.095367, 49,        64, 56, 6.2676125, 67, 643.33984, 72, 114.49521, 77, 40.531250, 83,         0,110,         1,116,         4,164,         1
57C,2016/04/14 22:09:00, 50, 136.96072, 51, 208.02016, 52, 71.059433, 49,        64, 56, 6.2676125, 67, 643.33984, 72, 114.35292, 77, 40.468750, 83,         0,110,         0,116,         4,164,         1
52C,2016/04/14 22:10:00, 50, 154.12781, 51, 207.78287, 52, 53.655067, 49,        64, 56, 6.2676125, 67, 643.33984, 72, 114.94072, 77, 40.406250, 83,         0,110,         3,116,         4,164,         1
52C,2016/04/14 22:11:00, 50, 135.44101, 51, 211.34964, 52, 75.908630, 49,        64, 56, 6.2676125, 67, 643.33984, 72, 114.11635, 77, 40.281250, 83,         0,110,         7,116,         4,164,         1
56C,2016/04/14 22:12:00, 50, 134.74872, 51, 201.09735, 52, 66.348633, 49,        64, 56, 6.2676125, 67, 643.33984, 72, 114.73459, 77, 40.250000, 83,         0,110,         2,116,         4,164,         1
56C,2016/04/14 22:13:00, 50, 124.42206, 51, 194.03395, 52, 69.611893, 49,        64, 56, 6.2676125, 67, 643.33984, 72, 114.01445, 77, 40.218750, 83,         0,110,         1,116,         4,164,         1
5AC,2016/04/14 22:14:00, 50, 117.97498, 51, 185.00375, 52, 67.028778, 49,        64, 56, 6.2676125, 67, 643.33984, 72, 114.05043, 77, 40.218750, 83,         0,110,         0,116,         4,164,         1
5EC,2016/04/14 22:15:00, 50, 121.34485, 51, 192.24440, 52, 70.899551, 49,        64, 56, 6.2676125, 67, 643.33984, 72, 114.76950, 77, 40.281250, 83,         0,110,         3,116,         4,164,         1
5BC,2016/04/14 22:16:00, 50, 120.67996, 51, 200.19371, 52, 79.513748, 49,        64, 56, 6.2676125, 67, 643.33984, 72, 114.10257, 77, 40.312500, 83,         0,110,         7,116,         4,164,         1
5CC,2016/04/14 22:17:00, 50, 131.83170, 51, 200.58517, 52, 68.753479, 49,        64, 56, 6.2676125, 67, 643.33984, 72, 114.84473, 77, 40.312500, 83,         0,110,         2,116,         4,164,         1
5CC,2016/04/14 22:18:00, 50, 116.18460, 51, 164.22568, 52, 48.041077, 49,        64, 56, 6.2676125, 67, 643.33984, 72, 114.19846, 77, 40.281250, 83,         0,110,         1,116,         4,164,         1
54C,2016/04/14 22:19:00, 50, 73.444611, 51, 124.69939, 52, 51.254784, 49,        64, 56, 6.2676125, 67, 643.33984, 72, 114.26833, 77, 40.250000, 83,         0,110,         0,116,         4,164,         1
5CC,2016/04/14 22:20:00, 50, 68.591461, 51, 151.28349, 52, 82.692032, 49,        64, 56, 6.2676125, 67, 643.33984, 72, 115.03467, 77, 40.187500, 83,         0,110,         3,116,         4,164,         1
5BC,2016/04/14 22:21:00, 50, 43.710365, 51, 119.32659, 52, 75.616226, 49,        64, 56, 6.2676125, 67, 643.33984, 72, 114.38274, 77, 40.156250, 83,         0,110,         7,116,         4,164,         1
52C,2016/04/14 22:22:00, 50, 52.944946, 51, 128.78888, 52, 75.843933, 49,        64, 56, 6.2676125, 67, 643.33984, 72, 115.06444, 77, 40.093750, 83,         0,110,         2,116,         4,164,         1
57C,2016/04/14 22:23:00, 50, 65.258575, 51, 136.26970, 52, 71.011124, 49,        64, 56, 6.2676125, 67, 643.33984, 72, 114.34689, 77, 40.031250, 83,         0,110,         1,116,         4,164,         1
5AC,2016/04/14 22:24:00, 50, 63.318230, 51, 138.22617, 52, 74.907944, 49,        64, 56, 6.2676125, 67, 643.33984, 72, 114.31937, 77, 40.031250, 83,         0,110,         0,116,         4,164,         1
51C,2016/04/14 22:25:00, 50, 54.629829, 51, 136.37962, 52, 81.749802, 49,        64, 56, 6.2676125, 67, 643.33984, 72, 114.95477, 77, 40.000000, 83,         0,110,         3,116,         4,164,         1
53C,2016/04/14 22:26:00, 50, 60.698814, 51, 121.76337, 52, 61.064560, 49,        64, 56, 6.2676125, 67, 643.33984, 72, 114.20122, 77, 39.968750, 83,         0,110,         7,116,         4,164,         1
5FC,2016/04/14 22:27:00, 50, 60.186432, 51, 119.66534, 52, 59.478912, 49,        64, 56, 6.2676125, 67, 643.33984, 72, 114.81812, 77, 39.937500, 83,         0,110,         2,116,         4,164,         1
54C,2016/04/14 22:28:00, 50, 54.130478, 51, 115.63558, 52, 61.505104, 49,        64, 56, 6.2676125, 67, 643.33984, 72, 114.09370, 77, 39.937500, 83,         0,110,         1,116,         4,164,         1
55C,2016/04/14 22:29:00, 50, 50.721230, 51, 107.61874, 52, 56.897514, 49,        64, 56, 6.2676125, 67, 643.33984, 72, 114.04495, 77, 39.968750, 83,         0,110,         0,116,         4,164,         1
5AC,2016/04/14 22:30:00, 50, 61.411697, 51, 102.51119, 52, 41.099495, 49,        64, 56, 6.2676125, 67, 643.33984, 72, 114.70282, 77, 39.968750, 83,         0,110,         3,116,         4,164,         1
52C,2016/04/14 22:31:00, 50, 55.679230, 51, 104.55354, 52, 48.874306, 49,        64, 56, 6.2676125, 67, 643.33984, 72, 113.99149, 77, 39.937500, 83,         0,110,         7,116,         4,164,         1
58C,2016/04/14 22:32:00, 50, 49.352180, 51, 110.68841, 52, 61.336227, 49,        64, 56, 6.2676125, 67, 643.33984, 72, 114.65321, 77, 39.968750, 83,         0,110,         2,116,         4,164,         1
57C,2016/04/14 22:33:00, 50, 57.562317, 51, 115.84044, 52, 58.278122, 49,        64, 56, 6.2676125, 67, 643.33984, 72, 113.94675, 77, 40.000000, 83,         0,110,         1,116,         4,164,         1
5EC,2016/04/14 22:34:00, 50, 63.357147, 51, 122.52284, 52, 59.165695, 49,        64, 56, 6.2676125, 67, 643.33984, 72, 113.93904, 77, 40.031250, 83,         0,110,         0,116,         4,164,         1
5EC,2016/04/14 22:35:00, 50, 50.877411, 51, 135.66576, 52, 84.788345, 49,        64, 56, 6.2676125, 67, 643.33984, 72, 114.62029, 77, 40.062500, 83,         0,110,         3,116,         4,164,         1
56C,2016/04/14 22:36:00, 50, 52.455566, 51, 135.13963, 52, 82.684067, 49,        64, 56, 6.2676125, 67, 643.33984, 72, 113.90210, 77, 40.062500, 83,         0,110,         7,116,         4,164,         1
5BC,2016/04/14 22:37:00, 50, 63.320892, 51, 135.30911, 52, 71.988220, 49,        64, 56, 6.2676125, 67, 643.33984, 72, 114.55402, 77, 40.093750, 83,         0,110,         2,116,         4,164,         1
5EC,2016/04/14 22:38:00, 50, 60.822166, 51, 122.70844, 52, 61.886269, 49,        64, 56, 6.2676125, 67, 643.33984, 72, 113.84772, 77, 40.125000, 83,         0,110,         1,116,         4,164,         1
5EC,2016/04/14 22:39:00, 50, 40.591522, 51, 110.99107, 52, 70.399551, 49,        64, 56, 6.2676125, 67, 643.33984, 72, 113.82655, 77, 40.125000, 83,         0,110,         0,116,         4,164,         1
5CC,2016/04/14 22:40:00, 50, 25.768433, 51, 119.85114, 52, 94.082703, 49,        64, 56, 6.2676125, 67, 643.33984, 72, 114.51317, 77, 40.156250, 83,         0,110,         3,116,         4,164,         1
5BC,2016/04/14 22:41:00, 50, 38.527817, 51, 89.337242, 52, 50.809425, 49,        64, 56, 6.2676125, 67, 643.33984, 72, 113.82999, 77, 40.187500, 83,         0,110,         7,116,         4,164,         1
53C,2016/04/14 22:42:00, 50, 39.924797, 51, 102.39776, 52, 62.472961, 49,        64, 56, 6.2676125, 67, 643.33984, 72, 114.51949, 77, 40.218750, 83,         0,110,         2,116,         4,164,         1
5CC,2016/04/14 22:43:00, 50, 34.201248, 51, 87.270294, 52, 53.069046, 49,        64, 56, 6.2676125, 67, 643.33984, 72, 113.83223, 77, 40.250000, 83,         0,110,         1,116,         4,164,         1
5BC,2016/04/14 22:44:00, 50, 31.452785, 51, 93.688545, 52, 62.235764, 49,        64, 56, 6.2676125, 67, 643.33984, 72, 113.82175, 77, 40.312500, 83,         0,110,         0,116,         4,164,         1
50C,2016/04/14 22:45:00, 50, 32.257492, 51, 80.294632, 52, 48.037140, 49,        64, 56, 6.2676125, 67, 643.33984, 72, 114.51764, 77, 40.343750, 83,         0,110,         3,116,         4,164,         1
5BC,2016/04/14 22:46:00, 50, 35.943611, 51, 103.47198, 52, 67.528366, 49,        64, 56, 6.2676125, 67, 643.33984, 72, 113.82057, 77, 40.406250, 83,         0,110,         7,116,         4,164,         1
56C,2016/04/14 22:47:00, 50, 37.088089, 51, 103.53363, 52, 66.445541, 49,        64, 56, 6.2676125, 67, 643.33984, 72, 114.51013, 77, 40.437500, 83,         0,110,         2,116,         4,164,         1
5EC,2016/04/14 22:48:00, 50, 46.144897, 51, 96.997147, 52, 50.852249, 49,        64, 56, 6.2676125, 67, 643.33984, 72, 114.53625, 77, 40.468750, 83,         0,110,         1,116,         4,164,         1
55C,2016/04/14 22:49:00, 50, 32.526802, 51, 105.10159, 52, 72.574783, 49,        64, 56, 6.2676125, 67, 643.33984, 72, 113.89621, 77, 40.531250, 83,         0,110,         0,116,         4,164,         1
51C,2016/04/14 22:50:00, 50, 29.911648, 51, 82.867943, 52, 52.956299, 49,        64, 56, 6.2676125, 67, 643.33984, 72, 113.95657, 77, 40.562500, 83,         0,110,         3,116,         4,164,         1
5BC,2016/04/14 22:51:00, 50, 28.287586, 51, 95.448532, 52, 67.160950, 49,        64, 56, 6.2676125, 67, 643.33984, 72, 114.01668, 77, 40.625000, 83,         0,110,         7,116,         4,164,         1
5FC,2016/04/14 22:52:00, 50, 34.499565, 51, 80.210762, 52, 45.711197, 49,        64, 56, 6.2676125, 67, 643.33984, 72, 114.71046, 77, 40.687500, 83,         0,110,         2,116,         4,164,         1
59C,2016/04/14 22:53:00, 50, 42.018562, 51, 124.57272, 52, 82.554153, 49,        64, 56, 6.2676125, 67, 643.33984, 72, 114.70923, 77, 40.750000, 83,         0,110,         1,116,         4,164,         1
5FC,2016/04/14 22:54:00, 50, 46.027946, 51, 105.40511, 52, 59.377167, 49,        64, 56, 6.2676125, 67, 643.33984, 72, 114.00859, 77, 40.875000, 83,         0,110,         0,116,         4,164,         1
55C,2016/04/14 22:55:00, 50, 47.736404, 51, 100.56454, 52, 52.828133, 49,        64, 56, 6.2676125, 67, 643.33984, 72, 113.99242, 77, 41.000000, 83,         0,110,         3,116,         4,164,         1
59C,2016/04/14 22:56:00, 50, 50.529907, 51, 109.61991, 52, 59.090004, 49,        64, 56, 6.2676125, 67, 643.33984, 72, 113.95813, 77, 41.062500, 83,         0,110,         7,116,         4,164,         1
57C,2016/04/14 22:57:00, 50, 49.241699, 51, 106.61720, 52, 57.375504, 49,        64, 56, 6.2676125, 67, 643.33984, 72, 114.63036, 77, 41.187500, 83,         0,110,         2,116,         4,164,         1
5EC,2016/04/14 22:58:00, 50, 43.055367, 51, 105.80220, 52, 62.746834, 49,        64, 56, 6.2676125, 67, 643.33984, 72, 114.63147, 77, 41.312500, 83,         0,110,         1,116,         4,164,         1
57C,2016/04/14 22:59:00, 50, 24.008106, 51, 95.299194, 52, 71.291092, 49,        64, 56, 6.2676125, 67, 643.33984, 72, 113.94469, 77, 41.375000, 83,         0,110,         0,116,         4,164,         1
5CC,2016/04/14 23:00:00, 50, 26.226017, 51, 82.733559, 52, 56.507545, 49,        64, 56, 6.2676125, 67, 643.33984, 72, 113.92151, 77, 41.500000, 83,         0,110,         3,116,         4,164,         1
5BC,2016/04/14 23:01:00, 50, 34.364891, 51, 97.673569, 52, 63.308678, 49,        64, 56, 6.2676125, 67, 643.33984, 72, 113.90816, 77, 41.593750, 83,         0,110,         7,116,         4,164,         1
59C,2016/04/14 23:02:00, 50, 34.203049, 51, 101.76451, 52, 67.561462, 49,        64, 56, 6.2676125, 67, 643.33984, 72, 114.62178, 77, 41.687500, 83,         0,110,         2,116,         4,164,         1
5DC,2016/04/14 23:03:00, 50, 34.947350, 51, 109.34765, 52, 74.400299, 49,        64, 56, 6.2676125, 67, 643.33984, 72, 114.62956, 77, 41.750000, 83,         0,110,         1,116,         4,164,         1
5DC,2016/04/14 23:04:00, 50, 33.772110, 51, 99.919708, 52, 66.147598, 49,        64, 56, 6.2676125, 67, 643.33984, 72, 113.96198, 77, 41.843750, 83,         0,110,         0,116,         4,164,         1
5EC,2016/04/14 23:05:00, 50, 29.306564, 51, 99.796432, 52, 70.489868, 49,        64, 56, 6.2676125, 67, 643.33984, 72, 113.99461, 77, 41.875000, 83,         0,110,         3,116,         4,164,         1
5AC,2016/04/14 23:06:00, 50, 20.214306, 51, 83.161621, 52, 62.947319, 49,        64, 56, 6.2676125, 67, 643.33984, 72, 114.07626, 77, 41.968750, 83,         0,110,         7,116,         4,164,         1
5EC,2016/04/14 23:07:00, 50, 33.404678, 51, 88.902298, 52, 55.497620, 49,        64, 56, 6.2676125, 67, 643.33984, 72, 114.85841, 77, 42.062500, 83,         0,110,         2,116,         4,164,         1
5EC,2016/04/14 23:08:00, 50, 19.953270, 51, 83.165039, 52, 63.211769, 49,        64, 56, 6.2676125, 67, 643.33984, 72, 114.91405, 77, 42.156250, 83,         0,110,         1,116,         4,164,         1
5AC,2016/04/14 23:09:00, 50, 15.674099, 51, 83.202385, 52, 67.528290, 49,        64, 56, 6.2676125, 67, 643.33984, 72, 114.29207, 77, 42.218750, 83,         0,110,         0,116,         4,164,         1
53C,2016/04/14 23:10:00, 50, 24.270252, 51, 89.305908, 52, 65.035660, 49,        64, 56, 6.2676125, 67, 643.33984, 72, 114.33730, 77, 42.312500, 83,         0,110,         3,116,         4,164,         1
5CC,2016/04/14 23:11:00, 50, 23.175873, 51, 99.389130, 52, 76.213257, 49,        64, 56, 6.2676125, 67, 643.33984, 72, 114.40712, 77, 42.375000, 83,         0,110,         7,116,         4,164,         1
5AC,2016/04/14 23:12:00, 50, 23.276012, 51, 94.814690, 52, 71.538681, 49,        64, 56, 6.2676125, 67, 643.33984, 72, 115.17448, 77, 42.468750, 83,         0,110,         2,116,         4,164,         1
5FC,2016/04/14 23:13:00, 50, 30.432350, 51, 84.671211, 52, 54.238861, 49,        64, 56, 6.2676125, 67, 643.33984, 72, 115.21373, 77, 42.500000, 83,         0,110,         1,116,         4,164,         1
50C,2016/04/14 23:14:00, 50, 28.701370, 51, 101.43114, 52, 72.729767, 49,        64, 56, 6.2676125, 67, 643.33984, 72, 114.55598, 77, 42.531250, 83,         0,110,         0,116,         4,164,         1
56C,2016/04/14 23:15:00, 50, 56.548447, 51, 85.772079, 52, 29.223637, 49,        64, 56, 6.2676125, 67, 643.33984, 72, 114.57739, 77, 42.593750, 83,         0,110,         3,116,         4,164,         1
54C,2016/04/14 23:16:00, 50, 39.797264, 51, 97.605408, 52, 57.808144, 49,        64, 56, 6.2676125, 67, 643.33984, 72, 114.64374, 77, 42.656250, 83,         0,110,         7,116,         4,164,         1
5FC,2016/04/14 23:17:00, 50, 43.582809, 51, 104.05812, 52, 60.475311, 49,        64, 56, 6.2676125, 67, 643.33984, 72, 115.36263, 77, 42.687500, 83,         0,110,         2,116,         4,164,         1
57C,2016/04/14 23:18:00, 50, 41.562027, 51, 108.12546, 52, 66.563431, 49,        64, 56, 6.2676125, 67, 643.33984, 72, 115.38383, 77, 42.750000, 83,         0,110,         1,116,         4,164,         1
59C,2016/04/14 23:19:00, 50, 56.634056, 51, 99.925926, 52, 43.291870, 49,        64, 56, 6.2676125, 67, 643.33984, 72, 114.70638, 77, 42.812500, 83,         0,110,         0,116,         4,164,         1
5BC,2016/04/14 23:20:00, 50, 55.578262, 51, 107.98908, 52, 52.410820, 49,        64, 56, 6.2676125, 67, 643.33984, 72, 114.71320, 77, 42.875000, 83,         0,110,         3,116,         4,164,         1
54C,2016/04/14 23:21:00, 50, 49.506897, 51, 103.08327, 52, 53.576370, 49,        64, 56, 6.2676125, 67, 643.33984, 72, 114.70769, 77, 42.937500, 83,         0,110,         7,116,         4,164,         1
56C,2016/04/14 23:22:00, 50, 68.219070, 51, 134.16057, 52, 65.941498, 49,        64, 56, 6.2676125, 67, 643.33984, 72, 115.43329, 77, 42.968750, 83,         0,110,         2,116,         4,164,         1
59C,2016/04/14 23:23:00, 50, 78.088638, 51, 142.24876, 52, 64.160126, 49,        64, 56, 6.2676125, 67, 643.33984, 72, 115.45412, 77, 43.000000, 83,         0,110,         1,116,         4,164,         1
58C,2016/04/14 23:24:00, 50, 55.586426, 51, 127.15369, 52, 71.567261, 49,        64, 56, 6.2676125, 67, 643.33984, 72, 114.76947, 77, 43.062500, 83,         0,110,         0,116,         4,164,         1
52C,2016/04/14 23:25:00, 50, 52.198654, 51, 95.770615, 52, 43.571960, 49,        64, 56, 6.2676125, 67, 643.33984, 72, 114.77818, 77, 43.125000, 83,         0,110,         3,116,         4,164,         1
58C,2016/04/14 23:26:00, 50, 44.085045, 51, 122.44149, 52, 78.356445, 49,        64, 56, 6.2676125, 67, 643.33984, 72, 114.77690, 77, 43.187500, 83,         0,110,         7,116,         4,164,         1
5AC,2016/04/14 23:27:00, 50, 52.517754, 51, 122.73933, 52, 70.221573, 49,        64, 56, 6.2676125, 67, 643.33984, 72, 115.49716, 77, 43.281250, 83,         0,110,         2,116,         4,164,         1
51C,2016/04/14 23:28:00, 50, 55.039955, 51, 116.94956, 52, 61.909607, 49,        64, 56, 6.2676125, 67, 643.33984, 72, 115.50029, 77, 43.312500, 83,         0,110,         1,116,         4,164,         1
5FC,2016/04/14 23:29:00, 50, 50.880280, 51, 98.159798, 52, 47.279518, 49,        64, 56, 6.2676125, 67, 643.33984, 72, 114.77524, 77, 43.406250, 83,         0,110,         0,116,         4,164,         1
5FC,2016/04/14 23:30:00, 50, 37.339172, 51, 94.265251, 52, 56.926079, 49,        64, 56, 6.2676125, 67, 643.33984, 72, 114.74284, 77, 43.406250, 83,         0,110,         3,116,         4,164,         1
58C,2016/04/14 23:31:00, 50, 44.920769, 51, 92.541870, 52, 47.621101, 49,        64, 56, 6.2676125, 67, 643.33984, 72, 114.70531, 77, 43.468750, 83,         0,110,         7,116,         4,164,         1
53C,2016/04/14 23:32:00, 50, 38.983086, 51, 103.09064, 52, 64.107559, 49,        64, 56, 6.2676125, 67, 643.33984, 72, 115.36987, 77, 43.500000, 83,         0,110,         2,116,         4,164,         1
5CC,2016/04/14 23:33:00, 50, 29.690365, 51, 73.878006, 52, 44.187645, 49,        64, 56, 6.2676125, 67, 643.33984, 72, 115.34201, 77, 43.562500, 83,         0,110,         1,116,         4,164,         1
52C,2016/04/14 23:34:00, 50, 28.422680, 51, 99.234322, 52, 70.811646, 49,        64, 56, 6.2676125, 67, 643.33984, 72, 114.62140, 77, 43.593750, 83,         0,110,         0,116,         4,164,         1
57C,2016/04/14 23:35:00, 50, 26.668598, 51, 95.832443, 52, 69.163849, 49,        64, 56, 6.2676125, 67, 643.33984, 72, 114.60367, 77, 43.656250, 83,         0,110,         3,116,         4,164,         1
51C,2016/04/14 23:36:00, 50, 12.663000, 51, 66.476974, 52, 53.813980, 49,        64, 56, 6.2676125, 67, 643.33984, 72, 114.56479, 77, 43.687500, 83,         0,110,         7,116,         4,164,         1
59C,2016/04/14 23:37:00, 50, 10.977320, 51, 66.121918, 52, 55.144600, 49,        64, 56, 6.2676125, 67, 643.33984, 72, 115.22093, 77, 43.718750, 83,         0,110,         2,116,         4,164,         1
56C,2016/04/14 23:38:00, 50, 25.007774, 51, 84.631477, 52, 59.623703, 49,        64, 56, 6.2676125, 67, 643.33984, 72, 115.21884, 77, 43.781250, 83,         0,110,         1,116,         4,164,         1
57C,2016/04/14 23:39:00, 50, 18.270569, 51, 80.840553, 52, 62.569984, 49,        64, 56, 6.2676125, 67, 643.33984, 72, 114.53932, 77, 43.843750, 83,         0,110,         0,116,         4,164,         1
56C,2016/04/14 23:40:00, 50, 18.050320, 51, 78.716888, 52, 60.666573, 49,        64, 56, 6.2676125, 67, 643.33984, 72, 114.57350, 77, 43.875000, 83,         0,110,         3,116,         4,164,         1
5DC,2016/04/14 23:41:00, 50, 35.844673, 51, 100.89782, 52, 65.053146, 49,        64, 56, 6.2676125, 67, 643.33984, 72, 114.60570, 77, 43.937500, 83,         0,110,         7,116,         4,164,         1
5BC,2016/04/14 23:42:00, 50, 51.641388, 51, 98.139351, 52, 46.497963, 49,        64, 56, 6.2676125, 67, 643.33984, 72, 115.32333, 77, 43.968750, 83,         0,110,         2,116,         4,164,         1
51C,2016/04/14 23:43:00, 50, 28.396854, 51, 103.04974, 52, 74.652893, 49,        64, 56, 6.2676125, 67, 643.33984, 72, 115.32471, 77, 44.031250, 83,         0,110,         1,116,         4,164,         1
51C,2016/04/14 23:44:00, 50, 32.916084, 51, 73.536270, 52, 40.620186, 49,        64, 56, 6.2676125, 67, 643.33984, 72, 114.62486, 77, 44.062500, 83,         0,110,         0,116,         4,164,         1
57C,2016/04/14 23:45:00, 50, 31.656448, 51, 74.589767, 52, 42.933319, 49,        64, 56, 6.2676125, 67, 643.33984, 72, 114.63019, 77, 44.062500, 83,         0,110,         3,116,         4,164,         1
53C,2016/04/14 23:46:00, 50, 30.412571, 51, 92.670021, 52, 62.257454, 49,        64, 56, 6.2676125, 67, 643.33984, 72, 114.64824, 77, 44.125000, 83,         0,110,         7,116,         4,164,         1
5FC,2016/04/14 23:47:00, 50, 57.886635, 51, 130.38365, 52, 72.497025, 49,        64, 56, 6.2676125, 67, 643.33984, 72, 115.36192, 77, 44.125000, 83,         0,110,         2,116,         4,164,         1
5AC,2016/04/14 23:48:00, 50, 50.501511, 51, 113.03478, 52, 62.533272, 49,        64, 56, 6.2676125, 67, 643.33984, 72, 115.36156, 77, 44.187500, 83,         0,110,         1,116,         4,164,         1
5EC,2016/04/14 23:49:00, 50, 49.209175, 51, 105.67363, 52, 56.464455, 49,        64, 56, 6.2676125, 67, 643.33984, 72, 114.66295, 77, 44.218750, 83,         0,110,         0,116,         4,164,         1
5FC,2016/04/14 23:50:00, 50, 48.916611, 51, 110.01958, 52, 61.102966, 49,        64, 56, 6.2676125, 67, 643.33984, 72, 114.68089, 77, 44.218750, 83,         0,110,         3,116,         4,164,         1
57C,2016/04/14 23:51:00, 50, 48.547935, 51, 118.20013, 52, 69.652191, 49,        64, 56, 6.2676125, 67, 643.33984, 72, 114.72609, 77, 44.250000, 83,         0,110,         7,116,         4,164,         1
51C,2016/04/14 23:52:00, 50, 46.650696, 51, 93.797592, 52, 47.146896, 49,        64, 56, 6.2676125, 67, 643.33984, 72, 115.46098, 77, 44.250000, 83,         0,110,         2,116,         4,164,         1
56C,2016/04/14 23:53:00, 50, 45.274506, 51, 91.307564, 52, 46.033058, 49,        64, 56, 6.2676125, 67, 643.33984, 72, 115.47218, 77, 44.281250, 83,         0,110,         1,116,         4,164,         1
5BC,2016/04/14 23:54:00, 50, 35.355202, 51, 95.097321, 52, 59.742119, 49,        64, 56, 6.2676125, 67, 643.33984, 72, 114.78470, 77, 44.343750, 83,         0,110,         0,116,         4,164,         1
55C,2016/04/14 23:55:00, 50, 36.439301, 51, 90.107368, 52, 53.668068, 49,        64, 56, 6.2676125, 67, 643.33984, 72, 114.80997, 77, 44.375000, 83,         0,110,         3,116,         4,164,         1
56C,2016/04/14 23:56:00, 50, 39.314697, 51, 103.06546, 52, 63.750763, 49,        64, 56, 6.2676125, 67, 643.33984, 72, 114.84119, 77, 44.343750, 83,         0,110,         7,116,         4,164,         1
55C,2016/04/14 23:57:00, 50, 45.359352, 51, 96.636322, 52, 51.276970, 49,        64, 56, 6.2676125, 67, 643.33984, 72, 115.56937, 77, 44.437500, 83,         0,110,         2,116,         4,164,         1
5CC,2016/04/14 23:58:00, 50, 53.356026, 51, 97.621620, 52, 44.265594, 49,        64, 56, 6.2676125, 67, 643.33984, 72, 115.58907, 77, 44.406250, 83,         0,110,         1,116,         4,164,         1
5FC,2016/04/14 23:59:00, 50, 41.673187, 51, 94.433495, 52, 52.760307, 49,        64, 56, 6.2676125, 67, 643.33984, 72, 114.92163, 77, 44.406250, 83,         0,110,         0,116,         4,164,         1
