5FC,2019/02/28 00:28:00, 50, 7.9339533, 49,       128, 44,        94, 45,       120, 56, 34.311562, 64, 35.064697, 67, 714.88416, 72, 269.06345, 77, 27.093750, 83,         0,110,         1,116,         4
58C,2019/02/28 15:53:00, 50, 5.0952053, 49,       128, 44,        94, 45,       120, 56, 34.311562, 64, 35.031128, 67, 714.88416, 72, 269.48376, 77, 27.375000, 83,         0,110,         1,116,         4
5AC,2019/02/28 15:54:00, 50, 5.3164177, 49,       128, 44,        94, 45,       120, 56, 34.311562, 64, 35.043335, 67, 714.88416, 72, 269.79092, 77, 27.593750, 83,         0,110,         1,116,         4
59C,2019/02/28 15:55:00, 50, 5.8106833, 49,       128, 44,        94, 45,       120, 56, 34.311562, 64, 35.168457, 67, 714.88416, 72, 270.23819, 77, 27.812500, 83,         0,110,         1,116,         4
5EC,2019/02/28 15:56:00, 50, 4.8017073, 49,       128, 44,        94, 45,       120, 56, 34.311562, 64, 35.040283, 67, 713.53430, 72, 270.61340, 77, 28.218750, 83,         0,110,         1,116,         4
5EC,2019/02/28 15:57:00, 50, 3.3490152, 49,       128, 44,        94, 45,       120, 56, 34.311562, 64, 35.195923, 67, 713.53430, 72, 270.78574, 77, 28.281250, 83,         0,110,         1,116,         4
5EC,2019/02/28 15:58:00, 50, 5.2480268, 49,       128, 44,        94, 45,       120, 56, 34.311562, 64, 34.994507, 67, 713.53430, 72, 271.01221, 77, 28.437500, 83,         0,110,         1,116,         4
5AC,2019/02/28 15:59:00, 50, 4.3091688, 49,       128, 44,        94, 45,       120, 56, 34.311562, 64, 34.994507, 67, 713.53430, 72, 271.45517, 77, 28.687500, 83,         0,110,         1,116,         4
5EC,2019/02/28 16:00:00, 50, 5.4591970, 49,       128, 44,        94, 45,       120, 56, 34.311562, 64, 35.180664, 67, 713.53430, 72, 271.63708, 77, 28.812500, 83,         0,110,         1,116,         4
52C,2019/02/28 16:01:00, 50, 5.5919209, 49,       128, 44,        94, 45,       120, 56, 34.311562, 64, 35.113525, 67, 713.53430, 72, 271.82553, 77, 29.031250, 83,         0,110,         1,116,         4
5CC,2019/02/28 16:02:00, 50, 3.2742791, 49,       128, 44,        94, 45,       120, 56, 34.311562, 64, 35.217285, 67, 713.53430, 72, 272.04196, 77, 29.250000, 83,         0,110,         1,116,         4
5EC,2019/02/28 16:03:00, 50, 3.4598513, 49,       128, 44,        94, 45,       120, 56, 34.311562, 64, 35.012817, 67, 713.53430, 72, 272.27542, 77, 29.437500, 83,         0,110,         1,116,         4
52C,2019/02/28 16:04:00, 50, 0.7729814, 49,       128, 44,        94, 45,       120, 56, 34.311562, 64, 35.040283, 67, 713.53430, 72, 272.21902, 77, 29.656250, 83,         0,110,         1,116,         4
58C,2019/02/28 16:05:00, 50, 1.8924744, 49,       128, 44,        94, 45,       120, 56, 34.311562, 64, 35.214233, 67, 713.53430, 72, 272.51675, 77, 29.812500, 83,         0,110,         1,116,         4
50C,2019/02/28 16:06:00, 50, 3.0934811, 49,       128, 44,        94, 45,       120, 56, 34.311562, 64, 35.131836, 67, 712.18445, 72, 272.67395, 77, 30.000000, 83,         0,110,         1,116,         4
5AC,2019/02/28 16:07:00, 50, 5.0979910, 49,       128, 44,        94, 45,       120, 56, 34.311562, 64, 34.991455, 67, 712.18445, 72, 272.48502, 77, 30.187500, 83,         0,110,         1,116,         4
51C,2019/02/28 16:08:00, 50, 5.4386253, 49,       128, 44,        94, 45,       120, 56, 34.311562, 64, 35.015869, 67, 712.18445, 72, 272.52298, 77, 30.312500, 83,         0,110,         1,116,         4
5CC,2019/02/28 16:09:00, 50, 6.7443848, 49,       128, 44,        94, 45,       120, 56, 34.311562, 64, 35.140991, 67, 712.18445, 72, 272.45312, 77, 30.437500, 83,         0,110,         1,116,         4
5CC,2019/02/28 16:10:00, 50, 4.4685450, 49,       128, 44,        94, 45,       120, 56, 34.311562, 64, 35.211182, 67, 712.18445, 72, 272.66220, 77, 30.593750, 83,         0,110,         1,116,         4
56C,2019/02/28 16:11:00, 50, 4.9932222, 49,       128, 44,        94, 45,       120, 56, 34.311562, 64, 35.177612, 67, 712.18445, 72, 272.79532, 77, 30.687500, 83,         0,110,         1,116,         4
52C,2019/02/28 16:12:00, 50, 6.0925417, 49,       128, 44,        94, 45,       120, 56, 34.311562, 64, 35.092163, 67, 712.18445, 72, 272.77933, 77, 30.812500, 83,         0,110,         1,116,         4
52C,2019/02/28 16:13:00, 50, 7.9375477, 49,       128, 44,        94, 45,       120, 56, 34.311562, 64, 35.034180, 67, 712.18445, 72, 272.52283, 77, 30.937500, 83,         0,110,         1,116,         4
5EC,2019/02/28 16:14:00, 50, 7.6829586, 49,       128, 44,        94, 45,       120, 56, 34.311562, 64, 34.982300, 67, 712.18445, 72, 272.51224, 77, 31.062500, 83,         0,110,         1,116,         4
56C,2019/02/28 16:15:00, 50, 6.6068935, 49,       128, 44,        94, 45,       120, 56, 34.311562, 64, 34.973145, 67, 712.18445, 72, 272.45227, 77, 31.187500, 83,         0,110,         1,116,         4
51C,2019/02/28 16:16:00, 50, 5.7800703, 49,       128, 44,        94, 45,       120, 56, 34.311562, 64, 34.970093, 67, 712.18445, 72, 272.59024, 77, 31.312500, 83,         0,110,         1,116,         4
53C,2019/02/28 16:17:00, 50, 4.6929741, 49,       128, 44,        94, 45,       120, 56, 34.311562, 64, 34.967041, 67, 712.18445, 72, 272.99194, 77, 31.437500, 83,         0,110,         1,116,         4
5AC,2019/02/28 16:18:00, 50, 4.0956631, 49,       128, 44,        94, 45,       120, 56, 34.311562, 64, 34.967041, 67, 712.18445, 72, 273.13110, 77, 31.562500, 83,         0,110,         1,116,         4
5FC,2019/02/28 16:19:00, 50, 3.9712701, 49,       128, 44,        94, 45,       120, 56, 34.311562, 64, 34.963989, 67, 712.18445, 72, 272.68747, 77, 31.656250, 83,         0,110,         1,116,         4
50C,2019/02/28 16:20:00, 50, 3.9951143, 49,       128, 44,        94, 45,       120, 56, 34.311562, 64, 34.963989, 67, 712.18445, 72, 272.62900, 77, 31.781250, 83,         0,110,         1,116,         4
5EC,2019/02/28 16:21:00, 50, 4.6843710, 49,       128, 44,        94, 45,       120, 56, 34.311562, 64, 34.979248, 67, 712.18445, 72, 272.66949, 77, 31.906250, 83,         0,110,         1,116,         4
53C,2019/02/28 16:22:00, 50, 6.3131151, 49,       128, 44,        94, 45,       120, 56, 34.311562, 64, 35.003662, 67, 712.18445, 72, 273.03241, 77, 32.031250, 83,         0,110,         1,116,         4
5AC,2019/02/28 16:23:00, 50, 7.1981087, 49,       128, 44,        94, 45,       120, 56, 34.311562, 64, 35.055542, 67, 712.18445, 72, 273.16232, 77, 32.156250, 83,         0,110,         1,116,         4
55C,2019/02/28 16:24:00, 50, 6.5951920, 49,       128, 44,        94, 45,       120, 56, 34.311562, 64, 35.150146, 67, 712.18445, 72, 273.24365, 77, 32.250000, 83,         0,110,         1,116,         4
5FC,2019/02/28 16:25:00, 50, 6.0634708, 49,       128, 44,        94, 45,       120, 56, 34.311562, 64, 35.192871, 67, 712.18445, 72, 272.97925, 77, 32.406250, 83,         0,110,         1,116,         4
54C,2019/02/28 16:26:00, 50, 8.2787418, 49,       128, 44,        94, 45,       120, 56, 34.311562, 64, 35.104370, 67, 712.18445, 72, 273.06940, 77, 32.500000, 83,         0,110,         1,116,         4
50C,2019/02/28 16:27:00, 50, 7.9312334, 49,       128, 44,        94, 45,       120, 56, 34.311562, 64, 34.976196, 67, 712.18445, 72, 273.28366, 77, 32.625000, 83,         0,110,         1,116,         4
52C,2019/02/28 16:28:00, 50, 7.6860952, 49,       128, 44,        94, 45,       120, 56, 34.311562, 64, 34.973145, 67, 712.18445, 72, 273.46603, 77, 32.750000, 83,         0,110,         1,116,         4
56C,2019/02/28 16:29:00, 50, 7.2695875, 49,       128, 44,        94, 45,       120, 56, 34.311562, 64, 35.110474, 67, 712.18445, 72, 273.63022, 77, 32.875000, 83,         0,110,         1,116,         4
59C,2019/02/28 16:30:00, 50, 5.8477268, 49,       128, 44,        94, 45,       120, 56, 34.311562, 64, 35.189819, 67, 712.18445, 72, 273.65823, 77, 32.968750, 83,         0,110,         1,116,         4
5CC,2019/02/28 16:31:00, 50, 5.0565939, 49,       128, 44,        94, 45,       120, 56, 34.311562, 64, 35.015869, 67, 712.18445, 72, 273.63449, 77, 33.000000, 83,         0,110,         1,116,         4
51C,2019/02/28 16:32:00, 50, 4.1555605, 49,       128, 44,        94, 45,       120, 56, 34.311562, 64, 34.979248, 67, 712.18445, 72, 273.49640, 77, 33.156250, 83,         0,110,         1,116,         4
5CC,2019/02/28 16:33:00, 50, 4.2285795, 49,       128, 44,        94, 45,       120, 56, 34.311562, 64, 35.174561, 67, 712.18445, 72, 273.77686, 77, 33.250000, 83,         0,110,         1,116,         4
53C,2019/02/28 16:34:00, 50, 5.1348410, 49,       128, 44,        94, 45,       120, 56, 34.311562, 64, 35.070801, 67, 712.18445, 72, 273.99213, 77, 33.312500, 83,         0,110,         1,116,         4
5BC,2019/02/28 16:35:00, 50, 4.5998087, 49,       128, 44,        94, 45,       120, 56, 34.311562, 64, 34.963989, 67, 712.18445, 72, 273.94070, 77, 33.437500, 83,         0,110,         1,116,         4
56C,2019/02/28 16:36:00, 50, 5.3907833, 49,       128, 44,        94, 45,       120, 56, 34.311562, 64, 35.183716, 67, 712.18445, 72, 274.28104, 77, 33.531250, 83,         0,110,         1,116,         4
56C,2019/02/28 16:37:00, 50, 6.4683228, 49,       128, 44,        94, 45,       120, 56, 34.311562, 64, 35.003662, 67, 712.18445, 72, 274.62610, 77, 33.625000, 83,         0,110,         1,116,         4
56C,2019/02/28 16:38:00, 50, 7.8978529, 49,       128, 44,        94, 45,       120, 56, 34.311562, 64, 35.046387, 67, 712.18445, 72, 274.91769, 77, 33.750000, 83,         0,110,         1,116,         4
57C,2019/02/28 16:39:00, 50, 7.9424763, 49,       128, 44,        94, 45,       120, 56, 34.311562, 64, 35.137939, 67, 712.18445, 72, 275.43585, 77, 33.843750, 83,         0,110,         1,116,         4
50C,2019/02/28 16:40:00, 50, 7.7449064, 49,       128, 44,        94, 45,       120, 56, 34.311562, 64, 34.976196, 67, 712.18445, 72, 275.70624, 77, 33.937500, 83,         0,110,         1,116,         4
51C,2019/02/28 16:41:00, 50, 7.0765457, 49,       128, 44,        94, 45,       120, 56, 34.311562, 64, 35.174561, 67, 712.18445, 72, 275.89661, 77, 34.062500, 83,         0,110,         1,116,         4
5CC,2019/02/28 16:42:00, 50, 6.9163227, 49,       128, 44,        94, 45,       120, 56, 34.311562, 64, 34.948730, 67, 712.18445, 72, 276.05789, 77, 34.125000, 83,         0,110,         1,116,         4
5EC,2019/02/28 16:43:00, 50, 5.6937323, 49,       128, 44,        94, 45,       120, 56, 34.311562, 64, 35.177612, 67, 712.18445, 72, 276.19571, 77, 34.218750, 83,         0,110,         1,116,         4
53C,2019/02/28 16:44:00, 50, 6.4042788, 49,       128, 44,        94, 45,       120, 56, 34.311562, 64, 34.957886, 67, 712.18445, 72, 276.23828, 77, 34.281250, 83,         0,110,         1,116,         4
55C,2019/02/28 16:45:00, 50, 7.2727928, 49,       128, 44,        94, 45,       120, 56, 34.311562, 64, 35.159302, 67, 712.18445, 72, 276.22485, 77, 34.343750, 83,         0,110,         1,116,         4
5FC,2019/02/28 16:46:00, 50, 7.5446625, 49,       128, 44,        94, 45,       120, 56, 34.311562, 64, 34.997559, 67, 712.18445, 72, 276.72037, 77, 34.437500, 83,         0,110,         1,116,         4
52C,2019/02/28 16:47:00, 50, 7.4362230, 49,       128, 44,        94, 45,       120, 56, 34.311562, 64, 35.052490, 67, 712.18445, 72, 276.64758, 77, 34.500000, 83,         0,110,         1,116,         4
5DC,2019/02/28 16:48:00, 50, 6.9811859, 49,       128, 44,        94, 45,       120, 56, 34.311562, 64, 35.128784, 67, 712.18445, 72, 276.82593, 77, 34.562500, 83,         0,110,         1,116,         4
50C,2019/02/28 16:49:00, 50, 8.6719971, 49,       128, 44,        94, 45,       120, 56, 34.311562, 64, 34.942627, 67, 712.18445, 72, 277.03131, 77, 34.687500, 83,         0,110,         1,116,         4
50C,2019/02/28 16:50:00, 50, 9.5244160, 49,       128, 44,        94, 45,       120, 56, 34.311562, 64, 35.153198, 67, 712.18445, 72, 276.78674, 77, 34.750000, 83,         0,110,         1,116,         4
53C,2019/02/28 16:51:00, 50, 9.4866066, 49,       128, 44,        94, 45,       120, 56, 34.311562, 64, 35.086060, 67, 712.18445, 72, 276.40918, 77, 34.843750, 83,         0,110,         1,116,         4
58C,2019/02/28 16:52:00, 50, 9.6600666, 49,       128, 44,        94, 45,       120, 56, 34.311562, 64, 34.942627, 67, 712.18445, 72, 276.38519, 77, 34.906250, 83,         0,110,         1,116,         4
56C,2019/02/28 16:53:00, 50, 9.2645798, 49,       128, 44,        94, 45,       120, 56, 34.311562, 64, 35.131836, 67, 712.18445, 72, 276.53088, 77, 35.000000, 83,         0,110,         1,116,         4
53C,2019/02/28 16:54:00, 50, 9.4292145, 49,       128, 44,        94, 45,       120, 56, 34.311562, 64, 35.140991, 67, 712.18445, 72, 276.51804, 77, 35.093750, 83,         0,110,         1,116,         4
59C,2019/02/28 16:55:00, 50, 8.1123619, 49,       128, 44,        94, 45,       120, 56, 34.311562, 64, 34.967041, 67, 712.18445, 72, 276.72440, 77, 35.156250, 83,         0,110,         1,116,         4
56C,2019/02/28 16:56:00, 50, 9.0642395, 49,       128, 44,        94, 45,       120, 56, 34.311562, 64, 35.031128, 67, 712.18445, 72, 276.57553, 77, 35.218750, 83,         0,110,         1,116,         4
54C,2019/02/28 16:57:00, 50, 7.7117739, 49,       128, 44,        94, 45,       120, 56, 34.311562, 64, 34.967041, 67, 712.18445, 72, 276.03629, 77, 35.281250, 83,         0,110,         1,116,         4
57C,2019/02/28 16:58:00, 50, 8.8890572, 49,       128, 44,        94, 45,       120, 56, 34.311562, 64, 35.046387, 67, 712.18445, 72, 276.03983, 77, 35.343750, 83,         0,110,         1,116,         4
5FC,2019/02/28 16:59:00, 50, 8.1775341, 49,       128, 44,        94, 45,       120, 56, 34.311562, 64, 35.128784, 67, 712.18445, 72, 276.00806, 77, 35.437500, 83,         0,110,         1,116,         4
5CC,2019/02/28 17:00:00, 50, 8.0683784, 49,       128, 44,        94, 45,       120, 56, 34.311562, 64, 35.131836, 67, 712.18445, 72, 275.90189, 77, 35.500000, 83,         0,110,         1,116,         4
57C,2019/02/28 17:01:00, 50, 8.3447456, 49,       128, 44,        94, 45,       120, 56, 34.311562, 64, 35.055542, 67, 712.18445, 72, 275.82022, 77, 35.562500, 83,         0,110,         1,116,         4
5BC,2019/02/28 17:02:00, 50, 9.0433693, 49,       128, 44,        94, 45,       120, 56, 34.311562, 64, 34.994507, 67, 712.18445, 72, 275.88394, 77, 35.625000, 83,         0,110,         1,116,         4
54C,2019/02/28 17:03:00, 50, 9.5250835, 49,       128, 44,        94, 45,       120, 56, 34.311562, 64, 34.967041, 67, 712.18445, 72, 275.90964, 77, 35.718750, 83,         0,110,         1,116,         4
55C,2019/02/28 17:04:00, 50, 11.012386, 49,       128, 44,        94, 45,       120, 56, 34.311562, 64, 34.967041, 67, 712.18445, 72, 276.07410, 77, 35.750000, 83,         0,110,         1,116,         4
58C,2019/02/28 17:05:00, 50, 10.612362, 49,       128, 44,        94, 45,       120, 56, 34.311562, 64, 34.991455, 67, 712.18445, 72, 275.92935, 77, 35.812500, 83,         0,110,         1,116,         4
52C,2019/02/28 17:06:00, 50, 11.648342, 49,       128, 44,        94, 45,       120, 56, 34.311562, 64, 35.006714, 67, 712.18445, 72, 275.62177, 77, 35.875000, 83,         0,110,         1,116,         4
57C,2019/02/28 17:07:00, 50, 10.837084, 49,       128, 44,        94, 45,       120, 56, 34.311562, 64, 35.018921, 67, 712.18445, 72, 275.77820, 77, 35.937500, 83,         0,110,         1,116,         4
5BC,2019/02/28 17:08:00, 50, 10.962645, 49,       128, 44,        94, 45,       120, 56, 34.311562, 64, 35.021973, 67, 712.18445, 72, 275.78903, 77, 36.000000, 83,         0,110,         1,116,         4
52C,2019/02/28 17:09:00, 50, 10.517590, 49,       128, 44,        94, 45,       120, 56, 34.311562, 64, 35.012817, 67, 712.18445, 72, 275.89029, 77, 36.062500, 83,         0,110,         1,116,         4
59C,2019/02/28 17:10:00, 50, 9.9114017, 49,       128, 44,        94, 45,       120, 56, 34.311562, 64, 35.006714, 67, 712.18445, 72, 276.07089, 77, 36.093750, 83,         0,110,         1,116,         4
53C,2019/02/28 17:11:00, 50, 9.3117275, 49,       128, 44,        94, 45,       120, 56, 34.311562, 64, 34.985352, 67, 712.18445, 72, 275.89240, 77, 36.187500, 83,         0,110,         1,116,         4
51C,2019/02/28 17:12:00, 50, 9.1171951, 49,       128, 44,        94, 45,       120, 56, 34.311562, 64, 34.963989, 67, 712.18445, 72, 275.99179, 77, 36.218750, 83,         0,110,         1,116,         4
54C,2019/02/28 17:13:00, 50, 10.425400, 49,       128, 44,        94, 45,       120, 56, 34.311562, 64, 34.963989, 67, 712.18445, 72, 276.54425, 77, 36.250000, 83,         0,110,         1,116,         4
54C,2019/02/28 17:14:00, 50, 10.740736, 49,       128, 44,        94, 45,       120, 56, 34.311562, 64, 34.994507, 67, 712.18445, 72, 276.47473, 77, 36.312500, 83,         0,110,         1,116,         4
5DC,2019/02/28 17:15:00, 50, 9.3403187, 49,       128, 44,        94, 45,       120, 56, 34.311562, 64, 35.061646, 67, 712.18445, 72, 276.74628, 77, 36.343750, 83,         0,110,         1,116,         4
50C,2019/02/28 17:16:00, 50, 8.3867302, 49,       128, 44,        94, 45,       120, 56, 34.311562, 64, 35.122681, 67, 712.18445, 72, 276.94543, 77, 36.406250, 83,         0,110,         1,116,         4
58C,2019/02/28 17:17:00, 50, 8.4538441, 49,       128, 44,        94, 45,       120, 56, 34.311562, 64, 35.119629, 67, 712.18445, 72, 277.08746, 77, 36.437500, 83,         0,110,         1,116,         4
51C,2019/02/28 17:18:00, 50, 7.0178156, 49,       128, 44,        94, 45,       120, 56, 34.311562, 64, 35.025024, 67, 712.18445, 72, 277.27399, 77, 36.500000, 83,         0,110,         1,116,         4
51C,2019/02/28 17:19:00, 50, 6.6532917, 49,       128, 44,        94, 45,       120, 56, 34.311562, 64, 34.954834, 67, 712.18445, 72, 276.95941, 77, 36.562500, 83,         0,110,         1,116,         4
50C,2019/02/28 17:20:00, 50, 7.7056799, 49,       128, 44,        94, 45,       120, 56, 34.311562, 64, 35.037231, 67, 712.18445, 72, 277.01300, 77, 36.625000, 83,         0,110,         1,116,         4
5BC,2019/02/28 17:21:00, 50, 6.8558559, 49,       128, 44,        94, 45,       120, 56, 34.311562, 64, 35.131836, 67, 712.18445, 72, 277.09012, 77, 36.656250, 83,         0,110,         1,116,         4
5AC,2019/02/28 17:22:00, 50, 8.2211456, 49,       128, 44,        94, 45,       120, 56, 34.311562, 64, 35.064697, 67, 712.18445, 72, 277.01407, 77, 36.687500, 83,         0,110,         1,116,         4
5DC,2019/02/28 17:23:00, 50, 7.2187138, 49,       128, 44,        94, 45,       120, 56, 34.311562, 64, 34.954834, 67, 712.18445, 72, 277.02664, 77, 36.718750, 83,         0,110,         1,116,         4
52C,2019/02/28 17:24:00, 50, 7.2371340, 49,       128, 44,        94, 45,       120, 56, 34.311562, 64, 35.073853, 67, 712.18445, 72, 277.39914, 77, 36.812500, 83,         0,110,         1,116,         4
5FC,2019/02/28 17:25:00, 50, 6.3734951, 49,       128, 44,        94, 45,       120, 56, 34.311562, 64, 35.101318, 67, 712.18445, 72, 277.54025, 77, 36.843750, 83,         0,110,         1,116,         4
58C,2019/02/28 17:26:00, 50, 7.3341131, 49,       128, 44,        94, 45,       120, 56, 34.311562, 64, 34.954834, 67, 712.18445, 72, 277.68842, 77, 36.875000, 83,         0,110,         1,116,         4
57C,2019/02/28 17:27:00, 50, 6.6290150, 49,       128, 44,        94, 45,       120, 56, 34.311562, 64, 35.079956, 67, 712.18445, 72, 277.71701, 77, 36.906250, 83,         0,110,         1,116,         4
58C,2019/02/28 17:28:00, 50, 7.2257175, 49,       128, 44,        94, 45,       120, 56, 34.311562, 64, 35.070801, 67, 712.18445, 72, 278.16516, 77, 37.000000, 83,         0,110,         1,116,         4
54C,2019/02/28 17:29:00, 50, 7.1994858, 49,       128, 44,        94, 45,       120, 56, 34.311562, 64, 34.988403, 67, 712.18445, 72, 278.51889, 77, 37.031250, 83,         0,110,         1,116,         4
5AC,2019/02/28 17:30:00, 50, 7.7684555, 49,       128, 44,        94, 45,       120, 56, 34.311562, 64, 35.113525, 67, 712.18445, 72, 278.48804, 77, 37.093750, 83,         0,110,         1,116,         4
5DC,2019/02/28 17:31:00, 50, 6.8661041, 49,       128, 44,        94, 45,       120, 56, 34.311562, 64, 34.951782, 67, 712.18445, 72, 278.57791, 77, 37.125000, 83,         0,110,         1,116,         4
5BC,2019/02/28 17:32:00, 50, 7.2344503, 49,       128, 44,        94, 45,       120, 56, 34.311562, 64, 35.125732, 67, 712.18445, 72, 278.50757, 77, 37.156250, 83,         0,110,         1,116,         4
5EC,2019/02/28 17:33:00, 50, 8.3502464, 49,       128, 44,        94, 45,       120, 56, 34.311562, 64, 35.122681, 67, 712.18445, 72, 278.81052, 77, 37.187500, 83,         0,110,         1,116,         4
5EC,2019/02/28 17:34:00, 50, 9.9227161, 49,       128, 44,        94, 45,       120, 56, 34.311562, 64, 34.954834, 67, 712.18445, 72, 278.85162, 77, 37.218750, 83,         0,110,         1,116,         4
58C,2019/02/28 17:35:00, 50, 12.087610, 49,       128, 44,        94, 45,       120, 56, 34.311562, 64, 35.125732, 67, 712.18445, 72, 278.78064, 77, 37.250000, 83,         0,110,         1,116,         4
58C,2019/02/28 17:36:00, 50, 10.177383, 49,       128, 44,        94, 45,       120, 56, 34.311562, 64, 34.951782, 67, 712.18445, 72, 278.82352, 77, 37.312500, 83,         0,110,         1,116,         4
56C,2019/02/28 17:37:00, 50, 8.7047749, 49,       128, 44,        94, 45,       120, 56, 34.311562, 64, 35.122681, 67, 712.18445, 72, 278.67651, 77, 37.343750, 83,         0,110,         1,116,         4
5CC,2019/02/28 17:38:00, 50, 8.6951275, 49,       128, 44,        94, 45,       120, 56, 34.311562, 64, 34.970093, 67, 712.18445, 72, 278.90240, 77, 37.375000, 83,         0,110,         1,116,         4
50C,2019/02/28 17:39:00, 50, 8.6911545, 49,       128, 44,        94, 45,       120, 56, 34.311562, 64, 35.073853, 67, 712.18445, 72, 278.91724, 77, 37.406250, 83,         0,110,         1,116,         4
5CC,2019/02/28 17:40:00, 50, 7.6540413, 49,       128, 44,        94, 45,       120, 56, 34.311562, 64, 35.064697, 67, 712.18445, 72, 278.70898, 77, 37.437500, 83,         0,110,         1,116,         4
5FC,2019/02/28 17:41:00, 50, 8.9716949, 49,       128, 44,        94, 45,       120, 56, 34.311562, 64, 34.951782, 67, 712.18445, 72, 278.73462, 77, 37.500000, 83,         0,110,         1,116,         4
52C,2019/02/28 17:42:00, 50, 9.0552959, 49,       128, 44,        94, 45,       120, 56, 34.311562, 64, 35.104370, 67, 712.18445, 72, 278.84866, 77, 37.531250, 83,         0,110,         1,116,         4
59C,2019/02/28 17:43:00, 50, 7.7899876, 49,       128, 44,        94, 45,       120, 56, 34.311562, 64, 35.046387, 67, 712.18445, 72, 279.11038, 77, 37.562500, 83,         0,110,         1,116,         4
56C,2019/02/28 17:44:00, 50, 7.0066872, 49,       128, 44,        94, 45,       120, 56, 34.311562, 64, 34.954834, 67, 712.18445, 72, 279.11563, 77, 37.562500, 83,         0,110,         1,116,         4
50C,2019/02/28 17:45:00, 50, 7.0744743, 49,       128, 44,        94, 45,       120, 56, 34.311562, 64, 35.095215, 67, 712.18445, 72, 279.11774, 77, 37.625000, 83,         0,110,         1,116,         4
5FC,2019/02/28 17:46:00, 50, 6.6339169, 49,       128, 44,        94, 45,       120, 56, 34.311562, 64, 35.089111, 67, 712.18445, 72, 279.34717, 77, 37.656250, 83,         0,110,         1,116,         4
57C,2019/02/28 17:47:00, 50, 7.2512636, 49,       128, 44,        94, 45,       120, 56, 34.311562, 64, 34.963989, 67, 712.18445, 72, 279.22726, 77, 37.687500, 83,         0,110,         1,116,         4
55C,2019/02/28 17:48:00, 50, 8.1638317, 49,       128, 44,        94, 45,       120, 56, 34.311562, 64, 34.985352, 67, 712.18445, 72, 279.14871, 77, 37.718750, 83,         0,110,         1,116,         4
5BC,2019/02/28 17:49:00, 50, 9.0107613, 49,       128, 44,        94, 45,       120, 56, 34.311562, 64, 35.095215, 67, 712.18445, 72, 278.75778, 77, 37.750000, 83,         0,110,         1,116,         4
53C,2019/02/28 17:50:00, 50, 9.7584934, 49,       128, 44,        94, 45,       120, 56, 34.311562, 64, 35.116577, 67, 712.18445, 72, 278.67218, 77, 37.781250, 83,         0,110,         1,116,         4
53C,2019/02/28 17:51:00, 50, 10.613443, 49,       128, 44,        94, 45,       120, 56, 34.311562, 64, 35.028076, 67, 712.18445, 72, 278.73825, 77, 37.812500, 83,         0,110,         1,116,         4
5AC,2019/02/28 17:52:00, 50, 9.6645164, 49,       128, 44,        94, 45,       120, 56, 34.311562, 64, 34.957886, 67, 712.18445, 72, 278.74686, 77, 37.812500, 83,         0,110,         1,116,         4
55C,2019/02/28 17:53:00, 50, 9.7166615, 49,       128, 44,        94, 45,       120, 56, 34.311562, 64, 34.954834, 67, 712.18445, 72, 278.92273, 77, 37.875000, 83,         0,110,         1,116,         4
55C,2019/02/28 17:54:00, 50, 10.722643, 49,       128, 44,        94, 45,       120, 56, 34.311562, 64, 35.000610, 67, 712.18445, 72, 278.95096, 77, 37.906250, 83,         0,110,         1,116,         4
57C,2019/02/28 17:55:00, 50, 10.708344, 49,       128, 44,        94, 45,       120, 56, 34.311562, 64, 35.055542, 67, 712.18445, 72, 278.99097, 77, 37.906250, 83,         0,110,         1,116,         4
59C,2019/02/28 17:56:00, 50, 12.556543, 49,       128, 44,        94, 45,       120, 56, 34.311562, 64, 35.095215, 67, 712.18445, 72, 279.10580, 77, 37.968750, 83,         0,110,         1,116,         4
5DC,2019/02/28 17:57:00, 50, 10.979603, 49,       128, 44,        94, 45,       120, 56, 34.311562, 64, 35.110474, 67, 712.18445, 72, 279.42963, 77, 38.000000, 83,         0,110,         1,116,         4
58C,2019/02/28 17:58:00, 50, 10.291849, 49,       128, 44,        94, 45,       120, 56, 34.311562, 64, 35.119629, 67, 712.18445, 72, 279.11874, 77, 38.031250, 83,         0,110,         1,116,         4
52C,2019/02/28 17:59:00, 50, 9.9001637, 49,       128, 44,        94, 45,       120, 56, 34.311562, 64, 35.119629, 67, 712.18445, 72, 279.15591, 77, 38.062500, 83,         0,110,         1,116,         4
5EC,2019/02/28 18:00:00, 50, 8.5546436, 49,       128, 44,        94, 45,       120, 56, 34.311562, 64, 35.119629, 67, 712.18445, 72, 279.34473, 77, 38.093750, 83,         0,110,         1,116,         4
59C,2019/02/28 18:01:00, 50, 9.0191250, 49,       128, 44,        94, 45,       120, 56, 34.311562, 64, 34.954834, 67, 712.18445, 72, 279.36646, 77, 38.125000, 83,         0,110,         1,116,         4
53C,2019/02/28 18:02:00, 50, 8.3472118, 49,       128, 44,        94, 45,       120, 56, 34.311562, 64, 34.945679, 67, 712.18445, 72, 279.51178, 77, 38.125000, 83,         0,110,         1,116,         4
5AC,2019/02/28 18:03:00, 50, 8.2888622, 49,       128, 44,        94, 45,       120, 56, 34.311562, 64, 34.924316, 67, 712.18445, 72, 279.60712, 77, 38.187500, 83,         0,110,         1,116,         4
52C,2019/02/28 18:04:00, 50, 8.1220207, 49,       128, 44,        94, 45,       120, 56, 34.311562, 64, 34.915161, 67, 712.18445, 72, 279.48108, 77, 38.187500, 83,         0,110,         1,116,         4
5FC,2019/02/28 18:05:00, 50, 9.5697002, 49,       128, 44,        94, 45,       120, 56, 34.311562, 64, 34.930420, 67, 712.18445, 72, 279.40323, 77, 38.218750, 83,         0,110,         1,116,         4
5FC,2019/02/28 18:06:00, 50, 10.366789, 49,       128, 44,        94, 45,       120, 56, 34.311562, 64, 34.982300, 67, 712.18445, 72, 279.55005, 77, 38.250000, 83,         0,110,         1,116,         4
57C,2019/02/28 18:07:00, 50, 9.8440208, 49,       128, 44,        94, 45,       120, 56, 34.311562, 64, 35.070801, 67, 712.18445, 72, 279.63889, 77, 38.250000, 83,         0,110,         1,116,         4
5CC,2019/02/28 18:08:00, 50, 8.1278477, 49,       128, 44,        94, 45,       120, 56, 34.311562, 64, 35.144043, 67, 712.18445, 72, 279.77975, 77, 38.250000, 83,         0,110,         1,116,         4
5FC,2019/02/28 18:09:00, 50, 8.0099106, 49,       128, 44,        94, 45,       120, 56, 34.311562, 64, 35.140991, 67, 712.18445, 72, 279.88791, 77, 38.281250, 83,         0,110,         1,116,         4
51C,2019/02/28 18:10:00, 50, 7.4760180, 49,       128, 44,        94, 45,       120, 56, 34.311562, 64, 35.021973, 67, 712.18445, 72, 279.99097, 77, 38.312500, 83,         0,110,         1,116,         4
5EC,2019/02/28 18:11:00, 50, 7.7148027, 49,       128, 44,        94, 45,       120, 56, 34.311562, 64, 34.918213, 67, 712.18445, 72, 279.93204, 77, 38.312500, 83,         0,110,         1,116,         4
56C,2019/02/28 18:12:00, 50, 8.8885803, 49,       128, 44,        94, 45,       120, 56, 34.311562, 64, 34.976196, 67, 712.18445, 72, 280.01636, 77, 38.343750, 83,         0,110,         1,116,         4
5EC,2019/02/28 18:13:00, 50, 8.9992943, 49,       128, 44,        94, 45,       120, 56, 34.311562, 64, 35.128784, 67, 710.83447, 72, 280.09201, 77, 38.375000, 83,         0,110,         1,116,         4
51C,2019/02/28 18:14:00, 50, 8.3215942, 49,       128, 44,        94, 45,       120, 56, 34.311562, 64, 35.110474, 67, 710.83447, 72, 280.18344, 77, 38.375000, 83,         0,110,         1,116,         4
54C,2019/02/28 18:15:00, 50, 8.4969463, 49,       128, 44,        94, 45,       120, 56, 34.311562, 64, 34.936523, 67, 710.83447, 72, 280.48724, 77, 38.406250, 83,         0,110,         1,116,         4
54C,2019/02/28 18:16:00, 50, 7.6518698, 49,       128, 44,        94, 45,       120, 56, 34.311562, 64, 34.985352, 67, 710.83447, 72, 280.44351, 77, 38.406250, 83,         0,110,         1,116,         4
5BC,2019/02/28 18:17:00, 50, 8.1279831, 49,       128, 44,        94, 45,       120, 56, 34.311562, 64, 35.156250, 67, 710.83447, 72, 280.18375, 77, 38.437500, 83,         0,110,         1,116,         4
5AC,2019/02/28 18:18:00, 50, 7.5401936, 49,       128, 44,        94, 45,       120, 56, 34.311562, 64, 34.985352, 67, 710.83447, 72, 280.20328, 77, 38.468750, 83,         0,110,         1,116,         4
59C,2019/02/28 18:19:00, 50, 6.2522383, 49,       128, 44,        94, 45,       120, 56, 34.311562, 64, 34.970093, 67, 710.83447, 72, 280.07901, 77, 38.468750, 83,         0,110,         1,116,         4
5BC,2019/02/28 18:20:00, 50, 6.4803047, 49,       128, 44,        94, 45,       120, 56, 34.311562, 64, 35.156250, 67, 710.83447, 72, 279.94791, 77, 38.468750, 83,         0,110,         1,116,         4
58C,2019/02/28 18:21:00, 50, 5.6432190, 49,       128, 44,        94, 45,       120, 56, 34.311562, 64, 34.933472, 67, 710.83447, 72, 279.87820, 77, 38.500000, 83,         0,110,         1,116,         4
5BC,2019/02/28 18:22:00, 50, 5.4535761, 49,       128, 44,        94, 45,       120, 56, 34.311562, 64, 35.076904, 67, 710.83447, 72, 280.12955, 77, 38.500000, 83,         0,110,         1,116,         4
5DC,2019/02/28 18:23:00, 50, 4.6650686, 49,       128, 44,        94, 45,       120, 56, 34.311562, 64, 35.043335, 67, 710.83447, 72, 279.96127, 77, 38.531250, 83,         0,110,         1,116,         4
5EC,2019/02/28 18:24:00, 50, 5.2919397, 49,       128, 44,        94, 45,       120, 56, 34.311562, 64, 34.982300, 67, 710.83447, 72, 280.10876, 77, 38.531250, 83,         0,110,         1,116,         4
54C,2019/02/28 18:25:00, 50, 4.5208311, 49,       128, 44,        94, 45,       120, 56, 34.311562, 64, 35.104370, 67, 710.83447, 72, 279.99103, 77, 38.562500, 83,         0,110,         1,116,         4
54C,2019/02/28 18:26:00, 50, 5.9259329, 49,       128, 44,        94, 45,       120, 56, 34.311562, 64, 34.942627, 67, 710.83447, 72, 280.25934, 77, 38.562500, 83,         0,110,         1,116,         4
50C,2019/02/28 18:27:00, 50, 6.5535707, 49,       128, 44,        94, 45,       120, 56, 34.311562, 64, 35.128784, 67, 710.83447, 72, 280.21771, 77, 38.593750, 83,         0,110,         1,116,         4
51C,2019/02/28 18:28:00, 50, 6.2128868, 49,       128, 44,        94, 45,       120, 56, 34.311562, 64, 34.942627, 67, 710.83447, 72, 280.45801, 77, 38.593750, 83,         0,110,         1,116,         4
5AC,2019/02/28 18:29:00, 50, 5.1061077, 49,       128, 44,        94, 45,       120, 56, 34.311562, 64, 35.122681, 67, 710.83447, 72, 280.55896, 77, 38.625000, 83,         0,110,         1,116,         4
58C,2019/02/28 18:30:00, 50, 5.4321470, 49,       128, 44,        94, 45,       120, 56, 34.311562, 64, 34.963989, 67, 710.83447, 72, 280.39926, 77, 38.625000, 83,         0,110,         1,116,         4
51C,2019/02/28 18:31:00, 50, 7.6595421, 49,       128, 44,        94, 45,       120, 56, 34.311562, 64, 35.046387, 67, 710.83447, 72, 280.40079, 77, 38.656250, 83,         0,110,         1,116,         4
55C,2019/02/28 18:32:00, 50, 7.8669815, 49,       128, 44,        94, 45,       120, 56, 34.311562, 64, 35.067749, 67, 710.83447, 72, 280.44962, 77, 38.656250, 83,         0,110,         1,116,         4
59C,2019/02/28 18:33:00, 50, 8.7706547, 49,       128, 44,        94, 45,       120, 56, 34.311562, 64, 34.933472, 67, 710.83447, 72, 280.69199, 77, 38.687500, 83,         0,110,         1,116,         4
5EC,2019/02/28 18:34:00, 50, 8.0735149, 49,       128, 44,        94, 45,       120, 56, 34.311562, 64, 35.153198, 67, 710.83447, 72, 280.72855, 77, 38.718750, 83,         0,110,         1,116,         4
5BC,2019/02/28 18:35:00, 50, 8.8346901, 49,       128, 44,        94, 45,       120, 56, 34.311562, 64, 34.970093, 67, 710.83447, 72, 280.85129, 77, 38.718750, 83,         0,110,         1,116,         4
5DC,2019/02/28 18:36:00, 50, 7.7905769, 49,       128, 44,        94, 45,       120, 56, 34.311562, 64, 34.985352, 67, 710.83447, 72, 280.64502, 77, 38.750000, 83,         0,110,         1,116,         4
52C,2019/02/28 18:37:00, 50, 8.5172653, 49,       128, 44,        94, 45,       120, 56, 34.311562, 64, 35.150146, 67, 710.83447, 72, 280.98331, 77, 38.750000, 83,         0,110,         1,116,         4
59C,2019/02/28 18:38:00, 50, 8.1915417, 49,       128, 44,        94, 45,       120, 56, 34.311562, 64, 34.973145, 67, 710.83447, 72, 281.13605, 77, 38.750000, 83,         0,110,         1,116,         4
5EC,2019/02/28 18:39:00, 50, 7.7519598, 49,       128, 44,        94, 45,       120, 56, 34.311562, 64, 34.936523, 67, 710.83447, 72, 281.19385, 77, 38.781250, 83,         0,110,         1,116,         4
51C,2019/02/28 18:40:00, 50, 8.1417866, 49,       128, 44,        94, 45,       120, 56, 34.311562, 64, 35.128784, 67, 710.83447, 72, 281.26315, 77, 38.812500, 83,         0,110,         1,116,         4
59C,2019/02/28 18:41:00, 50, 7.6109333, 49,       128, 44,        94, 45,       120, 56, 34.311562, 64, 35.098267, 67, 710.83447, 72, 281.38138, 77, 38.812500, 83,         0,110,         1,116,         4
51C,2019/02/28 18:42:00, 50, 8.1276321, 49,       128, 44,        94, 45,       120, 56, 34.311562, 64, 34.936523, 67, 710.83447, 72, 281.45245, 77, 38.843750, 83,         0,110,         1,116,         4
5DC,2019/02/28 18:43:00, 50, 8.4179554, 49,       128, 44,        94, 45,       120, 56, 34.311562, 64, 34.936523, 67, 710.83447, 72, 281.35004, 77, 38.843750, 83,         0,110,         1,116,         4
56C,2019/02/28 18:44:00, 50, 8.3740578, 49,       128, 44,        94, 45,       120, 56, 34.311562, 64, 35.073853, 67, 710.83447, 72, 281.58417, 77, 38.875000, 83,         0,110,         1,116,         4
51C,2019/02/28 18:45:00, 50, 6.1062355, 49,       128, 44,        94, 45,       120, 56, 34.311562, 64, 35.153198, 67, 710.83447, 72, 281.76263, 77, 38.875000, 83,         0,110,         1,116,         4
5EC,2019/02/28 18:46:00, 50, 5.9254551, 49,       128, 44,        94, 45,       120, 56, 34.311562, 64, 35.092163, 67, 710.83447, 72, 281.61810, 77, 38.906250, 83,         0,110,         1,116,         4
57C,2019/02/28 18:47:00, 50, 5.6965170, 49,       128, 44,        94, 45,       120, 56, 34.311562, 64, 34.976196, 67, 710.83447, 72, 281.86188, 77, 38.937500, 83,         0,110,         1,116,         4
57C,2019/02/28 18:48:00, 50, 5.6480017, 49,       128, 44,        94, 45,       120, 56, 34.311562, 64, 34.915161, 67, 710.83447, 72, 282.04089, 77, 38.968750, 83,         0,110,         1,116,         4
55C,2019/02/28 18:49:00, 50, 5.9051962, 49,       128, 44,        94, 45,       120, 56, 34.311562, 64, 34.918213, 67, 710.83447, 72, 282.12262, 77, 39.000000, 83,         0,110,         1,116,         4
59C,2019/02/28 18:50:00, 50, 6.2495832, 49,       128, 44,        94, 45,       120, 56, 34.311562, 64, 34.967041, 67, 710.83447, 72, 282.33972, 77, 39.000000, 83,         0,110,         1,116,         4
56C,2019/02/28 18:51:00, 50, 6.7379742, 49,       128, 44,        94, 45,       120, 56, 34.311562, 64, 35.025024, 67, 710.83447, 72, 282.60895, 77, 39.031250, 83,         0,110,         1,116,         4
54C,2019/02/28 18:52:00, 50, 7.1374178, 49,       128, 44,        94, 45,       120, 56, 34.311562, 64, 35.076904, 67, 710.83447, 72, 282.50482, 77, 39.031250, 83,         0,110,         1,116,         4
5CC,2019/02/28 18:53:00, 50, 5.6293287, 49,       128, 44,        94, 45,       120, 56, 34.311562, 64, 35.116577, 67, 710.83447, 72, 282.70898, 77, 39.093750, 83,         0,110,         1,116,         4
59C,2019/02/28 18:54:00, 50, 6.0463314, 49,       128, 44,        94, 45,       120, 56, 34.311562, 64, 34.942627, 67, 710.83447, 72, 282.71399, 77, 39.093750, 83,         0,110,         1,116,         4
5DC,2019/02/28 18:55:00, 50, 7.1256952, 49,       128, 44,        94, 45,       120, 56, 34.311562, 64, 34.939575, 67, 710.83447, 72, 282.73578, 77, 39.125000, 83,         0,110,         1,116,         4
5EC,2019/02/28 18:56:00, 50, 7.2893991, 49,       128, 44,        94, 45,       120, 56, 34.311562, 64, 34.939575, 67, 710.83447, 72, 282.47424, 77, 39.125000, 83,         0,110,         1,116,         4
5CC,2019/02/28 18:57:00, 50, 7.0261631, 49,       128, 44,        94, 45,       120, 56, 34.311562, 64, 34.942627, 67, 710.83447, 72, 282.73529, 77, 39.125000, 83,         0,110,         1,116,         4
58C,2019/02/28 18:58:00, 50, 7.6943922, 49,       128, 44,        94, 45,       120, 56, 34.311562, 64, 34.948730, 67, 710.83447, 72, 282.87939, 77, 39.125000, 83,         0,110,         1,116,         4
5EC,2019/02/28 18:59:00, 50, 7.7222080, 49,       128, 44,        94, 45,       120, 56, 34.311562, 64, 34.970093, 67, 710.83447, 72, 282.86078, 77, 39.156250, 83,         0,110,         1,116,         4
5EC,2019/02/28 19:00:00, 50, 7.2400732, 49,       128, 44,        94, 45,       120, 56, 34.311562, 64, 35.006714, 67, 710.83447, 72, 282.85223, 77, 39.187500, 83,         0,110,         1,116,         4
54C,2019/02/28 19:01:00, 50, 7.6630945, 49,       128, 44,        94, 45,       120, 56, 34.311562, 64, 35.055542, 67, 710.83447, 72, 282.99847, 77, 39.218750, 83,         0,110,         1,116,         4
51C,2019/02/28 19:02:00, 50, 7.8529606, 49,       128, 44,        94, 45,       120, 56, 34.311562, 64, 35.098267, 67, 710.83447, 72, 283.09766, 77, 39.250000, 83,         0,110,         1,116,         4
53C,2019/02/28 19:03:00, 50, 6.7384090, 49,       128, 44,        94, 45,       120, 56, 34.311562, 64, 35.101318, 67, 710.83447, 72, 282.98627, 77, 39.250000, 83,         0,110,         1,116,         4
51C,2019/02/28 19:04:00, 50, 7.3801565, 49,       128, 44,        94, 45,       120, 56, 34.311562, 64, 35.052490, 67, 710.83447, 72, 282.65833, 77, 39.250000, 83,         0,110,         1,116,         4
5AC,2019/02/28 19:05:00, 50, 7.3484058, 49,       128, 44,        94, 45,       120, 56, 34.311562, 64, 34.967041, 67, 710.83447, 72, 282.60321, 77, 39.281250, 83,         0,110,         1,116,         4
59C,2019/02/28 19:06:00, 50, 7.4247990, 49,       128, 44,        94, 45,       120, 56, 34.311562, 64, 34.939575, 67, 710.83447, 72, 282.27966, 77, 39.281250, 83,         0,110,         1,116,         4
57C,2019/02/28 19:07:00, 50, 8.5044651, 49,       128, 44,        94, 45,       120, 56, 34.311562, 64, 35.018921, 67, 710.83447, 72, 282.23779, 77, 39.281250, 83,         0,110,         1,116,         4
50C,2019/02/28 19:08:00, 50, 8.9711609, 49,       128, 44,        94, 45,       120, 56, 34.311562, 64, 35.104370, 67, 710.83447, 72, 282.04321, 77, 39.281250, 83,         0,110,         1,116,         4
57C,2019/02/28 19:09:00, 50, 8.8516445, 49,       128, 44,        94, 45,       120, 56, 34.311562, 64, 35.049438, 67, 710.83447, 72, 282.07098, 77, 39.312500, 83,         0,110,         1,116,         4
5CC,2019/02/28 19:10:00, 50, 8.8025074, 49,       128, 44,        94, 45,       120, 56, 34.311562, 64, 34.942627, 67, 710.83447, 72, 282.33911, 77, 39.312500, 83,         0,110,         1,116,         4
52C,2019/02/28 19:11:00, 50, 8.9897289, 49,       128, 44,        94, 45,       120, 56, 34.311562, 64, 35.006714, 67, 710.83447, 72, 282.52209, 77, 39.343750, 83,         0,110,         1,116,         4
41C,2019/02/28 19:12:00, 50, 9.7774391, 49,        64, 44,        94, 45,       120, 56, 34.311562, 64, 35.104370, 67, 710.83447, 72, 282.53333, 77, 39.343750, 83,         0,110,         1,116,         4
51C,2019/02/28 19:13:00, 50, 10.657938, 49,       128, 44,        94, 45,       120, 56, 34.311562, 64, 34.997559, 67, 710.83447, 72, 282.77673, 77, 39.375000, 83,         0,110,         1,116,         4
52C,2019/02/28 19:14:00, 50, 10.861643, 49,       128, 44,        94, 45,       120, 56, 34.311562, 64, 34.967041, 67, 710.83447, 72, 282.96057, 77, 39.375000, 83,         0,110,         1,116,         4
53C,2019/02/28 19:15:00, 50, 8.6943932, 49,       128, 44,        94, 45,       120, 56, 34.311562, 64, 35.104370, 67, 710.83447, 72, 282.69873, 77, 39.437500, 83,         0,110,         1,116,         4
5EC,2019/02/28 19:16:00, 50, 8.5148754, 49,       128, 44,        94, 45,       120, 56, 34.311562, 64, 34.982300, 67, 710.83447, 72, 282.60858, 77, 39.406250, 83,         0,110,         1,116,         4
52C,2019/02/28 19:17:00, 50, 6.7688837, 49,       128, 44,        94, 45,       120, 56, 34.311562, 64, 34.991455, 67, 710.83447, 72, 282.61346, 77, 39.437500, 83,         0,110,         1,116,         4
52C,2019/02/28 19:18:00, 50, 2.9057450, 49,       128, 44,        94, 45,       120, 56, 34.311562, 64, 35.092163, 67, 710.83447, 72, 282.40948, 77, 39.437500, 83,         0,110,         1,116,         4
5CC,2019/02/28 19:19:00, 50, 3.4908009, 49,       128, 44,        94, 45,       120, 56, 34.311562, 64, 34.939575, 67, 710.83447, 72, 282.40070, 77, 39.406250, 83,         0,110,         1,116,         4
5EC,2019/02/28 19:20:00, 50, 4.7179680, 49,       128, 44,        94, 45,       120, 56, 34.311562, 64, 35.089111, 67, 710.83447, 72, 282.40930, 77, 39.468750, 83,         0,110,         1,116,         4
50C,2019/02/28 19:21:00, 50, 8.2968254, 49,       128, 44,        94, 45,       120, 56, 34.311562, 64, 34.979248, 67, 710.83447, 72, 282.60333, 77, 39.468750, 83,         0,110,         1,116,         4
56C,2019/02/28 19:22:00, 50, 9.3304558, 49,       128, 44,        94, 45,       120, 56, 34.311562, 64, 35.040283, 67, 710.83447, 72, 282.59906, 77, 39.437500, 83,         0,110,         1,116,         4
55C,2019/02/28 19:23:00, 50, 10.625916, 49,       128, 44,        94, 45,       120, 56, 34.311562, 64, 35.021973, 67, 710.83447, 72, 282.54041, 77, 39.468750, 83,         0,110,         1,116,         4
58C,2019/02/28 19:24:00, 50, 10.557945, 49,       128, 44,        94, 45,       120, 56, 34.311562, 64, 35.012817, 67, 710.83447, 72, 282.63599, 77, 39.437500, 83,         0,110,         1,116,         4
51C,2019/02/28 19:25:00, 50, 10.881769, 49,       128, 44,        94, 45,       120, 56, 34.311562, 64, 35.037231, 67, 710.83447, 72, 282.52606, 77, 39.500000, 83,         0,110,         1,116,         4
52C,2019/02/28 19:26:00, 50, 11.536043, 49,       128, 44,        94, 45,       120, 56, 34.311562, 64, 35.015869, 67, 710.83447, 72, 282.57257, 77, 39.468750, 83,         0,110,         1,116,         4
57C,2019/02/28 19:27:00, 50, 12.316051, 49,       128, 44,        94, 45,       120, 56, 34.311562, 64, 35.012817, 67, 710.83447, 72, 282.56689, 77, 39.531250, 83,         0,110,         1,116,         4
51C,2019/02/28 19:28:00, 50, 10.973810, 49,       128, 44,        94, 45,       120, 56, 34.311562, 64, 35.058594, 67, 710.83447, 72, 282.73474, 77, 39.531250, 83,         0,110,         1,116,         4
55C,2019/02/28 19:29:00, 50, 12.259192, 49,       128, 44,        94, 45,       120, 56, 34.311562, 64, 34.957886, 67, 710.83447, 72, 282.66888, 77, 39.500000, 83,         0,110,         1,116,         4
52C,2019/02/28 19:30:00, 50, 11.145647, 49,       128, 44,        94, 45,       120, 56, 34.311562, 64, 35.104370, 67, 710.83447, 72, 282.52960, 77, 39.500000, 83,         0,110,         1,116,         4
59C,2019/02/28 19:31:00, 50, 10.026369, 49,       128, 44,        94, 45,       120, 56, 34.311562, 64, 34.948730, 67, 710.83447, 72, 282.38977, 77, 39.468750, 83,         0,110,         1,116,         4
5DC,2019/02/28 19:32:00, 50, 10.931488, 49,       128, 44,        94, 45,       120, 56, 34.311562, 64, 35.040283, 67, 710.83447, 72, 282.44031, 77, 39.500000, 83,         0,110,         1,116,         4
51C,2019/02/28 19:33:00, 50, 8.6497326, 49,       128, 44,        94, 45,       120, 56, 34.311562, 64, 35.070801, 67, 710.83447, 72, 282.29749, 77, 39.500000, 83,         0,110,         1,116,         4
52C,2019/02/28 19:34:00, 50, 8.7090664, 49,       128, 44,        94, 45,       120, 56, 34.311562, 64, 34.939575, 67, 710.83447, 72, 282.56396, 77, 39.500000, 83,         0,110,         1,116,         4
51C,2019/02/28 19:35:00, 50, 8.9175148, 49,       128, 44,        94, 45,       120, 56, 34.311562, 64, 35.070801, 67, 710.83447, 72, 282.37097, 77, 39.562500, 83,         0,110,         1,116,         4
50C,2019/02/28 19:36:00, 50, 8.0800610, 49,       128, 44,        94, 45,       120, 56, 34.311562, 64, 35.070801, 67, 710.83447, 72, 282.67371, 77, 39.531250, 83,         0,110,         1,116,         4
55C,2019/02/28 19:37:00, 50, 9.0174484, 49,       128, 44,        94, 45,       120, 56, 34.311562, 64, 34.942627, 67, 710.83447, 72, 282.70721, 77, 39.562500, 83,         0,110,         1,116,         4
5EC,2019/02/28 19:38:00, 50, 9.8107128, 49,       128, 44,        94, 45,       120, 56, 34.311562, 64, 35.018921, 67, 710.83447, 72, 282.64136, 77, 39.562500, 83,         0,110,         1,116,         4
54C,2019/02/28 19:39:00, 50, 8.6504574, 49,       128, 44,        94, 45,       120, 56, 34.311562, 64, 35.101318, 67, 710.83447, 72, 282.90338, 77, 39.562500, 83,         0,110,         1,116,         4
56C,2019/02/28 19:40:00, 50, 10.246679, 49,       128, 44,        94, 45,       120, 56, 34.311562, 64, 35.009766, 67, 710.83447, 72, 282.76526, 77, 39.593750, 83,         0,110,         1,116,         4
5CC,2019/02/28 19:41:00, 50, 11.157019, 49,       128, 44,        94, 45,       120, 56, 34.311562, 64, 34.939575, 67, 710.83447, 72, 282.80267, 77, 39.562500, 83,         0,110,         1,116,         4
56C,2019/02/28 19:42:00, 50, 10.666653, 49,       128, 44,        94, 45,       120, 56, 34.311562, 64, 35.009766, 67, 710.83447, 72, 282.80859, 77, 39.593750, 83,         0,110,         1,116,         4
59C,2019/02/28 19:43:00, 50, 11.480398, 49,       128, 44,        94, 45,       120, 56, 34.311562, 64, 35.089111, 67, 710.83447, 72, 282.79651, 77, 39.562500, 83,         0,110,         1,116,         4
5AC,2019/02/28 19:44:00, 50, 10.229240, 49,       128, 44,        94, 45,       120, 56, 34.311562, 64, 35.086060, 67, 710.83447, 72, 282.94995, 77, 39.687500, 83,         0,110,         1,116,         4
5AC,2019/02/28 19:45:00, 50, 10.456142, 49,       128, 44,        94, 45,       120, 56, 34.311562, 64, 35.006714, 67, 710.83447, 72, 283.15442, 77, 39.625000, 83,         0,110,         1,116,         4
53C,2019/02/28 19:46:00, 50, 10.435413, 49,       128, 44,        94, 45,       120, 56, 34.311562, 64, 34.948730, 67, 710.83447, 72, 283.38037, 77, 39.656250, 83,         0,110,         1,116,         4
53C,2019/02/28 19:47:00, 50, 11.219538, 49,       128, 44,        94, 45,       120, 56, 34.311562, 64, 34.942627, 67, 710.83447, 72, 283.28888, 77, 39.656250, 83,         0,110,         1,116,         4
51C,2019/02/28 19:48:00, 50, 10.947628, 49,       128, 44,        94, 45,       120, 56, 34.311562, 64, 35.009766, 67, 710.83447, 72, 283.57379, 77, 39.656250, 83,         0,110,         1,116,         4
5EC,2019/02/28 19:49:00, 50, 10.684467, 49,       128, 44,        94, 45,       120, 56, 34.311562, 64, 34.945679, 67, 710.83447, 72, 283.49316, 77, 39.687500, 83,         0,110,         1,116,         4
5DC,2019/02/28 19:50:00, 50, 11.276352, 49,       128, 44,        94, 45,       120, 56, 34.311562, 64, 34.912109, 67, 710.83447, 72, 283.29950, 77, 39.750000, 83,         0,110,         1,116,         4
56C,2019/02/28 19:51:00, 50, 11.483572, 49,       128, 44,        94, 45,       120, 56, 34.311562, 64, 34.902954, 67, 710.83447, 72, 283.68488, 77, 39.687500, 83,         0,110,         1,116,         4
53C,2019/02/28 19:52:00, 50, 10.281803, 49,       128, 44,        94, 45,       120, 56, 34.311562, 64, 34.906006, 67, 710.83447, 72, 283.88989, 77, 39.687500, 83,         0,110,         1,116,         4
52C,2019/02/28 19:53:00, 50, 10.009005, 49,       128, 44,        94, 45,       120, 56, 34.311562, 64, 34.906006, 67, 710.83447, 72, 283.74744, 77, 39.718750, 83,         0,110,         1,116,         4
51C,2019/02/28 19:54:00, 50, 10.223225, 49,       128, 44,        94, 45,       120, 56, 34.311562, 64, 34.960937, 67, 710.83447, 72, 283.77069, 77, 39.750000, 83,         0,110,         1,116,         4
5FC,2019/02/28 19:55:00, 50, 10.412683, 49,       128, 44,        94, 45,       120, 56, 34.311562, 64, 34.960937, 67, 710.83447, 72, 283.74670, 77, 39.687500, 83,         0,110,         1,116,         4
52C,2019/02/28 19:56:00, 50, 10.347115, 49,       128, 44,        94, 45,       120, 56, 34.311562, 64, 34.967041, 67, 710.83447, 72, 283.87640, 77, 39.843750, 83,         0,110,         1,116,         4
50C,2019/02/28 19:57:00, 50, 10.367270, 49,       128, 44,        94, 45,       120, 56, 34.311562, 64, 34.970093, 67, 710.83447, 72, 284.01251, 77, 39.906250, 83,         0,110,         1,116,         4
50C,2019/02/28 19:58:00, 50, 9.7298412, 49,       128, 44,        94, 45,       120, 56, 34.311562, 64, 34.985352, 67, 710.83447, 72, 284.16766, 77, 39.906250, 83,         0,110,         1,116,         4
57C,2019/02/28 19:59:00, 50, 9.0921669, 49,       128, 44,        94, 45,       120, 56, 34.311562, 64, 35.104370, 67, 710.83447, 72, 284.22546, 77, 39.781250, 83,         0,110,         1,116,         4
5FC,2019/02/28 20:00:00, 50, 8.9869518, 49,       128, 44,        94, 45,       120, 56, 34.311562, 64, 35.055542, 67, 710.83447, 72, 284.19312, 77, 39.875000, 83,         0,110,         1,116,         4
57C,2019/02/28 20:01:00, 50, 8.8808079, 49,       128, 44,        94, 45,       120, 56, 34.311562, 64, 34.982300, 67, 710.83447, 72, 284.14655, 77, 39.812500, 83,         0,110,         1,116,         4
55C,2019/02/28 20:02:00, 50, 8.3479614, 49,       128, 44,        94, 45,       120, 56, 34.311562, 64, 34.915161, 67, 710.83447, 72, 283.93097, 77, 39.937500, 83,         0,110,         1,116,         4
59C,2019/02/28 20:03:00, 50, 7.5060577, 49,       128, 44,        94, 45,       120, 56, 34.311562, 64, 34.906006, 67, 710.83447, 72, 284.28558, 77, 39.968750, 83,         0,110,         1,116,         4
51C,2019/02/28 20:04:00, 50, 7.2155170, 49,       128, 44,        94, 45,       120, 56, 34.311562, 64, 34.970093, 67, 710.83447, 72, 284.23810, 77, 40.000000, 83,         0,110,         1,116,         4
5BC,2019/02/28 20:05:00, 50, 7.6991367, 49,       128, 44,        94, 45,       120, 56, 34.311562, 64, 35.092163, 67, 710.83447, 72, 284.29327, 77, 39.875000, 83,         0,110,         1,116,         4
5CC,2019/02/28 20:06:00, 50, 7.4844522, 49,       128, 44,        94, 45,       120, 56, 34.311562, 64, 35.137939, 67, 710.83447, 72, 284.32861, 77, 39.937500, 83,         0,110,         1,116,         4
5CC,2019/02/28 20:07:00, 50, 7.3658323, 49,       128, 44,        94, 45,       120, 56, 34.311562, 64, 35.031128, 67, 710.83447, 72, 284.43103, 77, 40.000000, 83,         0,110,         1,116,         4
5EC,2019/02/28 20:08:00, 50, 8.1862450, 49,       128, 44,        94, 45,       120, 56, 34.311562, 64, 34.909058, 67, 710.83447, 72, 284.49438, 77, 39.937500, 83,         0,110,         1,116,         4
5CC,2019/02/28 20:09:00, 50, 6.7785120, 49,       128, 44,        94, 45,       120, 56, 34.311562, 64, 34.954834, 67, 710.83447, 72, 284.63562, 77, 40.031250, 83,         0,110,         1,116,         4
57C,2019/02/28 20:10:00, 50, 7.4657536, 49,       128, 44,        94, 45,       120, 56, 34.311562, 64, 35.119629, 67, 710.83447, 72, 284.62836, 77, 39.906250, 83,         0,110,         1,116,         4
5EC,2019/02/28 20:11:00, 50, 8.0922909, 49,       128, 44,        94, 45,       120, 56, 34.311562, 64, 35.089111, 67, 710.83447, 72, 284.72314, 77, 39.906250, 83,         0,110,         1,116,         4
57C,2019/02/28 20:12:00, 50, 5.9210024, 49,       128, 44,        94, 45,       120, 56, 34.311562, 64, 34.915161, 67, 710.83447, 72, 284.67816, 77, 39.843750, 83,         0,110,         1,116,         4
58C,2019/02/28 20:13:00, 50, 7.5483360, 49,       128, 44,        94, 45,       120, 56, 34.311562, 64, 34.982300, 67, 710.83447, 72, 284.76080, 77, 40.000000, 83,         0,110,         1,116,         4
57C,2019/02/28 20:14:00, 50, 9.3830795, 49,       128, 44,        94, 45,       120, 56, 34.311562, 64, 35.147095, 67, 710.83447, 72, 284.80884, 77, 40.000000, 83,         0,110,         1,116,         4
5FC,2019/02/28 20:15:00, 50, 7.3402901, 49,       128, 44,        94, 45,       120, 56, 34.311562, 64, 34.967041, 67, 710.83447, 72, 284.89819, 77, 39.937500, 83,         0,110,         1,116,         4
55C,2019/02/28 20:16:00, 50, 7.8741484, 49,       128, 44,        94, 45,       120, 56, 34.311562, 64, 34.954834, 67, 710.83447, 72, 284.70081, 77, 40.031250, 83,         0,110,         1,116,         4
5EC,2019/02/28 20:17:00, 50, 7.8239956, 49,       128, 44,        94, 45,       120, 56, 34.311562, 64, 35.144043, 67, 710.83447, 72, 284.79840, 77, 39.968750, 83,         0,110,         1,116,         4
51C,2019/02/28 20:18:00, 50, 9.8936634, 49,       128, 44,        94, 45,       120, 56, 34.311562, 64, 34.930420, 67, 710.83447, 72, 284.88885, 77, 39.906250, 83,         0,110,         1,116,         4
5DC,2019/02/28 20:19:00, 50, 8.5783577, 49,       128, 44,        94, 45,       120, 56, 34.311562, 64, 35.037231, 67, 710.83447, 72, 284.64856, 77, 39.906250, 83,         0,110,         1,116,         4
5BC,2019/02/28 20:20:00, 50, 8.0274315, 49,       128, 44,        94, 45,       120, 56, 34.311562, 64, 35.064697, 67, 710.83447, 72, 284.46472, 77, 39.875000, 83,         0,110,         1,116,         4
53C,2019/02/28 20:21:00, 50, 8.5715847, 49,       128, 44,        94, 45,       120, 56, 34.311562, 64, 34.924316, 67, 710.83447, 72, 284.47174, 77, 39.875000, 83,         0,110,         1,116,         4
5DC,2019/02/28 20:22:00, 50, 8.9100151, 49,       128, 44,        94, 45,       120, 56, 34.311562, 64, 35.140991, 67, 710.83447, 72, 284.41766, 77, 39.875000, 83,         0,110,         1,116,         4
55C,2019/02/28 20:23:00, 50, 8.6958523, 49,       128, 44,        94, 45,       120, 56, 34.311562, 64, 34.902954, 67, 710.83447, 72, 284.55493, 77, 39.656250, 83,         0,110,         1,116,         4
51C,2019/02/28 20:24:00, 50, 9.7947388, 49,       128, 44,        94, 45,       120, 56, 34.311562, 64, 35.144043, 67, 710.83447, 72, 284.64697, 77, 39.937500, 83,         0,110,         1,116,         4
5BC,2019/02/28 20:25:00, 50, 9.7357178, 49,       128, 44,        94, 45,       120, 56, 34.311562, 64, 34.899902, 67, 710.83447, 72, 284.64441, 77, 39.906250, 83,         0,110,         1,116,         4
5BC,2019/02/28 20:26:00, 50, 8.6487122, 49,       128, 44,        94, 45,       120, 56, 34.311562, 64, 35.144043, 67, 710.83447, 72, 284.81995, 77, 39.968750, 83,         0,110,         1,116,         4
57C,2019/02/28 20:27:00, 50, 8.7130394, 49,       128, 44,        94, 45,       120, 56, 34.311562, 64, 34.902954, 67, 710.83447, 72, 284.76672, 77, 39.968750, 83,         0,110,         1,116,         4
55C,2019/02/28 20:28:00, 50, 8.6286850, 49,       128, 44,        94, 45,       120, 56, 34.311562, 64, 35.144043, 67, 710.83447, 72, 284.77484, 77, 39.875000, 83,         0,110,         1,116,         4
50C,2019/02/28 20:29:00, 50, 9.6896858, 49,       128, 44,        94, 45,       120, 56, 34.311562, 64, 34.902954, 67, 710.83447, 72, 284.98462, 77, 39.625000, 83,         0,110,         1,116,         4
5CC,2019/02/28 20:30:00, 50, 8.3933372, 49,       128, 44,        94, 45,       120, 56, 34.311562, 64, 35.131836, 67, 710.83447, 72, 284.97711, 77, 39.468750, 83,         0,110,         1,116,         4
5BC,2019/02/28 20:31:00, 50, 8.8054504, 49,       128, 44,        94, 45,       120, 56, 34.311562, 64, 34.936523, 67, 710.83447, 72, 284.90753, 77, 39.718750, 83,         0,110,         1,116,         4
5BC,2019/02/28 20:32:00, 50, 10.484241, 49,       128, 44,        94, 45,       120, 56, 34.311562, 64, 35.058594, 67, 710.83447, 72, 284.97656, 77, 40.000000, 83,         0,110,         1,116,         4
58C,2019/02/28 20:33:00, 50, 10.522409, 49,       128, 44,        94, 45,       120, 56, 34.311562, 64, 35.061646, 67, 710.83447, 72, 284.99377, 77, 39.968750, 83,         0,110,         1,116,         4
5FC,2019/02/28 20:34:00, 50, 11.171597, 49,       128, 44,        94, 45,       120, 56, 34.311562, 64, 34.921265, 67, 710.83447, 72, 285.07977, 77, 39.968750, 83,         0,110,         1,116,         4
58C,2019/02/28 20:35:00, 50, 10.454973, 49,       128, 44,        94, 45,       120, 56, 34.311562, 64, 35.140991, 67, 710.83447, 72, 284.98956, 77, 39.718750, 83,         0,110,         1,116,         4
52C,2019/02/28 20:36:00, 50, 9.3096752, 49,       128, 44,        94, 45,       120, 56, 34.311562, 64, 34.973145, 67, 710.83447, 72, 285.02899, 77, 39.625000, 83,         0,110,         1,116,         4
55C,2019/02/28 20:37:00, 50, 9.7210674, 49,       128, 44,        94, 45,       120, 56, 34.311562, 64, 34.945679, 67, 710.83447, 72, 284.98346, 77, 39.687500, 83,         0,110,         1,116,         4
5EC,2019/02/28 20:38:00, 50, 10.091311, 49,       128, 44,        94, 45,       120, 56, 34.311562, 64, 35.144043, 67, 710.83447, 72, 285.30719, 77, 39.531250, 83,         0,110,         1,116,         4
54C,2019/02/28 20:39:00, 50, 10.628611, 49,       128, 44,        94, 45,       120, 56, 34.311562, 64, 35.009766, 67, 710.83447, 72, 285.37799, 77, 39.843750, 83,         0,110,         1,116,         4
51C,2019/02/28 20:40:00, 50, 11.074852, 49,       128, 44,        94, 45,       120, 56, 34.311562, 64, 34.909058, 67, 710.83447, 72, 285.43207, 77, 39.750000, 83,         0,110,         1,116,         4
56C,2019/02/28 20:41:00, 50, 10.689260, 49,       128, 44,        94, 45,       120, 56, 34.311562, 64, 35.064697, 67, 710.83447, 72, 285.32465, 77, 39.937500, 83,         0,110,         1,116,         4
5FC,2019/02/28 20:42:00, 50, 9.6101646, 49,       128, 44,        94, 45,       120, 56, 34.311562, 64, 35.140991, 67, 710.83447, 72, 285.32574, 77, 39.562500, 83,         0,110,         1,116,         4
42C,2019/02/28 20:43:00, 50, 8.3912334, 49,        64, 44,        94, 45,       120, 56, 34.311562, 64, 34.982300, 67, 710.83447, 72, 285.32202, 77, 39.687500, 83,         0,110,         1,116,         4
56C,2019/02/28 20:44:00, 50, 8.4992886, 49,       128, 44,        94, 45,       120, 56, 34.311562, 64, 34.902954, 67, 710.83447, 72, 285.34143, 77, 39.906250, 83,         0,110,         1,116,         4
54C,2019/02/28 20:45:00, 50, 8.9728565, 49,       128, 44,        94, 45,       120, 56, 34.311562, 64, 34.994507, 67, 710.83447, 72, 285.30438, 77, 39.625000, 83,         0,110,         1,116,         4
5DC,2019/02/28 20:46:00, 50, 8.3317242, 49,       128, 44,        94, 45,       120, 56, 34.311562, 64, 35.125732, 67, 710.83447, 72, 285.48730, 77, 39.906250, 83,         0,110,         1,116,         4
53C,2019/02/28 20:47:00, 50, 8.6426697, 49,       128, 44,        94, 45,       120, 56, 34.311562, 64, 35.128784, 67, 710.83447, 72, 285.46509, 77, 39.593750, 83,         0,110,         1,116,         4
5DC,2019/02/28 20:48:00, 50, 7.9910307, 49,       128, 44,        94, 45,       120, 56, 34.311562, 64, 35.018921, 67, 710.83447, 72, 285.50079, 77, 39.812500, 83,         0,110,         1,116,         4
52C,2019/02/28 20:49:00, 50, 7.8375978, 49,       128, 44,        94, 45,       120, 56, 34.311562, 64, 34.924316, 67, 710.83447, 72, 285.39819, 77, 39.750000, 83,         0,110,         1,116,         4
57C,2019/02/28 20:50:00, 50, 7.5816288, 49,       128, 44,        94, 45,       120, 56, 34.311562, 64, 34.902954, 67, 710.83447, 72, 285.32892, 77, 39.937500, 83,         0,110,         1,116,         4
5BC,2019/02/28 20:51:00, 50, 8.9602985, 49,       128, 44,        94, 45,       120, 56, 34.311562, 64, 34.954834, 67, 710.83447, 72, 285.12262, 77, 39.937500, 83,         0,110,         1,116,         4
50C,2019/02/28 20:52:00, 50, 10.337406, 49,       128, 44,        94, 45,       120, 56, 34.311562, 64, 34.979248, 67, 710.83447, 72, 285.12231, 77, 39.843750, 83,         0,110,         1,116,         4
59C,2019/02/28 20:53:00, 50, 10.041433, 49,       128, 44,        94, 45,       120, 56, 34.311562, 64, 34.945679, 67, 710.83447, 72, 285.07397, 77, 39.625000, 83,         0,110,         1,116,         4
58C,2019/02/28 20:54:00, 50, 9.6282120, 49,       128, 44,        94, 45,       120, 56, 34.311562, 64, 34.939575, 67, 710.83447, 72, 285.27240, 77, 40.000000, 83,         0,110,         1,116,         4
5FC,2019/02/28 20:55:00, 50, 9.5883198, 49,       128, 44,        94, 45,       120, 56, 34.311562, 64, 34.948730, 67, 710.83447, 72, 285.27380, 77, 40.031250, 83,         0,110,         1,116,         4
5AC,2019/02/28 20:56:00, 50, 9.5941353, 49,       128, 44,        94, 45,       120, 56, 34.311562, 64, 34.960937, 67, 710.83447, 72, 285.21649, 77, 39.656250, 83,         0,110,         1,116,         4
58C,2019/02/28 20:57:00, 50, 10.430645, 49,       128, 44,        94, 45,       120, 56, 34.311562, 64, 34.976196, 67, 710.83447, 72, 285.13086, 77, 39.437500, 83,         0,110,         1,116,         4
53C,2019/02/28 20:58:00, 50, 11.515665, 49,       128, 44,        94, 45,       120, 56, 34.311562, 64, 34.994507, 67, 710.83447, 72, 284.74377, 77, 39.781250, 83,         0,110,         1,116,         4
59C,2019/02/28 20:59:00, 50, 12.193708, 49,       128, 44,        94, 45,       120, 56, 34.311562, 64, 35.000610, 67, 710.83447, 72, 285.23120, 77, 39.750000, 83,         0,110,         1,116,         4
53C,2019/02/28 21:00:00, 50, 11.929670, 49,       128, 44,        94, 45,       120, 56, 34.311562, 64, 34.997559, 67, 710.83447, 72, 285.16968, 77, 40.031250, 83,         0,110,         1,116,         4
5CC,2019/02/28 21:01:00, 50, 10.625139, 49,       128, 44,        94, 45,       120, 56, 34.311562, 64, 34.994507, 67, 710.83447, 72, 285.02338, 77, 40.062500, 83,         0,110,         1,116,         4
54C,2019/02/28 21:02:00, 50, 9.8967171, 49,       128, 44,        94, 45,       120, 56, 34.311562, 64, 34.979248, 67, 710.83447, 72, 284.85266, 77, 39.875000, 83,         0,110,         1,116,         4
54C,2019/02/28 21:03:00, 50, 9.5930767, 49,       128, 44,        94, 45,       120, 56, 34.311562, 64, 34.960937, 67, 710.83447, 72, 284.92908, 77, 40.031250, 83,         0,110,         1,116,         4
5DC,2019/02/28 21:04:00, 50, 10.384466, 49,       128, 44,        94, 45,       120, 56, 34.311562, 64, 35.092163, 67, 710.83447, 72, 284.94971, 77, 40.031250, 83,         0,110,         1,116,         4
5AC,2019/02/28 21:05:00, 50, 10.609240, 49,       128, 44,        94, 45,       120, 56, 34.311562, 64, 35.031128, 67, 710.83447, 72, 284.89685, 77, 39.375000, 83,         0,110,         1,116,         4
5DC,2019/02/28 21:06:00, 50, 9.2476559, 49,       128, 44,        94, 45,       120, 56, 34.311562, 64, 35.018921, 67, 710.83447, 72, 284.92926, 77, 39.718750, 83,         0,110,         1,116,         4
56C,2019/02/28 21:07:00, 50, 8.7293739, 49,       128, 44,        94, 45,       120, 56, 34.311562, 64, 35.070801, 67, 710.83447, 72, 285.05212, 77, 39.437500, 83,         0,110,         1,116,         4
5FC,2019/02/28 21:08:00, 50, 8.5894909, 49,       128, 44,        94, 45,       120, 56, 34.311562, 64, 35.095215, 67, 710.83447, 72, 284.99683, 77, 39.843750, 83,         0,110,         1,116,         4
5BC,2019/02/28 21:09:00, 50, 8.3748589, 49,       128, 44,        94, 45,       120, 56, 34.311562, 64, 35.070801, 67, 710.83447, 72, 285.09625, 77, 39.562500, 83,         0,110,         1,116,         4
54C,2019/02/28 21:10:00, 50, 9.0427532, 49,       128, 44,        94, 45,       120, 56, 34.311562, 64, 35.006714, 67, 710.83447, 72, 285.26422, 77, 39.781250, 83,         0,110,         1,116,         4
56C,2019/02/28 21:11:00, 50, 9.4271278, 49,       128, 44,        94, 45,       120, 56, 34.311562, 64, 34.942627, 67, 710.83447, 72, 285.21991, 77, 39.781250, 83,         0,110,         1,116,         4
5CC,2019/02/28 21:12:00, 50, 8.9809399, 49,       128, 44,        94, 45,       120, 56, 34.311562, 64, 34.997559, 67, 710.83447, 72, 285.20679, 77, 39.593750, 83,         0,110,         1,116,         4
5DC,2019/02/28 21:13:00, 50, 8.8838444, 49,       128, 44,        94, 45,       120, 56, 34.311562, 64, 35.144043, 67, 710.83447, 72, 285.13477, 77, 39.718750, 83,         0,110,         1,116,         4
51C,2019/02/28 21:14:00, 50, 8.6421223, 49,       128, 44,        94, 45,       120, 56, 34.311562, 64, 35.055542, 67, 710.83447, 72, 285.38763, 77, 39.531250, 83,         0,110,         1,116,         4
5AC,2019/02/28 21:15:00, 50, 9.1390057, 49,       128, 44,        94, 45,       120, 56, 34.311562, 64, 34.912109, 67, 710.83447, 72, 285.22400, 77, 39.593750, 83,         0,110,         1,116,         4
5DC,2019/02/28 21:16:00, 50, 8.8887062, 49,       128, 44,        94, 45,       120, 56, 34.311562, 64, 34.963989, 67, 710.83447, 72, 285.27423, 77, 39.468750, 83,         0,110,         1,116,         4
50C,2019/02/28 21:17:00, 50, 9.5977993, 49,       128, 44,        94, 45,       120, 56, 34.311562, 64, 34.973145, 67, 710.83447, 72, 285.49231, 77, 39.500000, 83,         0,110,         1,116,         4
5EC,2019/02/28 21:18:00, 50, 9.4045372, 49,       128, 44,        94, 45,       120, 56, 34.311562, 64, 34.967041, 67, 710.83447, 72, 285.56488, 77, 39.750000, 83,         0,110,         1,116,         4
55C,2019/02/28 21:19:00, 50, 8.1008320, 49,       128, 44,        94, 45,       120, 56, 34.311562, 64, 34.899902, 67, 710.83447, 72, 285.31555, 77, 39.718750, 83,         0,110,         1,116,         4
5EC,2019/02/28 21:20:00, 50, 7.6170759, 49,       128, 44,        94, 45,       120, 56, 34.311562, 64, 35.073853, 67, 710.83447, 72, 285.56085, 77, 39.531250, 83,         0,110,         1,116,         4
55C,2019/02/28 21:21:00, 50, 8.1738758, 49,       128, 44,        94, 45,       120, 56, 34.311562, 64, 35.104370, 67, 710.83447, 72, 285.51904, 77, 39.500000, 83,         0,110,         1,116,         4
55C,2019/02/28 21:22:00, 50, 7.8491096, 49,       128, 44,        94, 45,       120, 56, 34.311562, 64, 34.902954, 67, 710.83447, 72, 285.36877, 77, 39.656250, 83,         0,110,         1,116,         4
53C,2019/02/28 21:23:00, 50, 8.5222950, 49,       128, 44,        94, 45,       120, 56, 34.311562, 64, 35.043335, 67, 710.83447, 72, 285.01697, 77, 39.812500, 83,         0,110,         1,116,         4
55C,2019/02/28 21:24:00, 50, 9.7393360, 49,       128, 44,        94, 45,       120, 56, 34.311562, 64, 34.942627, 67, 710.83447, 72, 285.03961, 77, 39.968750, 83,         0,110,         1,116,         4
5BC,2019/02/28 21:25:00, 50, 9.1002731, 49,       128, 44,        94, 45,       120, 56, 34.311562, 64, 35.086060, 67, 710.83447, 72, 285.22192, 77, 39.500000, 83,         0,110,         1,116,         4
53C,2019/02/28 21:26:00, 50, 9.3170528, 49,       128, 44,        94, 45,       120, 56, 34.311562, 64, 34.991455, 67, 710.83447, 72, 285.33716, 77, 39.562500, 83,         0,110,         1,116,         4
5FC,2019/02/28 21:27:00, 50, 10.707787, 49,       128, 44,        94, 45,       120, 56, 34.311562, 64, 34.988403, 67, 710.83447, 72, 285.41675, 77, 39.781250, 83,         0,110,         1,116,         4
5FC,2019/02/28 21:28:00, 50, 10.358475, 49,       128, 44,        94, 45,       120, 56, 34.311562, 64, 35.079956, 67, 710.83447, 72, 285.27142, 77, 39.812500, 83,         0,110,         1,116,         4
51C,2019/02/28 21:29:00, 50, 9.9505310, 49,       128, 44,        94, 45,       120, 56, 34.311562, 64, 34.939575, 67, 710.83447, 72, 285.44360, 77, 39.718750, 83,         0,110,         1,116,         4
5FC,2019/02/28 21:30:00, 50, 9.6014175, 49,       128, 44,        94, 45,       120, 56, 34.311562, 64, 35.086060, 67, 710.83447, 72, 285.40594, 77, 39.500000, 83,         0,110,         1,116,         4
53C,2019/02/28 21:31:00, 50, 10.169107, 49,       128, 44,        94, 45,       120, 56, 34.311562, 64, 34.957886, 67, 710.83447, 72, 285.33167, 77, 39.531250, 83,         0,110,         1,116,         4
59C,2019/02/28 21:32:00, 50, 10.255545, 49,       128, 44,        94, 45,       120, 56, 34.311562, 64, 35.067749, 67, 710.83447, 72, 285.33771, 77, 39.625000, 83,         0,110,         1,116,         4
56C,2019/02/28 21:33:00, 50, 11.170116, 49,       128, 44,        94, 45,       120, 56, 34.311562, 64, 34.973145, 67, 710.83447, 72, 285.62134, 77, 39.687500, 83,         0,110,         1,116,         4
51C,2019/02/28 21:34:00, 50, 11.072821, 49,       128, 44,        94, 45,       120, 56, 34.311562, 64, 35.058594, 67, 710.83447, 72, 285.45544, 77, 39.593750, 83,         0,110,         1,116,         4
5AC,2019/02/28 21:35:00, 50, 9.5256023, 49,       128, 44,        94, 45,       120, 56, 34.311562, 64, 34.973145, 67, 710.83447, 72, 285.39008, 77, 39.875000, 83,         0,110,         1,116,         4
52C,2019/02/28 21:36:00, 50, 9.9522648, 49,       128, 44,        94, 45,       120, 56, 34.311562, 64, 34.954834, 67, 710.83447, 72, 285.59430, 77, 39.625000, 83,         0,110,         1,116,         4
5CC,2019/02/28 21:37:00, 50, 9.8388920, 49,       128, 44,        94, 45,       120, 56, 34.311562, 64, 35.086060, 67, 710.83447, 72, 285.65503, 77, 39.937500, 83,         0,110,         1,116,         4
5AC,2019/02/28 21:38:00, 50, 9.2923927, 49,       128, 44,        94, 45,       120, 56, 34.311562, 64, 34.945679, 67, 710.83447, 72, 285.20209, 77, 39.750000, 83,         0,110,         1,116,         4
53C,2019/02/28 21:39:00, 50, 9.1591873, 49,       128, 44,        94, 45,       120, 56, 34.311562, 64, 35.089111, 67, 710.83447, 72, 285.04224, 77, 39.562500, 83,         0,110,         1,116,         4
5BC,2019/02/28 21:40:00, 50, 8.8762398, 49,       128, 44,        94, 45,       120, 56, 34.311562, 64, 34.963989, 67, 710.83447, 72, 285.09705, 77, 39.562500, 83,         0,110,         1,116,         4
5FC,2019/02/28 21:41:00, 50, 8.9697304, 49,       128, 44,        94, 45,       120, 56, 34.311562, 64, 35.028076, 67, 710.83447, 72, 285.07440, 77, 39.718750, 83,         0,110,         1,116,         4
56C,2019/02/28 21:42:00, 50, 9.2934856, 49,       128, 44,        94, 45,       120, 56, 34.311562, 64, 35.058594, 67, 710.83447, 72, 285.24731, 77, 39.687500, 83,         0,110,         1,116,         4
57C,2019/02/28 21:43:00, 50, 10.001320, 49,       128, 44,        94, 45,       120, 56, 34.311562, 64, 34.945679, 67, 710.83447, 72, 285.29175, 77, 39.687500, 83,         0,110,         1,116,         4
5AC,2019/02/28 21:44:00, 50, 8.6533737, 49,       128, 44,        94, 45,       120, 56, 34.311562, 64, 35.076904, 67, 710.83447, 72, 285.37408, 77, 39.656250, 83,         0,110,         1,116,         4
5FC,2019/02/28 21:45:00, 50, 7.6600199, 49,       128, 44,        94, 45,       120, 56, 34.311562, 64, 35.009766, 67, 710.83447, 72, 285.41290, 77, 39.718750, 83,         0,110,         1,116,         4
52C,2019/02/28 21:46:00, 50, 6.9097643, 49,       128, 44,        94, 45,       120, 56, 34.311562, 64, 34.957886, 67, 710.83447, 72, 286.10699, 77, 39.687500, 83,         0,110,         1,116,         4
56C,2019/02/28 21:47:00, 50, 8.4067879, 49,       128, 44,        94, 45,       120, 56, 34.311562, 64, 35.083008, 67, 710.83447, 72, 286.09790, 77, 39.843750, 83,         0,110,         1,116,         4
51C,2019/02/28 21:48:00, 50, 8.4976692, 49,       128, 44,        94, 45,       120, 56, 34.311562, 64, 35.012817, 67, 710.83447, 72, 286.43231, 77, 39.781250, 83,         0,110,         1,116,         4
58C,2019/02/28 21:49:00, 50, 8.2806740, 49,       128, 44,        94, 45,       120, 56, 34.311562, 64, 34.942627, 67, 710.83447, 72, 286.41052, 77, 39.875000, 83,         0,110,         1,116,         4
5EC,2019/02/28 21:50:00, 50, 8.9740505, 49,       128, 44,        94, 45,       120, 56, 34.311562, 64, 35.058594, 67, 710.83447, 72, 286.40302, 77, 39.812500, 83,         0,110,         1,116,         4
5DC,2019/02/28 21:51:00, 50, 9.4785404, 49,       128, 44,        94, 45,       120, 56, 34.311562, 64, 35.073853, 67, 710.83447, 72, 285.96875, 77, 39.968750, 83,         0,110,         1,116,         4
57C,2019/02/28 21:52:00, 50, 9.0141068, 49,       128, 44,        94, 45,       120, 56, 34.311562, 64, 34.967041, 67, 710.83447, 72, 285.99573, 77, 39.875000, 83,         0,110,         1,116,         4
5DC,2019/02/28 21:53:00, 50, 10.089622, 49,       128, 44,        94, 45,       120, 56, 34.311562, 64, 34.957886, 67, 710.83447, 72, 286.04309, 77, 39.906250, 83,         0,110,         1,116,         4
57C,2019/02/28 21:54:00, 50, 10.317984, 49,       128, 44,        94, 45,       120, 56, 34.311562, 64, 35.058594, 67, 710.83447, 72, 286.11591, 77, 39.937500, 83,         0,110,         1,116,         4
5EC,2019/02/28 21:55:00, 50, 11.472019, 49,       128, 44,        94, 45,       120, 56, 34.311562, 64, 35.086060, 67, 710.83447, 72, 285.83911, 77, 39.781250, 83,         0,110,         1,116,         4
5FC,2019/02/28 21:56:00, 50, 11.792801, 49,       128, 44,        94, 45,       120, 56, 34.311562, 64, 35.009766, 67, 710.83447, 72, 285.75073, 77, 39.968750, 83,         0,110,         1,116,         4
52C,2019/02/28 21:57:00, 50, 10.963081, 49,       128, 44,        94, 45,       120, 56, 34.311562, 64, 34.942627, 67, 710.83447, 72, 285.77423, 77, 39.937500, 83,         0,110,         1,116,         4
5EC,2019/02/28 21:58:00, 50, 11.484529, 49,       128, 44,        94, 45,       120, 56, 34.311562, 64, 34.967041, 67, 710.83447, 72, 286.56635, 77, 39.843750, 83,         0,110,         1,116,         4
50C,2019/02/28 21:59:00, 50, 11.882402, 49,       128, 44,        94, 45,       120, 56, 34.311562, 64, 35.037231, 67, 710.83447, 72, 286.51447, 77, 39.906250, 83,         0,110,         1,116,         4
55C,2019/02/28 22:00:00, 50, 11.791588, 49,       128, 44,        94, 45,       120, 56, 34.311562, 64, 35.083008, 67, 710.83447, 72, 286.69867, 77, 40.000000, 83,         0,110,         1,116,         4
58C,2019/02/28 22:01:00, 50, 10.361929, 49,       128, 44,        94, 45,       120, 56, 34.311562, 64, 35.086060, 67, 710.83447, 72, 286.46967, 77, 39.906250, 83,         0,110,         1,116,         4
58C,2019/02/28 22:02:00, 50, 9.6350250, 49,       128, 44,        94, 45,       120, 56, 34.311562, 64, 35.040283, 67, 710.83447, 72, 286.31458, 77, 40.093750, 83,         0,110,         1,116,         4
54C,2019/02/28 22:03:00, 50, 9.4818306, 49,       128, 44,        94, 45,       120, 56, 34.311562, 64, 34.985352, 67, 710.83447, 72, 286.38910, 77, 39.906250, 83,         0,110,         1,116,         4
51C,2019/02/28 22:04:00, 50, 9.3821449, 49,       128, 44,        94, 45,       120, 56, 34.311562, 64, 34.951782, 67, 710.83447, 72, 286.50543, 77, 40.062500, 83,         0,110,         1,116,         4
5FC,2019/02/28 22:05:00, 50, 10.244944, 49,       128, 44,        94, 45,       120, 56, 34.311562, 64, 34.939575, 67, 710.83447, 72, 286.66974, 77, 40.031250, 83,         0,110,         1,116,         4
57C,2019/02/28 22:06:00, 50, 9.9693909, 49,       128, 44,        94, 45,       120, 56, 34.311562, 64, 34.942627, 67, 710.83447, 72, 286.45831, 77, 40.062500, 83,         0,110,         1,116,         4
59C,2019/02/28 22:07:00, 50, 9.6063614, 49,       128, 44,        94, 45,       120, 56, 34.311562, 64, 34.957886, 67, 710.83447, 72, 286.39490, 77, 40.125000, 83,         0,110,         1,116,         4
5EC,2019/02/28 22:08:00, 50, 9.1788025, 49,       128, 44,        94, 45,       120, 56, 34.311562, 64, 34.970093, 67, 710.83447, 72, 286.57471, 77, 40.062500, 83,         0,110,         1,116,         4
51C,2019/02/28 22:09:00, 50, 9.4916039, 49,       128, 44,        94, 45,       120, 56, 34.311562, 64, 34.982300, 67, 710.83447, 72, 286.64880, 77, 40.093750, 83,         0,110,         1,116,         4
57C,2019/02/28 22:10:00, 50, 9.9327183, 49,       128, 44,        94, 45,       120, 56, 34.311562, 64, 34.985352, 67, 710.83447, 72, 286.81213, 77, 40.093750, 83,         0,110,         1,116,         4
53C,2019/02/28 22:11:00, 50, 9.6245480, 49,       128, 44,        94, 45,       120, 56, 34.311562, 64, 34.985352, 67, 710.83447, 72, 286.81689, 77, 40.125000, 83,         0,110,         1,116,         4
57C,2019/02/28 22:12:00, 50, 9.0939751, 49,       128, 44,        94, 45,       120, 56, 34.311562, 64, 34.979248, 67, 710.83447, 72, 286.95612, 77, 40.125000, 83,         0,110,         1,116,         4
5BC,2019/02/28 22:13:00, 50, 10.704643, 49,       128, 44,        94, 45,       120, 56, 34.311562, 64, 34.967041, 67, 710.83447, 72, 287.14349, 77, 39.937500, 83,         0,110,         1,116,         4
5EC,2019/02/28 22:14:00, 50, 10.532253, 49,       128, 44,        94, 45,       120, 56, 34.311562, 64, 34.951782, 67, 710.83447, 72, 286.57996, 77, 40.031250, 83,         0,110,         1,116,         4
59C,2019/02/28 22:15:00, 50, 10.621107, 49,       128, 44,        94, 45,       120, 56, 34.311562, 64, 34.942627, 67, 710.83447, 72, 286.34857, 77, 40.031250, 83,         0,110,         1,116,         4
53C,2019/02/28 22:16:00, 50, 11.144501, 49,       128, 44,        94, 45,       120, 56, 34.311562, 64, 34.945679, 67, 710.83447, 72, 285.85657, 77, 40.000000, 83,         0,110,         1,116,         4
58C,2019/02/28 22:17:00, 50, 10.094627, 49,       128, 44,        94, 45,       120, 56, 34.311562, 64, 34.970093, 67, 710.83447, 72, 285.85541, 77, 40.000000, 83,         0,110,         1,116,         4
56C,2019/02/28 22:18:00, 50, 9.1499367, 49,       128, 44,        94, 45,       120, 56, 34.311562, 64, 35.009766, 67, 710.83447, 72, 285.09900, 77, 39.937500, 83,         0,110,         1,116,         4
52C,2019/02/28 22:19:00, 50, 8.9034233, 49,       128, 44,        94, 45,       120, 56, 34.311562, 64, 34.954834, 67, 710.83447, 72, 285.20544, 77, 39.937500, 83,         0,110,         1,116,         4
56C,2019/02/28 22:20:00, 50, 9.6499004, 49,       128, 44,        94, 45,       120, 56, 34.311562, 64, 34.948730, 67, 710.83447, 72, 284.98334, 77, 39.906250, 83,         0,110,         1,116,         4
5AC,2019/02/28 22:21:00, 50, 10.217754, 49,       128, 44,        94, 45,       120, 56, 34.311562, 64, 34.991455, 67, 710.83447, 72, 284.50891, 77, 39.843750, 83,         0,110,         1,116,         4
5DC,2019/02/28 22:22:00, 50, 7.8204813, 49,       128, 44,        94, 45,       120, 56, 34.311562, 64, 35.049438, 67, 710.83447, 72, 284.35022, 77, 39.687500, 83,         0,110,         1,116,         4
5DC,2019/02/28 22:23:00, 50, 7.5562057, 49,       128, 44,        94, 45,       120, 56, 34.311562, 64, 35.092163, 67, 710.83447, 72, 283.78516, 77, 39.812500, 83,         0,110,         1,116,         4
5CC,2019/02/28 22:24:00, 50, 7.6682739, 49,       128, 44,        94, 45,       120, 56, 34.311562, 64, 35.067749, 67, 710.83447, 72, 284.40607, 77, 39.750000, 83,         0,110,         1,116,         4
56C,2019/02/28 22:25:00, 50, 8.3505573, 49,       128, 44,        94, 45,       120, 56, 34.311562, 64, 34.985352, 67, 710.83447, 72, 283.50507, 77, 39.687500, 83,         0,110,         1,116,         4
54C,2019/02/28 22:26:00, 50, 9.3552265, 49,       128, 44,        94, 45,       120, 56, 34.311562, 64, 34.945679, 67, 710.83447, 72, 283.12946, 77, 39.625000, 83,         0,110,         1,116,         4
5BC,2019/02/28 22:27:00, 50, 9.2197781, 49,       128, 44,        94, 45,       120, 56, 34.311562, 64, 35.000610, 67, 710.83447, 72, 283.01111, 77, 39.656250, 83,         0,110,         1,116,         4
52C,2019/02/28 22:28:00, 50, 10.574385, 49,       128, 44,        94, 45,       120, 56, 34.311562, 64, 35.083008, 67, 710.83447, 72, 282.80701, 77, 39.687500, 83,         0,110,         1,116,         4
56C,2019/02/28 22:29:00, 50, 11.272612, 49,       128, 44,        94, 45,       120, 56, 34.311562, 64, 35.070801, 67, 710.83447, 72, 282.61902, 77, 39.593750, 83,         0,110,         1,116,         4
50C,2019/02/28 22:30:00, 50, 12.442987, 49,       128, 44,        94, 45,       120, 56, 34.311562, 64, 34.970093, 67, 710.83447, 72, 282.48932, 77, 39.500000, 83,         0,110,         1,116,         4
56C,2019/02/28 22:31:00, 50, 12.328581, 49,       128, 44,        94, 45,       120, 56, 34.311562, 64, 34.963989, 67, 710.83447, 72, 282.29095, 77, 39.531250, 83,         0,110,         1,116,         4
5FC,2019/02/28 22:32:00, 50, 11.583763, 49,       128, 44,        94, 45,       120, 56, 34.311562, 64, 34.979248, 67, 710.83447, 72, 282.19513, 77, 39.500000, 83,         0,110,         1,116,         4
5AC,2019/02/28 22:33:00, 50, 11.002817, 49,       128, 44,        94, 45,       120, 56, 34.311562, 64, 34.921265, 67, 710.83447, 72, 282.54541, 77, 39.593750, 83,         0,110,         1,116,         4
5AC,2019/02/28 22:34:00, 50, 11.711521, 49,       128, 44,        94, 45,       120, 56, 34.311562, 64, 35.101318, 67, 710.83447, 72, 282.94452, 77, 39.468750, 83,         0,110,         1,116,         4
5CC,2019/02/28 22:35:00, 50, 10.158653, 49,       128, 44,        94, 45,       120, 56, 34.311562, 64, 35.095215, 67, 710.83447, 72, 281.84546, 77, 39.437500, 83,         0,110,         1,116,         4
59C,2019/02/28 22:36:00, 50, 10.334217, 49,       128, 44,        94, 45,       120, 56, 34.311562, 64, 34.909058, 67, 710.83447, 72, 281.70990, 77, 39.500000, 83,         0,110,         1,116,         4
56C,2019/02/28 22:37:00, 50, 11.979576, 49,       128, 44,        94, 45,       120, 56, 34.311562, 64, 35.034180, 67, 710.83447, 72, 281.82196, 77, 39.468750, 83,         0,110,         1,116,         4
5EC,2019/02/28 22:38:00, 50, 10.096416, 49,       128, 44,        94, 45,       120, 56, 34.311562, 64, 35.119629, 67, 710.83447, 72, 281.74023, 77, 39.593750, 83,         0,110,         1,116,         4
52C,2019/02/28 22:39:00, 50, 11.192316, 49,       128, 44,        94, 45,       120, 56, 34.311562, 64, 34.909058, 67, 710.83447, 72, 281.70715, 77, 39.593750, 83,         0,110,         1,116,         4
59C,2019/02/28 22:40:00, 50, 11.896122, 49,       128, 44,        94, 45,       120, 56, 34.311562, 64, 35.055542, 67, 710.83447, 72, 281.91968, 77, 39.562500, 83,         0,110,         1,116,         4
5CC,2019/02/28 22:41:00, 50, 12.144289, 49,       128, 44,        94, 45,       120, 56, 34.311562, 64, 35.089111, 67, 710.83447, 72, 282.39575, 77, 39.500000, 83,         0,110,         1,116,         4
51C,2019/02/28 22:42:00, 50, 12.387188, 49,       128, 44,        94, 45,       120, 56, 34.311562, 64, 34.902954, 67, 710.83447, 72, 282.85828, 77, 39.562500, 83,         0,110,         1,116,         4
5BC,2019/02/28 22:43:00, 50, 12.613508, 49,       128, 44,        94, 45,       120, 56, 34.311562, 64, 35.131836, 67, 710.83447, 72, 283.52380, 77, 39.406250, 83,         0,110,         1,116,         4
57C,2019/02/28 22:44:00, 50, 11.732258, 49,       128, 44,        94, 45,       120, 56, 34.311562, 64, 34.973145, 67, 710.83447, 72, 284.15198, 77, 39.531250, 83,         0,110,         1,116,         4
5AC,2019/02/28 22:45:00, 50, 11.499992, 49,       128, 44,        94, 45,       120, 56, 34.311562, 64, 34.994507, 67, 710.83447, 72, 284.49127, 77, 39.406250, 83,         0,110,         1,116,         4
50C,2019/02/28 22:46:00, 50, 9.7101917, 49,       128, 44,        94, 45,       120, 56, 34.311562, 64, 35.101318, 67, 710.83447, 72, 284.57104, 77, 39.468750, 83,         0,110,         1,116,         4
50C,2019/02/28 22:47:00, 50, 10.677591, 49,       128, 44,        94, 45,       120, 56, 34.311562, 64, 34.918213, 67, 710.83447, 72, 284.83716, 77, 39.500000, 83,         0,110,         1,116,         4
50C,2019/02/28 22:48:00, 50, 10.450800, 49,       128, 44,        94, 45,       120, 56, 34.311562, 64, 35.144043, 67, 710.83447, 72, 284.98199, 77, 39.562500, 83,         0,110,         1,116,         4
5BC,2019/02/28 22:49:00, 50, 11.729155, 49,       128, 44,        94, 45,       120, 56, 34.311562, 64, 34.906006, 67, 710.83447, 72, 284.80353, 77, 39.468750, 83,         0,110,         1,116,         4
57C,2019/02/28 22:50:00, 50, 13.022064, 49,       128, 44,        94, 45,       120, 56, 34.311562, 64, 35.134888, 67, 710.83447, 72, 285.21338, 77, 39.531250, 83,         0,110,         1,116,         4
5BC,2019/02/28 22:51:00, 50, 13.146257, 49,       128, 44,        94, 45,       120, 56, 34.311562, 64, 34.918213, 67, 710.83447, 72, 285.39142, 77, 39.500000, 83,         0,110,         1,116,         4
5CC,2019/02/28 22:52:00, 50, 11.870216, 49,       128, 44,        94, 45,       120, 56, 34.311562, 64, 35.113525, 67, 710.83447, 72, 285.48218, 77, 39.531250, 83,         0,110,         1,116,         4
5CC,2019/02/28 22:53:00, 50, 11.697180, 49,       128, 44,        94, 45,       120, 56, 34.311562, 64, 34.933472, 67, 710.83447, 72, 285.56689, 77, 39.375000, 83,         0,110,         1,116,         4
53C,2019/02/28 22:54:00, 50, 10.959105, 49,       128, 44,        94, 45,       120, 56, 34.311562, 64, 35.122681, 67, 710.83447, 72, 285.79352, 77, 39.375000, 83,         0,110,         1,116,         4
58C,2019/02/28 22:55:00, 50, 10.588686, 49,       128, 44,        94, 45,       120, 56, 34.311562, 64, 34.918213, 67, 710.83447, 72, 286.12354, 77, 39.531250, 83,         0,110,         1,116,         4
5DC,2019/02/28 22:56:00, 50, 10.780935, 49,       128, 44,        94, 45,       120, 56, 34.311562, 64, 35.144043, 67, 710.83447, 72, 286.28064, 77, 39.406250, 83,         0,110,         1,116,         4
51C,2019/02/28 22:57:00, 50, 12.285416, 49,       128, 44,        94, 45,       120, 56, 34.311562, 64, 34.906006, 67, 710.83447, 72, 286.46979, 77, 39.312500, 83,         0,110,         1,116,         4
5CC,2019/02/28 22:58:00, 50, 13.409687, 49,       128, 44,        94, 45,       120, 56, 34.311562, 64, 35.137939, 67, 710.83447, 72, 286.61237, 77, 39.562500, 83,         0,110,         1,116,         4
5EC,2019/02/28 22:59:00, 50, 12.303009, 49,       128, 44,        94, 45,       120, 56, 34.311562, 64, 34.945679, 67, 710.83447, 72, 286.66748, 77, 39.343750, 83,         0,110,         1,116,         4
58C,2019/02/28 23:00:00, 50, 11.095945, 49,       128, 44,        94, 45,       120, 56, 34.311562, 64, 35.040283, 67, 710.83447, 72, 286.57880, 77, 39.343750, 83,         0,110,         1,116,         4
56C,2019/02/28 23:01:00, 50, 11.546135, 49,       128, 44,        94, 45,       120, 56, 34.311562, 64, 35.070801, 67, 710.83447, 72, 286.24609, 77, 39.500000, 83,         0,110,         1,116,         4
58C,2019/02/28 23:02:00, 50, 11.454704, 49,       128, 44,        94, 45,       120, 56, 34.311562, 64, 34.918213, 67, 710.83447, 72, 285.92877, 77, 39.468750, 83,         0,110,         1,116,         4
53C,2019/02/28 23:03:00, 50, 12.062134, 49,       128, 44,        94, 45,       120, 56, 34.311562, 64, 35.147095, 67, 710.83447, 72, 286.24951, 77, 39.375000, 83,         0,110,         1,116,         4
52C,2019/02/28 23:04:00, 50, 13.372232, 49,       128, 44,        94, 45,       120, 56, 34.311562, 64, 34.967041, 67, 710.83447, 72, 285.84760, 77, 39.343750, 83,         0,110,         1,116,         4
57C,2019/02/28 23:05:00, 50, 12.354458, 49,       128, 44,        94, 45,       120, 56, 34.311562, 64, 34.970093, 67, 710.83447, 72, 285.58282, 77, 39.281250, 83,         0,110,         1,116,         4
51C,2019/02/28 23:06:00, 50, 11.530361, 49,       128, 44,        94, 45,       120, 56, 34.311562, 64, 35.147095, 67, 710.83447, 72, 285.29388, 77, 39.312500, 83,         0,110,         1,116,         4
59C,2019/02/28 23:07:00, 50, 11.501884, 49,       128, 44,        94, 45,       120, 56, 34.311562, 64, 34.948730, 67, 710.83447, 72, 285.28979, 77, 39.312500, 83,         0,110,         1,116,         4
5AC,2019/02/28 23:08:00, 50, 10.163748, 49,       128, 44,        94, 45,       120, 56, 34.311562, 64, 34.979248, 67, 710.83447, 72, 285.02454, 77, 39.312500, 83,         0,110,         1,116,         4
59C,2019/02/28 23:09:00, 50, 9.6595688, 49,       128, 44,        94, 45,       120, 56, 34.311562, 64, 35.147095, 67, 710.83447, 72, 285.10480, 77, 39.312500, 83,         0,110,         1,116,         4
54C,2019/02/28 23:10:00, 50, 10.190697, 49,       128, 44,        94, 45,       120, 56, 34.311562, 64, 34.985352, 67, 710.83447, 72, 285.13422, 77, 39.312500, 83,         0,110,         1,116,         4
57C,2019/02/28 23:11:00, 50, 9.7458076, 49,       128, 44,        94, 45,       120, 56, 34.311562, 64, 34.921265, 67, 710.83447, 72, 285.15552, 77, 39.187500, 83,         0,110,         1,116,         4
5FC,2019/02/28 23:12:00, 50, 9.0450726, 49,       128, 44,        94, 45,       120, 56, 34.311562, 64, 35.107422, 67, 710.83447, 72, 285.30115, 77, 39.406250, 83,         0,110,         1,116,         4
5AC,2019/02/28 23:13:00, 50, 9.2740917, 49,       128, 44,        94, 45,       120, 56, 34.311562, 64, 35.104370, 67, 710.83447, 72, 285.15863, 77, 39.375000, 83,         0,110,         1,116,         4
54C,2019/02/28 23:14:00, 50, 10.559305, 49,       128, 44,        94, 45,       120, 56, 34.311562, 64, 34.930420, 67, 710.83447, 72, 285.22375, 77, 39.312500, 83,         0,110,         1,116,         4
41C,2019/02/28 23:15:00, 50, 9.9463062, 49,        64, 44,        94, 45,       120, 56, 34.311562, 64, 34.942627, 67, 710.83447, 72, 285.23163, 77, 39.250000, 83,         0,110,         1,116,         4
54C,2019/02/28 23:16:00, 50, 9.5393887, 49,       128, 44,        94, 45,       120, 56, 34.311562, 64, 35.104370, 67, 710.83447, 72, 285.02991, 77, 39.312500, 83,         0,110,         1,116,         4
59C,2019/02/28 23:17:00, 50, 9.2372093, 49,       128, 44,        94, 45,       120, 56, 34.311562, 64, 35.128784, 67, 710.83447, 72, 284.49835, 77, 39.281250, 83,         0,110,         1,116,         4
5BC,2019/02/28 23:18:00, 50, 9.1409321, 49,       128, 44,        94, 45,       120, 56, 34.311562, 64, 34.988403, 67, 710.83447, 72, 284.41296, 77, 39.250000, 83,         0,110,         1,116,         4
59C,2019/02/28 23:19:00, 50, 8.5622272, 49,       128, 44,        94, 45,       120, 56, 34.311562, 64, 34.906006, 67, 710.83447, 72, 284.81000, 77, 39.187500, 83,         0,110,         1,116,         4
5AC,2019/02/28 23:20:00, 50, 8.7068348, 49,       128, 44,        94, 45,       120, 56, 34.311562, 64, 34.976196, 67, 710.83447, 72, 284.27228, 77, 39.187500, 83,         0,110,         1,116,         4
53C,2019/02/28 23:21:00, 50, 8.7415791, 49,       128, 44,        94, 45,       120, 56, 34.311562, 64, 35.110474, 67, 710.83447, 72, 284.39148, 77, 39.250000, 83,         0,110,         1,116,         4
56C,2019/02/28 23:22:00, 50, 9.3410988, 49,       128, 44,        94, 45,       120, 56, 34.311562, 64, 35.140991, 67, 710.83447, 72, 284.72827, 77, 39.187500, 83,         0,110,         1,116,         4
5FC,2019/02/28 23:23:00, 50, 9.5907097, 49,       128, 44,        94, 45,       120, 56, 34.311562, 64, 35.064697, 67, 710.83447, 72, 284.63245, 77, 39.218750, 83,         0,110,         1,116,         4
50C,2019/02/28 23:24:00, 50, 11.020353, 49,       128, 44,        94, 45,       120, 56, 34.311562, 64, 34.951782, 67, 710.83447, 72, 284.33649, 77, 39.281250, 83,         0,110,         1,116,         4
5EC,2019/02/28 23:25:00, 50, 10.170738, 49,       128, 44,        94, 45,       120, 56, 34.311562, 64, 35.089111, 67, 710.83447, 72, 284.27533, 77, 39.437500, 83,         0,110,         1,116,         4
5EC,2019/02/28 23:26:00, 50, 9.9353237, 49,       128, 44,        94, 45,       120, 56, 34.311562, 64, 35.058594, 67, 710.83447, 72, 284.48682, 77, 39.187500, 83,         0,110,         1,116,         4
51C,2019/02/28 23:27:00, 50, 9.4824543, 49,       128, 44,        94, 45,       120, 56, 34.311562, 64, 35.009766, 67, 710.83447, 72, 283.85175, 77, 39.156250, 83,         0,110,         1,116,         4
57C,2019/02/28 23:28:00, 50, 9.2196388, 49,       128, 44,        94, 45,       120, 56, 34.311562, 64, 34.970093, 67, 710.83447, 72, 284.00861, 77, 39.343750, 83,         0,110,         1,116,         4
5EC,2019/02/28 23:29:00, 50, 9.1554737, 49,       128, 44,        94, 45,       120, 56, 34.311562, 64, 34.951782, 67, 710.83447, 72, 284.35980, 77, 39.187500, 83,         0,110,         1,116,         4
51C,2019/02/28 23:30:00, 50, 9.6195564, 49,       128, 44,        94, 45,       120, 56, 34.311562, 64, 34.954834, 67, 710.83447, 72, 283.97192, 77, 39.406250, 83,         0,110,         1,116,         4
5EC,2019/02/28 23:31:00, 50, 10.294249, 49,       128, 44,        94, 45,       120, 56, 34.311562, 64, 34.970093, 67, 710.83447, 72, 283.70129, 77, 39.156250, 83,         0,110,         1,116,         4
5CC,2019/02/28 23:32:00, 50, 9.7188644, 49,       128, 44,        94, 45,       120, 56, 34.311562, 64, 34.988403, 67, 710.83447, 72, 283.40558, 77, 39.250000, 83,         0,110,         1,116,         4
5EC,2019/02/28 23:33:00, 50, 8.3460522, 49,       128, 44,        94, 45,       120, 56, 34.311562, 64, 35.003662, 67, 710.83447, 72, 283.09509, 77, 39.125000, 83,         0,110,         1,116,         4
5BC,2019/02/28 23:34:00, 50, 8.8722858, 49,       128, 44,        94, 45,       120, 56, 34.311562, 64, 35.015869, 67, 710.83447, 72, 282.66797, 77, 39.156250, 83,         0,110,         1,116,         4
5FC,2019/02/28 23:35:00, 50, 9.0106602, 49,       128, 44,        94, 45,       120, 56, 34.311562, 64, 35.021973, 67, 710.83447, 72, 282.46161, 77, 39.093750, 83,         0,110,         1,116,         4
54C,2019/02/28 23:36:00, 50, 9.0265980, 49,       128, 44,        94, 45,       120, 56, 34.311562, 64, 35.028076, 67, 710.83447, 72, 282.36414, 77, 39.125000, 83,         0,110,         1,116,         4
5DC,2019/02/28 23:37:00, 50, 8.6358891, 49,       128, 44,        94, 45,       120, 56, 34.311562, 64, 35.028076, 67, 710.83447, 72, 282.54041, 77, 39.250000, 83,         0,110,         1,116,         4
5CC,2019/02/28 23:38:00, 50, 9.3452854, 49,       128, 44,        94, 45,       120, 56, 34.311562, 64, 35.025024, 67, 710.83447, 72, 282.19250, 77, 39.093750, 83,         0,110,         1,116,         4
50C,2019/02/28 23:39:00, 50, 9.5784912, 49,       128, 44,        94, 45,       120, 56, 34.311562, 64, 35.015869, 67, 710.83447, 72, 282.27448, 77, 39.093750, 83,         0,110,         1,116,         4
5BC,2019/02/28 23:40:00, 50, 10.227856, 49,       128, 44,        94, 45,       120, 56, 34.311562, 64, 35.003662, 67, 710.83447, 72, 282.27991, 77, 39.125000, 83,         0,110,         1,116,         4
50C,2019/02/28 23:41:00, 50, 10.726879, 49,       128, 44,        94, 45,       120, 56, 34.311562, 64, 34.991455, 67, 710.83447, 72, 282.18964, 77, 39.125000, 83,         0,110,         1,116,         4
5EC,2019/02/28 23:42:00, 50, 9.9146042, 49,       128, 44,        94, 45,       120, 56, 34.311562, 64, 34.970093, 67, 710.83447, 72, 281.75439, 77, 39.125000, 83,         0,110,         1,116,         4
53C,2019/02/28 23:43:00, 50, 10.559278, 49,       128, 44,        94, 45,       120, 56, 34.311562, 64, 34.951782, 67, 710.83447, 72, 281.78107, 77, 39.187500, 83,         0,110,         1,116,         4
51C,2019/02/28 23:44:00, 50, 10.876558, 49,       128, 44,        94, 45,       120, 56, 34.311562, 64, 34.954834, 67, 710.83447, 72, 281.69391, 77, 39.062500, 83,         0,110,         1,116,         4
5AC,2019/02/28 23:45:00, 50, 10.844782, 49,       128, 44,        94, 45,       120, 56, 34.311562, 64, 34.973145, 67, 710.83447, 72, 281.78162, 77, 39.187500, 83,         0,110,         1,116,         4
5EC,2019/02/28 23:46:00, 50, 11.495024, 49,       128, 44,        94, 45,       120, 56, 34.311562, 64, 35.012817, 67, 710.83447, 72, 281.81555, 77, 39.062500, 83,         0,110,         1,116,         4
58C,2019/02/28 23:47:00, 50, 10.949303, 49,       128, 44,        94, 45,       120, 56, 34.311562, 64, 35.055542, 67, 710.83447, 72, 281.68744, 77, 39.125000, 83,         0,110,         1,116,         4
53C,2019/02/28 23:48:00, 50, 10.577772, 49,       128, 44,        94, 45,       120, 56, 34.311562, 64, 35.086060, 67, 710.83447, 72, 281.67108, 77, 39.187500, 83,         0,110,         1,116,         4
5CC,2019/02/28 23:49:00, 50, 10.943523, 49,       128, 44,        94, 45,       120, 56, 34.311562, 64, 35.089111, 67, 710.83447, 72, 281.79907, 77, 39.093750, 83,         0,110,         1,116,         4
51C,2019/02/28 23:50:00, 50, 10.919687, 49,       128, 44,        94, 45,       120, 56, 34.311562, 64, 35.049438, 67, 710.83447, 72, 281.95624, 77, 39.062500, 83,         0,110,         1,116,         4
50C,2019/02/28 23:51:00, 50, 10.919687, 49,       128, 44,        94, 45,       120, 56, 34.311562, 64, 34.982300, 67, 710.83447, 72, 281.95624, 77, 39.062500, 83,         4,110,         6,116,         4
57C,2019/02/28 23:52:00, 50, 10.919687, 49,       128, 44,        94, 45,       120, 56, 34.311562, 64, 34.951782, 67, 710.83447, 72, 281.95624, 77, 39.031250, 83,         4,110,         6,116,         4
56C,2019/02/28 23:53:00, 50, 10.919687, 49,       128, 44,        94, 45,       120, 56, 34.311562, 64, 34.991455, 67, 710.83447, 72, 281.95624, 77, 39.000000, 83,         4,110,         6,116,         4
5BC,2019/02/28 23:54:00, 50, 10.919687, 49,       128, 44,        94, 45,       120, 56, 34.311562, 64, 35.070801, 67, 710.83447, 72, 281.95624, 77, 39.062500, 83,         4,110,         7,116,         4
55C,2019/02/28 23:55:00, 50, 10.919687, 49,       128, 44,        94, 45,       120, 56, 34.311562, 64, 35.086060, 67, 710.83447, 72, 281.95624, 77, 39.093750, 83,         4,110,         7,116,         4
50C,2019/02/28 23:56:00, 50, 10.919687, 49,       128, 44,        94, 45,       120, 56, 34.311562, 64, 35.018921, 67, 710.83447, 72, 281.95624, 77, 39.156250, 83,         4,110,         7,116,         4
54C,2019/02/28 23:57:00, 50, 10.919687, 49,       128, 44,        94, 45,       120, 56, 34.311562, 64, 34.954834, 67, 710.83447, 72, 281.95624, 77, 39.156250, 83,         4,110,         7,116,         4
57C,2019/02/28 23:58:00, 50, 10.919687, 49,       128, 44,        94, 45,       120, 56, 34.311562, 64, 35.000610, 67, 710.83447, 72, 281.95624, 77, 39.093750, 83,         4,110,         7,116,         4
53C,2019/02/28 23:59:00, 50, 10.919687, 49,       128, 44,        94, 45,       120, 56, 34.311562, 64, 35.089111, 67, 710.83447, 72, 281.95624, 77, 39.218750, 83,         0,110,         0,116,         4
