4BC,2016/10/31 19:28:00, 50, 0.0000000, 13,       187, 49,       128, 56, 1.0037853, 72, 499.45380, 73, 508.22778, 77, 19.906250, 79, 1.2493613, 83,     43777,110,        29,116,         4, 84,-0.0001526
40C,2016/10/31 19:29:00, 50, 0.0000000, 13,       243, 49,         4, 56, 1.0037853, 72, 499.50049, 73, 508.78339, 77, 20.343750, 79, 1.2444999, 83,     43777,110,        29,116,         4, 84, 4.2866516
45C,2016/10/31 19:30:00, 50, 0.0000000, 13,       183, 49,         4, 56, 1.0037853, 72, 499.60217, 73, 508.92963, 77, 20.750000, 79, 1.2396387, 83,     43777,110,        29,116,         4, 84, 4.2866516
4DC,2016/10/31 19:31:00, 50, 0.0000000, 13,       123, 49,         4, 56, 1.0037853, 72, 499.59131, 73, 509.04657, 77, 21.125000, 79, 1.2444999, 83,     43777,110,        29,116,         4, 84, 4.2866516
55C,2016/10/31 19:32:00, 50, 0.0000000, 13,        63, 49,         4, 56, 1.0037853, 72, 499.60645, 73, 509.19281, 77, 21.468750, 79, 1.2396387, 83,     43777,110,        29,116,         4, 84, 4.2866516
49C,2016/10/31 19:33:00, 50, 0.0000000, 13,         3, 49,         8, 56, 1.0037853, 72, 499.55994, 73, 509.22205, 77, 21.843750, 79, 1.2347773, 83,     43777,110,        29,116,         4, 84, 4.2866516
41C,2016/10/31 19:34:00, 50, 0.0000000, 13,         5, 49,         1, 56, 1.0037853, 72, 499.41486, 73, 510.80109, 77, 22.218750, 79, 1.2347773, 83,     43777,110,        29,116,         4, 84, 2.1562195
58C,2016/10/31 19:35:00, 50, 0.0000000, 13,        17, 49,         1, 56, 1.0037853, 72, 499.36792, 73, 510.88879, 77, 22.562500, 79, 1.2347773, 83,     43777,110,        29,116,         4, 84, 3.9134216
57C,2016/10/31 19:36:00, 50, 0.0000000, 13,        17, 49,         1, 56, 1.0037853, 72, 499.29797, 73, 511.00580, 77, 22.906250, 79, 1.2299160, 83,     43777,110,        29,116,         4, 84, 3.9543152
51C,2016/10/31 19:37:00, 50, 0.0000000, 13,        18, 49,         1, 56, 1.0037853, 72, 499.25684, 73, 511.12274, 77, 23.218750, 79, 1.2347773, 83,     43777,110,        29,116,         4, 84, 3.8725281
5AC,2016/10/31 19:38:00, 50, 0.0000000, 13,        19, 49,         1, 56, 1.0037853, 72, 499.20789, 73, 511.26898, 77, 23.562500, 79, 1.2250546, 83,     43777,110,        29,116,         4, 84, 3.8607788
53C,2016/10/31 19:39:00, 50, 0.0000000, 13,        20, 49,         1, 56, 1.0037853, 72, 499.15265, 73, 511.35669, 77, 23.843750, 79, 1.2347773, 83,     43777,110,        29,116,         4, 84, 3.8977051
50C,2016/10/31 19:40:00, 50, 0.0000000, 13,        22, 49,         1, 56, 1.0037853, 72, 499.10254, 73, 511.44440, 77, 24.093750, 79, 1.2347773, 83,     43777,110,        29,116,         4, 84, 3.8899231
59C,2016/10/31 19:41:00, 50, 0.0000000, 13,        24, 49,         1, 56, 1.0037853, 72, 499.04156, 73, 511.53217, 77, 24.406250, 79, 1.2201934, 83,     43777,110,        29,116,         4, 84, 3.9636230
53C,2016/10/31 19:42:00, 50, 0.0000000, 13,        24, 49,         1, 56, 1.0037853, 72, 499.01428, 73, 511.64911, 77, 24.687500, 79, 1.2299160, 83,     43777,110,        29,116,         4, 84, 3.8165283
56C,2016/10/31 19:43:00, 50, 0.0000000, 13,        28, 49,         1, 56, 1.0037853, 72, 499.16626, 73, 510.53790, 77, 25.031250, 79, 1.2299160, 83,     43777,110,        29,116,         4, 84, 4.0179443
5FC,2016/10/31 19:44:00, 50, 0.0000000, 13,        28, 49,         1, 56, 1.0037853, 72, 499.23761, 73, 510.59637, 77, 25.375000, 79, 1.2347773, 83,     43777,110,        29,116,         4, 84, 3.8977051
5BC,2016/10/31 19:45:00, 50, 0.0000000, 13,        30, 49,         1, 56, 1.0037853, 72, 499.29877, 73, 510.71338, 77, 25.656250, 79, 1.2299160, 83,     43777,110,        29,116,         4, 84, 3.9144897
59C,2016/10/31 19:46:00, 50, 0.0000000, 13,        31, 49,         1, 56, 1.0037853, 72, 499.34705, 73, 510.74261, 77, 25.968750, 79, 1.2250546, 83,     43777,110,        29,116,         4, 84, 3.7188721
59C,2016/10/31 19:47:00, 50, 0.0000000, 13,        38, 49,         1, 56, 1.0037853, 72, 499.37024, 73, 510.85956, 77, 26.281250, 79, 1.2347773, 83,     41729,110,        29,116,         4, 84, 3.7094116
5EC,2016/10/31 19:48:00, 50, 0.0000000, 13,        43, 49,         1, 56, 1.0037853, 72, 499.40399, 73, 510.88879, 77, 26.531250, 79, 1.2347773, 83,     41729,110,        29,116,         4, 84, 3.6096191
57C,2016/10/31 19:49:00, 50, 0.0000000, 13,        46, 49,         1, 56, 1.0037853, 72, 499.38745, 73, 510.94733, 77, 26.843750, 79, 1.2201934, 83,     41729,110,        29,116,         4, 84, 3.6953735
47C,2016/10/31 19:50:00, 50, 0.0000000, 13,        51, 49,         1, 56, 1.0037853, 72, 499.37292, 73, 511.03503, 77, 27.156250, 79, 1.2201934, 83,     33284,110,         6,116,         4, 84, 3.6947632
4CC,2016/10/31 19:51:00, 50, 0.0000000, 13,        57, 49,         1, 56, 1.0037853, 72, 499.37292, 73, 511.12274, 77, 27.437500, 79, 1.2299160, 83,     33284,110,         6,116,         4, 84, 3.8459778
4BC,2016/10/31 19:52:00, 50, 0.0000000, 13,        60, 49,         1, 56, 1.0037853, 72, 499.37292, 73, 511.21051, 77, 27.718750, 79, 1.2299160, 83,     33284,110,         6,116,         4, 84, 3.8438416
4EC,2016/10/31 19:53:00, 50, 0.0000000, 13,        63, 49,         1, 56, 1.0037853, 72, 499.37292, 73, 511.35669, 77, 28.000000, 79, 1.2347773, 83,     33284,110,         6,116,         4, 84, 3.8020325
4EC,2016/10/31 19:54:00, 50, 0.0000000, 13,        65, 49,         1, 56, 1.0037853, 72, 499.37292, 73, 511.38593, 77, 28.218750, 79, 1.2250546, 83,     33284,110,         6,116,         4, 84, 3.8455200
48C,2016/10/31 19:55:00, 50, 0.0000000, 13,        67, 49,         1, 56, 1.0037853, 72, 499.37292, 73, 511.47369, 77, 28.437500, 79, 1.2201934, 83,     33284,110,         7,116,         4, 84, 3.8496399
47C,2016/10/31 19:56:00, 50, 0.0000000, 13,        68, 49,         1, 56, 1.0037853, 72, 499.37292, 73, 511.50293, 77, 28.687500, 79, 1.2250546, 83,     33280,110,         0,116,         4, 84, 3.8092041
42C,2016/10/31 19:57:00, 50, 0.0000000, 13,        70, 49,         1, 56, 1.0037853, 72, 499.37292, 73, 511.56140, 77, 28.875000, 79, 1.2299160, 83,         0,110,         0,116,         4, 84, 3.8169861
4DC,2016/10/31 19:58:00, 50, 0.0000000, 13,        72, 49,         1, 56, 1.0037853, 72, 499.37292, 73, 511.61987, 77, 29.062500, 79, 1.2299160, 83,         0,110,         0,116,         4, 84, 3.8380432
4BC,2016/10/31 19:59:00, 50, 11166.596, 13,        74, 49,         1, 56, 1.0037853, 72, 500.70032, 73, 511.64911, 77, 29.218750, 79, 1.2299160, 83,         0,110,         1,116,         4, 84, 3.8386536
4DC,2016/10/31 20:00:00, 50, 12987.875, 13,        75, 49,         1, 56, 1.0037853, 72, 501.33447, 73, 511.70758, 77, 29.343750, 79, 1.2299160, 83,         0,110,         1,116,         4, 84, 3.8099670
4CC,2016/10/31 20:01:00, 50, 14794.176, 13,        75, 49,         1, 56, 1.0037853, 72, 501.29492, 73, 511.73682, 77, 29.500000, 79, 1.2299160, 83,         0,110,         1,116,         4, 84, 3.8031006
41C,2016/10/31 20:02:00, 50, 10542.410, 13,        78, 49,         1, 56, 1.0037853, 72, 501.28925, 73, 511.76611, 77, 29.656250, 79, 1.2299160, 83,         0,110,         1,116,         4, 84, 3.8145447
4DC,2016/10/31 20:03:00, 50, 9495.4687, 13,        80, 49,         1, 56, 1.0037853, 72, 501.19855, 73, 511.82458, 77, 29.750000, 79, 1.2299160, 83,         0,110,         1,116,         4, 84, 3.8316345
45C,2016/10/31 20:04:00, 50, 10993.400, 13,        81, 49,         1, 56, 1.0037853, 72, 501.13824, 73, 511.82458, 77, 29.875000, 79, 1.2250546, 83,         0,110,         1,116,         4, 84, 3.8490295
4AC,2016/10/31 20:05:00, 50, 10462.494, 13,        82, 49,         1, 56, 1.0037853, 72, 501.11011, 73, 511.88306, 77, 29.937500, 79, 1.2299160, 83,         0,110,         1,116,         4, 84, 3.8336182
4CC,2016/10/31 20:06:00, 50, 9888.4727, 13,        86, 49,         1, 56, 1.0037853, 72, 501.09039, 73, 511.88306, 77, 30.000000, 79, 1.2299160, 83,         0,110,         1,116,         4, 84, 3.8383484
42C,2016/10/31 20:07:00, 50, 13002.523, 13,        86, 49,         1, 56, 1.0037853, 72, 501.07611, 73, 511.94153, 77, 30.125000, 79, 1.2250546, 83,         0,110,         1,116,         4, 84, 3.8140869
49C,2016/10/31 20:08:00, 50, 14302.859, 13,        89, 49,         1, 56, 1.0037853, 72, 501.01880, 73, 511.97076, 77, 30.187500, 79, 1.2250546, 83,         0,110,         1,116,         4, 84, 3.8262939
48C,2016/10/31 20:09:00, 50, 11767.090, 13,        92, 49,         1, 56, 1.0037853, 72, 501.00397, 73, 512.02924, 77, 30.281250, 79, 1.2250546, 83,         0,110,         1,116,         4, 84, 3.7998962
4AC,2016/10/31 20:10:00, 50, 8438.9531, 13,        93, 49,         1, 56, 1.0037853, 72, 500.99622, 73, 512.08777, 77, 30.375000, 79, 1.2153320, 83,         0,110,         1,116,         4, 84, 3.8195801
4AC,2016/10/31 20:11:00, 50, 16054.277, 13,        95, 49,         1, 56, 1.0037853, 72, 500.94537, 73, 512.11700, 77, 30.500000, 79, 1.2347773, 83,         0,110,         1,116,         4, 84, 3.8027954
4AC,2016/10/31 20:12:00, 50, 9782.8203, 13,        97, 49,         1, 56, 1.0037853, 72, 500.94623, 73, 512.14624, 77, 30.656250, 79, 1.2250546, 83,         0,110,         1,116,         4, 84, 3.8108826
40C,2016/10/31 20:13:00, 50, 8546.7305, 13,        98, 49,         1, 56, 1.0037853, 72, 500.87750, 73, 512.17548, 77, 30.750000, 79, 1.2153320, 83,         0,110,         1,116,         4, 84, 3.8212585
56C,2016/10/31 20:14:00, 50, 11748.143, 13,       100, 49,         1, 56, 1.0037853, 72, 500.78174, 73, 512.23395, 77, 30.843750, 79, 1.2153320, 83,         0,110,         1,116,         4, 84, 3.8366699
5FC,2016/10/31 20:15:00, 50, 11871.615, 13,       100, 49,         1, 56, 1.0037853, 72, 500.80585, 73, 512.23395, 77, 30.937500, 79, 1.2201934, 83,         0,110,         1,116,         4, 84, 3.8589478
53C,2016/10/31 20:16:00, 50, 13367.107, 13,       100, 49,         1, 56, 1.0037853, 72, 500.79724, 73, 512.29242, 77, 31.062500, 79, 1.2201934, 83,         0,110,         1,116,         4, 84, 3.8177490
5FC,2016/10/31 20:17:00, 50, 12053.100, 13,       101, 49,         1, 56, 1.0037853, 72, 500.73224, 73, 512.38019, 77, 31.125000, 79, 1.2250546, 83,         0,110,         1,116,         4, 84, 3.8186646
5FC,2016/10/31 20:18:00, 50, 13043.902, 13,       102, 49,         1, 56, 1.0037853, 72, 500.71313, 73, 512.35095, 77, 31.156250, 79, 1.2250546, 83,         0,110,         1,116,         4, 84, 3.8166809
54C,2016/10/31 20:19:00, 50, 13253.277, 13,       103, 49,         1, 56, 1.0037853, 72, 500.71350, 73, 512.40942, 77, 31.375000, 79, 1.2299160, 83,         0,110,         1,116,         4, 84, 3.8316345
58C,2016/10/31 20:20:00, 50, 12850.344, 13,       103, 49,         1, 56, 1.0037853, 72, 500.72839, 73, 512.43866, 77, 31.468750, 79, 1.2250546, 83,         0,110,         1,116,         4, 84, 3.8160706
54C,2016/10/31 20:21:00, 50, 14978.143, 13,       104, 49,         1, 56, 1.0037853, 72, 500.69299, 73, 512.49713, 77, 31.531250, 79, 1.2250546, 83,         0,110,         1,116,         4, 84, 3.8169861
58C,2016/10/31 20:22:00, 50, 12418.945, 13,       104, 49,         1, 56, 1.0037853, 72, 500.61334, 73, 512.52637, 77, 31.562500, 79, 1.2299160, 83,         0,110,         1,116,         4, 84, 3.8172913
50C,2016/10/31 20:23:00, 50, 16787.871, 13,       104, 49,         1, 56, 1.0037853, 72, 500.60492, 73, 512.55560, 77, 31.656250, 79, 1.2153320, 83,         0,110,         1,116,         4, 84, 3.8179016
53C,2016/10/31 20:24:00, 50, 14583.703, 13,       105, 49,         1, 56, 1.0037853, 72, 500.59167, 73, 512.61407, 77, 31.718750, 79, 1.2250546, 83,         0,110,         1,116,         4, 84, 3.8400269
54C,2016/10/31 20:25:00, 50, 15258.471, 13,       105, 49,         1, 56, 1.0037853, 72, 500.58661, 73, 512.64337, 77, 31.781250, 79, 1.2250546, 83,         0,110,         1,116,         4, 84, 3.8372803
59C,2016/10/31 20:26:00, 50, 13252.365, 13,       105, 49,         1, 56, 1.0037853, 72, 500.57928, 73, 512.70184, 77, 31.843750, 79, 1.2299160, 83,         0,110,         1,116,         4, 84, 3.8514709
55C,2016/10/31 20:27:00, 50, 9802.3613, 13,       105, 49,         1, 56, 1.0037853, 72, 500.61810, 73, 512.70184, 77, 31.937500, 79, 1.2250546, 83,         0,110,         1,116,         4, 84, 3.8424683
5EC,2016/10/31 20:28:00, 50, 9165.4180, 13,       105, 49,         1, 56, 1.0037853, 72, 500.56458, 73, 512.76031, 77, 32.031250, 79, 1.2250546, 83,         0,110,         1,116,         4, 84, 3.8407898
50C,2016/10/31 20:29:00, 50, 10450.906, 13,       105, 49,         1, 56, 1.0037853, 72, 500.57874, 73, 512.76031, 77, 32.187500, 79, 1.2201934, 83,         0,110,         1,116,         4, 84, 3.8343811
5DC,2016/10/31 20:30:00, 50, 9743.9902, 13,       105, 49,         1, 56, 1.0037853, 72, 500.60291, 73, 512.78955, 77, 32.281250, 79, 1.2299160, 83,         0,110,         1,116,         4, 84, 3.8240051
5DC,2016/10/31 20:31:00, 50, 11742.516, 13,       105, 49,         1, 56, 1.0037853, 72, 500.53693, 73, 512.81879, 77, 32.312500, 79, 1.2250546, 83,         0,110,         1,116,         4, 84, 3.8179016
5DC,2016/10/31 20:32:00, 50, 11589.525, 13,       105, 49,         1, 56, 1.0037853, 72, 500.56073, 73, 512.84802, 77, 32.406250, 79, 1.2250546, 83,         0,110,         1,116,         4, 84, 3.8026428
5CC,2016/10/31 20:33:00, 50, 16162.730, 13,       106, 49,         1, 56, 1.0037853, 72, 500.52240, 73, 512.90656, 77, 32.406250, 79, 1.2201934, 83,         0,110,         1,116,         4, 84, 3.8368225
50C,2016/10/31 20:34:00, 50, 13853.996, 13,       106, 49,         1, 56, 1.0037853, 72, 500.48883, 73, 512.90656, 77, 32.437500, 79, 1.2250546, 83,         0,110,         1,116,         4, 84, 3.8346863
51C,2016/10/31 20:35:00, 50, 13983.107, 13,       106, 49,         1, 56, 1.0037853, 72, 500.52002, 73, 512.93579, 77, 32.437500, 79, 1.2299160, 83,         0,110,         1,116,         4, 84, 3.8140869
5DC,2016/10/31 20:36:00, 50, 11567.980, 13,       106, 49,         1, 56, 1.0037853, 72, 500.53729, 73, 512.99426, 77, 32.500000, 79, 1.2250546, 83,         0,110,         1,116,         4, 84, 3.8182068
57C,2016/10/31 20:37:00, 50, 9463.3789, 13,       106, 49,         1, 56, 1.0037853, 72, 500.51501, 73, 513.05273, 77, 32.562500, 79, 1.2201934, 83,         0,110,         1,116,         4, 84, 3.8040161
5EC,2016/10/31 20:38:00, 50, 13065.996, 13,       107, 49,         1, 56, 1.0037853, 72, 500.48676, 73, 513.08197, 77, 32.625000, 79, 1.2250546, 83,         0,110,         1,116,         4, 84, 3.8377380
5EC,2016/10/31 20:39:00, 50, 13065.996, 13,       107, 49,         1, 56, 1.0037853, 72, 500.48676, 73, 513.11121, 77, 32.718750, 79, 1.2250546, 83,         4,110,         6,116,         4, 84, 3.8241577
56C,2016/10/31 20:40:00, 50, 13065.996, 13,       107, 49,         1, 56, 1.0037853, 72, 500.48676, 73, 513.14044, 77, 32.750000, 79, 1.2299160, 83,         4,110,         6,116,         4, 84, 3.8175964
5EC,2016/10/31 20:41:00, 50, 13065.996, 13,       108, 49,         1, 56, 1.0037853, 72, 500.48676, 73, 513.19897, 77, 32.812500, 79, 1.2201934, 83,         4,110,         7,116,         4, 84, 3.8127136
58C,2016/10/31 20:42:00, 50, 13065.996, 13,       108, 49,         1, 56, 1.0037853, 72, 500.48676, 73, 513.22821, 77, 32.906250, 79, 1.2250546, 83,         0,110,         0,116,         4, 84, 3.8359070
55C,2016/10/31 20:43:00, 50, 13065.996, 13,       108, 49,         1, 56, 1.0037853, 72, 500.48676, 73, 513.25745, 77, 33.031250, 79, 1.2250546, 83,         0,110,         0,116,         4, 84, 3.8241577
5EC,2016/10/31 20:44:00, 50, 13065.996, 13,       108, 49,         1, 56, 1.0037853, 72, 500.48676, 73, 513.22821, 77, 33.156250, 79, 1.2250546, 83,         0,110,         0,116,         4, 84, 3.8110352
5BC,2016/10/31 20:45:00, 50, 13554.896, 13,       108, 49,         1, 56, 1.0037853, 72, 500.48920, 73, 513.31592, 77, 33.218750, 79, 1.2299160, 83,         0,110,         1,116,         4, 84, 3.8032532
57C,2016/10/31 20:46:00, 50, 13593.043, 13,       109, 49,         1, 56, 1.0037853, 72, 500.50006, 73, 513.31592, 77, 33.218750, 79, 1.2299160, 83,         0,110,         1,116,         4, 84, 3.8302612
54C,2016/10/31 20:47:00, 50, 10684.143, 13,       109, 49,         1, 56, 1.0037853, 72, 500.48474, 73, 513.31592, 77, 33.250000, 79, 1.2299160, 83,         0,110,         1,116,         4, 84, 3.8233948
5FC,2016/10/31 20:48:00, 50, 13099.762, 13,       109, 49,         1, 56, 1.0037853, 72, 500.47931, 73, 513.34515, 77, 33.312500, 79, 1.2347773, 83,         0,110,         1,116,         4, 84, 3.8150024
59C,2016/10/31 20:49:00, 50, 12906.447, 13,       109, 49,         1, 56, 1.0037853, 72, 500.43243, 73, 513.40363, 77, 33.343750, 79, 1.2201934, 83,         0,110,         1,116,         4, 84, 3.8047791
5FC,2016/10/31 20:50:00, 50, 11706.977, 13,       109, 49,         1, 56, 1.0037853, 72, 500.45551, 73, 513.40363, 77, 33.406250, 79, 1.2104707, 83,         0,110,         1,116,         4, 84, 3.8069153
5AC,2016/10/31 20:51:00, 50, 12937.840, 13,       110, 49,         1, 56, 1.0037853, 72, 500.44684, 73, 513.46210, 77, 33.468750, 79, 1.2250546, 83,         0,110,         1,116,         4, 84, 3.8360596
5AC,2016/10/31 20:52:00, 50, 13626.371, 13,       110, 49,         1, 56, 1.0037853, 72, 500.44281, 73, 513.46210, 77, 33.531250, 79, 1.2201934, 83,         0,110,         1,116,         4, 84, 3.8270569
52C,2016/10/31 20:53:00, 50, 13345.914, 13,       110, 49,         1, 56, 1.0037853, 72, 500.42444, 73, 513.52063, 77, 33.562500, 79, 1.2201934, 83,         0,110,         1,116,         4, 84, 3.8169861
53C,2016/10/31 20:54:00, 50, 13282.990, 13,       110, 49,         1, 56, 1.0037853, 72, 500.47876, 73, 513.54987, 77, 33.625000, 79, 1.2299160, 83,         0,110,         1,116,         4, 84, 3.8163757
59C,2016/10/31 20:55:00, 50, 12717.141, 13,       110, 49,         1, 56, 1.0037853, 72, 500.48773, 73, 513.52063, 77, 33.656250, 79, 1.2250546, 83,         0,110,         1,116,         4, 84, 3.8073730
5DC,2016/10/31 20:56:00, 50, 11723.549, 13,       111, 49,         1, 56, 1.0037853, 72, 500.42743, 73, 513.57910, 77, 33.687500, 79, 1.2201934, 83,         0,110,         1,116,         4, 84, 3.8307190
5DC,2016/10/31 20:57:00, 50, 14745.428, 13,       111, 49,         1, 56, 1.0037853, 72, 500.42365, 73, 513.60834, 77, 33.750000, 79, 1.2299160, 83,         0,110,         1,116,         4, 84, 3.8308716
58C,2016/10/31 20:58:00, 50, 11285.543, 13,       111, 49,         1, 56, 1.0037853, 72, 500.43243, 73, 513.66681, 77, 33.781250, 79, 1.2299160, 83,         0,110,         1,116,         4, 84, 3.8258362
54C,2016/10/31 20:59:00, 50, 16436.445, 13,       111, 49,         1, 56, 1.0037853, 72, 500.43170, 73, 513.69604, 77, 33.812500, 79, 1.2347773, 83,         0,110,         1,116,         4, 84, 3.8165283
57C,2016/10/31 21:00:00, 50, 13228.791, 13,       111, 49,         1, 56, 1.0037853, 72, 500.41260, 73, 513.72528, 77, 33.843750, 79, 1.2250546, 83,         0,110,         1,116,         4, 84, 3.8159180
58C,2016/10/31 21:01:00, 50, 13953.645, 13,       111, 49,         1, 56, 1.0037853, 72, 500.42230, 73, 513.75452, 77, 33.906250, 79, 1.2153320, 83,         0,110,         1,116,         4, 84, 3.8137817
5FC,2016/10/31 21:02:00, 50, 9285.3105, 13,       112, 49,         1, 56, 1.0037853, 72, 500.40851, 73, 513.72528, 77, 33.937500, 79, 1.2250546, 83,         0,110,         1,116,         4, 84, 3.8365173
58C,2016/10/31 21:03:00, 50, 10541.793, 13,       112, 49,         1, 56, 1.0037853, 72, 500.45319, 73, 513.78381, 77, 34.000000, 79, 1.2299160, 83,         0,110,         1,116,         4, 84, 3.8313293
57C,2016/10/31 21:04:00, 50, 13983.693, 13,       112, 49,         1, 56, 1.0037853, 72, 500.42828, 73, 513.84229, 77, 34.031250, 79, 1.2250546, 83,         0,110,         1,116,         4, 84, 3.8244629
53C,2016/10/31 21:05:00, 50, 15561.057, 13,       112, 49,         1, 56, 1.0037853, 72, 500.39691, 73, 513.84229, 77, 34.093750, 79, 1.2250546, 83,         0,110,         1,116,         4, 84, 3.8185120
5FC,2016/10/31 21:06:00, 50, 11359.225, 13,       112, 49,         1, 56, 1.0037853, 72, 500.41449, 73, 513.87152, 77, 34.125000, 79, 1.2250546, 83,         0,110,         1,116,         4, 84, 3.8102722
58C,2016/10/31 21:07:00, 50, 6757.9951, 13,       113, 49,         1, 56, 1.0037853, 72, 500.44135, 73, 513.90076, 77, 34.187500, 79, 1.2299160, 83,         0,110,         1,116,         4, 84, 3.8394165
52C,2016/10/31 21:08:00, 50, 10335.891, 13,       113, 49,         1, 56, 1.0037853, 72, 500.48584, 73, 513.90076, 77, 34.250000, 79, 1.2201934, 83,         0,110,         1,116,         4, 84, 3.8394165
55C,2016/10/31 21:09:00, 50, 15169.430, 13,       113, 49,         1, 56, 1.0037853, 72, 500.45349, 73, 513.92999, 77, 34.281250, 79, 1.2201934, 83,         0,110,         1,116,         4, 84, 3.8368225
51C,2016/10/31 21:10:00, 50, 10123.760, 13,       113, 49,         1, 56, 1.0037853, 72, 500.44507, 73, 513.98846, 77, 34.343750, 79, 1.2250546, 83,         0,110,         1,116,         4, 84, 3.8252258
5CC,2016/10/31 21:11:00, 50, 11761.895, 13,       113, 49,         1, 56, 1.0037853, 72, 500.45471, 73, 514.01770, 77, 34.406250, 79, 1.2299160, 83,         0,110,         1,116,         4, 84, 3.8258362
52C,2016/10/31 21:12:00, 50, 11802.875, 13,       113, 49,         1, 56, 1.0037853, 72, 500.48163, 73, 514.01770, 77, 34.468750, 79, 1.2299160, 83,         0,110,         1,116,         4, 84, 3.8243103
5FC,2016/10/31 21:13:00, 50, 11747.402, 13,       113, 49,         1, 56, 1.0037853, 72, 500.45660, 73, 514.04694, 77, 34.500000, 79, 1.2250546, 83,         0,110,         1,116,         4, 84, 3.8203430
5DC,2016/10/31 21:14:00, 50, 11803.961, 13,       113, 49,         1, 56, 1.0037853, 72, 500.40485, 73, 514.07623, 77, 34.531250, 79, 1.2299160, 83,         0,110,         1,116,         4, 84, 3.8117981
50C,2016/10/31 21:15:00, 50, 11450.896, 13,       113, 49,         1, 56, 1.0037853, 72, 500.49402, 73, 514.07623, 77, 34.593750, 79, 1.2153320, 83,         0,110,         1,116,         4, 84, 3.8085937
53C,2016/10/31 21:16:00, 50, 12017.467, 13,       114, 49,         1, 56, 1.0037853, 72, 500.44714, 73, 514.10547, 77, 34.625000, 79, 1.2201934, 83,         0,110,         1,116,         4, 84, 3.8337708
5DC,2016/10/31 21:17:00, 50, 10079.629, 13,       114, 49,         1, 56, 1.0037853, 72, 500.43494, 73, 514.10547, 77, 34.656250, 79, 1.2201934, 83,         0,110,         1,116,         4, 84, 3.8311768
5AC,2016/10/31 21:18:00, 50, 11337.119, 13,       114, 49,         1, 56, 1.0037853, 72, 500.46356, 73, 514.13470, 77, 34.687500, 79, 1.2201934, 83,         0,110,         1,116,         4, 84, 3.8322449
5AC,2016/10/31 21:19:00, 50, 11547.900, 13,       114, 49,         1, 56, 1.0037853, 72, 500.43109, 73, 514.16394, 77, 34.718750, 79, 1.2201934, 83,         0,110,         1,116,         4, 84, 3.8270569
57C,2016/10/31 21:20:00, 50, 11410.463, 13,       114, 49,         1, 56, 1.0037853, 72, 500.46881, 73, 514.16394, 77, 34.812500, 79, 1.2201934, 83,         0,110,         1,116,         4, 84, 3.8229370
50C,2016/10/31 21:21:00, 50, 10291.693, 13,       114, 49,         1, 56, 1.0037853, 72, 500.46173, 73, 514.13470, 77, 34.875000, 79, 1.2153320, 83,         0,110,         1,116,         4, 84, 3.8171387
53C,2016/10/31 21:22:00, 50, 8805.4336, 13,       114, 49,         1, 56, 1.0037853, 72, 500.47803, 73, 514.16394, 77, 34.937500, 79, 1.2201934, 83,         0,110,         1,116,         4, 84, 3.8107300
51C,2016/10/31 21:23:00, 50, 10502.871, 13,       114, 49,         1, 56, 1.0037853, 72, 500.47150, 73, 514.19318, 77, 34.968750, 79, 1.2153320, 83,         0,110,         1,116,         4, 84, 3.8104248
54C,2016/10/31 21:24:00, 50, 10436.119, 13,       115, 49,         1, 56, 1.0037853, 72, 500.49298, 73, 514.22241, 77, 35.031250, 79, 1.2201934, 83,         0,110,         1,116,         4, 84, 3.8401794
5AC,2016/10/31 21:25:00, 50, 12272.904, 13,       115, 49,         1, 56, 1.0037853, 72, 500.47882, 73, 514.28088, 77, 35.093750, 79, 1.2201934, 83,         0,110,         1,116,         4, 84, 3.8369751
52C,2016/10/31 21:26:00, 50, 11203.660, 13,       115, 49,         1, 56, 1.0037853, 72, 500.47491, 73, 514.28088, 77, 35.125000, 79, 1.2201934, 83,         0,110,         1,116,         4, 84, 3.8301086
55C,2016/10/31 21:27:00, 50, 12376.432, 13,       115, 49,         1, 56, 1.0037853, 72, 500.43237, 73, 514.31012, 77, 35.156250, 79, 1.2104707, 83,         0,110,         1,116,         4, 84, 3.8333130
58C,2016/10/31 21:28:00, 50, 14132.682, 13,       115, 49,         1, 56, 1.0037853, 72, 500.45605, 73, 514.33942, 77, 35.218750, 79, 1.2250546, 83,         0,110,         1,116,         4, 84, 3.8311768
55C,2016/10/31 21:29:00, 50, 12432.252, 13,       115, 49,         1, 56, 1.0037853, 72, 500.47375, 73, 514.33942, 77, 35.218750, 79, 1.2153320, 83,         0,110,         1,116,         4, 84, 3.8206482
54C,2016/10/31 21:30:00, 50, 12363.371, 13,       115, 49,         1, 56, 1.0037853, 72, 500.46185, 73, 514.33942, 77, 35.281250, 79, 1.2201934, 83,         0,110,         1,116,         4, 84, 3.8150024
53C,2016/10/31 21:31:00, 50, 13377.656, 13,       115, 49,         1, 56, 1.0037853, 72, 500.44586, 73, 514.36865, 77, 35.281250, 79, 1.2153320, 83,         0,110,         1,116,         4, 84, 3.8172913
5AC,2016/10/31 21:32:00, 50, 12664.641, 13,       115, 49,         1, 56, 1.0037853, 72, 500.42169, 73, 514.39789, 77, 35.281250, 79, 1.2201934, 83,         0,110,         1,116,         4, 84, 3.8172913
50C,2016/10/31 21:33:00, 50, 10122.961, 13,       115, 49,         1, 56, 1.0037853, 72, 500.44635, 73, 514.36865, 77, 35.343750, 79, 1.2201934, 83,         0,110,         1,116,         4, 84, 3.8101196
5BC,2016/10/31 21:34:00, 50, 16029.150, 13,       116, 49,         1, 56, 1.0037853, 72, 500.44678, 73, 514.39789, 77, 35.406250, 79, 1.2153320, 83,         0,110,         1,116,         4, 84, 3.8406372
5AC,2016/10/31 21:35:00, 50, 9928.0312, 13,       116, 49,         1, 56, 1.0037853, 72, 500.40387, 73, 514.42712, 77, 35.437500, 79, 1.2250546, 83,         0,110,         1,116,         4, 84, 3.8330078
58C,2016/10/31 21:36:00, 50, 10511.137, 13,       116, 49,         1, 56, 1.0037853, 72, 500.40723, 73, 514.42712, 77, 35.500000, 79, 1.2153320, 83,         0,110,         1,116,         4, 84, 3.8320923
54C,2016/10/31 21:37:00, 50, 15866.033, 13,       116, 49,         1, 56, 1.0037853, 72, 500.42267, 73, 514.48560, 77, 35.531250, 79, 1.2153320, 83,         0,110,         1,116,         4, 84, 3.8314819
53C,2016/10/31 21:38:00, 50, 15631.189, 13,       116, 49,         1, 56, 1.0037853, 72, 500.40088, 73, 514.48560, 77, 35.562500, 79, 1.2153320, 83,         0,110,         1,116,         4, 84, 3.8233948
5AC,2016/10/31 21:39:00, 50, 12926.367, 13,       116, 49,         1, 56, 1.0037853, 72, 500.39825, 73, 514.48560, 77, 35.625000, 79, 1.2153320, 83,         0,110,         1,116,         4, 84, 3.8232422
59C,2016/10/31 21:40:00, 50, 10238.770, 13,       116, 49,         1, 56, 1.0037853, 72, 500.42401, 73, 514.54407, 77, 35.656250, 79, 1.2153320, 83,         0,110,         1,116,         4, 84, 3.8188171
58C,2016/10/31 21:41:00, 50, 10023.537, 13,       116, 49,         1, 56, 1.0037853, 72, 500.40302, 73, 514.54407, 77, 35.656250, 79, 1.2153320, 83,         0,110,         1,116,         4, 84, 3.8128662
57C,2016/10/31 21:42:00, 50, 11822.441, 13,       116, 49,         1, 56, 1.0037853, 72, 500.38184, 73, 514.57330, 77, 35.687500, 79, 1.2250546, 83,         0,110,         1,116,         4, 84, 3.8214111
52C,2016/10/31 21:43:00, 50, 14321.465, 13,       116, 49,         1, 56, 1.0037853, 72, 500.42664, 73, 514.57330, 77, 35.718750, 79, 1.2201934, 83,         0,110,         1,116,         4, 84, 3.8192749
55C,2016/10/31 21:44:00, 50, 11866.922, 13,       116, 49,         1, 56, 1.0037853, 72, 500.41632, 73, 514.60254, 77, 35.781250, 79, 1.2201934, 83,         0,110,         1,116,         4, 84, 3.8125610
55C,2016/10/31 21:45:00, 50, 11427.133, 13,       117, 49,         1, 56, 1.0037853, 72, 500.39905, 73, 514.60254, 77, 35.781250, 79, 1.2153320, 83,         0,110,         1,116,         4, 84, 3.8409424
52C,2016/10/31 21:46:00, 50, 13254.924, 13,       117, 49,         1, 56, 1.0037853, 72, 500.36884, 73, 514.60254, 77, 35.812500, 79, 1.2250546, 83,         0,110,         1,116,         4, 84, 3.8331604
56C,2016/10/31 21:47:00, 50, 14398.363, 13,       117, 49,         1, 56, 1.0037853, 72, 500.38062, 73, 514.57330, 77, 35.812500, 79, 1.2201934, 83,         0,110,         1,116,         4, 84, 3.8285828
52C,2016/10/31 21:48:00, 50, 11460.895, 13,       117, 49,         1, 56, 1.0037853, 72, 500.38635, 73, 514.60254, 77, 35.875000, 79, 1.2153320, 83,         0,110,         1,116,         4, 84, 3.8278198
5DC,2016/10/31 21:49:00, 50, 7930.9385, 13,       117, 49,         1, 56, 1.0037853, 72, 500.32959, 73, 514.63184, 77, 35.875000, 79, 1.2201934, 83,         0,110,         1,116,         4, 84, 3.8220215
5FC,2016/10/31 21:50:00, 50, 12322.051, 13,       117, 49,         1, 56, 1.0037853, 72, 500.30524, 73, 514.66107, 77, 35.906250, 79, 1.2201934, 83,         0,110,         1,116,         4, 84, 3.8252258
54C,2016/10/31 21:51:00, 50, 11845.115, 13,       117, 49,         1, 56, 1.0037853, 72, 500.33679, 73, 514.66107, 77, 35.937500, 79, 1.2153320, 83,         0,110,         1,116,         4, 84, 3.8238525
5BC,2016/10/31 21:52:00, 50, 12543.963, 13,       117, 49,         1, 56, 1.0037853, 72, 500.31427, 73, 514.63184, 77, 35.968750, 79, 1.2153320, 83,         0,110,         1,116,         4, 84, 3.8198853
59C,2016/10/31 21:53:00, 50, 10705.420, 13,       117, 49,         1, 56, 1.0037853, 72, 500.34149, 73, 514.69031, 77, 36.000000, 79, 1.2201934, 83,         0,110,         1,116,         4, 84, 3.8108826
56C,2016/10/31 21:54:00, 50, 11739.270, 13,       117, 49,         1, 56, 1.0037853, 72, 500.35425, 73, 514.69031, 77, 36.000000, 79, 1.2201934, 83,         0,110,         1,116,         4, 84, 3.8198853
54C,2016/10/31 21:55:00, 50, 12042.217, 13,       117, 49,         1, 56, 1.0037853, 72, 500.32477, 73, 514.71954, 77, 36.031250, 79, 1.2201934, 83,         0,110,         1,116,         4, 84, 3.8040161
55C,2016/10/31 21:56:00, 50, 11440.736, 13,       118, 49,         1, 56, 1.0037853, 72, 500.31470, 73, 514.69031, 77, 36.093750, 79, 1.2201934, 83,         0,110,         1,116,         4, 84, 3.8403320
5AC,2016/10/31 21:57:00, 50, 15446.570, 13,       118, 49,         1, 56, 1.0037853, 72, 500.30048, 73, 514.69031, 77, 36.093750, 79, 1.2153320, 83,         0,110,         1,116,         4, 84, 3.8330078
5FC,2016/10/31 21:58:00, 50, 14262.141, 13,       118, 49,         1, 56, 1.0037853, 72, 500.28870, 73, 514.69031, 77, 36.125000, 79, 1.2104707, 83,         0,110,         1,116,         4, 84, 3.8345337
5CC,2016/10/31 21:59:00, 50, 13279.982, 13,       118, 49,         1, 56, 1.0037853, 72, 500.26099, 73, 514.74878, 77, 36.187500, 79, 1.2201934, 83,         0,110,         1,116,         4, 84, 3.8255310
58C,2016/10/31 22:00:00, 50, 13474.102, 13,       118, 49,         1, 56, 1.0037853, 72, 500.24902, 73, 514.74878, 77, 36.156250, 79, 1.2153320, 83,         0,110,         1,116,         4, 84, 3.8226318
58C,2016/10/31 22:01:00, 50, 14409.588, 13,       118, 49,         1, 56, 1.0037853, 72, 500.24420, 73, 514.71954, 77, 36.156250, 79, 1.2201934, 83,         0,110,         1,116,         4, 84, 3.8249207
54C,2016/10/31 22:02:00, 50, 9919.3184, 13,       118, 49,         1, 56, 1.0037853, 72, 500.22180, 73, 514.77802, 77, 36.187500, 79, 1.2201934, 83,         0,110,         1,116,         4, 84, 3.8136292
5EC,2016/10/31 22:03:00, 50, 10814.996, 13,       118, 49,         1, 56, 1.0037853, 72, 500.20813, 73, 514.77802, 77, 36.218750, 79, 1.2250546, 83,         0,110,         1,116,         4, 84, 3.8157654
57C,2016/10/31 22:04:00, 50, 11832.764, 13,       118, 49,         1, 56, 1.0037853, 72, 500.23181, 73, 514.83649, 77, 36.250000, 79, 1.2201934, 83,         0,110,         1,116,         4, 84, 3.8157654
57C,2016/10/31 22:05:00, 50, 10864.816, 13,       118, 49,         1, 56, 1.0037853, 72, 500.21692, 73, 514.80725, 77, 36.281250, 79, 1.2153320, 83,         0,110,         1,116,         4, 84, 3.8140869
50C,2016/10/31 22:06:00, 50, 10830.908, 13,       118, 49,         1, 56, 1.0037853, 72, 500.23718, 73, 514.83649, 77, 36.312500, 79, 1.2153320, 83,         0,110,         1,116,         4, 84, 3.8049316
50C,2016/10/31 22:07:00, 50, 13379.637, 13,       118, 49,         1, 56, 1.0037853, 72, 500.20923, 73, 514.80725, 77, 36.312500, 79, 1.2201934, 83,         0,110,         1,116,         4, 84, 3.8090515
54C,2016/10/31 22:08:00, 50, 14951.187, 13,       118, 49,         1, 56, 1.0037853, 72, 500.22015, 73, 514.83649, 77, 36.312500, 79, 1.2201934, 83,         0,110,         1,116,         4, 84, 3.8093567
52C,2016/10/31 22:09:00, 50, 18584.770, 13,       119, 49,         1, 56, 1.0037853, 72, 500.23206, 73, 514.89496, 77, 36.343750, 79, 1.2201934, 83,         0,110,         1,116,         4, 84, 3.8310242
58C,2016/10/31 22:10:00, 50, 15249.852, 13,       119, 49,         1, 56, 1.0037853, 72, 500.21185, 73, 514.86572, 77, 36.375000, 79, 1.2201934, 83,         0,110,         1,116,         4, 84, 3.8320923
5CC,2016/10/31 22:11:00, 50, 16045.721, 13,       119, 49,         1, 56, 1.0037853, 72, 500.20801, 73, 514.89496, 77, 36.375000, 79, 1.2153320, 83,         0,110,         1,116,         4, 84, 3.8296509
50C,2016/10/31 22:12:00, 50, 14086.391, 13,       119, 49,         1, 56, 1.0037853, 72, 500.21307, 73, 514.89496, 77, 36.375000, 79, 1.2153320, 83,         0,110,         1,116,         4, 84, 3.8276672
58C,2016/10/31 22:13:00, 50, 16316.148, 13,       119, 49,         1, 56, 1.0037853, 72, 500.18988, 73, 514.92426, 77, 36.375000, 79, 1.2153320, 83,         0,110,         1,116,         4, 84, 3.8246155
55C,2016/10/31 22:14:00, 50, 17902.883, 13,       119, 49,         1, 56, 1.0037853, 72, 500.14600, 73, 514.92426, 77, 36.406250, 79, 1.2250546, 83,         0,110,         1,116,         4, 84, 3.8249207
5EC,2016/10/31 22:15:00, 50, 13542.305, 13,       119, 49,         1, 56, 1.0037853, 72, 500.10986, 73, 514.89496, 77, 36.406250, 79, 1.2201934, 83,         0,110,         1,116,         4, 84, 3.8223267
5FC,2016/10/31 22:16:00, 50, 16432.891, 13,       119, 49,         1, 56, 1.0037853, 72, 500.08807, 73, 514.95349, 77, 36.437500, 79, 1.2153320, 83,         0,110,         1,116,         4, 84, 3.8162231
5FC,2016/10/31 22:17:00, 50, 11815.148, 13,       119, 49,         1, 56, 1.0037853, 72, 500.08588, 73, 514.95349, 77, 36.437500, 79, 1.2201934, 83,         0,110,         1,116,         4, 84, 3.8160706
53C,2016/10/31 22:18:00, 50, 14985.016, 13,       119, 49,         1, 56, 1.0037853, 72, 500.08643, 73, 514.95349, 77, 36.468750, 79, 1.2201934, 83,         0,110,         1,116,         4, 84, 3.8084412
5EC,2016/10/31 22:19:00, 50, 14354.252, 13,       119, 49,         1, 56, 1.0037853, 72, 500.09790, 73, 514.98273, 77, 36.468750, 79, 1.2201934, 83,         0,110,         1,116,         4, 84, 3.8088989
5EC,2016/10/31 22:20:00, 50, 12254.666, 13,       120, 49,         1, 56, 1.0037853, 72, 500.11713, 73, 514.95349, 77, 36.500000, 79, 1.2201934, 83,         0,110,         1,116,         4, 84, 3.8418579
56C,2016/10/31 22:21:00, 50, 12052.717, 13,       120, 49,         1, 56, 1.0037853, 72, 500.11346, 73, 514.98273, 77, 36.500000, 79, 1.2201934, 83,         0,110,         1,116,         4, 84, 3.8336182
50C,2016/10/31 22:22:00, 50, 10659.457, 13,       120, 49,         1, 56, 1.0037853, 72, 500.12555, 73, 515.01196, 77, 36.500000, 79, 1.2153320, 83,         0,110,         1,116,         4, 84, 3.8298035
5AC,2016/10/31 22:23:00, 50, 16103.607, 13,       120, 49,         1, 56, 1.0037853, 72, 500.04364, 73, 514.98273, 77, 36.500000, 79, 1.2153320, 83,         0,110,         1,116,         4, 84, 3.8352966
5AC,2016/10/31 22:24:00, 50, 16107.311, 13,       120, 49,         1, 56, 1.0037853, 72, 500.04803, 73, 515.01196, 77, 36.500000, 79, 1.2201934, 83,         0,110,         1,116,         4, 84, 3.8288879
5CC,2016/10/31 22:25:00, 50, 14550.105, 13,       120, 49,         1, 56, 1.0037853, 72, 500.03558, 73, 515.01196, 77, 36.531250, 79, 1.2201934, 83,         0,110,         1,116,         4, 84, 3.8250732
5CC,2016/10/31 22:26:00, 50, 14909.848, 13,       120, 49,         1, 56, 1.0037853, 72, 500.04858, 73, 515.04120, 77, 36.562500, 79, 1.2153320, 83,         0,110,         1,116,         4, 84, 3.8172913
5CC,2016/10/31 22:27:00, 50, 12178.479, 13,       120, 49,         1, 56, 1.0037853, 72, 500.03540, 73, 515.04120, 77, 36.562500, 79, 1.2201934, 83,         0,110,         1,116,         4, 84, 3.8166809
5EC,2016/10/31 22:28:00, 50, 13903.941, 13,       120, 49,         1, 56, 1.0037853, 72, 500.03088, 73, 515.01196, 77, 36.562500, 79, 1.2201934, 83,         0,110,         1,116,         4, 84, 3.8133240
5BC,2016/10/31 22:29:00, 50, 16974.027, 13,       120, 49,         1, 56, 1.0037853, 72, 500.01093, 73, 515.04120, 77, 36.593750, 79, 1.2153320, 83,         0,110,         1,116,         4, 84, 3.8174438
59C,2016/10/31 22:30:00, 50, 16231.055, 13,       120, 49,         1, 56, 1.0037853, 72, 499.98572, 73, 515.04120, 77, 36.593750, 79, 1.2201934, 83,         0,110,         1,116,         4, 84, 3.8090515
57C,2016/10/31 22:31:00, 50, 14669.687, 13,       121, 49,         1, 56, 1.0037853, 72, 499.94604, 73, 515.04120, 77, 36.593750, 79, 1.2201934, 83,         0,110,         1,116,         4, 84, 3.8311768
5CC,2016/10/31 22:32:00, 50, 9673.6035, 13,       121, 49,         1, 56, 1.0037853, 72, 499.96069, 73, 515.01196, 77, 36.593750, 79, 1.2153320, 83,         0,110,         1,116,         4, 84, 3.8267517
53C,2016/10/31 22:33:00, 50, 13759.836, 13,       121, 49,         1, 56, 1.0037853, 72, 499.90747, 73, 514.98273, 77, 36.656250, 79, 1.2201934, 83,         0,110,         1,116,         4, 84, 3.8334656
57C,2016/10/31 22:34:00, 50, 13505.225, 13,       121, 49,         1, 56, 1.0037853, 72, 499.93878, 73, 515.01196, 77, 36.656250, 79, 1.2153320, 83,         0,110,         1,116,         4, 84, 3.8275146
51C,2016/10/31 22:35:00, 50, 15551.334, 13,       121, 49,         1, 56, 1.0037853, 72, 499.92426, 73, 515.01196, 77, 36.656250, 79, 1.2104707, 83,         0,110,         1,116,         4, 84, 3.8243103
54C,2016/10/31 22:36:00, 50, 13486.348, 13,       121, 49,         1, 56, 1.0037853, 72, 499.89557, 73, 515.01196, 77, 36.687500, 79, 1.2201934, 83,         0,110,         1,116,         4, 84, 3.8194275
54C,2016/10/31 22:37:00, 50, 10577.867, 13,       121, 49,         1, 56, 1.0037853, 72, 499.87878, 73, 515.01196, 77, 36.687500, 79, 1.2201934, 83,         0,110,         1,116,         4, 84, 3.8156128
54C,2016/10/31 22:38:00, 50, 16278.049, 13,       121, 49,         1, 56, 1.0037853, 72, 499.87988, 73, 515.04120, 77, 36.687500, 79, 1.2201934, 83,         0,110,         1,116,         4, 84, 3.8180542
5EC,2016/10/31 22:39:00, 50, 13940.547, 13,       121, 49,         1, 56, 1.0037853, 72, 499.85040, 73, 515.04120, 77, 36.718750, 79, 1.2201934, 83,         0,110,         1,116,         4, 84, 3.8127136
5AC,2016/10/31 22:40:00, 50, 10939.193, 13,       121, 49,         1, 56, 1.0037853, 72, 499.82849, 73, 515.01196, 77, 36.718750, 79, 1.2250546, 83,         0,110,         1,116,         4, 84, 3.8212585
59C,2016/10/31 22:41:00, 50, 11866.256, 13,       121, 49,         1, 56, 1.0037853, 72, 499.82666, 73, 515.01196, 77, 36.750000, 79, 1.2201934, 83,         0,110,         1,116,         4, 84, 3.8104248
59C,2016/10/31 22:42:00, 50, 10593.908, 13,       121, 49,         1, 56, 1.0037853, 72, 499.83447, 73, 515.04120, 77, 36.718750, 79, 1.2201934, 83,         0,110,         1,116,         4, 84, 3.8056946
5EC,2016/10/31 22:43:00, 50, 11874.643, 13,       121, 49,         1, 56, 1.0037853, 72, 499.79413, 73, 515.04120, 77, 36.750000, 79, 1.2201934, 83,         0,110,         1,116,         4, 84, 3.8099670
5CC,2016/10/31 22:44:00, 50, 11834.437, 13,       121, 49,         1, 56, 1.0037853, 72, 499.79346, 73, 515.04120, 77, 36.750000, 79, 1.2153320, 83,         0,110,         1,116,         4, 84, 3.8027954
5AC,2016/10/31 22:45:00, 50, 11768.496, 13,       121, 49,         1, 56, 1.0037853, 72, 499.77417, 73, 515.07043, 77, 36.750000, 79, 1.2201934, 83,         0,110,         1,116,         4, 84, 3.8055420
54C,2016/10/31 22:46:00, 50, 11425.953, 13,       122, 49,         1, 56, 1.0037853, 72, 499.74731, 73, 515.04120, 77, 36.781250, 79, 1.2153320, 83,         0,110,         1,116,         4, 84, 3.8345337
50C,2016/10/31 22:47:00, 50, 12994.258, 13,       122, 49,         1, 56, 1.0037853, 72, 499.79584, 73, 515.04120, 77, 36.781250, 79, 1.2250546, 83,         0,110,         1,116,         4, 84, 3.8349915
59C,2016/10/31 22:48:00, 50, 11751.949, 13,       122, 49,         1, 56, 1.0037853, 72, 499.78320, 73, 515.01196, 77, 36.781250, 79, 1.2201934, 83,         0,110,         1,116,         4, 84, 3.8316345
58C,2016/10/31 22:49:00, 50, 11371.078, 13,       122, 49,         1, 56, 1.0037853, 72, 499.75500, 73, 515.01196, 77, 36.812500, 79, 1.2153320, 83,         0,110,         1,116,         4, 84, 3.8247681
57C,2016/10/31 22:50:00, 50, 14171.820, 13,       122, 49,         1, 56, 1.0037853, 72, 499.76984, 73, 515.07043, 77, 36.843750, 79, 1.2201934, 83,         0,110,         1,116,         4, 84, 3.8227844
51C,2016/10/31 22:51:00, 50, 8897.2227, 13,       122, 49,         1, 56, 1.0037853, 72, 499.73413, 73, 515.04120, 77, 36.843750, 79, 1.2201934, 83,         0,110,         1,116,         4, 84, 3.8206482
53C,2016/10/31 22:52:00, 50, 11301.330, 13,       122, 49,         1, 56, 1.0037853, 72, 499.73145, 73, 515.01196, 77, 36.843750, 79, 1.2153320, 83,         0,110,         1,116,         4, 84, 3.8145447
54C,2016/10/31 22:53:00, 50, 14048.719, 13,       122, 49,         1, 56, 1.0037853, 72, 499.71149, 73, 515.04120, 77, 36.875000, 79, 1.2201934, 83,         0,110,         1,116,         4, 84, 3.8172913
52C,2016/10/31 22:54:00, 50, 12534.246, 13,       122, 49,         1, 56, 1.0037853, 72, 499.69244, 73, 515.01196, 77, 36.875000, 79, 1.2201934, 83,         0,110,         1,116,         4, 84, 3.8237000
52C,2016/10/31 22:55:00, 50, 11035.738, 13,       122, 49,         1, 56, 1.0037853, 72, 499.71198, 73, 515.04120, 77, 36.875000, 79, 1.2201934, 83,         0,110,         1,116,         4, 84, 3.8185120
5EC,2016/10/31 22:56:00, 50, 14134.588, 13,       122, 49,         1, 56, 1.0037853, 72, 499.65930, 73, 515.04120, 77, 36.906250, 79, 1.2201934, 83,         0,110,         1,116,         4, 84, 3.8163757
5AC,2016/10/31 22:57:00, 50, 11614.016, 13,       122, 49,         1, 56, 1.0037853, 72, 499.66351, 73, 515.04120, 77, 36.906250, 79, 1.2201934, 83,         0,110,         1,116,         4, 84, 3.8142395
57C,2016/10/31 22:58:00, 50, 11369.342, 13,       123, 49,         1, 56, 1.0037853, 72, 499.65631, 73, 515.04120, 77, 36.937500, 79, 1.2153320, 83,         0,110,         1,116,         4, 84, 3.8354492
51C,2016/10/31 22:59:00, 50, 11369.342, 13,       123, 49,         1, 56, 1.0037853, 72, 499.65631, 73, 515.01196, 77, 36.937500, 79, 1.2250546, 83,         4,110,         6,116,         4, 84, 3.8449097
5DC,2016/10/31 23:00:00, 50, 11369.342, 13,       123, 49,         1, 56, 1.0037853, 72, 499.65631, 73, 514.98273, 77, 36.937500, 79, 1.2153320, 83,         4,110,         6,116,         4, 84, 3.8400269
59C,2016/10/31 23:01:00, 50, 11369.342, 13,       123, 49,         1, 56, 1.0037853, 72, 499.65631, 73, 515.01196, 77, 36.937500, 79, 1.2104707, 83,         4,110,         7,116,         4, 84, 3.8388062
5BC,2016/10/31 23:02:00, 50, 11369.342, 13,       123, 49,         1, 56, 1.0037853, 72, 499.65631, 73, 515.01196, 77, 36.968750, 79, 1.2153320, 83,         0,110,         0,116,         4, 84, 3.8339233
54C,2016/10/31 23:03:00, 50, 11369.342, 13,       123, 49,         1, 56, 1.0037853, 72, 499.65631, 73, 515.01196, 77, 37.000000, 79, 1.2153320, 83,         0,110,         0,116,         4, 84, 3.8334656
5CC,2016/10/31 23:04:00, 50, 11369.342, 13,       123, 49,         1, 56, 1.0037853, 72, 499.65631, 73, 515.01196, 77, 37.000000, 79, 1.2250546, 83,         0,110,         0,116,         4, 84, 3.8359070
5DC,2016/10/31 23:05:00, 50, 11369.342, 13,       123, 49,         1, 56, 1.0037853, 72, 499.65631, 73, 515.01196, 77, 37.062500, 79, 1.2153320, 83,         0,110,         1,116,         4, 84, 3.8293457
51C,2016/10/31 23:06:00, 50, 12775.174, 13,       123, 49,         1, 56, 1.0037853, 72, 499.58923, 73, 515.01196, 77, 37.062500, 79, 1.2201934, 83,         0,110,         1,116,         4, 84, 3.8262939
5BC,2016/10/31 23:07:00, 50, 17387.609, 13,       123, 49,         1, 56, 1.0037853, 72, 499.57849, 73, 515.01196, 77, 37.062500, 79, 1.2201934, 83,         0,110,         1,116,         4, 84, 3.8304138
5CC,2016/10/31 23:08:00, 50, 11405.363, 13,       123, 49,         1, 56, 1.0037853, 72, 499.57397, 73, 514.98273, 77, 37.093750, 79, 1.2201934, 83,         0,110,         1,116,         4, 84, 3.8244629
50C,2016/10/31 23:09:00, 50, 16056.937, 13,       123, 49,         1, 56, 1.0037853, 72, 499.56866, 73, 514.98273, 77, 37.093750, 79, 1.2201934, 83,         0,110,         1,116,         4, 84, 3.8189697
5EC,2016/10/31 23:10:00, 50, 13183.439, 13,       123, 49,         1, 56, 1.0037853, 72, 499.54510, 73, 515.01196, 77, 37.093750, 79, 1.2201934, 83,         0,110,         1,116,         4, 84, 3.8188171
51C,2016/10/31 23:11:00, 50, 12495.699, 13,       123, 49,         1, 56, 1.0037853, 72, 499.48523, 73, 515.04120, 77, 37.062500, 79, 1.2153320, 83,         0,110,         1,116,         4, 84, 3.8159180
5FC,2016/10/31 23:12:00, 50, 10489.531, 13,       123, 49,         1, 56, 1.0037853, 72, 499.49152, 73, 515.04120, 77, 37.125000, 79, 1.2201934, 83,         0,110,         1,116,         4, 84, 3.8189697
5DC,2016/10/31 23:13:00, 50, 12109.756, 13,       123, 49,         1, 56, 1.0037853, 72, 499.49048, 73, 515.07043, 77, 37.218750, 79, 1.2201934, 83,         0,110,         1,116,         4, 84, 3.8162231
5EC,2016/10/31 23:14:00, 50, 12662.363, 13,       123, 49,         1, 56, 1.0037853, 72, 499.47583, 73, 514.95349, 77, 37.312500, 79, 1.2201934, 83,         0,110,         1,116,         4, 84, 3.8206482
5DC,2016/10/31 23:15:00, 50, 11909.191, 13,       123, 49,         1, 56, 1.0037853, 72, 499.45734, 73, 514.98273, 77, 37.406250, 79, 1.2201934, 83,         0,110,         1,116,         4, 84, 3.8070679
59C,2016/10/31 23:16:00, 50, 13340.502, 13,       123, 49,         1, 56, 1.0037853, 72, 499.44672, 73, 514.98273, 77, 37.500000, 79, 1.2201934, 83,         0,110,         1,116,         4, 84, 3.8096619
54C,2016/10/31 23:17:00, 50, 13898.184, 13,       123, 49,         1, 56, 1.0037853, 72, 499.39221, 73, 514.98273, 77, 37.562500, 79, 1.2104707, 83,         0,110,         1,116,         4, 84, 3.8069153
5AC,2016/10/31 23:18:00, 50, 9235.3262, 13,       123, 49,         1, 56, 1.0037853, 72, 499.41235, 73, 514.98273, 77, 37.593750, 79, 1.2201934, 83,         0,110,         1,116,         4, 84, 3.8058472
5FC,2016/10/31 23:19:00, 50, 9128.4414, 13,       124, 49,         1, 56, 1.0037853, 72, 499.41455, 73, 515.01196, 77, 37.656250, 79, 1.2153320, 83,         0,110,         1,116,         4, 84, 3.8336182
58C,2016/10/31 23:20:00, 50, 11415.893, 13,       124, 49,         1, 56, 1.0037853, 72, 499.40967, 73, 514.98273, 77, 37.718750, 79, 1.2201934, 83,         0,110,         1,116,         4, 84, 3.8288879
5BC,2016/10/31 23:21:00, 50, 10609.402, 13,       124, 49,         1, 56, 1.0037853, 72, 499.36078, 73, 514.98273, 77, 37.718750, 79, 1.2201934, 83,         0,110,         1,116,         4, 84, 3.8342285
54C,2016/10/31 23:22:00, 50, 12841.844, 13,       124, 49,         1, 56, 1.0037853, 72, 499.38019, 73, 514.98273, 77, 37.718750, 79, 1.2153320, 83,         0,110,         1,116,         4, 84, 3.8249207
5BC,2016/10/31 23:23:00, 50, 11843.113, 13,       124, 49,         1, 56, 1.0037853, 72, 499.37286, 73, 514.98273, 77, 37.781250, 79, 1.2250546, 83,         0,110,         1,116,         4, 84, 3.8237000
52C,2016/10/31 23:24:00, 50, 10155.664, 13,       124, 49,         1, 56, 1.0037853, 72, 499.36816, 73, 514.92426, 77, 37.812500, 79, 1.2201934, 83,         0,110,         1,116,         4, 84, 3.8211060
5DC,2016/10/31 23:25:00, 50, 8807.5488, 13,       124, 49,         1, 56, 1.0037853, 72, 499.33771, 73, 514.92426, 77, 37.812500, 79, 1.2153320, 83,         0,110,         1,116,         4, 84, 3.8258362
5BC,2016/10/31 23:26:00, 50, 10131.256, 13,       124, 49,         1, 56, 1.0037853, 72, 499.30994, 73, 514.92426, 77, 37.781250, 79, 1.2153320, 83,         0,110,         1,116,         4, 84, 3.8320923
5DC,2016/10/31 23:27:00, 50, 10583.201, 13,       124, 49,         1, 56, 1.0037853, 72, 499.33466, 73, 514.95349, 77, 37.812500, 79, 1.2201934, 83,         0,110,         1,116,         4, 84, 3.8145447
51C,2016/10/31 23:28:00, 50, 11561.217, 13,       124, 49,         1, 56, 1.0037853, 72, 499.28101, 73, 514.92426, 77, 37.812500, 79, 1.2201934, 83,         0,110,         1,116,         4, 84, 3.8156128
5FC,2016/10/31 23:29:00, 50, 10542.729, 13,       124, 49,         1, 56, 1.0037853, 72, 499.27435, 73, 514.95349, 77, 37.812500, 79, 1.2201934, 83,         0,110,         1,116,         4, 84, 3.8191223
5CC,2016/10/31 23:30:00, 50, 13776.936, 13,       124, 49,         1, 56, 1.0037853, 72, 499.27942, 73, 514.89496, 77, 37.812500, 79, 1.2201934, 83,         0,110,         1,116,         4, 84, 3.8208008
52C,2016/10/31 23:31:00, 50, 9285.4062, 13,       124, 49,         1, 56, 1.0037853, 72, 499.26544, 73, 514.92426, 77, 37.812500, 79, 1.2201934, 83,         0,110,         1,116,         4, 84, 3.8209534
58C,2016/10/31 23:32:00, 50, 10657.865, 13,       124, 49,         1, 56, 1.0037853, 72, 499.21906, 73, 514.89496, 77, 37.812500, 79, 1.2153320, 83,         0,110,         1,116,         4, 84, 3.8139343
5AC,2016/10/31 23:33:00, 50, 13109.113, 13,       124, 49,         1, 56, 1.0037853, 72, 499.25006, 73, 514.89496, 77, 37.812500, 79, 1.2153320, 83,         0,110,         1,116,         4, 84, 3.8160706
5FC,2016/10/31 23:34:00, 50, 10645.779, 13,       124, 49,         1, 56, 1.0037853, 72, 499.29413, 73, 514.89496, 77, 37.781250, 79, 1.2201934, 83,         0,110,         1,116,         4, 84, 3.8116455
56C,2016/10/31 23:35:00, 50, 17026.187, 13,       124, 49,         1, 56, 1.0037853, 72, 499.26520, 73, 514.89496, 77, 37.781250, 79, 1.2201934, 83,         0,110,         1,116,         4, 84, 3.8117981
50C,2016/10/31 23:36:00, 50, 8320.0332, 13,       124, 49,         1, 56, 1.0037853, 72, 499.23370, 73, 514.86572, 77, 37.781250, 79, 1.2153320, 83,         0,110,         1,116,         4, 84, 3.8058472
53C,2016/10/31 23:37:00, 50, 10159.055, 13,       125, 49,         1, 56, 1.0037853, 72, 499.20892, 73, 514.89496, 77, 37.781250, 79, 1.2153320, 83,         0,110,         1,116,         4, 84, 3.8337708
56C,2016/10/31 23:38:00, 50, 9928.7266, 13,       125, 49,         1, 56, 1.0037853, 72, 499.22723, 73, 514.86572, 77, 37.750000, 79, 1.2153320, 83,         0,110,         1,116,         4, 84, 3.8320923
54C,2016/10/31 23:39:00, 50, 9799.9023, 13,       125, 49,         1, 56, 1.0037853, 72, 499.26837, 73, 514.83649, 77, 37.781250, 79, 1.2153320, 83,         0,110,         1,116,         4, 84, 3.8359070
5EC,2016/10/31 23:40:00, 50, 13445.225, 13,       125, 49,         1, 56, 1.0037853, 72, 499.21796, 73, 514.89496, 77, 37.781250, 79, 1.2201934, 83,         0,110,         1,116,         4, 84, 3.8322449
5DC,2016/10/31 23:41:00, 50, 12808.227, 13,       125, 49,         1, 56, 1.0037853, 72, 499.21887, 73, 514.89496, 77, 37.812500, 79, 1.2153320, 83,         0,110,         1,116,         4, 84, 3.8352966
56C,2016/10/31 23:42:00, 50, 11330.213, 13,       125, 49,         1, 56, 1.0037853, 72, 499.20215, 73, 514.89496, 77, 37.812500, 79, 1.2104707, 83,         0,110,         1,116,         4, 84, 3.8327026
53C,2016/10/31 23:43:00, 50, 11653.559, 13,       125, 49,         1, 56, 1.0037853, 72, 499.21667, 73, 514.86572, 77, 37.812500, 79, 1.2250546, 83,         0,110,         1,116,         4, 84, 3.8282776
54C,2016/10/31 23:44:00, 50, 11815.502, 13,       125, 49,         1, 56, 1.0037853, 72, 499.21631, 73, 514.83649, 77, 37.781250, 79, 1.2153320, 83,         0,110,         1,116,         4, 84, 3.8255310
56C,2016/10/31 23:45:00, 50, 9982.0625, 13,       125, 49,         1, 56, 1.0037853, 72, 499.21112, 73, 514.83649, 77, 37.812500, 79, 1.2153320, 83,         0,110,         1,116,         4, 84, 3.8208008
5CC,2016/10/31 23:46:00, 50, 12449.461, 13,       125, 49,         1, 56, 1.0037853, 72, 499.20093, 73, 514.83649, 77, 37.812500, 79, 1.2153320, 83,         0,110,         1,116,         4, 84, 3.8267517
5BC,2016/10/31 23:47:00, 50, 12907.391, 13,       125, 49,         1, 56, 1.0037853, 72, 499.16974, 73, 514.83649, 77, 37.781250, 79, 1.2201934, 83,         0,110,         1,116,         4, 84, 3.8217163
5BC,2016/10/31 23:48:00, 50, 13714.686, 13,       125, 49,         1, 56, 1.0037853, 72, 499.18250, 73, 514.80725, 77, 37.781250, 79, 1.2153320, 83,         0,110,         1,116,         4, 84, 3.8246155
55C,2016/10/31 23:49:00, 50, 12115.363, 13,       125, 49,         1, 56, 1.0037853, 72, 499.14874, 73, 514.80725, 77, 37.781250, 79, 1.2153320, 83,         0,110,         1,116,         4, 84, 3.8188171
57C,2016/10/31 23:50:00, 50, 14659.740, 13,       125, 49,         1, 56, 1.0037853, 72, 499.15997, 73, 514.71954, 77, 37.781250, 79, 1.2153320, 83,         0,110,         1,116,         4, 84, 3.8137817
56C,2016/10/31 23:51:00, 50, 14659.740, 13,       125, 49,         1, 56, 1.0037853, 72, 499.15997, 73, 514.80725, 77, 37.750000, 79, 1.2153320, 83,         4,110,         6,116,         4, 84, 3.8151550
52C,2016/10/31 23:52:00, 50, 14659.740, 13,       125, 49,         1, 56, 1.0037853, 72, 499.15997, 73, 514.77802, 77, 37.781250, 79, 1.2153320, 83,         4,110,         6,116,         4, 84, 3.8171387
58C,2016/10/31 23:53:00, 50, 14659.740, 13,       125, 49,         1, 56, 1.0037853, 72, 499.15997, 73, 514.77802, 77, 37.750000, 79, 1.2201934, 83,         4,110,         7,116,         4, 84, 3.8096619
5BC,2016/10/31 23:54:00, 50, 14659.740, 13,       125, 49,         1, 56, 1.0037853, 72, 499.15997, 73, 514.74878, 77, 37.750000, 79, 1.2201934, 83,         0,110,         0,116,         4, 84, 3.8175964
5EC,2016/10/31 23:55:00, 50, 14659.740, 13,       125, 49,         1, 56, 1.0037853, 72, 499.15997, 73, 514.77802, 77, 37.781250, 79, 1.2153320, 83,         0,110,         0,116,         4, 84, 3.8121033
57C,2016/10/31 23:56:00, 50, 14659.740, 13,       125, 49,         1, 56, 1.0037853, 72, 499.15997, 73, 514.77802, 77, 37.781250, 79, 1.2153320, 83,         0,110,         0,116,         4, 84, 3.8142395
58C,2016/10/31 23:57:00, 50, 14659.740, 13,       125, 49,         1, 56, 1.0037853, 72, 499.15997, 73, 514.74878, 77, 37.750000, 79, 1.2153320, 83,         0,110,         1,116,         4, 84, 3.8121033
52C,2016/10/31 23:58:00, 50, 11757.617, 13,       125, 49,         1, 56, 1.0037853, 72, 499.03314, 73, 514.74878, 77, 37.781250, 79, 1.2201934, 83,         0,110,         1,116,         4, 84, 3.8035583
55C,2016/10/31 23:59:00, 50, 10008.502, 13,       125, 49,         1, 56, 1.0037853, 72, 499.02350, 73, 514.69031, 77, 37.750000, 79, 1.2153320, 83,         0,110,         1,116,         4, 84, 3.8027954
