44C,2019/07/22 19:22:00, 50, 0.0000000, 13,       154, 49,         4, 56, 1.0976870, 74, 11.838305, 73, 510.94116, 77, 19.218750, 79, 1.2444999, 75, 20.725716, 66,-0.3547668,116,         4, 84,-0.0152588
40C,2019/07/22 19:23:00, 50, 0.0000000, 13,       120, 49,         4, 56, 1.0976870, 74, 11.822749, 73, 511.08740, 77, 19.718750, 79, 1.2493613, 75, 22.311134, 66, 1.4299011,116,         4, 84, 4.8731995
5EC,2019/07/22 19:24:00, 50, 0.0000000, 13,        47, 49,         1, 56, 1.0976870, 74, 11.807193, 73, 511.64301, 77, 20.125000, 79, 1.2299160, 75, 23.242783, 66, 3.2688904,116,         4, 84, 4.1662598
5AC,2019/07/22 19:25:00, 50, 0.0000000, 13,        47, 49,         8, 56, 1.0976870, 74, 11.807193, 73, 511.55530, 77, 20.500000, 79, 1.2493613, 75, 24.160378, 66, 0.7920837,116,         4, 84, 3.9793396
5CC,2019/07/22 19:26:00, 50, 0.0000000, 13,        47, 49,         1, 56, 1.0976870, 74, 11.807193, 73, 511.67224, 77, 20.875000, 79, 1.2396387, 75, 25.183998, 66,-0.2400208,116,         4, 84, 3.8331604
5AC,2019/07/22 19:27:00, 50, 0.0000000, 13,        53, 49,         1, 56, 1.0976870, 74, 11.807193, 73, 513.28058, 77, 21.281250, 79, 1.2299160, 75, 26.132240, 66,-0.3831482,116,         4, 84, 3.8287354
5DC,2019/07/22 19:28:00, 50, 0.0000000, 13,        57, 49,         1, 56, 1.0976870, 74, 11.807193, 73, 513.45599, 77, 21.625000, 79, 1.2299160, 75, 27.066437, 66,-0.3825378,116,         4, 84, 3.8294983
58C,2019/07/22 19:29:00, 50, 0.0000000, 13,        60, 49,         1, 56, 1.0976870, 74, 11.822749, 73, 513.60223, 77, 21.968750, 79, 1.2396387, 75, 27.987228, 66,-0.3825378,116,         4, 84, 3.8032532
54C,2019/07/22 19:30:00, 50, 0.0000000, 13,        66, 49,         1, 56, 1.0976870, 74, 11.822749, 73, 513.74841, 77, 22.281250, 79, 1.2250546, 75, 28.895264, 66,-0.3776550,116,         4, 84, 3.7261963
56C,2019/07/22 19:31:00, 50, 0.0000000, 13,        72, 49,         1, 56, 1.0976870, 74, 11.822749, 73, 513.89465, 77, 22.625000, 79, 1.2347773, 75, 29.846794, 66,-0.3811646,116,         4, 84, 3.8212585
5FC,2019/07/22 19:32:00, 50, 0.0000000, 13,        76, 49,         1, 56, 1.0976870, 74, 11.822749, 73, 514.04083, 77, 22.937500, 79, 1.2299160, 75, 30.620705, 66,-0.3807068,116,         4, 84, 3.8182068
5AC,2019/07/22 19:33:00, 50, 0.0000000, 13,        83, 49,         1, 56, 1.0976870, 74, 11.807193, 73, 514.18707, 77, 23.218750, 79, 1.2299160, 75, 31.495010, 66,-0.3807068,116,         4, 84, 3.7426758
53C,2019/07/22 19:34:00, 50, 0.0000000, 13,        87, 49,         1, 56, 1.0976870, 74, 11.822749, 73, 514.30402, 77, 23.531250, 79, 1.2299160, 75, 32.359100, 66,-0.3800964,116,         4, 84, 3.8206482
5AC,2019/07/22 19:35:00, 50, 0.0000000, 13,        91, 49,         1, 56, 1.0976870, 74, 11.807193, 73, 514.39172, 77, 23.843750, 79, 1.2396387, 75, 33.160500, 66,-0.3796387,116,         4, 84, 3.8311768
57C,2019/07/22 19:36:00, 50, 0.0000000, 13,        94, 49,         1, 56, 1.0976870, 74, 11.807193, 73, 514.50873, 77, 24.062500, 79, 1.2396387, 75, 33.954018, 66,-0.3793335,116,         4, 84, 3.8003540
44C,2019/07/22 19:37:00, 50, 0.0000000, 13,       101, 49,         1, 56, 1.0976870, 74, 11.807193, 73, 514.56720, 77, 24.375000, 79, 1.2250546, 75, 34.740196, 66,-0.3791809,116,         4, 84, 3.8253784
4CC,2019/07/22 19:38:00, 50, 0.0000000, 13,       105, 49,         1, 56, 1.0976870, 74, 11.807193, 73, 514.56720, 77, 24.625000, 79, 1.2250546, 75, 35.467812, 66,-0.3790283,116,         4, 84, 3.8233948
40C,2019/07/22 19:39:00, 50, 0.0000000, 13,       108, 49,         1, 56, 1.0976870, 74, 11.791636, 73, 514.65491, 77, 24.906250, 79, 1.2299160, 75, 36.189934, 66,-0.3787231,116,         4, 84, 3.8114929
44C,2019/07/22 19:40:00, 50, 0.0000000, 13,       114, 49,         1, 56, 1.0976870, 74, 11.807193, 73, 514.68414, 77, 25.187500, 79, 1.2299160, 75, 36.958023, 66,-0.3784180,116,         4, 84, 3.8290405
49C,2019/07/22 19:41:00, 50, 0.0000000, 13,       117, 49,         1, 56, 1.0976870, 74, 11.807193, 73, 514.77191, 77, 25.406250, 79, 1.2299160, 75, 37.670135, 66,-0.3781128,116,         4, 84, 3.8122559
41C,2019/07/22 19:42:00, 50, 0.0000000, 13,       121, 49,         1, 56, 1.0976870, 74, 11.807193, 73, 514.88885, 77, 25.687500, 79, 1.2250546, 75, 38.327644, 66,-0.3779602,116,         4, 84, 3.8232422
4CC,2019/07/22 19:43:00, 50, 0.0000000, 13,       124, 49,         1, 56, 1.0976870, 74, 11.807193, 73, 514.94733, 77, 25.937500, 79, 1.2153320, 75, 38.981911, 66,-0.3776550,116,         4, 84, 3.8079834
49C,2019/07/22 19:44:00, 50, 0.0000000, 13,       129, 49,         1, 56, 1.0976870, 74, 11.807193, 73, 515.00586, 77, 26.187500, 79, 1.2250546, 75, 39.683266, 66,-0.3773499,116,         4, 84, 3.7983704
4AC,2019/07/22 19:45:00, 50, 0.0000000, 13,       132, 49,         1, 56, 1.0976870, 74, 11.807193, 73, 515.12280, 77, 26.437500, 79, 1.2201934, 75, 40.282082, 66,-0.3770447,116,         4, 84, 3.8211060
48C,2019/07/22 19:46:00, 50, 0.0000000, 13,       134, 49,         1, 56, 1.0976870, 74, 11.807193, 73, 515.18127, 77, 26.687500, 79, 1.2347773, 75, 40.481262, 66,-0.3767395,116,         4, 84, 3.8029480
4DC,2019/07/22 19:47:00, 50, 0.0000000, 13,       138, 49,         1, 56, 1.0976870, 74, 11.807193, 73, 515.23975, 77, 26.906250, 79, 1.2347773, 75, 41.375237, 66,-0.3764343,116,         4, 84, 3.8111877
45C,2019/07/22 19:48:00, 50, 0.0000000, 13,       141, 49,         1, 56, 1.0976870, 74, 11.807193, 73, 515.32751, 77, 27.156250, 79, 1.2250546, 75, 42.068352, 66,-0.3762817,116,         4, 84, 3.8107300
40C,2019/07/22 19:49:00, 50, 0.0000000, 13,       145, 49,         1, 56, 1.0976870, 74, 11.807193, 73, 515.41522, 77, 27.406250, 79, 1.2250546, 75, 42.661301, 66,-0.3759766,116,         4, 84, 3.8172913
43C,2019/07/22 19:50:00, 50, 0.0000000, 13,       148, 49,         1, 56, 1.0976870, 74, 11.807193, 73, 515.47369, 77, 27.656250, 79, 1.2250546, 75, 43.204124, 66,-0.3756714,116,         4, 84, 3.8063049
4FC,2019/07/22 19:51:00, 50, 0.0000000, 13,       152, 49,         1, 56, 1.0976870, 74, 11.807193, 73, 515.56146, 77, 27.843750, 79, 1.2250546, 75, 43.845085, 66,-0.3755188,116,         4, 84, 3.8171387
45C,2019/07/22 19:52:00, 50, 0.0000000, 13,       155, 49,         1, 56, 1.0976870, 74, 11.807193, 73, 515.70764, 77, 28.062500, 79, 1.2250546, 75, 44.387199, 66,-0.3752136,116,         4, 84, 3.8063049
4BC,2019/07/22 19:53:00, 50, 0.0000000, 13,       159, 49,         1, 56, 1.0976870, 74, 11.838305, 73, 515.73688, 77, 28.218750, 79, 1.2299160, 75, 44.978607, 66,-0.3750610,116,         4, 84, 3.8177490
4CC,2019/07/22 19:54:00, 50, 0.0000000, 13,       162, 49,         1, 56, 1.0976870, 74, 11.822749, 73, 515.76611, 77, 28.406250, 79, 1.2250546, 75, 45.175797, 66,-0.3747559,116,         4, 84, 3.8038635
45C,2019/07/22 19:55:00, 50, 0.0000000, 13,       165, 49,         1, 56, 1.0976870, 74, 11.838305, 73, 515.82458, 77, 28.593750, 79, 1.2299160, 75, 45.619629, 66,-0.3746033,116,         4, 84, 3.8050842
44C,2019/07/22 19:56:00, 50, 0.0000000, 13,       168, 49,         1, 56, 1.0976870, 74, 11.838305, 73, 515.91235, 77, 28.781250, 79, 1.2347773, 75, 45.471657, 66,-0.3742981,116,         4, 84, 3.8090515
42C,2019/07/22 19:57:00, 50, 0.0000000, 13,       171, 49,         1, 56, 1.0976870, 74, 11.838305, 73, 515.94159, 77, 28.937500, 79, 1.2201934, 75, 46.063789, 66,-0.3741455,116,         4, 84, 3.8162231
48C,2019/07/22 19:58:00, 50, 0.0000000, 13,       173, 49,         1, 56, 1.0976870, 74, 11.807193, 73, 516.02930, 77, 29.093750, 79, 1.2250546, 75, 46.458961, 66,-0.3739929,116,         4, 84, 3.8012695
45C,2019/07/22 19:59:00, 50, 0.0000000, 13,       177, 49,         1, 56, 1.0976870, 74, 11.822749, 73, 516.05853, 77, 29.281250, 79, 1.2299160, 75, 47.151588, 66,-0.3738403,116,         4, 84, 3.8117981
43C,2019/07/22 20:00:00, 50, 0.0000000, 13,       180, 49,         1, 56, 1.0976870, 74, 11.838305, 73, 516.14630, 77, 29.437500, 79, 1.2299160, 75, 47.399361, 66,-0.3736877,116,         4, 84, 3.8082886
46C,2019/07/22 20:01:00, 50, 0.0000000, 13,       184, 49,         1, 56, 1.0976870, 74, 11.838305, 73, 516.17554, 77, 29.562500, 79, 1.2250546, 75, 48.044746, 66,-0.3735352,116,         4, 84, 3.8088989
4AC,2019/07/22 20:02:00, 50, 0.0000000, 13,       188, 49,         1, 56, 1.0976870, 74, 11.838305, 73, 516.20477, 77, 29.718750, 79, 1.2201934, 75, 48.193947, 66,-0.3733826,116,         4, 84, 3.8073730
4CC,2019/07/22 20:03:00, 50, 142.44748, 13,       191, 49,         2, 56, 1.0976870, 74, 11.807193, 73, 515.00586, 77, 29.843750, 79, 1.2201934, 75, 48.741997, 66, 1.0310364,116,         4, 84, 3.8027954
55C,2019/07/22 20:04:00, 50, 142.44748, 13,       196, 49,        64, 56, 1.0976870, 74, 11.822749, 73, 515.09357, 77, 29.968750, 79, 1.2250546, 75, 49.341797, 66, 2.7058411,116,         4, 84, 3.8163757
5EC,2019/07/22 20:05:00, 50, 142.44748, 13,       200, 49,        64, 56, 1.0976870, 74, 11.838305, 73, 515.03510, 77, 30.125000, 79, 1.2201934, 75, 49.692726, 66, 1.4241028,116,         4, 84, 3.8041687
55C,2019/07/22 20:06:00, 50, 142.44748, 13,       204, 49,        64, 56, 1.0976870, 74, 11.822749, 73, 515.00586, 77, 30.250000, 79, 1.2201934, 75, 50.044472, 66, 1.1293030,116,         4, 84, 3.8087463
55C,2019/07/22 20:07:00, 50, 142.44748, 13,       208, 49,        64, 56, 1.0976870, 74, 11.822749, 73, 515.12280, 77, 30.343750, 79, 1.2153320, 75, 50.346680, 66, 2.4876404,116,         4, 84, 3.8096619
5FC,2019/07/22 20:08:00, 50, 142.44748, 13,       211, 49,        64, 56, 1.0976870, 74, 11.838305, 73, 515.12280, 77, 30.468750, 79, 1.2201934, 75, 50.498032, 66, 1.4584351,116,         4, 84, 3.8096619
52C,2019/07/22 20:09:00, 50, 142.44748, 13,       214, 49,        64, 56, 1.0976870, 74, 11.853862, 73, 515.18127, 77, 30.562500, 79, 1.2250546, 75, 50.649567, 66, 1.4920044,116,         4, 84, 3.8110352
57C,2019/07/22 20:10:00, 50, 142.44748, 13,       217, 49,        64, 56, 1.0976870, 74, 11.838305, 73, 515.21051, 77, 30.687500, 79, 1.2201934, 75, 50.750687, 66, 1.7016602,116,         4, 84, 3.7988281
5CC,2019/07/22 20:11:00, 50, 268.32544, 13,       218, 49,        64, 56, 1.0976870, 74, 11.838305, 73, 515.26904, 77, 30.812500, 79, 1.2250546, 75, 50.801277, 66, 2.1817017,116,         4, 84, 3.8046265
56C,2019/07/22 20:12:00, 50,-220.16913, 13,       220, 49,        64, 56, 1.0976870, 74, 11.838305, 73, 515.23975, 77, 30.843750, 79, 1.2153320, 75, 50.801277, 66, 1.6571045,116,         4, 84, 3.8105774
5AC,2019/07/22 20:13:00, 50, 494.09137, 13,       221, 49,        64, 56, 1.0976870, 74, 11.853862, 73, 515.29828, 77, 30.906250, 79, 1.2201934, 75, 50.801277, 66, 2.4652100,116,         4, 84, 3.8079834
52C,2019/07/22 20:14:00, 50, 142.36838, 13,       222, 49,        64, 56, 1.0976870, 74, 11.853862, 73, 515.29828, 77, 30.968750, 79, 1.2201934, 75, 50.750687, 66, 1.9535828,116,         4, 84, 3.8084412
5FC,2019/07/22 20:15:00, 50, 541.17627, 13,       223, 49,        64, 56, 1.0976870, 74, 11.822749, 73, 515.32751, 77, 31.000000, 79, 1.2250546, 75, 50.649567, 66, 2.5202942,116,         4, 84, 3.8162231
5FC,2019/07/22 20:16:00, 50, 3542.3569, 13,       223, 49,        32, 56, 1.0976870, 74, 11.838305, 73, 515.35675, 77, 31.031250, 79, 1.2201934, 75, 50.599037, 66, 2.1900940,116,         4, 84, 3.8043213
51C,2019/07/22 20:17:00, 50, 697.11340, 13,       224, 49,        32, 56, 1.0976870, 74, 11.869418, 73, 515.32751, 77, 31.062500, 79, 1.2201934, 75, 50.498032, 66, 1.2242126,116,         4, 84, 3.8140869
56C,2019/07/22 20:18:00, 50, 935.44250, 13,       224, 49,        32, 56, 1.0976870, 74, 11.853862, 73, 515.29828, 77, 31.093750, 79, 1.2250546, 75, 50.447563, 66, 1.2272644,116,         4, 84, 3.8111877
53C,2019/07/22 20:19:00, 50, 478.87848, 13,       224, 49,        32, 56, 1.0976870, 74, 11.838305, 73, 515.35675, 77, 31.125000, 79, 1.2250546, 75, 50.296265, 66, 1.2159729,116,         4, 84, 3.8047791
55C,2019/07/22 20:20:00, 50, 949.35205, 13,       225, 49,        32, 56, 1.0976870, 74, 11.822749, 73, 515.32751, 77, 31.187500, 79, 1.2250546, 75, 50.296265, 66, 1.3124084,116,         4, 84, 3.8182068
53C,2019/07/22 20:21:00, 50, 639.88635, 13,       225, 49,        32, 56, 1.0976870, 74, 11.869418, 73, 515.32751, 77, 31.187500, 79, 1.2250546, 75, 50.245865, 66, 1.1701965,116,         4, 84, 3.8116455
53C,2019/07/22 20:22:00, 50, 320.35413, 13,       225, 49,        32, 56, 1.0976870, 74, 11.869418, 73, 515.29828, 77, 31.250000, 79, 1.2250546, 75, 50.195496, 66, 1.0859680,116,         4, 84, 3.8140869
5AC,2019/07/22 20:23:00, 50, 2703.8203, 13,       225, 49,        32, 56, 1.0976870, 74, 11.838305, 73, 515.32751, 77, 31.250000, 79, 1.2250546, 75, 50.094795, 66, 1.8560791,116,         4, 84, 3.8092041
53C,2019/07/22 20:24:00, 50, 970.73706, 13,       226, 49,        32, 56, 1.0976870, 74, 11.838305, 73, 515.35675, 77, 31.281250, 79, 1.2250546, 75, 50.044472, 66, 1.2258911,116,         4, 84, 3.8238525
51C,2019/07/22 20:25:00, 50, 569.28845, 13,       226, 49,        32, 56, 1.0976870, 74, 11.869418, 73, 515.35675, 77, 31.281250, 79, 1.2153320, 75, 50.044472, 66, 1.1987305,116,         4, 84, 3.8160706
59C,2019/07/22 20:26:00, 50, 446.36707, 13,       226, 49,        32, 56, 1.0976870, 74, 11.869418, 73, 515.32751, 77, 31.343750, 79, 1.2299160, 75, 50.044472, 66, 1.0342407,116,         4, 84, 3.8128662
51C,2019/07/22 20:27:00, 50, 375.69537, 13,       226, 49,        32, 56, 1.0976870, 74, 11.838305, 73, 515.38599, 77, 31.375000, 79, 1.2201934, 75, 49.994171, 66, 1.0119629,116,         4, 84, 3.8035583
59C,2019/07/22 20:28:00, 50, 298.78601, 13,       227, 49,        32, 56, 1.0976870, 74, 11.853862, 73, 515.38599, 77, 31.406250, 79, 1.2201934, 75, 49.994171, 66, 0.9989929,116,         4, 84, 3.8139343
52C,2019/07/22 20:29:00, 50, 247.99301, 13,       227, 49,        32, 56, 1.0976870, 74, 11.869418, 73, 515.38599, 77, 31.375000, 79, 1.2250546, 75, 49.994171, 66, 1.0029602,116,         4, 84, 3.8099670
51C,2019/07/22 20:30:00, 50, 204.32822, 13,       228, 49,        32, 56, 1.0976870, 74, 11.869418, 73, 515.38599, 77, 31.406250, 79, 1.2201934, 75, 49.943886, 66, 0.9893799,116,         4, 84, 3.8197327
57C,2019/07/22 20:31:00, 50, 191.08719, 13,       228, 49,        32, 56, 1.0976870, 74, 11.853862, 73, 515.41522, 77, 31.437500, 79, 1.2201934, 75, 49.943886, 66, 1.0917664,116,         4, 84, 3.8139343
56C,2019/07/22 20:32:00, 50, 283.99579, 13,       228, 49,        32, 56, 1.0976870, 74, 11.838305, 73, 515.44446, 77, 31.468750, 79, 1.2201934, 75, 49.943886, 66, 1.2690735,116,         4, 84, 3.8034058
5EC,2019/07/22 20:33:00, 50, 462.57440, 13,       229, 49,        32, 56, 1.0976870, 74, 11.869418, 73, 515.44446, 77, 31.500000, 79, 1.2153320, 75, 49.994171, 66, 1.0848999,116,         4, 84, 3.8131714
50C,2019/07/22 20:34:00, 50, 447.91833, 13,       229, 49,        32, 56, 1.0976870, 74, 11.869418, 73, 515.47369, 77, 31.500000, 79, 1.2250546, 75, 49.943886, 66, 1.2101746,116,         4, 84, 3.8075256
57C,2019/07/22 20:35:00, 50, 515.70630, 13,       230, 49,        32, 56, 1.0976870, 74, 11.838305, 73, 515.50293, 77, 31.531250, 79, 1.2201934, 75, 49.943886, 66, 1.4154053,116,         4, 84, 3.8156128
51C,2019/07/22 20:36:00, 50, 891.30725, 13,       230, 49,        32, 56, 1.0976870, 74, 11.838305, 73, 515.50293, 77, 31.531250, 79, 1.2201934, 75, 49.943886, 66, 1.1337280,116,         4, 84, 3.8067627
53C,2019/07/22 20:37:00, 50, 262.58002, 13,       231, 49,        32, 56, 1.0976870, 74, 11.869418, 73, 515.50293, 77, 31.531250, 79, 1.2250546, 75, 49.943886, 66, 1.0321045,116,         4, 84, 3.8182068
54C,2019/07/22 20:38:00, 50, 248.14737, 13,       231, 49,        32, 56, 1.0976870, 74, 11.869418, 73, 515.50293, 77, 31.562500, 79, 1.2201934, 75, 49.994171, 66, 1.1083984,116,         4, 84, 3.8073730
52C,2019/07/22 20:39:00, 50, 1283.9595, 13,       232, 49,        32, 56, 1.0976870, 74, 11.838305, 73, 515.50293, 77, 31.593750, 79, 1.2153320, 75, 49.994171, 66, 1.3752747,116,         4, 84, 3.8098145
50C,2019/07/22 20:40:00, 50, 297.54071, 13,       232, 49,        32, 56, 1.0976870, 74, 11.822749, 73, 515.53217, 77, 31.593750, 79, 1.2250546, 75, 49.943886, 66, 1.0322571,116,         4, 84, 3.8082886
55C,2019/07/22 20:41:00, 50, 84.996231, 13,       233, 49,        32, 56, 1.0976870, 74, 11.869418, 73, 515.53217, 77, 31.656250, 79, 1.2201934, 75, 49.943886, 66, 1.0040283,116,         4, 84, 3.8172913
5EC,2019/07/22 20:42:00, 50, 108.85710, 13,       233, 49,        32, 56, 1.0976870, 74, 11.869418, 73, 515.50293, 77, 31.656250, 79, 1.2250546, 75, 49.994171, 66, 1.0527039,116,         4, 84, 3.8096619
57C,2019/07/22 20:43:00, 50, 162.88617, 13,       233, 49,        32, 56, 1.0976870, 74, 11.853862, 73, 515.53217, 77, 31.656250, 79, 1.2201934, 75, 49.994171, 66, 1.0787964,116,         4, 84, 3.8024902
55C,2019/07/22 20:44:00, 50, 578.44409, 13,       234, 49,        32, 56, 1.0976870, 74, 11.822749, 73, 515.59070, 77, 31.656250, 79, 1.2201934, 75, 49.994171, 66, 1.5994263,116,         4, 84, 3.8125610
5AC,2019/07/22 20:45:00, 50, 1858.3618, 13,       234, 49,        32, 56, 1.0976870, 74, 11.884974, 73, 515.59070, 77, 31.687500, 79, 1.2250546, 75, 49.994171, 66, 1.4733887,116,         4, 84, 3.8027954
59C,2019/07/22 20:46:00, 50, 1633.1814, 13,       235, 49,        32, 56, 1.0976870, 74, 11.869418, 73, 515.59070, 77, 31.625000, 79, 1.2250546, 75, 49.994171, 66, 1.3897705,116,         4, 84, 3.8151550
52C,2019/07/22 20:47:00, 50, 816.52844, 13,       235, 49,        32, 56, 1.0976870, 74, 11.853862, 73, 515.61993, 77, 31.656250, 79, 1.2250546, 75, 49.994171, 66, 1.3107300,116,         4, 84, 3.8134766
52C,2019/07/22 20:48:00, 50, 774.40112, 13,       235, 49,        32, 56, 1.0976870, 74, 11.822749, 73, 515.56146, 77, 31.687500, 79, 1.2153320, 75, 49.994171, 66, 1.0902405,116,         4, 84, 3.8081360
55C,2019/07/22 20:49:00, 50, 369.54956, 13,       236, 49,        32, 56, 1.0976870, 74, 11.884974, 73, 515.56146, 77, 31.718750, 79, 1.2201934, 75, 49.994171, 66, 1.0829163,116,         4, 84, 3.8153076
5DC,2019/07/22 20:50:00, 50, 374.19171, 13,       236, 49,        32, 56, 1.0976870, 74, 11.869418, 73, 515.56146, 77, 31.750000, 79, 1.2250546, 75, 49.994171, 66, 1.1291504,116,         4, 84, 3.8102722
53C,2019/07/22 20:51:00, 50, 350.59027, 13,       236, 49,        32, 56, 1.0976870, 74, 11.853862, 73, 515.56146, 77, 31.750000, 79, 1.2201934, 75, 49.994171, 66, 1.0301208,116,         4, 84, 3.8037109
56C,2019/07/22 20:52:00, 50, 328.96912, 13,       237, 49,        32, 56, 1.0976870, 74, 11.838305, 73, 515.59070, 77, 31.750000, 79, 1.2201934, 75, 49.994171, 66, 1.1520386,116,         4, 84, 3.8133240
5CC,2019/07/22 20:53:00, 50, 309.13940, 13,       237, 49,        32, 56, 1.0976870, 74, 11.869418, 73, 515.59070, 77, 31.718750, 79, 1.2201934, 75, 49.994171, 66, 0.9860229,116,         4, 84, 3.8017273
5AC,2019/07/22 20:54:00, 50, 254.48639, 13,       238, 49,        32, 56, 1.0976870, 74, 11.869418, 73, 515.56146, 77, 31.812500, 79, 1.2201934, 75, 49.994171, 66, 0.9907532,116,         4, 84, 3.8177490
5EC,2019/07/22 20:55:00, 50, 153.12967, 13,       238, 49,        32, 56, 1.0976870, 74, 11.838305, 73, 515.56146, 77, 31.781250, 79, 1.2299160, 75, 49.994171, 66, 0.8959961,116,         4, 84, 3.8160706
58C,2019/07/22 20:56:00, 50,-10.120356, 13,       238, 49,        32, 56, 1.0976870, 74, 11.853862, 73, 515.50293, 77, 31.843750, 79, 1.2250546, 75, 49.943886, 66, 1.0401917,116,         4, 84, 3.8090515
51C,2019/07/22 20:57:00, 50, 18.786064, 13,       239, 49,        32, 56, 1.0976870, 74, 11.884974, 73, 515.56146, 77, 31.843750, 79, 1.2250546, 75, 49.994171, 66, 0.9008789,116,         4, 84, 3.8180542
5FC,2019/07/22 20:58:00, 50,-23.634403, 13,       239, 49,        32, 56, 1.0976870, 74, 11.884974, 73, 515.56146, 77, 31.875000, 79, 1.2201934, 75, 50.044472, 66, 0.9376526,116,         4, 84, 3.8087463
5BC,2019/07/22 20:59:00, 50,-117.20531, 13,       239, 49,        32, 56, 1.0976870, 74, 11.838305, 73, 515.59070, 77, 31.906250, 79, 1.2250546, 75, 49.994171, 66, 0.8332825,116,         4, 84, 3.8113403
52C,2019/07/22 21:00:00, 50,-266.66132, 13,       240, 49,        64, 56, 1.0976870, 74, 11.838305, 73, 515.61993, 77, 31.906250, 79, 1.2153320, 75, 49.994171, 66, 1.6433716,116,         4, 84, 3.8121033
55C,2019/07/22 21:01:00, 50,-285.25299, 13,       240, 49,        64, 56, 1.0976870, 74, 11.884974, 73, 515.64917, 77, 31.906250, 79, 1.2201934, 75, 49.994171, 66, 1.7344666,116,         4, 84, 3.8107300
55C,2019/07/22 21:02:00, 50,-347.99213, 13,       240, 49,        64, 56, 1.0976870, 74, 11.869418, 73, 515.61993, 77, 31.906250, 79, 1.2201934, 75, 49.994171, 66, 1.6371155,116,         4, 84, 3.8098145
54C,2019/07/22 21:03:00, 50,-275.68994, 13,       240, 49,        64, 56, 1.0976870, 74, 11.853862, 73, 515.64917, 77, 31.937500, 79, 1.2201934, 75, 49.994171, 66, 1.9285583,116,         4, 84, 3.8066101
52C,2019/07/22 21:04:00, 50,-123.02345, 13,       241, 49,        64, 56, 1.0976870, 74, 11.853862, 73, 515.67841, 77, 31.968750, 79, 1.2201934, 75, 49.994171, 66, 1.9360352,116,         4, 84, 3.8203430
5BC,2019/07/22 21:05:00, 50,-87.223999, 13,       241, 49,        64, 56, 1.0976870, 74, 11.884974, 73, 515.67841, 77, 31.937500, 79, 1.2201934, 75, 49.994171, 66, 1.9953918,116,         4, 84, 3.8154602
5EC,2019/07/22 21:06:00, 50,-125.33429, 13,       241, 49,        64, 56, 1.0976870, 74, 11.869418, 73, 515.70764, 77, 31.968750, 79, 1.2250546, 75, 49.994171, 66, 1.9586182,116,         4, 84, 3.8137817
5EC,2019/07/22 21:07:00, 50,-97.099564, 13,       241, 49,        64, 56, 1.0976870, 74, 11.869418, 73, 515.64917, 77, 31.968750, 79, 1.2153320, 75, 49.994171, 66, 1.7529297,116,         4, 84, 3.8070679
51C,2019/07/22 21:08:00, 50,-239.18158, 13,       242, 49,        64, 56, 1.0976870, 74, 11.838305, 73, 515.64917, 77, 31.937500, 79, 1.2201934, 75, 49.994171, 66, 1.6589355,116,         4, 84, 3.8182068
5BC,2019/07/22 21:09:00, 50,-397.01129, 13,       242, 49,        64, 56, 1.0976870, 74, 11.884974, 73, 515.67841, 77, 31.968750, 79, 1.2201934, 75, 49.994171, 66, 1.6215515,116,         4, 84, 3.8116455
54C,2019/07/22 21:10:00, 50,-407.87909, 13,       242, 49,        64, 56, 1.0976870, 74, 11.869418, 73, 515.67841, 77, 31.968750, 79, 1.2250546, 75, 49.943886, 66, 1.7205811,116,         4, 84, 3.8113403
51C,2019/07/22 21:11:00, 50,-408.51367, 13,       242, 49,        64, 56, 1.0976870, 74, 11.853862, 73, 515.67841, 77, 31.937500, 79, 1.2250546, 75, 49.994171, 66, 1.7085266,116,         4, 84, 3.8088989
5FC,2019/07/22 21:12:00, 50,-283.96991, 13,       242, 49,        64, 56, 1.0976870, 74, 11.838305, 73, 515.67841, 77, 31.937500, 79, 1.2201934, 75, 49.994171, 66, 2.7899170,116,         4, 84, 3.8015747
57C,2019/07/22 21:13:00, 50, 1370.7446, 13,       243, 49,        32, 56, 1.0976870, 74, 11.869418, 73, 515.61993, 77, 31.968750, 79, 1.2201934, 75, 49.994171, 66, 1.3436890,116,         4, 84, 3.8188171
53C,2019/07/22 21:14:00, 50,-63.990494, 13,       243, 49,        32, 56, 1.0976870, 74, 11.869418, 73, 515.64917, 77, 31.937500, 79, 1.2153320, 75, 49.994171, 66, 0.9223938,116,         4, 84, 3.8107300
58C,2019/07/22 21:15:00, 50, 809.79944, 13,       243, 49,        32, 56, 1.0976870, 74, 11.838305, 73, 515.64917, 77, 31.968750, 79, 1.2250546, 75, 49.994171, 66, 1.2294006,116,         4, 84, 3.8092041
5BC,2019/07/22 21:16:00, 50, 867.02502, 13,       243, 49,        32, 56, 1.0976870, 74, 11.838305, 73, 515.67841, 77, 31.968750, 79, 1.2201934, 75, 49.994171, 66, 1.4395142,116,         4, 84, 3.8070679
5BC,2019/07/22 21:17:00, 50, 1119.7146, 13,       244, 49,        32, 56, 1.0976870, 74, 11.869418, 73, 515.64917, 77, 31.968750, 79, 1.2201934, 75, 49.994171, 66, 1.2487793,116,         4, 84, 3.8139343
57C,2019/07/22 21:18:00, 50, 685.92603, 13,       244, 49,        32, 56, 1.0976870, 74, 11.869418, 73, 515.67841, 77, 31.906250, 79, 1.2201934, 75, 49.994171, 66, 1.3153076,116,         4, 84, 3.8179016
52C,2019/07/22 21:19:00, 50, 1310.2017, 13,       244, 49,        32, 56, 1.0976870, 74, 11.838305, 73, 515.70764, 77, 31.906250, 79, 1.2153320, 75, 49.994171, 66, 1.4218140,116,         4, 84, 3.8124084
5CC,2019/07/22 21:20:00, 50, 1302.5615, 13,       244, 49,        32, 56, 1.0976870, 74, 11.822749, 73, 515.67841, 77, 31.906250, 79, 1.2201934, 75, 49.994171, 66, 1.3772583,116,         4, 84, 3.8090515
54C,2019/07/22 21:21:00, 50, 1228.1045, 13,       244, 49,        32, 56, 1.0976870, 74, 11.884974, 73, 515.70764, 77, 31.937500, 79, 1.2201934, 75, 50.044472, 66, 1.3287354,116,         4, 84, 3.8059998
58C,2019/07/22 21:22:00, 50, 210.04111, 13,       245, 49,        32, 56, 1.0976870, 74, 11.869418, 73, 515.67841, 77, 31.937500, 79, 1.2201934, 75, 50.094795, 66, 0.9950256,116,         4, 84, 3.8163757
5AC,2019/07/22 21:23:00, 50, 407.34235, 13,       245, 49,        32, 56, 1.0976870, 74, 11.853862, 73, 515.67841, 77, 31.968750, 79, 1.2250546, 75, 50.094795, 66, 1.1833191,116,         4, 84, 3.8128662
54C,2019/07/22 21:24:00, 50, 679.73499, 13,       245, 49,        32, 56, 1.0976870, 74, 11.838305, 73, 515.67841, 77, 31.906250, 79, 1.2201934, 75, 50.044472, 66, 1.1738586,116,         4, 84, 3.8093567
5FC,2019/07/22 21:25:00, 50, 752.18970, 13,       245, 49,        32, 56, 1.0976870, 74, 11.884974, 73, 515.70764, 77, 31.937500, 79, 1.2153320, 75, 49.994171, 66, 1.3323975,116,         4, 84, 3.8075256
53C,2019/07/22 21:26:00, 50, 1054.4966, 13,       245, 49,        32, 56, 1.0976870, 74, 11.869418, 73, 515.67841, 77, 31.906250, 79, 1.2201934, 75, 49.943886, 66, 1.2936401,116,         4, 84, 3.8027954
54C,2019/07/22 21:27:00, 50, 883.76355, 13,       246, 49,        32, 56, 1.0976870, 74, 11.838305, 73, 515.67841, 77, 31.968750, 79, 1.2153320, 75, 49.943886, 66, 1.2359619,116,         4, 84, 3.8182068
5CC,2019/07/22 21:28:00, 50, 841.72961, 13,       246, 49,        32, 56, 1.0976870, 74, 11.838305, 73, 515.67841, 77, 31.937500, 79, 1.2201934, 75, 49.994171, 66, 1.1941528,116,         4, 84, 3.8156128
55C,2019/07/22 21:29:00, 50,-30.050957, 13,       246, 49,        32, 56, 1.0976870, 74, 11.884974, 73, 515.64917, 77, 31.937500, 79, 1.2201934, 75, 49.994171, 66, 0.9895325,116,         4, 84, 3.8145447
55C,2019/07/22 21:30:00, 50,-67.995468, 13,       246, 49,        32, 56, 1.0976870, 74, 11.869418, 73, 515.64917, 77, 31.937500, 79, 1.2250546, 75, 50.044472, 66, 0.9283447,116,         4, 84, 3.8098145
5BC,2019/07/22 21:31:00, 50,-95.364029, 13,       246, 49,        32, 56, 1.0976870, 74, 11.838305, 73, 515.67841, 77, 31.968750, 79, 1.2201934, 75, 49.994171, 66, 0.9986877,116,         4, 84, 3.8061523
52C,2019/07/22 21:32:00, 50, 51.602821, 13,       247, 49,        32, 56, 1.0976870, 74, 11.838305, 73, 515.67841, 77, 31.937500, 79, 1.2201934, 75, 49.994171, 66, 1.0227966,116,         4, 84, 3.8177490
5DC,2019/07/22 21:33:00, 50, 48.634003, 13,       247, 49,        32, 56, 1.0976870, 74, 11.884974, 73, 515.70764, 77, 31.968750, 79, 1.2201934, 75, 49.943886, 66, 0.9263611,116,         4, 84, 3.8130188
55C,2019/07/22 21:34:00, 50,-21.836426, 13,       247, 49,        32, 56, 1.0976870, 74, 11.884974, 73, 515.67841, 77, 32.000000, 79, 1.2201934, 75, 49.994171, 66, 0.9500122,116,         4, 84, 3.8133240
5EC,2019/07/22 21:35:00, 50,-4.8315010, 13,       247, 49,        32, 56, 1.0976870, 74, 11.838305, 73, 515.70764, 77, 32.031250, 79, 1.2201934, 75, 49.994171, 66, 0.9765625,116,         4, 84, 3.8063049
54C,2019/07/22 21:36:00, 50,-6.6483221, 13,       247, 49,        32, 56, 1.0976870, 74, 11.838305, 73, 515.70764, 77, 32.062500, 79, 1.2153320, 75, 50.044472, 66, 0.9252930,116,         4, 84, 3.8052368
50C,2019/07/22 21:37:00, 50,-26.765648, 13,       247, 49,        32, 56, 1.0976870, 74, 11.900531, 73, 515.73688, 77, 32.062500, 79, 1.2153320, 75, 49.994171, 66, 0.9156799,116,         4, 84, 3.8066101
5FC,2019/07/22 21:38:00, 50,-5.5508871, 13,       248, 49,        32, 56, 1.0976870, 74, 11.853862, 73, 515.73688, 77, 32.031250, 79, 1.2201934, 75, 50.044472, 66, 0.9703064,116,         4, 84, 3.8218689
50C,2019/07/22 21:39:00, 50,-13.990625, 13,       248, 49,        32, 56, 1.0976870, 74, 11.869418, 73, 515.76611, 77, 32.031250, 79, 1.2250546, 75, 49.943886, 66, 0.9881592,116,         4, 84, 3.8168335
54C,2019/07/22 21:40:00, 50,-32.593170, 13,       248, 49,        32, 56, 1.0976870, 74, 11.838305, 73, 515.76611, 77, 32.093750, 79, 1.2153320, 75, 50.094795, 66, 0.8627319,116,         4, 84, 3.8139343
56C,2019/07/22 21:41:00, 50,-63.045181, 13,       248, 49,        32, 56, 1.0976870, 74, 11.884974, 73, 515.76611, 77, 32.062500, 79, 1.2201934, 75, 50.094795, 66, 0.9852600,116,         4, 84, 3.8134766
5BC,2019/07/22 21:42:00, 50,-141.70154, 13,       248, 49,        32, 56, 1.0976870, 74, 11.884974, 73, 515.76611, 77, 32.062500, 79, 1.2201934, 75, 49.943886, 66, 0.8961487,116,         4, 84, 3.8119507
58C,2019/07/22 21:43:00, 50,-390.20880, 13,       248, 49,        32, 56, 1.0976870, 74, 11.822749, 73, 515.76611, 77, 32.093750, 79, 1.2201934, 75, 50.044472, 66, 0.8409119,116,         4, 84, 3.8029480
56C,2019/07/22 21:44:00, 50,-378.61768, 13,       249, 49,        32, 56, 1.0976870, 74, 11.822749, 73, 515.76611, 77, 32.125000, 79, 1.2250546, 75, 49.994171, 66, 0.8627319,116,         4, 84, 3.8066101
5AC,2019/07/22 21:45:00, 50,-322.84711, 13,       249, 49,        32, 56, 1.0976870, 74, 11.869418, 73, 515.76611, 77, 32.125000, 79, 1.2201934, 75, 49.994171, 66, 0.9239197,116,         4, 84, 3.8177490
5EC,2019/07/22 21:46:00, 50,-156.22821, 13,       249, 49,        32, 56, 1.0976870, 74, 11.900531, 73, 515.76611, 77, 32.125000, 79, 1.2201934, 75, 49.994171, 66, 0.9770203,116,         4, 84, 3.8142395
5AC,2019/07/22 21:47:00, 50,-21.681622, 13,       249, 49,        32, 56, 1.0976870, 74, 11.869418, 73, 515.76611, 77, 32.093750, 79, 1.2250546, 75, 50.094795, 66, 1.0260010,116,         4, 84, 3.8142395
52C,2019/07/22 21:48:00, 50, 98.201752, 13,       249, 49,        32, 56, 1.0976870, 74, 11.853862, 73, 515.76611, 77, 32.093750, 79, 1.2201934, 75, 49.994171, 66, 1.0728455,116,         4, 84, 3.8101196
5BC,2019/07/22 21:49:00, 50, 645.76611, 13,       249, 49,        32, 56, 1.0976870, 74, 11.884974, 73, 515.79535, 77, 32.093750, 79, 1.2250546, 75, 49.943886, 66, 1.2141418,116,         4, 84, 3.8055420
58C,2019/07/22 21:50:00, 50, 865.63257, 13,       250, 49,        32, 56, 1.0976870, 74, 11.916087, 73, 515.82458, 77, 32.093750, 79, 1.2201934, 75, 49.994171, 66, 1.3578796,116,         4, 84, 3.8220215
57C,2019/07/22 21:51:00, 50, 849.38538, 13,       250, 49,        32, 56, 1.0976870, 74, 11.822749, 73, 515.79535, 77, 32.125000, 79, 1.2250546, 75, 49.943886, 66, 1.1824036,116,         4, 84, 3.8179016
55C,2019/07/22 21:52:00, 50, 463.11182, 13,       250, 49,        32, 56, 1.0976870, 74, 11.853862, 73, 515.76611, 77, 32.125000, 79, 1.2201934, 75, 50.044472, 66, 1.2214661,116,         4, 84, 3.8171387
5AC,2019/07/22 21:53:00, 50, 517.36365, 13,       250, 49,        32, 56, 1.0976870, 74, 11.900531, 73, 515.82458, 77, 32.093750, 79, 1.2201934, 75, 50.044472, 66, 1.1846924,116,         4, 84, 3.8139343
51C,2019/07/22 21:54:00, 50, 627.67517, 13,       250, 49,        32, 56, 1.0976870, 74, 11.869418, 73, 515.79535, 77, 32.093750, 79, 1.2250546, 75, 49.994171, 66, 1.2068176,116,         4, 84, 3.8169861
5EC,2019/07/22 21:55:00, 50, 1024.0046, 13,       250, 49,        32, 56, 1.0976870, 74, 11.838305, 73, 515.85388, 77, 32.062500, 79, 1.2250546, 75, 49.994171, 66, 1.5170288,116,         4, 84, 3.8075256
58C,2019/07/22 21:56:00, 50, 567.41528, 13,       250, 49,        32, 56, 1.0976870, 74, 11.853862, 73, 515.82458, 77, 32.062500, 79, 1.2201934, 75, 49.994171, 66, 1.1209106,116,         4, 84, 3.8055420
57C,2019/07/22 21:57:00, 50,-15.072769, 13,       250, 49,        32, 56, 1.0976870, 74, 11.869418, 73, 515.82458, 77, 32.062500, 79, 1.2250546, 75, 49.943886, 66, 0.9400940,116,         4, 84, 3.8066101
57C,2019/07/22 21:58:00, 50,-89.549606, 13,       251, 49,        32, 56, 1.0976870, 74, 11.900531, 73, 515.82458, 77, 32.031250, 79, 1.2250546, 75, 49.994171, 66, 0.9031677,116,         4, 84, 3.7997437
5BC,2019/07/22 21:59:00, 50,-94.249390, 13,       251, 49,        32, 56, 1.0976870, 74, 11.853862, 73, 515.82458, 77, 32.031250, 79, 1.2250546, 75, 49.994171, 66, 0.9445190,116,         4, 84, 3.8169861
57C,2019/07/22 22:00:00, 50,-115.27312, 13,       251, 49,        32, 56, 1.0976870, 74, 11.838305, 73, 515.79535, 77, 32.031250, 79, 1.2201934, 75, 50.044472, 66, 0.9373474,116,         4, 84, 3.8156128
59C,2019/07/22 22:01:00, 50,-126.35368, 13,       251, 49,        32, 56, 1.0976870, 74, 11.853862, 73, 515.76611, 77, 32.000000, 79, 1.2201934, 75, 49.893616, 66, 0.9376526,116,         4, 84, 3.8128662
55C,2019/07/22 22:02:00, 50,-87.709122, 13,       251, 49,        32, 56, 1.0976870, 74, 11.838305, 73, 515.82458, 77, 32.000000, 79, 1.2201934, 75, 49.893616, 66, 0.9875488,116,         4, 84, 3.8114929
51C,2019/07/22 22:03:00, 50,-116.16043, 13,       251, 49,        32, 56, 1.0976870, 74, 11.884974, 73, 515.82458, 77, 32.062500, 79, 1.2250546, 75, 49.994171, 66, 0.8676147,116,         4, 84, 3.8056946
5BC,2019/07/22 22:04:00, 50,-250.31772, 13,       251, 49,        32, 56, 1.0976870, 74, 11.822749, 73, 515.79535, 77, 32.062500, 79, 1.2201934, 75, 50.044472, 66, 0.8782959,116,         4, 84, 3.8081360
55C,2019/07/22 22:05:00, 50,-342.21594, 13,       252, 49,        32, 56, 1.0976870, 74, 11.884974, 73, 515.82458, 77, 32.062500, 79, 1.2201934, 75, 49.943886, 66, 0.8866882,116,         4, 84, 3.8175964
5AC,2019/07/22 22:06:00, 50,-329.53589, 13,       252, 49,        32, 56, 1.0976870, 74, 11.853862, 73, 515.88312, 77, 32.062500, 79, 1.2201934, 75, 50.044472, 66, 0.8676147,116,         4, 84, 3.8163757
53C,2019/07/22 22:07:00, 50,-274.14392, 13,       252, 49,        32, 56, 1.0976870, 74, 11.869418, 73, 515.85388, 77, 32.062500, 79, 1.2201934, 75, 50.094795, 66, 1.0102844,116,         4, 84, 3.8111877
54C,2019/07/22 22:08:00, 50, 213.89569, 13,       252, 49,        32, 56, 1.0976870, 74, 11.838305, 73, 515.88312, 77, 32.093750, 79, 1.2250546, 75, 49.994171, 66, 1.0386658,116,         4, 84, 3.8146973
5AC,2019/07/22 22:09:00, 50, 181.24072, 13,       252, 49,        32, 56, 1.0976870, 74, 11.869418, 73, 515.85388, 77, 32.093750, 79, 1.2250546, 75, 50.044472, 66, 1.1968994,116,         4, 84, 3.8092041
53C,2019/07/22 22:10:00, 50, 794.40051, 13,       252, 49,        32, 56, 1.0976870, 74, 11.884974, 73, 515.85388, 77, 32.125000, 79, 1.2153320, 75, 49.994171, 66, 1.1221313,116,         4, 84, 3.8050842
5EC,2019/07/22 22:11:00, 50,-20.506157, 13,       252, 49,        32, 56, 1.0976870, 74, 11.853862, 73, 515.88312, 77, 32.125000, 79, 1.2201934, 75, 49.843369, 66, 0.9750366,116,         4, 84, 3.8053894
58C,2019/07/22 22:12:00, 50,-19.906956, 13,       252, 49,        32, 56, 1.0976870, 74, 11.838305, 73, 515.85388, 77, 32.156250, 79, 1.2153320, 75, 50.044472, 66, 1.0289001,116,         4, 84, 3.8049316
50C,2019/07/22 22:13:00, 50, 83.172318, 13,       253, 49,        32, 56, 1.0976870, 74, 11.869418, 73, 515.85388, 77, 32.156250, 79, 1.2201934, 75, 49.943886, 66, 1.0412598,116,         4, 84, 3.8166809
57C,2019/07/22 22:14:00, 50, 113.01819, 13,       253, 49,        32, 56, 1.0976870, 74, 11.884974, 73, 515.88312, 77, 32.125000, 79, 1.2299160, 75, 50.044472, 66, 0.9973145,116,         4, 84, 3.8131714
52C,2019/07/22 22:15:00, 50, 113.91226, 13,       253, 49,        32, 56, 1.0976870, 74, 11.838305, 73, 515.88312, 77, 32.156250, 79, 1.2201934, 75, 49.943886, 66, 0.9538269,116,         4, 84, 3.8108826
56C,2019/07/22 22:16:00, 50, 390.65729, 13,       253, 49,        32, 56, 1.0976870, 74, 11.853862, 73, 515.88312, 77, 32.156250, 79, 1.2250546, 75, 50.044472, 66, 1.2303162,116,         4, 84, 3.8136292
5CC,2019/07/22 22:17:00, 50, 350.64923, 13,       253, 49,        32, 56, 1.0976870, 74, 11.838305, 73, 515.94159, 77, 32.156250, 79, 1.2250546, 75, 50.044472, 66, 1.0725403,116,         4, 84, 3.8122559
58C,2019/07/22 22:18:00, 50,-6.0167885, 13,       253, 49,        32, 56, 1.0976870, 74, 11.869418, 73, 515.94159, 77, 32.156250, 79, 1.2250546, 75, 49.994171, 66, 0.9355164,116,         4, 84, 3.8050842
5DC,2019/07/22 22:19:00, 50,-59.411705, 13,       254, 49,        32, 56, 1.0976870, 74, 11.884974, 73, 515.91235, 77, 32.156250, 79, 1.2250546, 75, 49.893616, 66, 0.9400940,116,         4, 84, 3.8192749
52C,2019/07/22 22:20:00, 50,-85.798294, 13,       254, 49,        32, 56, 1.0976870, 74, 11.838305, 73, 515.97083, 77, 32.156250, 79, 1.2153320, 75, 49.943886, 66, 0.9391785,116,         4, 84, 3.8218689
51C,2019/07/22 22:21:00, 50,-68.957962, 13,       254, 49,        32, 56, 1.0976870, 74, 11.884974, 73, 515.97083, 77, 32.187500, 79, 1.2250546, 75, 49.994171, 66, 0.9126282,116,         4, 84, 3.8153076
56C,2019/07/22 22:22:00, 50,-253.46051, 13,       254, 49,        32, 56, 1.0976870, 74, 11.884974, 73, 515.97083, 77, 32.187500, 79, 1.2201934, 75, 49.994171, 66, 0.8522034,116,         4, 84, 3.8119507
5CC,2019/07/22 22:23:00, 50,-402.25922, 13,       254, 49,        32, 56, 1.0976870, 74, 11.838305, 73, 515.94159, 77, 32.187500, 79, 1.2201934, 75, 50.044472, 66, 0.8450317,116,         4, 84, 3.8122559
52C,2019/07/22 22:24:00, 50,-395.01221, 13,       254, 49,        32, 56, 1.0976870, 74, 11.822749, 73, 515.97083, 77, 32.218750, 79, 1.2201934, 75, 50.094795, 66, 0.8584595,116,         4, 84, 3.8107300
5CC,2019/07/22 22:25:00, 50,-366.89282, 13,       254, 49,        32, 56, 1.0976870, 74, 11.869418, 73, 516.00006, 77, 32.218750, 79, 1.2201934, 75, 49.994171, 66, 0.8683777,116,         4, 84, 3.8073730
57C,2019/07/22 22:26:00, 50,-349.32642, 13,       254, 49,        32, 56, 1.0976870, 74, 11.884974, 73, 516.00006, 77, 32.218750, 79, 1.2201934, 75, 49.994171, 66, 0.8618164,116,         4, 84, 3.8070679
57C,2019/07/22 22:27:00, 50,-359.63422, 13,       254, 49,        32, 56, 1.0976870, 74, 11.822749, 73, 516.00006, 77, 32.218750, 79, 1.2153320, 75, 49.843369, 66, 0.8432007,116,         4, 84, 3.8095093
5BC,2019/07/22 22:28:00, 50,-370.08026, 13,       254, 49,        32, 56, 1.0976870, 74, 11.838305, 73, 516.00006, 77, 32.218750, 79, 1.2201934, 75, 49.994171, 66, 0.8361816,116,         4, 84, 3.8020325
5CC,2019/07/22 22:29:00, 50,-335.59174, 13,       254, 49,        32, 56, 1.0976870, 74, 11.838305, 73, 515.97083, 77, 32.187500, 79, 1.2153320, 75, 49.943886, 66, 1.0887146,116,         4, 84, 3.8002014
5CC,2019/07/22 22:30:00, 50, 549.36597, 13,       254, 49,        32, 56, 1.0976870, 74, 11.838305, 73, 516.00006, 77, 32.218750, 79, 1.2153320, 75, 50.044472, 66, 1.0649109,116,         4, 84, 3.7934875
5FC,2019/07/22 22:31:00, 50,-123.69740, 13,       254, 49,        32, 56, 1.0976870, 74, 11.853862, 73, 515.97083, 77, 32.218750, 79, 1.2201934, 75, 50.094795, 66, 0.8998108,116,         4, 84, 3.7947083
54C,2019/07/22 22:32:00, 50, 33.924873, 13,       254, 49,        32, 56, 1.0976870, 74, 11.822749, 73, 516.05853, 77, 32.218750, 79, 1.2201934, 75, 50.044472, 66, 1.0221863,116,         4, 84, 3.7931824
59C,2019/07/22 22:33:00, 50, 564.25476, 13,       254, 49,        32, 56, 1.0976870, 74, 11.884974, 73, 516.05853, 77, 32.218750, 79, 1.2201934, 75, 49.994171, 66, 1.0485840,116,         4, 84, 3.7890625
5AC,2019/07/22 22:34:00, 50, 175.27097, 13,       254, 49,        32, 56, 1.0976870, 74, 11.884974, 73, 516.00006, 77, 32.250000, 79, 1.2201934, 75, 49.994171, 66, 1.0494995,116,         4, 84, 3.7924194
5FC,2019/07/22 22:35:00, 50, 933.79321, 13,       254, 49,        32, 56, 1.0976870, 74, 11.869418, 73, 516.02930, 77, 32.250000, 79, 1.2201934, 75, 50.044472, 66, 1.2168884,116,         4, 84, 3.7844849
5FC,2019/07/22 22:36:00, 50, 1206.8098, 13,       254, 49,        32, 56, 1.0976870, 74, 11.853862, 73, 516.02930, 77, 32.250000, 79, 1.2153320, 75, 50.044472, 66, 1.3819885,116,         4, 84, 3.7861633
59C,2019/07/22 22:37:00, 50, 828.94299, 13,       254, 49,        32, 56, 1.0976870, 74, 11.869418, 73, 516.02930, 77, 32.250000, 79, 1.2201934, 75, 49.943886, 66, 1.1904907,116,         4, 84, 3.7870789
5CC,2019/07/22 22:38:00, 50, 38.407326, 13,       254, 49,        32, 56, 1.0976870, 74, 11.900531, 73, 516.02930, 77, 32.218750, 79, 1.2250546, 75, 50.044472, 66, 0.9628296,116,         4, 84, 3.7825012
5BC,2019/07/22 22:39:00, 50, 12.581535, 13,       254, 49,        32, 56, 1.0976870, 74, 11.853862, 73, 516.00006, 77, 32.250000, 79, 1.2201934, 75, 50.044472, 66, 0.9851074,116,         4, 84, 3.7815857
50C,2019/07/22 22:40:00, 50,-40.315239, 13,       254, 49,        32, 56, 1.0976870, 74, 11.838305, 73, 516.02930, 77, 32.250000, 79, 1.2201934, 75, 49.994171, 66, 0.9260559,116,         4, 84, 3.7820435
58C,2019/07/22 22:41:00, 50,-119.24811, 13,       254, 49,        32, 56, 1.0976870, 74, 11.869418, 73, 516.00006, 77, 32.250000, 79, 1.2201934, 75, 50.044472, 66, 0.8686829,116,         4, 84, 3.7777710
53C,2019/07/22 22:42:00, 50,-288.24738, 13,       254, 49,        32, 56, 1.0976870, 74, 11.869418, 73, 516.00006, 77, 32.218750, 79, 1.2201934, 75, 50.044472, 66, 0.8106995,116,         4, 84, 3.7745667
55C,2019/07/22 22:43:00, 50,-341.88104, 13,       254, 49,        32, 56, 1.0976870, 74, 11.853862, 73, 516.05853, 77, 32.250000, 79, 1.2201934, 75, 49.893616, 66, 0.8518982,116,         4, 84, 3.7771606
54C,2019/07/22 22:44:00, 50,-367.59393, 13,       254, 49,        32, 56, 1.0976870, 74, 11.853862, 73, 516.05853, 77, 32.218750, 79, 1.2201934, 75, 50.044472, 66, 0.8590698,116,         4, 84, 3.7773132
57C,2019/07/22 22:45:00, 50,-359.53625, 13,       254, 49,        32, 56, 1.0976870, 74, 11.838305, 73, 516.02930, 77, 32.250000, 79, 1.2250546, 75, 50.044472, 66, 0.8396912,116,         4, 84, 3.7687683
54C,2019/07/22 22:46:00, 50,-306.68079, 13,       254, 49,        32, 56, 1.0976870, 74, 11.869418, 73, 516.05853, 77, 32.218750, 79, 1.2153320, 75, 50.145134, 66, 0.8552551,116,         4, 84, 3.7722778
54C,2019/07/22 22:47:00, 50,-276.26453, 13,       254, 49,        32, 56, 1.0976870, 74, 11.853862, 73, 516.05853, 77, 32.187500, 79, 1.2201934, 75, 50.044472, 66, 1.0211182,116,         4, 84, 3.7731934
5DC,2019/07/22 22:48:00, 50, 9.3169975, 13,       254, 49,        32, 56, 1.0976870, 74, 11.838305, 73, 516.05853, 77, 32.250000, 79, 1.2201934, 75, 49.893616, 66, 0.8598328,116,         4, 84, 3.7678528
57C,2019/07/22 22:49:00, 50,-282.86713, 13,       254, 49,        32, 56, 1.0976870, 74, 11.869418, 73, 516.02930, 77, 32.218750, 79, 1.2201934, 75, 49.994171, 66, 0.8987427,116,         4, 84, 3.7632751
52C,2019/07/22 22:50:00, 50,-25.313343, 13,       254, 49,        32, 56, 1.0976870, 74, 11.884974, 73, 516.02930, 77, 32.187500, 79, 1.2153320, 75, 49.994171, 66, 1.0742187,116,         4, 84, 3.7632751
55C,2019/07/22 22:51:00, 50, 360.86139, 13,       254, 49,        32, 56, 1.0976870, 74, 11.869418, 73, 516.05853, 77, 32.187500, 79, 1.2201934, 75, 49.893616, 66, 1.0395813,116,         4, 84, 3.7548828
5EC,2019/07/22 22:52:00, 50, 325.45032, 13,       254, 49,        32, 56, 1.0976870, 74, 11.838305, 73, 516.02930, 77, 32.218750, 79, 1.2201934, 75, 49.943886, 66, 0.9909058,116,         4, 84, 3.7544250
50C,2019/07/22 22:53:00, 50,-48.321884, 13,       254, 49,        32, 56, 1.0976870, 74, 11.838305, 73, 516.05853, 77, 32.187500, 79, 1.2201934, 75, 49.943886, 66, 0.9326172,116,         4, 84, 3.7512207
55C,2019/07/22 22:54:00, 50,-90.260269, 13,       254, 49,        32, 56, 1.0976870, 74, 11.900531, 73, 516.02930, 77, 32.187500, 79, 1.2250546, 75, 50.094795, 66, 0.9220886,116,         4, 84, 3.7533569
52C,2019/07/22 22:55:00, 50,-112.52388, 13,       254, 49,        32, 56, 1.0976870, 74, 11.853862, 73, 516.02930, 77, 32.187500, 79, 1.2250546, 75, 50.044472, 66, 0.9431458,116,         4, 84, 3.7528992
54C,2019/07/22 22:56:00, 50,-70.609970, 13,       254, 49,        32, 56, 1.0976870, 74, 11.838305, 73, 516.05853, 77, 32.156250, 79, 1.2201934, 75, 50.044472, 66, 1.0226440,116,         4, 84, 3.7496948
5DC,2019/07/22 22:57:00, 50,-251.57141, 13,       254, 49,        32, 56, 1.0976870, 74, 11.853862, 73, 516.05853, 77, 32.187500, 79, 1.2201934, 75, 50.044472, 66, 0.8103943,116,         4, 84, 3.7481689
53C,2019/07/22 22:58:00, 50,-404.58704, 13,       254, 49,        64, 56, 1.0976870, 74, 11.884974, 73, 516.11700, 77, 32.156250, 79, 1.2250546, 75, 49.893616, 66, 1.6320801,116,         4, 84, 3.7451172
57C,2019/07/22 22:59:00, 50,-70.824768, 13,       254, 49,        64, 56, 1.0976870, 74, 11.838305, 73, 516.14630, 77, 32.187500, 79, 1.2201934, 75, 50.044472, 66, 2.0246887,116,         4, 84, 3.7409973
5CC,2019/07/22 23:00:00, 50, 355.84930, 13,       254, 49,        64, 56, 1.0976870, 74, 11.838305, 73, 516.14630, 77, 32.156250, 79, 1.2299160, 75, 49.994171, 66, 2.1009827,116,         4, 84, 3.7411499
56C,2019/07/22 23:01:00, 50, 288.30438, 13,       254, 49,        64, 56, 1.0976870, 74, 11.869418, 73, 516.14630, 77, 32.125000, 79, 1.2201934, 75, 49.943886, 66, 2.2039795,116,         4, 84, 3.7377930
52C,2019/07/22 23:02:00, 50, 287.76184, 13,       254, 49,        64, 56, 1.0976870, 74, 11.869418, 73, 516.14630, 77, 32.156250, 79, 1.2250546, 75, 49.943886, 66, 2.0924377,116,         4, 84, 3.7316895
59C,2019/07/22 23:03:00, 50, 285.88214, 13,       254, 49,        64, 56, 1.0976870, 74, 11.838305, 73, 516.14630, 77, 32.156250, 79, 1.2201934, 75, 49.994171, 66, 1.8978882,116,         4, 84, 3.7275696
5EC,2019/07/22 23:04:00, 50,-17.024078, 13,       254, 49,        64, 56, 1.0976870, 74, 11.838305, 73, 516.08777, 77, 32.156250, 79, 1.2201934, 75, 50.044472, 66, 1.8254089,116,         4, 84, 3.7254333
58C,2019/07/22 23:05:00, 50,-206.25418, 13,       254, 49,        64, 56, 1.0976870, 74, 11.869418, 73, 516.11700, 77, 32.125000, 79, 1.2250546, 75, 49.943886, 66, 1.7993164,116,         4, 84, 3.7219238
53C,2019/07/22 23:06:00, 50, 214.66873, 13,       254, 49,        64, 56, 1.0976870, 74, 11.869418, 73, 516.14630, 77, 32.156250, 79, 1.2250546, 75, 50.044472, 66, 2.1238708,116,         4, 84, 3.7173462
5AC,2019/07/22 23:07:00, 50, 1060.2266, 13,       254, 49,        64, 56, 1.0976870, 74, 11.869418, 73, 516.14630, 77, 32.156250, 79, 1.2250546, 75, 49.994171, 66, 2.6576233,116,         4, 84, 3.7127686
5CC,2019/07/22 23:08:00, 50, 283.36542, 13,       254, 49,        64, 56, 1.0976870, 74, 11.838305, 73, 516.14630, 77, 32.156250, 79, 1.2201934, 75, 50.044472, 66, 2.0100403,116,         4, 84, 3.7117004
57C,2019/07/22 23:09:00, 50, 87.117508, 13,       254, 49,        64, 56, 1.0976870, 74, 11.853862, 73, 516.11700, 77, 32.156250, 79, 1.2201934, 75, 49.994171, 66, 1.9454956,116,         4, 84, 3.7057495
5CC,2019/07/22 23:10:00, 50, 98.244431, 13,       254, 49,        64, 56, 1.0976870, 74, 11.853862, 73, 516.14630, 77, 32.156250, 79, 1.2201934, 75, 49.943886, 66, 2.0213318,116,         4, 84, 3.7057495
5DC,2019/07/22 23:11:00, 50, 126.97044, 13,       254, 49,        64, 56, 1.0976870, 74, 11.869418, 73, 516.11700, 77, 32.156250, 79, 1.2201934, 75, 50.044472, 66, 2.1282959,116,         4, 84, 3.7023926
53C,2019/07/22 23:12:00, 50, 273.02411, 13,       254, 49,        64, 56, 1.0976870, 74, 11.838305, 73, 516.17554, 77, 32.156250, 79, 1.2201934, 75, 49.994171, 66, 2.0433044,116,         4, 84, 3.7002563
5CC,2019/07/22 23:13:00, 50, 201.59152, 13,       254, 49,        64, 56, 1.0976870, 74, 11.853862, 73, 516.14630, 77, 32.156250, 79, 1.2250546, 75, 49.994171, 66, 2.0631409,116,         4, 84, 3.6930847
55C,2019/07/22 23:14:00, 50, 836.50049, 13,       254, 49,        64, 56, 1.0976870, 74, 11.869418, 73, 516.14630, 77, 32.125000, 79, 1.2201934, 75, 49.994171, 66, 2.3136902,116,         4, 84, 3.6903381
59C,2019/07/22 23:15:00, 50, 253.68991, 13,       254, 49,        64, 56, 1.0976870, 74, 11.869418, 73, 516.14630, 77, 32.156250, 79, 1.2201934, 75, 49.994171, 66, 2.0697021,116,         4, 84, 3.6927795
52C,2019/07/22 23:16:00, 50, 303.01282, 13,       254, 49,        64, 56, 1.0976870, 74, 11.822749, 73, 516.14630, 77, 32.125000, 79, 1.2201934, 75, 50.044472, 66, 1.9476318,116,         4, 84, 3.6891174
55C,2019/07/22 23:17:00, 50, 47.650192, 13,       254, 49,        64, 56, 1.0976870, 74, 11.869418, 73, 516.17554, 77, 32.093750, 79, 1.2201934, 75, 50.044472, 66, 1.9599915,116,         4, 84, 3.6875916
53C,2019/07/22 23:18:00, 50, 37.385620, 13,       254, 49,        64, 56, 1.0976870, 74, 11.869418, 73, 516.17554, 77, 32.093750, 79, 1.2201934, 75, 49.943886, 66, 1.8659973,116,         4, 84, 3.6840820
57C,2019/07/22 23:19:00, 50,-16.390774, 13,       254, 49,        64, 56, 1.0976870, 74, 11.853862, 73, 516.14630, 77, 32.156250, 79, 1.2153320, 75, 50.044472, 66, 1.7263794,116,         4, 84, 3.6782837
52C,2019/07/22 23:20:00, 50,-91.956238, 13,       254, 49,        64, 56, 1.0976870, 74, 11.853862, 73, 516.11700, 77, 32.156250, 79, 1.2201934, 75, 50.044472, 66, 1.7277527,116,         4, 84, 3.6775208
59C,2019/07/22 23:21:00, 50,-172.20212, 13,       254, 49,        64, 56, 1.0976870, 74, 11.853862, 73, 516.14630, 77, 32.187500, 79, 1.2153320, 75, 50.044472, 66, 1.7695618,116,         4, 84, 3.6767578
56C,2019/07/22 23:22:00, 50,-206.04056, 13,       254, 49,        64, 56, 1.0976870, 74, 11.869418, 73, 516.14630, 77, 32.156250, 79, 1.2201934, 75, 49.943886, 66, 1.6860962,116,         4, 84, 3.6759949
51C,2019/07/22 23:23:00, 50,-258.07721, 13,       254, 49,        64, 56, 1.0976870, 74, 11.853862, 73, 516.14630, 77, 32.125000, 79, 1.2201934, 75, 49.994171, 66, 1.5834045,116,         4, 84, 3.6686707
52C,2019/07/22 23:24:00, 50,-308.11371, 13,       254, 49,        64, 56, 1.0976870, 74, 11.853862, 73, 516.14630, 77, 32.125000, 79, 1.2250546, 75, 50.044472, 66, 1.6040039,116,         4, 84, 3.6645508
5BC,2019/07/22 23:25:00, 50,-337.82361, 13,       254, 49,        64, 56, 1.0976870, 74, 11.853862, 73, 516.17554, 77, 32.093750, 79, 1.2201934, 75, 49.943886, 66, 1.6444397,116,         4, 84, 3.6647034
55C,2019/07/22 23:26:00, 50,-338.34583, 13,       254, 49,        64, 56, 1.0976870, 74, 11.884974, 73, 516.14630, 77, 32.125000, 79, 1.2201934, 75, 49.893616, 66, 1.6059875,116,         4, 84, 3.6614990
50C,2019/07/22 23:27:00, 50,-350.32513, 13,       254, 49,        64, 56, 1.0976870, 74, 11.869418, 73, 516.14630, 77, 32.125000, 79, 1.2201934, 75, 49.994171, 66, 1.6554260,116,         4, 84, 3.6651611
5AC,2019/07/22 23:28:00, 50,-358.68585, 13,       254, 49,        64, 56, 1.0976870, 74, 11.838305, 73, 516.17554, 77, 32.125000, 79, 1.2201934, 75, 49.994171, 66, 1.6613770,116,         4, 84, 3.6598206
5DC,2019/07/22 23:29:00, 50,-351.18250, 13,       254, 49,        64, 56, 1.0976870, 74, 11.853862, 73, 516.17554, 77, 32.156250, 79, 1.2250546, 75, 49.943886, 66, 1.6348267,116,         4, 84, 3.6558533
5AC,2019/07/22 23:30:00, 50,-344.92804, 13,       254, 49,        64, 56, 1.0976870, 74, 11.869418, 73, 516.17554, 77, 32.125000, 79, 1.2250546, 75, 49.994171, 66, 1.7224121,116,         4, 84, 3.6564636
55C,2019/07/22 23:31:00, 50,-339.85291, 13,       254, 49,        64, 56, 1.0976870, 74, 11.853862, 73, 516.14630, 77, 32.125000, 79, 1.2250546, 75, 50.044472, 66, 1.9020081,116,         4, 84, 3.6543274
5CC,2019/07/22 23:32:00, 50, 70.611252, 13,       254, 49,        64, 56, 1.0976870, 74, 11.838305, 73, 516.17554, 77, 32.125000, 79, 1.2201934, 75, 50.044472, 66, 2.0471191,116,         4, 84, 3.6521912
52C,2019/07/22 23:33:00, 50, 224.72647, 13,       254, 49,        64, 56, 1.0976870, 74, 11.869418, 73, 516.14630, 77, 32.093750, 79, 1.2153320, 75, 49.994171, 66, 1.9615173,116,         4, 84, 3.6537170
59C,2019/07/22 23:34:00, 50, 201.05304, 13,       254, 49,        64, 56, 1.0976870, 74, 11.884974, 73, 516.14630, 77, 32.062500, 79, 1.2201934, 75, 49.943886, 66, 1.9226074,116,         4, 84, 3.6488342
5AC,2019/07/22 23:35:00, 50, 3.4773021, 13,       254, 49,        64, 56, 1.0976870, 74, 11.869418, 73, 516.11700, 77, 32.093750, 79, 1.2201934, 75, 50.044472, 66, 1.7843628,116,         4, 84, 3.6462402
5FC,2019/07/22 23:36:00, 50,-64.426849, 13,       254, 49,        64, 56, 1.0976870, 74, 11.807193, 73, 516.11700, 77, 32.031250, 79, 1.2250546, 75, 49.994171, 66, 1.9427490,116,         4, 84, 3.6422729
51C,2019/07/22 23:37:00, 50, 739.57312, 13,       254, 49,        64, 56, 1.0976870, 74, 11.869418, 73, 516.11700, 77, 32.062500, 79, 1.2201934, 75, 49.994171, 66, 2.2758484,116,         4, 84, 3.6431885
5AC,2019/07/22 23:38:00, 50, 323.48926, 13,       254, 49,        64, 56, 1.0976870, 74, 11.884974, 73, 516.11700, 77, 32.062500, 79, 1.2201934, 75, 49.943886, 66, 2.0393372,116,         4, 84, 3.6418152
5DC,2019/07/22 23:39:00, 50, 133.42429, 13,       254, 49,        64, 56, 1.0976870, 74, 11.853862, 73, 516.05853, 77, 32.093750, 79, 1.2201934, 75, 50.044472, 66, 1.8428040,116,         4, 84, 3.6410522
53C,2019/07/22 23:40:00, 50,-361.93695, 13,       254, 49,        64, 56, 1.0976870, 74, 11.822749, 73, 516.05853, 77, 32.062500, 79, 1.2201934, 75, 49.994171, 66, 1.5972900,116,         4, 84, 3.6331177
59C,2019/07/22 23:41:00, 50,-370.66144, 13,       254, 49,        64, 56, 1.0976870, 74, 11.869418, 73, 516.05853, 77, 32.062500, 79, 1.2201934, 75, 49.994171, 66, 1.6612244,116,         4, 84, 3.6341858
55C,2019/07/22 23:42:00, 50,-248.04901, 13,       254, 49,        64, 56, 1.0976870, 74, 11.853862, 73, 516.08777, 77, 32.062500, 79, 1.2201934, 75, 50.044472, 66, 2.2454834,116,         4, 84, 3.6303711
5FC,2019/07/22 23:43:00, 50, 189.65524, 13,       254, 49,        64, 56, 1.0976870, 74, 11.853862, 73, 516.05853, 77, 32.062500, 79, 1.2201934, 75, 49.994171, 66, 1.9369507,116,         4, 84, 3.6286926
52C,2019/07/22 23:44:00, 50,-64.246353, 13,       254, 49,        64, 56, 1.0976870, 74, 11.822749, 73, 516.05853, 77, 32.062500, 79, 1.2201934, 75, 50.044472, 66, 1.8263245,116,         4, 84, 3.6276245
59C,2019/07/22 23:45:00, 50,-87.796402, 13,       254, 49,        64, 56, 1.0976870, 74, 11.869418, 73, 516.05853, 77, 32.062500, 79, 1.2153320, 75, 50.044472, 66, 1.8063354,116,         4, 84, 3.6180115
53C,2019/07/22 23:46:00, 50,-54.214958, 13,       254, 49,        64, 56, 1.0976870, 74, 11.853862, 73, 516.02930, 77, 32.062500, 79, 1.2201934, 75, 49.994171, 66, 1.7840576,116,         4, 84, 3.6180115
5EC,2019/07/22 23:47:00, 50,-70.499481, 13,       254, 49,        64, 56, 1.0976870, 74, 11.853862, 73, 516.00006, 77, 32.093750, 79, 1.2250546, 75, 50.094795, 66, 1.7654419,116,         4, 84, 3.6204529
55C,2019/07/22 23:48:00, 50,-96.651154, 13,       254, 49,        64, 56, 1.0976870, 74, 11.822749, 73, 516.00006, 77, 32.062500, 79, 1.2201934, 75, 50.044472, 66, 1.7468262,116,         4, 84, 3.6181641
5CC,2019/07/22 23:49:00, 50,-112.47701, 13,       254, 49,        64, 56, 1.0976870, 74, 11.853862, 73, 516.00006, 77, 32.093750, 79, 1.2201934, 75, 50.044472, 66, 1.7164612,116,         4, 84, 3.6160278
5DC,2019/07/22 23:50:00, 50,-128.88766, 13,       254, 49,        64, 56, 1.0976870, 74, 11.869418, 73, 515.97083, 77, 32.062500, 79, 1.2153320, 75, 49.994171, 66, 1.7369080,116,         4, 84, 3.6161804
51C,2019/07/22 23:51:00, 50,-128.88766, 13,       254, 49,        64, 56, 1.0976870, 74, 11.853862, 73, 515.97083, 77, 32.031250, 79, 1.2201934, 75, 49.994171, 66, 1.6409302,116,         4, 84, 3.6103821
5FC,2019/07/22 23:52:00, 50,-128.88766, 13,       254, 49,        64, 56, 1.0976870, 74, 11.822749, 73, 516.02930, 77, 32.031250, 79, 1.2250546, 75, 49.994171, 66, 1.6383362,116,         4, 84, 3.6035156
59C,2019/07/22 23:53:00, 50,-128.88766, 13,       254, 49,        64, 56, 1.0976870, 74, 11.853862, 73, 516.00006, 77, 32.062500, 79, 1.2299160, 75, 49.893616, 66, 1.7205811,116,         4, 84, 3.6068726
5AC,2019/07/22 23:54:00, 50,-128.88766, 13,       254, 49,        64, 56, 1.0976870, 74, 11.869418, 73, 516.02930, 77, 32.031250, 79, 1.2201934, 75, 49.994171, 66, 1.6369629,116,         4, 84, 3.5987854
5AC,2019/07/22 23:55:00, 50,-128.88766, 13,       254, 49,        64, 56, 1.0976870, 74, 11.838305, 73, 516.02930, 77, 32.031250, 79, 1.2153320, 75, 50.044472, 66, 1.7146301,116,         4, 84, 3.6054993
5EC,2019/07/22 23:56:00, 50,-128.88766, 13,       254, 49,        64, 56, 1.0976870, 74, 11.838305, 73, 516.02930, 77, 32.062500, 79, 1.2299160, 75, 49.994171, 66, 1.6496277,116,         4, 84, 3.5981750
5CC,2019/07/22 23:57:00, 50,-128.88766, 13,       254, 49,        64, 56, 1.0976870, 74, 11.853862, 73, 516.02930, 77, 32.031250, 79, 1.2201934, 75, 49.994171, 66, 1.9717407,116,         4, 84, 3.6016846
59C,2019/07/22 23:58:00, 50, 791.17175, 13,       254, 49,        64, 56, 1.0976870, 74, 11.853862, 73, 516.02930, 77, 32.000000, 79, 1.2250546, 75, 50.044472, 66, 1.9500732,116,         4, 84, 3.5963440
5AC,2019/07/22 23:59:00, 50, 924.71021, 13,       254, 49,        64, 56, 1.0976870, 74, 11.853862, 73, 516.02930, 77, 32.000000, 79, 1.2250546, 75, 50.145134, 66, 2.1623230,116,         4, 84, 3.5954285
