53C,2019/03/07 16:26:03, 50, 0.0000000, 13,         0, 49,        64, 56, 1.0976870, 74, 11.916087, 73, 509.56683, 77, 22.281250, 79, 1.2299160, 75, 21.173859, 66, 0.1348877,116,         4, 84,-0.0155640
42C,2019/03/07 16:37:00, 50, 0.0000000, 13,       165, 49,         2, 56, 1.0976870, 74, 11.807193, 73, 509.62531, 77, 21.843750, 79, 1.2299160, 75, 23.365921, 66,-0.2331543,116,         4, 84,-0.0056458
44C,2019/03/07 16:38:00, 50, 0.0000000, 13,       103, 49,         4, 56, 1.0976870, 74, 11.791636, 73, 509.97623, 77, 22.312500, 79, 1.2347773, 75, 24.824654, 66, 1.4305115,116,         4, 84, 4.8118591
5BC,2019/03/07 16:39:00, 50, 0.0000000, 13,        49, 49,         1, 56, 1.0976870, 74, 11.807193, 73, 510.38562, 77, 22.656250, 79, 1.2444999, 75, 25.719154, 66, 2.4780273,116,         4, 84, 4.0609741
54C,2019/03/07 16:40:00, 50, 0.0000000, 13,        49, 49,         2, 56, 1.0976870, 74, 11.791636, 73, 510.50256, 77, 23.000000, 79, 1.2250546, 75, 26.717712, 66,-0.2360535,116,         4, 84, 3.8233948
53C,2019/03/07 16:41:00, 50, 0.0000000, 13,        54, 49,         1, 56, 1.0976870, 74, 11.791636, 73, 511.78918, 77, 23.406250, 79, 1.2299160, 75, 27.643456, 66,-0.3805542,116,         4, 84, 3.8070679
54C,2019/03/07 16:42:00, 50, 0.0000000, 13,        58, 49,         1, 56, 1.0976870, 74, 11.791636, 73, 512.19861, 77, 23.750000, 79, 1.2347773, 75, 28.556206, 66,-0.3794861,116,         4, 84, 3.8027954
5AC,2019/03/07 16:43:00, 50, 0.0000000, 13,        63, 49,         1, 56, 1.0976870, 74, 11.791636, 73, 512.40332, 77, 24.062500, 79, 1.2299160, 75, 29.512474, 66,-0.3790283,116,         4, 84, 3.8356018
5BC,2019/03/07 16:44:00, 50, 0.0000000, 13,        71, 49,         1, 56, 1.0976870, 74, 11.791636, 73, 512.52026, 77, 24.437500, 79, 1.2299160, 75, 30.455582, 66,-0.3785706,116,         4, 84, 3.8053894
57C,2019/03/07 16:45:00, 50, 0.0000000, 13,        77, 49,         1, 56, 1.0976870, 74, 11.791636, 73, 512.60797, 77, 24.781250, 79, 1.2299160, 75, 31.331871, 66,-0.3779602,116,         4, 84, 3.8272095
53C,2019/03/07 16:46:00, 50, 0.0000000, 13,        86, 49,         1, 56, 1.0976870, 74, 11.791636, 73, 512.72498, 77, 25.125000, 79, 1.2201934, 75, 32.251625, 66,-0.3773499,116,         4, 84, 3.8191223
58C,2019/03/07 16:47:00, 50, 0.0000000, 13,        92, 49,         1, 56, 1.0976870, 74, 11.807193, 73, 512.81268, 77, 25.437500, 79, 1.2201934, 75, 33.213631, 66,-0.3771973,116,         4, 84, 3.8208008
4BC,2019/03/07 16:48:00, 50, 0.0000000, 13,       101, 49,         1, 56, 1.0976870, 74, 11.807193, 73, 512.90039, 77, 25.718750, 79, 1.2201934, 75, 34.059250, 66,-0.3768921,116,         4, 84, 3.7991333
43C,2019/03/07 16:49:00, 50, 0.0000000, 13,       106, 49,         1, 56, 1.0976870, 74, 11.776080, 73, 512.95886, 77, 26.062500, 79, 1.2347773, 75, 34.844498, 66,-0.3765869,116,         4, 84, 3.8203430
4EC,2019/03/07 16:50:00, 50, 0.0000000, 13,       110, 49,         1, 56, 1.0976870, 74, 11.791636, 73, 513.07587, 77, 26.375000, 79, 1.2250546, 75, 35.623001, 66,-0.3761292,116,         4, 84, 3.8046265
4FC,2019/03/07 16:51:00, 50, 0.0000000, 13,       116, 49,         1, 56, 1.0976870, 74, 11.791636, 73, 513.13434, 77, 26.687500, 79, 1.2250546, 75, 36.446579, 66,-0.3758240,116,         4, 84, 3.8197327
4AC,2019/03/07 16:52:00, 50, 0.0000000, 13,       119, 49,         1, 56, 1.0976870, 74, 11.791636, 73, 513.22205, 77, 26.968750, 79, 1.2250546, 75, 37.212860, 66,-0.3753662,116,         4, 84, 3.8075256
47C,2019/03/07 16:53:00, 50, 0.0000000, 13,       123, 49,         1, 56, 1.0976870, 74, 11.791636, 73, 513.33905, 77, 27.281250, 79, 1.2299160, 75, 38.024605, 66,-0.3750610,116,         4, 84, 3.8061523
46C,2019/03/07 16:54:00, 50, 0.0000000, 13,       126, 49,         1, 56, 1.0976870, 74, 11.791636, 73, 513.42676, 77, 27.593750, 79, 1.2250546, 75, 38.831200, 66,-0.3746033,116,         4, 84, 3.8110352
43C,2019/03/07 16:55:00, 50, 0.0000000, 13,       131, 49,         1, 56, 1.0976870, 74, 11.791636, 73, 513.54376, 77, 27.875000, 79, 1.2299160, 75, 39.533241, 66,-0.3741455,116,         4, 84, 3.8200378
43C,2019/03/07 16:56:00, 50, 0.0000000, 13,       135, 49,         1, 56, 1.0976870, 74, 11.791636, 73, 513.60223, 77, 28.187500, 79, 1.2299160, 75, 40.232262, 66,-0.3736877,116,         4, 84, 3.8102722
40C,2019/03/07 16:57:00, 50, 0.0000000, 13,       138, 49,         1, 56, 1.0976870, 74, 11.807193, 73, 512.57874, 77, 28.437500, 79, 1.2153320, 75, 40.729950, 66,-0.2770996,116,         4, 84, 3.8119507
44C,2019/03/07 16:58:00, 50, 0.0000000, 13,       142, 49,         1, 56, 1.0976870, 74, 11.791636, 73, 512.49103, 77, 28.718750, 79, 1.2201934, 75, 41.622971, 66,-0.1725769,116,         4, 84, 3.8154602
45C,2019/03/07 16:59:00, 50, 0.0000000, 13,       146, 49,         4, 56, 1.0976870, 74, 11.791636, 73, 512.52026, 77, 29.000000, 79, 1.2299160, 75, 42.315529, 66,-0.1585388,116,         4, 84, 3.8081360
43C,2019/03/07 17:00:00, 50, 0.0000000, 13,       150, 49,       128, 56, 1.0976870, 74, 11.807193, 73, 512.72498, 77, 29.250000, 79, 1.2201934, 75, 43.006798, 66, 2.5862122,116,         4, 84, 3.8093567
42C,2019/03/07 17:01:00, 50, 0.0000000, 13,       154, 49,       128, 56, 1.0976870, 74, 11.807193, 73, 512.78345, 77, 29.531250, 79, 1.2201934, 75, 43.647911, 66, 2.4325562,116,         4, 84, 3.8108826
4AC,2019/03/07 17:02:00, 50, 0.0000000, 13,       158, 49,       128, 56, 1.0976870, 74, 11.807193, 73, 512.84192, 77, 29.812500, 79, 1.2201934, 75, 44.337921, 66, 2.1873474,116,         4, 84, 3.8052368
42C,2019/03/07 17:03:00, 50, 0.0000000, 13,       163, 49,       128, 56, 1.0976870, 74, 11.807193, 73, 512.87115, 77, 30.062500, 79, 1.2201934, 75, 44.929314, 66, 2.0086670,116,         4, 84, 3.8041687
41C,2019/03/07 17:04:00, 50, 0.0000000, 13,       167, 49,       128, 56, 1.0976870, 74, 11.838305, 73, 512.92963, 77, 30.312500, 79, 1.2201934, 75, 45.422333, 66, 2.2937012,116,         4, 84, 3.8162231
4DC,2019/03/07 17:05:00, 50, 0.0000000, 13,       170, 49,       128, 56, 1.0976870, 74, 11.822749, 73, 513.01740, 77, 30.562500, 79, 1.2250546, 75, 45.520973, 66, 2.5297546,116,         4, 84, 3.8092041
4EC,2019/03/07 17:06:00, 50, 0.0000000, 13,       173, 49,       128, 56, 1.0976870, 74, 11.807193, 73, 513.07587, 77, 30.812500, 79, 1.2201934, 75, 45.570305, 66, 2.8446960,116,         4, 84, 3.8150024
51C,2019/03/07 17:07:00, 50, 0.0000000, 13,       175, 49,        64, 56, 1.0976870, 74, 11.807193, 73, 513.10510, 77, 31.062500, 79, 1.2250546, 75, 46.261322, 66, 1.5769958,116,         4, 84, 3.8072205
5FC,2019/03/07 17:08:00, 50, 0.0000000, 13,       179, 49,        64, 56, 1.0976870, 74, 11.822749, 73, 513.16357, 77, 31.312500, 79, 1.2153320, 75, 46.854561, 66, 1.6127014,116,         4, 84, 3.8119507
5EC,2019/03/07 17:09:00, 50, 0.0000000, 13,       183, 49,        64, 56, 1.0976870, 74, 11.807193, 73, 513.22205, 77, 31.437500, 79, 1.2250546, 75, 47.498535, 66, 1.6967773,116,         4, 84, 3.7992859
5DC,2019/03/07 17:10:00, 50, 0.0000000, 13,       186, 49,        64, 56, 1.0976870, 74, 11.807193, 73, 513.30981, 77, 31.656250, 79, 1.2201934, 75, 48.044746, 66, 2.1585083,116,         4, 84, 3.8049316
5EC,2019/03/07 17:11:00, 50, 0.0000000, 13,       191, 49,        64, 56, 1.0976870, 74, 11.822749, 73, 513.36829, 77, 31.750000, 79, 1.2250546, 75, 48.891747, 66, 2.3165894,116,         4, 84, 3.8113403
52C,2019/03/07 17:12:00, 50, 0.0000000, 13,       195, 49,        64, 56, 1.0976870, 74, 11.838305, 73, 513.39752, 77, 31.843750, 79, 1.2104707, 75, 49.492096, 66, 2.2361755,116,         4, 84, 3.8011169
59C,2019/03/07 17:13:00, 50, 1716.3132, 13,       199, 49,        64, 56, 1.0976870, 74, 11.822749, 73, 513.48523, 77, 32.031250, 79, 1.2250546, 75, 49.793137, 66, 2.5561523,116,         4, 84, 3.8038635
55C,2019/03/07 17:14:00, 50, 1783.1614, 13,       203, 49,        64, 56, 1.0976870, 74, 11.838305, 73, 513.51447, 77, 32.218750, 79, 1.2153320, 75, 50.195496, 66, 2.5950623,116,         4, 84, 3.8066101
52C,2019/03/07 17:15:00, 50, 1845.9565, 13,       206, 49,        64, 56, 1.0976870, 74, 11.838305, 73, 513.60223, 77, 32.406250, 79, 1.2201934, 75, 50.447563, 66, 2.5648499,116,         4, 84, 3.8011169
5EC,2019/03/07 17:16:00, 50, 1937.4089, 13,       209, 49,        64, 56, 1.0976870, 74, 11.853862, 73, 513.63147, 77, 32.593750, 79, 1.2201934, 75, 50.599037, 66, 2.6730347,116,         4, 84, 3.8003540
59C,2019/03/07 17:17:00, 50, 2073.2227, 13,       212, 49,        64, 56, 1.0976870, 74, 11.838305, 73, 513.74841, 77, 32.750000, 79, 1.2201934, 75, 50.801277, 66, 2.7827454,116,         4, 84, 3.8121033
5AC,2019/03/07 17:18:00, 50, 2398.6382, 13,       214, 49,        32, 56, 1.0976870, 74, 11.822749, 73, 513.74841, 77, 32.875000, 79, 1.2201934, 75, 50.851891, 66, 1.4637756,116,         4, 84, 3.8134766
5BC,2019/03/07 17:19:00, 50, 3174.9214, 13,       215, 49,        32, 56, 1.0976870, 74, 11.838305, 73, 513.77765, 77, 32.968750, 79, 1.2153320, 75, 50.851891, 66, 1.5899658,116,         4, 84, 3.8044739
52C,2019/03/07 17:20:00, 50, 3158.7373, 13,       216, 49,        32, 56, 1.0976870, 74, 11.853862, 73, 513.80688, 77, 33.125000, 79, 1.2201934, 75, 50.902519, 66, 1.5579224,116,         4, 84, 3.8021851
5EC,2019/03/07 17:21:00, 50, 3223.8408, 13,       217, 49,        32, 56, 1.0976870, 74, 11.838305, 73, 513.86542, 77, 33.250000, 79, 1.2201934, 75, 50.902519, 66, 1.5913391,116,         4, 84, 3.8067627
5CC,2019/03/07 17:22:00, 50, 3208.5581, 13,       218, 49,        32, 56, 1.0976870, 74, 11.822749, 73, 513.89465, 77, 33.375000, 79, 1.2201934, 75, 50.801277, 66, 1.6362000,116,         4, 84, 3.8165283
58C,2019/03/07 17:23:00, 50, 3335.2256, 13,       218, 49,        32, 56, 1.0976870, 74, 11.822749, 73, 513.95312, 77, 33.468750, 79, 1.2153320, 75, 50.750687, 66, 1.8218994,116,         4, 84, 3.8108826
56C,2019/03/07 17:24:00, 50, 3662.2646, 13,       218, 49,        32, 56, 1.0976870, 74, 11.869418, 73, 513.95312, 77, 33.593750, 79, 1.2201934, 75, 50.700111, 66, 1.6949463,116,         4, 84, 3.8099670
5BC,2019/03/07 17:25:00, 50, 3611.0508, 13,       218, 49,        32, 56, 1.0976870, 74, 11.853862, 73, 513.98236, 77, 33.656250, 79, 1.2201934, 75, 50.599037, 66, 1.6854858,116,         4, 84, 3.8098145
52C,2019/03/07 17:26:00, 50, 3591.3027, 13,       218, 49,        32, 56, 1.0976870, 74, 11.853862, 73, 514.01160, 77, 33.781250, 79, 1.2201934, 75, 50.548523, 66, 1.7028809,116,         4, 84, 3.8136292
59C,2019/03/07 17:27:00, 50, 3656.5493, 13,       218, 49,        32, 56, 1.0976870, 74, 11.822749, 73, 514.12860, 77, 33.843750, 79, 1.2153320, 75, 50.447563, 66, 1.8331909,116,         4, 84, 3.8156128
51C,2019/03/07 17:28:00, 50, 3777.3701, 13,       218, 49,        32, 56, 1.0976870, 74, 11.853862, 73, 514.12860, 77, 33.937500, 79, 1.2201934, 75, 50.397110, 66, 1.7668152,116,         4, 84, 3.8203430
5EC,2019/03/07 17:29:00, 50, 3848.2271, 13,       218, 49,        32, 56, 1.0976870, 74, 11.853862, 73, 514.15784, 77, 34.000000, 79, 1.2153320, 75, 50.296265, 66, 1.8391418,116,         4, 84, 3.8258362
59C,2019/03/07 17:30:00, 50, 3995.3921, 13,       218, 49,        32, 56, 1.0976870, 74, 11.853862, 73, 514.09930, 77, 34.031250, 79, 1.2153320, 75, 50.245865, 66, 1.8312073,116,         4, 84, 3.8314819
56C,2019/03/07 17:31:00, 50, 4010.3877, 13,       218, 49,        32, 56, 1.0976870, 74, 11.822749, 73, 514.15784, 77, 34.125000, 79, 1.2153320, 75, 50.195496, 66, 1.7967224,116,         4, 84, 3.8369751
57C,2019/03/07 17:32:00, 50, 4001.4883, 13,       218, 49,        32, 56, 1.0976870, 74, 11.838305, 73, 514.15784, 77, 34.187500, 79, 1.2153320, 75, 50.094795, 66, 1.8022156,116,         4, 84, 3.8404846
5EC,2019/03/07 17:33:00, 50, 3996.4326, 13,       218, 49,        32, 56, 1.0976870, 74, 11.853862, 73, 514.21631, 77, 34.250000, 79, 1.2201934, 75, 50.094795, 66, 1.8060303,116,         4, 84, 3.8426208
55C,2019/03/07 17:34:00, 50, 4032.8315, 13,       218, 49,        32, 56, 1.0976870, 74, 11.822749, 73, 514.21631, 77, 34.281250, 79, 1.2153320, 75, 50.094795, 66, 2.0045471,116,         4, 84, 3.8441467
5BC,2019/03/07 17:35:00, 50, 4580.0742, 13,       218, 49,        32, 56, 1.0976870, 74, 11.822749, 73, 514.27478, 77, 34.281250, 79, 1.2153320, 75, 50.044472, 66, 1.9395447,116,         4, 84, 3.8471985
50C,2019/03/07 17:36:00, 50, 4462.3945, 13,       218, 49,        32, 56, 1.0976870, 74, 11.853862, 73, 514.24554, 77, 34.375000, 79, 1.2201934, 75, 49.994171, 66, 1.9079590,116,         4, 84, 3.8490295
53C,2019/03/07 17:37:00, 50, 4382.3301, 13,       218, 49,        32, 56, 1.0976870, 74, 11.838305, 73, 514.33325, 77, 34.406250, 79, 1.2201934, 75, 50.044472, 66, 1.8557739,116,         4, 84, 3.8505554
53C,2019/03/07 17:38:00, 50, 4300.6357, 13,       218, 49,        32, 56, 1.0976870, 74, 11.838305, 73, 514.33325, 77, 34.468750, 79, 1.2201934, 75, 49.994171, 66, 1.8653870,116,         4, 84, 3.8494873
5BC,2019/03/07 17:39:00, 50, 4333.8027, 13,       218, 49,        32, 56, 1.0976870, 74, 11.822749, 73, 514.36249, 77, 34.500000, 79, 1.2201934, 75, 49.994171, 66, 1.9441223,116,         4, 84, 3.8511658
56C,2019/03/07 17:40:00, 50, 4407.4053, 13,       218, 49,        32, 56, 1.0976870, 74, 11.869418, 73, 514.39172, 77, 34.531250, 79, 1.2201934, 75, 49.994171, 66, 1.9223022,116,         4, 84, 3.8513184
5FC,2019/03/07 17:41:00, 50, 4408.2852, 13,       218, 49,        32, 56, 1.0976870, 74, 11.853862, 73, 514.42102, 77, 34.625000, 79, 1.2201934, 75, 49.994171, 66, 1.8994141,116,         4, 84, 3.8484192
5DC,2019/03/07 17:42:00, 50, 4398.2959, 13,       218, 49,        32, 56, 1.0976870, 74, 11.869418, 73, 514.42102, 77, 34.656250, 79, 1.2201934, 75, 49.994171, 66, 1.8760681,116,         4, 84, 3.8475037
55C,2019/03/07 17:43:00, 50, 4382.4785, 13,       218, 49,        32, 56, 1.0976870, 74, 11.822749, 73, 514.45026, 77, 34.687500, 79, 1.2153320, 75, 49.994171, 66, 1.9914246,116,         4, 84, 3.8449097
56C,2019/03/07 17:44:00, 50, 5815.7822, 13,       218, 49,        32, 56, 1.0976870, 74, 11.838305, 73, 514.45026, 77, 34.750000, 79, 1.2153320, 75, 49.994171, 66, 2.1598816,116,         4, 84, 3.8421631
57C,2019/03/07 17:45:00, 50, 4455.5713, 13,       218, 49,        32, 56, 1.0976870, 74, 11.838305, 73, 514.45026, 77, 34.781250, 79, 1.2153320, 75, 49.994171, 66, 1.8907166,116,         4, 84, 3.8414001
5DC,2019/03/07 17:46:00, 50, 4350.6064, 13,       218, 49,        32, 56, 1.0976870, 74, 11.853862, 73, 514.47949, 77, 34.843750, 79, 1.2153320, 75, 49.994171, 66, 1.8533325,116,         4, 84, 3.8383484
5FC,2019/03/07 17:47:00, 50, 4418.8701, 13,       218, 49,        32, 56, 1.0976870, 74, 11.807193, 73, 514.50873, 77, 34.875000, 79, 1.2153320, 75, 49.994171, 66, 2.0771790,116,         4, 84, 3.8368225
55C,2019/03/07 17:48:00, 50, 4772.8477, 13,       218, 49,        32, 56, 1.0976870, 74, 11.838305, 73, 514.53796, 77, 34.906250, 79, 1.2153320, 75, 49.994171, 66, 1.9126892,116,         4, 84, 3.8351440
54C,2019/03/07 17:49:00, 50, 4413.9160, 13,       218, 49,        32, 56, 1.0976870, 74, 11.869418, 73, 514.53796, 77, 34.937500, 79, 1.2153320, 75, 49.994171, 66, 1.8954468,116,         4, 84, 3.8328552
5DC,2019/03/07 17:50:00, 50, 4539.1807, 13,       218, 49,        32, 56, 1.0976870, 74, 11.869418, 73, 514.56720, 77, 35.000000, 79, 1.2104707, 75, 49.994171, 66, 1.9961548,116,         4, 84, 3.8298035
5CC,2019/03/07 17:51:00, 50, 4597.1660, 13,       218, 49,        32, 56, 1.0976870, 74, 11.838305, 73, 514.65491, 77, 35.031250, 79, 1.2153320, 75, 49.994171, 66, 1.9790649,116,         4, 84, 3.8256836
5EC,2019/03/07 17:52:00, 50, 4625.7959, 13,       218, 49,        32, 56, 1.0976870, 74, 11.853862, 73, 514.65491, 77, 35.062500, 79, 1.2104707, 75, 50.044472, 66, 2.0611572,116,         4, 84, 3.8232422
53C,2019/03/07 17:53:00, 50, 4618.6621, 13,       218, 49,        32, 56, 1.0976870, 74, 11.869418, 73, 514.65491, 77, 35.093750, 79, 1.2201934, 75, 50.044472, 66, 1.8798828,116,         4, 84, 3.8211060
5FC,2019/03/07 17:54:00, 50, 4676.2383, 13,       218, 49,        32, 56, 1.0976870, 74, 11.838305, 73, 514.71344, 77, 35.125000, 79, 1.2153320, 75, 49.994171, 66, 2.0774841,116,         4, 84, 3.8208008
55C,2019/03/07 17:55:00, 50, 4799.0635, 13,       218, 49,        32, 56, 1.0976870, 74, 11.822749, 73, 514.74268, 77, 35.187500, 79, 1.2104707, 75, 49.994171, 66, 1.9636536,116,         4, 84, 3.8192749
5CC,2019/03/07 17:56:00, 50, 4695.0693, 13,       218, 49,        32, 56, 1.0976870, 74, 11.869418, 73, 514.77191, 77, 35.187500, 79, 1.2104707, 75, 49.994171, 66, 1.9711304,116,         4, 84, 3.8160706
5CC,2019/03/07 17:57:00, 50, 4618.6533, 13,       218, 49,        32, 56, 1.0976870, 74, 11.853862, 73, 514.80115, 77, 35.250000, 79, 1.2299160, 75, 50.044472, 66, 1.9119263,116,         4, 84, 3.8148499
5BC,2019/03/07 17:58:00, 50, 4712.5059, 13,       218, 49,        32, 56, 1.0976870, 74, 11.853862, 73, 514.83038, 77, 35.281250, 79, 1.2104707, 75, 50.044472, 66, 2.1620178,116,         4, 84, 3.8111877
57C,2019/03/07 17:59:00, 50, 6179.8447, 13,       218, 49,        32, 56, 1.0976870, 74, 11.807193, 73, 514.88885, 77, 35.343750, 79, 1.2153320, 75, 49.994171, 66, 2.2019958,116,         4, 84, 3.8092041
59C,2019/03/07 18:00:00, 50, 4768.6768, 13,       218, 49,        32, 56, 1.0976870, 74, 11.853862, 73, 514.88885, 77, 35.343750, 79, 1.2250546, 75, 49.994171, 66, 1.9233704,116,         4, 84, 3.8067627
55C,2019/03/07 18:01:00, 50, 4795.4521, 13,       218, 49,        32, 56, 1.0976870, 74, 11.853862, 73, 514.91809, 77, 35.406250, 79, 1.2201934, 75, 50.044472, 66, 2.0365906,116,         4, 84, 3.8058472
55C,2019/03/07 18:02:00, 50, 4777.3252, 13,       218, 49,        32, 56, 1.0976870, 74, 11.869418, 73, 514.97662, 77, 35.468750, 79, 1.2299160, 75, 50.044472, 66, 1.9679260,116,         4, 84, 3.8055420
56C,2019/03/07 18:03:00, 50, 4772.6279, 13,       218, 49,        32, 56, 1.0976870, 74, 11.807193, 73, 515.00586, 77, 35.500000, 79, 1.2201934, 75, 49.994171, 66, 1.9296265,116,         4, 84, 3.8052368
58C,2019/03/07 18:04:00, 50, 4772.6279, 13,       218, 49,        32, 56, 1.0976870, 74, 11.869418, 73, 514.97662, 77, 35.531250, 79, 1.2153320, 75, 50.094795, 66, 1.7399597,116,         4, 84, 3.8040161
5DC,2019/03/07 18:05:00, 50, 4772.6279, 13,       218, 49,        32, 56, 1.0976870, 74, 11.853862, 73, 515.03510, 77, 35.562500, 79, 1.2104707, 75, 50.044472, 66, 1.7367554,116,         4, 84, 3.8034058
54C,2019/03/07 18:06:00, 50, 4772.6279, 13,       218, 49,        32, 56, 1.0976870, 74, 11.853862, 73, 515.03510, 77, 35.562500, 79, 1.2201934, 75, 50.044472, 66, 1.7425537,116,         4, 84, 3.8037109
56C,2019/03/07 18:07:00, 50, 4772.6279, 13,       218, 49,        32, 56, 1.0976870, 74, 11.822749, 73, 515.06433, 77, 35.593750, 79, 1.2201934, 75, 49.994171, 66, 1.7385864,116,         4, 84, 3.8009644
5BC,2019/03/07 18:08:00, 50, 4772.6279, 13,       219, 49,        32, 56, 1.0976870, 74, 11.869418, 73, 515.03510, 77, 35.656250, 79, 1.2250546, 75, 49.994171, 66, 1.8464661,116,         4, 84, 3.8172913
51C,2019/03/07 18:09:00, 50, 4772.6279, 13,       219, 49,        32, 56, 1.0976870, 74, 11.853862, 73, 515.06433, 77, 35.656250, 79, 1.2201934, 75, 49.994171, 66, 1.8591309,116,         4, 84, 3.8157654
52C,2019/03/07 18:10:00, 50, 4772.6279, 13,       219, 49,        32, 56, 1.0976870, 74, 11.853862, 73, 515.09357, 77, 35.718750, 79, 1.2396387, 75, 50.044472, 66, 1.8457031,116,         4, 84, 3.8139343
5BC,2019/03/07 18:11:00, 50, 449.27655, 13,       219, 49,        32, 56, 1.0976870, 74, 11.822749, 73, 515.09357, 77, 35.781250, 79, 1.2153320, 75, 49.994171, 66, 1.8293762,116,         4, 84, 3.8133240
53C,2019/03/07 18:12:00, 50, 463.09595, 13,       219, 49,        32, 56, 1.0976870, 74, 11.869418, 73, 515.09357, 77, 35.812500, 79, 1.2056093, 75, 49.943886, 66, 1.8389893,116,         4, 84, 3.8133240
5BC,2019/03/07 18:13:00, 50, 500.24103, 13,       219, 49,        32, 56, 1.0976870, 74, 11.869418, 73, 515.12280, 77, 35.812500, 79, 1.2153320, 75, 50.044472, 66, 1.8655396,116,         4, 84, 3.8119507
55C,2019/03/07 18:14:00, 50, 564.64539, 13,       219, 49,        32, 56, 1.0976870, 74, 11.853862, 73, 515.15204, 77, 35.875000, 79, 1.2153320, 75, 49.943886, 66, 1.9226074,116,         4, 84, 3.8125610
52C,2019/03/07 18:15:00, 50, 600.40576, 13,       219, 49,        32, 56, 1.0976870, 74, 11.822749, 73, 515.15204, 77, 35.875000, 79, 1.2104707, 75, 49.943886, 66, 1.8849182,116,         4, 84, 3.8072205
51C,2019/03/07 18:16:00, 50, 609.74927, 13,       219, 49,        32, 56, 1.0976870, 74, 11.869418, 73, 515.15204, 77, 35.906250, 79, 1.2201934, 75, 49.994171, 66, 1.9082642,116,         4, 84, 3.8090515
5FC,2019/03/07 18:17:00, 50, 653.36316, 13,       219, 49,        32, 56, 1.0976870, 74, 11.853862, 73, 515.18127, 77, 35.937500, 79, 1.2056093, 75, 49.994171, 66, 1.9302368,116,         4, 84, 3.8061523
59C,2019/03/07 18:18:00, 50, 893.78711, 13,       219, 49,        32, 56, 1.0976870, 74, 11.838305, 73, 515.21051, 77, 35.968750, 79, 1.2104707, 75, 50.044472, 66, 2.0806885,116,         4, 84, 3.8052368
5DC,2019/03/07 18:19:00, 50, 1307.0596, 13,       219, 49,        32, 56, 1.0976870, 74, 11.838305, 73, 515.23975, 77, 36.000000, 79, 1.2153320, 75, 50.044472, 66, 2.0324707,116,         4, 84, 3.8041687
53C,2019/03/07 18:20:00, 50, 1356.4717, 13,       219, 49,        32, 56, 1.0976870, 74, 11.853862, 73, 515.26904, 77, 36.000000, 79, 1.2153320, 75, 49.893616, 66, 2.0988464,116,         4, 84, 3.8043213
57C,2019/03/07 18:21:00, 50, 1352.7195, 13,       219, 49,        32, 56, 1.0976870, 74, 11.853862, 73, 515.26904, 77, 36.031250, 79, 1.2104707, 75, 50.044472, 66, 2.0007324,116,         4, 84, 3.8006592
54C,2019/03/07 18:22:00, 50, 1351.5151, 13,       220, 49,        32, 56, 1.0976870, 74, 11.838305, 73, 515.29828, 77, 36.062500, 79, 1.2201934, 75, 50.094795, 66, 2.1420288,116,         4, 84, 3.8166809
57C,2019/03/07 18:23:00, 50, 1487.1711, 13,       220, 49,        32, 56, 1.0976870, 74, 11.822749, 73, 515.32751, 77, 36.093750, 79, 1.2104707, 75, 49.943886, 66, 2.0765686,116,         4, 84, 3.8180542
57C,2019/03/07 18:24:00, 50, 1375.6638, 13,       220, 49,        32, 56, 1.0976870, 74, 11.838305, 73, 515.29828, 77, 36.125000, 79, 1.2201934, 75, 49.994171, 66, 1.9879150,116,         4, 84, 3.8172913
59C,2019/03/07 18:25:00, 50, 1339.3408, 13,       220, 49,        32, 56, 1.0976870, 74, 11.884974, 73, 515.35675, 77, 36.156250, 79, 1.2153320, 75, 50.044472, 66, 2.0672607,116,         4, 84, 3.8154602
53C,2019/03/07 18:26:00, 50, 1598.6841, 13,       220, 49,        32, 56, 1.0976870, 74, 11.853862, 73, 515.35675, 77, 36.187500, 79, 1.2104707, 75, 49.994171, 66, 2.2561646,116,         4, 84, 3.8148499
59C,2019/03/07 18:27:00, 50, 2684.5498, 13,       220, 49,        32, 56, 1.0976870, 74, 11.822749, 73, 515.41522, 77, 36.187500, 79, 1.2104707, 75, 49.994171, 66, 2.4205017,116,         4, 84, 3.8117981
54C,2019/03/07 18:28:00, 50, 2834.3208, 13,       220, 49,        32, 56, 1.0976870, 74, 11.869418, 73, 515.41522, 77, 36.218750, 79, 1.2153320, 75, 49.943886, 66, 2.4258423,116,         4, 84, 3.8105774
5CC,2019/03/07 18:29:00, 50, 2672.2993, 13,       220, 49,        32, 56, 1.0976870, 74, 11.853862, 73, 515.41522, 77, 36.250000, 79, 1.2250546, 75, 50.094795, 66, 2.3226929,116,         4, 84, 3.8072205
5AC,2019/03/07 18:30:00, 50, 1967.6353, 13,       220, 49,        32, 56, 1.0976870, 74, 11.853862, 73, 515.44446, 77, 36.281250, 79, 1.2153320, 75, 50.145134, 66, 2.1981812,116,         4, 84, 3.8066101
59C,2019/03/07 18:31:00, 50, 1920.9888, 13,       220, 49,        32, 56, 1.0976870, 74, 11.822749, 73, 515.47369, 77, 36.312500, 79, 1.2153320, 75, 49.994171, 66, 2.2079468,116,         4, 84, 3.8072205
5AC,2019/03/07 18:32:00, 50, 2296.6851, 13,       220, 49,        32, 56, 1.0976870, 74, 11.884974, 73, 515.50293, 77, 36.312500, 79, 1.2104707, 75, 49.943886, 66, 2.2367859,116,         4, 84, 3.8069153
55C,2019/03/07 18:33:00, 50, 1676.0217, 13,       220, 49,        32, 56, 1.0976870, 74, 11.869418, 73, 515.53217, 77, 36.343750, 79, 1.2153320, 75, 49.943886, 66, 2.1032715,116,         4, 84, 3.8044739
57C,2019/03/07 18:34:00, 50, 1612.4131, 13,       220, 49,        32, 56, 1.0976870, 74, 11.838305, 73, 515.50293, 77, 36.343750, 79, 1.2201934, 75, 49.943886, 66, 2.0857239,116,         4, 84, 3.8023376
59C,2019/03/07 18:35:00, 50, 1117.8044, 13,       220, 49,        32, 56, 1.0976870, 74, 11.838305, 73, 515.53217, 77, 36.375000, 79, 1.2153320, 75, 50.044472, 66, 1.9422913,116,         4, 84, 3.8014221
51C,2019/03/07 18:36:00, 50, 1004.2649, 13,       220, 49,        32, 56, 1.0976870, 74, 11.853862, 73, 515.53217, 77, 36.406250, 79, 1.2104707, 75, 50.044472, 66, 2.0193481,116,         4, 84, 3.8011169
5FC,2019/03/07 18:37:00, 50, 1083.9053, 13,       221, 49,        32, 56, 1.0976870, 74, 11.853862, 73, 515.56146, 77, 36.406250, 79, 1.2153320, 75, 50.044472, 66, 2.0413208,116,         4, 84, 3.8183594
54C,2019/03/07 18:38:00, 50, 1589.1172, 13,       221, 49,        32, 56, 1.0976870, 74, 11.853862, 73, 515.59070, 77, 36.437500, 79, 1.2104707, 75, 49.994171, 66, 2.1336365,116,         4, 84, 3.8180542
5BC,2019/03/07 18:39:00, 50, 1740.2925, 13,       221, 49,        32, 56, 1.0976870, 74, 11.838305, 73, 515.61993, 77, 36.437500, 79, 1.2153320, 75, 50.044472, 66, 2.1640015,116,         4, 84, 3.8165283
54C,2019/03/07 18:40:00, 50, 1663.5840, 13,       221, 49,        32, 56, 1.0976870, 74, 11.853862, 73, 515.59070, 77, 36.468750, 79, 1.2201934, 75, 49.994171, 66, 2.1360779,116,         4, 84, 3.8163757
57C,2019/03/07 18:41:00, 50, 2947.4282, 13,       221, 49,        32, 56, 1.0976870, 74, 11.853862, 73, 515.61993, 77, 36.468750, 79, 1.2153320, 75, 49.994171, 66, 2.3580933,116,         4, 84, 3.8150024
51C,2019/03/07 18:42:00, 50, 1578.7375, 13,       221, 49,        32, 56, 1.0976870, 74, 11.838305, 73, 515.61993, 77, 36.500000, 79, 1.2104707, 75, 49.994171, 66, 2.0651245,116,         4, 84, 3.8131714
5DC,2019/03/07 18:43:00, 50, 801.11145, 13,       221, 49,        32, 56, 1.0976870, 74, 11.838305, 73, 515.64917, 77, 36.500000, 79, 1.2201934, 75, 50.044472, 66, 1.8727112,116,         4, 84, 3.8128662
5FC,2019/03/07 18:44:00, 50, 1625.4065, 13,       221, 49,        32, 56, 1.0976870, 74, 11.838305, 73, 515.64917, 77, 36.531250, 79, 1.2153320, 75, 50.044472, 66, 2.1372986,116,         4, 84, 3.8133240
51C,2019/03/07 18:45:00, 50, 1330.8936, 13,       221, 49,        32, 56, 1.0976870, 74, 11.853862, 73, 515.67841, 77, 36.562500, 79, 1.2153320, 75, 49.994171, 66, 2.0251465,116,         4, 84, 3.8130188
59C,2019/03/07 18:46:00, 50, 820.52295, 13,       221, 49,        32, 56, 1.0976870, 74, 11.853862, 73, 515.67841, 77, 36.562500, 79, 1.2104707, 75, 50.044472, 66, 1.9154358,116,         4, 84, 3.8140869
5CC,2019/03/07 18:47:00, 50, 1528.5325, 13,       221, 49,        32, 56, 1.0976870, 74, 11.822749, 73, 515.70764, 77, 36.562500, 79, 1.2153320, 75, 49.994171, 66, 2.2326660,116,         4, 84, 3.8143921
5FC,2019/03/07 18:48:00, 50, 1570.3381, 13,       221, 49,        32, 56, 1.0976870, 74, 11.838305, 73, 515.67841, 77, 36.593750, 79, 1.2056093, 75, 49.994171, 66, 2.0884705,116,         4, 84, 3.8128662
54C,2019/03/07 18:49:00, 50, 1664.9124, 13,       221, 49,        32, 56, 1.0976870, 74, 11.853862, 73, 515.70764, 77, 36.562500, 79, 1.2153320, 75, 49.994171, 66, 2.1070862,116,         4, 84, 3.8125610
57C,2019/03/07 18:50:00, 50, 1554.4707, 13,       221, 49,        32, 56, 1.0976870, 74, 11.869418, 73, 515.73688, 77, 36.593750, 79, 1.2250546, 75, 49.994171, 66, 2.0310974,116,         4, 84, 3.8108826
5EC,2019/03/07 18:51:00, 50, 1526.1594, 13,       221, 49,        32, 56, 1.0976870, 74, 11.838305, 73, 515.73688, 77, 36.625000, 79, 1.2201934, 75, 49.994171, 66, 2.0956421,116,         4, 84, 3.8101196
5BC,2019/03/07 18:52:00, 50, 1502.4470, 13,       221, 49,        32, 56, 1.0976870, 74, 11.853862, 73, 515.73688, 77, 36.625000, 79, 1.2104707, 75, 49.994171, 66, 2.0288086,116,         4, 84, 3.8093567
5CC,2019/03/07 18:53:00, 50, 715.83716, 13,       221, 49,        32, 56, 1.0976870, 74, 11.869418, 73, 515.76611, 77, 36.656250, 79, 1.2153320, 75, 49.994171, 66, 1.8769836,116,         4, 84, 3.8092041
51C,2019/03/07 18:54:00, 50, 691.05420, 13,       221, 49,        32, 56, 1.0976870, 74, 11.853862, 73, 515.76611, 77, 36.687500, 79, 1.2201934, 75, 49.994171, 66, 1.8817139,116,         4, 84, 3.8081360
5FC,2019/03/07 18:55:00, 50, 689.09436, 13,       221, 49,        32, 56, 1.0976870, 74, 11.822749, 73, 515.76611, 77, 36.687500, 79, 1.2250546, 75, 49.994171, 66, 1.8803406,116,         4, 84, 3.8066101
5DC,2019/03/07 18:56:00, 50, 704.06128, 13,       221, 49,        32, 56, 1.0976870, 74, 11.838305, 73, 515.76611, 77, 36.718750, 79, 1.2104707, 75, 49.994171, 66, 1.9171143,116,         4, 84, 3.8038635
57C,2019/03/07 18:57:00, 50, 739.05579, 13,       221, 49,        32, 56, 1.0976870, 74, 11.853862, 73, 515.79535, 77, 36.750000, 79, 1.2104707, 75, 49.994171, 66, 1.8984985,116,         4, 84, 3.8021851
55C,2019/03/07 18:58:00, 50, 719.83533, 13,       221, 49,        32, 56, 1.0976870, 74, 11.853862, 73, 515.79535, 77, 36.750000, 79, 1.2153320, 75, 49.994171, 66, 1.8652344,116,         4, 84, 3.8015747
59C,2019/03/07 18:59:00, 50, 698.73462, 13,       221, 49,        32, 56, 1.0976870, 74, 11.838305, 73, 515.82458, 77, 36.781250, 79, 1.2104707, 75, 50.044472, 66, 1.8611145,116,         4, 84, 3.8008118
58C,2019/03/07 19:00:00, 50, 713.31982, 13,       222, 49,        32, 56, 1.0976870, 74, 11.853862, 73, 515.85388, 77, 36.812500, 79, 1.2153320, 75, 49.994171, 66, 1.9673157,116,         4, 84, 3.8168335
5BC,2019/03/07 19:01:00, 50, 1752.9441, 13,       222, 49,        32, 56, 1.0976870, 74, 11.853862, 73, 515.85388, 77, 36.781250, 79, 1.2104707, 75, 49.994171, 66, 2.1592712,116,         4, 84, 3.8163757
59C,2019/03/07 19:02:00, 50, 807.45129, 13,       222, 49,        32, 56, 1.0976870, 74, 11.853862, 73, 515.88312, 77, 36.781250, 79, 1.2153320, 75, 50.044472, 66, 1.9152832,116,         4, 84, 3.8157654
52C,2019/03/07 19:03:00, 50, 781.55188, 13,       222, 49,        32, 56, 1.0976870, 74, 11.822749, 73, 515.91235, 77, 36.812500, 79, 1.2104707, 75, 50.044472, 66, 1.9114685,116,         4, 84, 3.8136292
52C,2019/03/07 19:04:00, 50, 769.05310, 13,       222, 49,        32, 56, 1.0976870, 74, 11.853862, 73, 515.91235, 77, 36.812500, 79, 1.1958867, 75, 49.994171, 66, 1.9281006,116,         4, 84, 3.8148499
59C,2019/03/07 19:05:00, 50, 836.98938, 13,       222, 49,        32, 56, 1.0976870, 74, 11.853862, 73, 515.88312, 77, 36.812500, 79, 1.2104707, 75, 49.994171, 66, 1.9743347,116,         4, 84, 3.8142395
55C,2019/03/07 19:06:00, 50, 948.91541, 13,       222, 49,        32, 56, 1.0976870, 74, 11.869418, 73, 515.94159, 77, 36.843750, 79, 1.2153320, 75, 50.044472, 66, 1.9825745,116,         4, 84, 3.8139343
5EC,2019/03/07 19:07:00, 50, 949.77942, 13,       222, 49,        32, 56, 1.0976870, 74, 11.838305, 73, 515.94159, 77, 36.875000, 79, 1.2104707, 75, 49.994171, 66, 1.9358826,116,         4, 84, 3.8148499
59C,2019/03/07 19:08:00, 50, 918.40454, 13,       222, 49,        32, 56, 1.0976870, 74, 11.853862, 73, 516.00006, 77, 36.906250, 79, 1.2153320, 75, 49.994171, 66, 1.9331360,116,         4, 84, 3.8146973
55C,2019/03/07 19:09:00, 50, 917.73865, 13,       222, 49,        32, 56, 1.0976870, 74, 11.853862, 73, 516.00006, 77, 36.875000, 79, 1.2104707, 75, 49.994171, 66, 1.9606018,116,         4, 84, 3.8146973
5AC,2019/03/07 19:10:00, 50, 1075.2808, 13,       222, 49,        32, 56, 1.0976870, 74, 11.853862, 73, 516.00006, 77, 36.875000, 79, 1.2104707, 75, 49.994171, 66, 2.1156311,116,         4, 84, 3.8137817
5FC,2019/03/07 19:11:00, 50, 2262.3984, 13,       222, 49,        32, 56, 1.0976870, 74, 11.838305, 73, 516.00006, 77, 36.875000, 79, 1.2104707, 75, 49.994171, 66, 2.3048401,116,         4, 84, 3.8131714
58C,2019/03/07 19:12:00, 50, 1884.9390, 13,       222, 49,        32, 56, 1.0976870, 74, 11.838305, 73, 516.00006, 77, 36.843750, 79, 1.2104707, 75, 49.994171, 66, 2.1498108,116,         4, 84, 3.8125610
53C,2019/03/07 19:13:00, 50, 1648.1997, 13,       222, 49,        32, 56, 1.0976870, 74, 11.869418, 73, 516.08777, 77, 36.875000, 79, 1.2201934, 75, 49.994171, 66, 2.1423340,116,         4, 84, 3.8133240
5FC,2019/03/07 19:14:00, 50, 1632.9734, 13,       222, 49,        32, 56, 1.0976870, 74, 11.853862, 73, 516.05853, 77, 36.843750, 79, 1.2104707, 75, 49.994171, 66, 2.0556641,116,         4, 84, 3.8124084
50C,2019/03/07 19:15:00, 50, 1294.6821, 13,       222, 49,        32, 56, 1.0976870, 74, 11.822749, 73, 516.05853, 77, 36.875000, 79, 1.2104707, 75, 49.994171, 66, 2.0086670,116,         4, 84, 3.8102722
50C,2019/03/07 19:16:00, 50, 819.62292, 13,       222, 49,        32, 56, 1.0976870, 74, 11.853862, 73, 516.08777, 77, 36.875000, 79, 1.2153320, 75, 49.994171, 66, 1.8959045,116,         4, 84, 3.8093567
52C,2019/03/07 19:17:00, 50, 773.01440, 13,       222, 49,        32, 56, 1.0976870, 74, 11.869418, 73, 516.08777, 77, 36.875000, 79, 1.2201934, 75, 49.994171, 66, 1.9483948,116,         4, 84, 3.8087463
51C,2019/03/07 19:18:00, 50, 785.04260, 13,       222, 49,        32, 56, 1.0976870, 74, 11.853862, 73, 516.08777, 77, 36.906250, 79, 1.2201934, 75, 49.994171, 66, 1.8904114,116,         4, 84, 3.8072205
5EC,2019/03/07 19:19:00, 50, 780.47571, 13,       222, 49,        32, 56, 1.0976870, 74, 11.822749, 73, 516.08777, 77, 36.937500, 79, 1.2153320, 75, 49.994171, 66, 1.9715881,116,         4, 84, 3.8056946
5DC,2019/03/07 19:20:00, 50, 1521.2300, 13,       222, 49,        32, 56, 1.0976870, 74, 11.838305, 73, 516.05853, 77, 36.937500, 79, 1.2056093, 75, 49.994171, 66, 2.1174622,116,         4, 84, 3.8049316
5BC,2019/03/07 19:21:00, 50, 1999.0139, 13,       222, 49,        32, 56, 1.0976870, 74, 11.853862, 73, 516.11700, 77, 36.968750, 79, 1.2104707, 75, 50.044472, 66, 2.1417236,116,         4, 84, 3.8026428
5BC,2019/03/07 19:22:00, 50, 1475.2783, 13,       222, 49,        32, 56, 1.0976870, 74, 11.869418, 73, 516.14630, 77, 37.000000, 79, 1.2250546, 75, 50.044472, 66, 2.1057129,116,         4, 84, 3.8015747
5DC,2019/03/07 19:23:00, 50, 1690.0071, 13,       222, 49,        32, 56, 1.0976870, 74, 11.822749, 73, 516.14630, 77, 37.000000, 79, 1.2153320, 75, 50.044472, 66, 2.1115112,116,         4, 84, 3.8029480
51C,2019/03/07 19:24:00, 50, 1365.8345, 13,       222, 49,        32, 56, 1.0976870, 74, 11.853862, 73, 516.17554, 77, 37.031250, 79, 1.2201934, 75, 49.994171, 66, 2.0310974,116,         4, 84, 3.8043213
57C,2019/03/07 19:25:00, 50, 2701.3784, 13,       222, 49,        32, 56, 1.0976870, 74, 11.853862, 73, 516.20477, 77, 37.031250, 79, 1.2201934, 75, 49.994171, 66, 2.3721313,116,         4, 84, 3.8027954
5EC,2019/03/07 19:26:00, 50, 1306.0642, 13,       222, 49,        32, 56, 1.0976870, 74, 11.853862, 73, 516.20477, 77, 37.031250, 79, 1.2104707, 75, 49.994171, 66, 2.0164490,116,         4, 84, 3.8021851
53C,2019/03/07 19:27:00, 50, 1100.8044, 13,       222, 49,        32, 56, 1.0976870, 74, 11.838305, 73, 516.26324, 77, 37.062500, 79, 1.2056093, 75, 50.044472, 66, 1.9653320,116,         4, 84, 3.8006592
56C,2019/03/07 19:28:00, 50, 1095.9094, 13,       222, 49,        32, 56, 1.0976870, 74, 11.838305, 73, 516.23401, 77, 37.062500, 79, 1.2153320, 75, 49.994171, 66, 2.0036316,116,         4, 84, 3.8012695
5AC,2019/03/07 19:29:00, 50, 1171.2275, 13,       223, 49,        32, 56, 1.0976870, 74, 11.869418, 73, 516.23401, 77, 37.093750, 79, 1.2201934, 75, 49.994171, 66, 2.0333862,116,         4, 84, 3.8186646
55C,2019/03/07 19:30:00, 50, 1147.4429, 13,       223, 49,        32, 56, 1.0976870, 74, 11.853862, 73, 516.23401, 77, 37.093750, 79, 1.2201934, 75, 49.994171, 66, 1.9952393,116,         4, 84, 3.8180542
59C,2019/03/07 19:31:00, 50, 1178.1465, 13,       223, 49,        32, 56, 1.0976870, 74, 11.838305, 73, 516.29248, 77, 37.093750, 79, 1.2250546, 75, 49.994171, 66, 2.0471191,116,         4, 84, 3.8165283
53C,2019/03/07 19:32:00, 50, 1209.9155, 13,       223, 49,        32, 56, 1.0976870, 74, 11.838305, 73, 516.26324, 77, 37.125000, 79, 1.2250546, 75, 49.994171, 66, 2.0918274,116,         4, 84, 3.8156128
54C,2019/03/07 19:33:00, 50, 1240.4048, 13,       223, 49,        32, 56, 1.0976870, 74, 11.869418, 73, 516.29248, 77, 37.125000, 79, 1.2201934, 75, 49.994171, 66, 1.9993591,116,         4, 84, 3.8134766
58C,2019/03/07 19:34:00, 50, 1217.4060, 13,       223, 49,        32, 56, 1.0976870, 74, 11.853862, 73, 516.29248, 77, 37.125000, 79, 1.2153320, 75, 49.994171, 66, 1.9932556,116,         4, 84, 3.8131714
53C,2019/03/07 19:35:00, 50, 1169.9329, 13,       223, 49,        32, 56, 1.0976870, 74, 11.838305, 73, 516.32172, 77, 37.125000, 79, 1.2201934, 75, 49.994171, 66, 1.9367981,116,         4, 84, 3.8121033
5DC,2019/03/07 19:36:00, 50, 1026.5273, 13,       223, 49,        32, 56, 1.0976870, 74, 11.838305, 73, 516.32172, 77, 37.125000, 79, 1.2250546, 75, 49.994171, 66, 1.9572449,116,         4, 84, 3.8134766
54C,2019/03/07 19:37:00, 50, 1048.1562, 13,       223, 49,        32, 56, 1.0976870, 74, 11.853862, 73, 516.35095, 77, 37.156250, 79, 1.2104707, 75, 49.994171, 66, 2.0159912,116,         4, 84, 3.8122559
5AC,2019/03/07 19:38:00, 50, 1930.7131, 13,       223, 49,        32, 56, 1.0976870, 74, 11.853862, 73, 516.40948, 77, 37.125000, 79, 1.2104707, 75, 50.044472, 66, 2.1305847,116,         4, 84, 3.8121033
5BC,2019/03/07 19:39:00, 50, 1244.6912, 13,       223, 49,        32, 56, 1.0976870, 74, 11.822749, 73, 516.35095, 77, 37.156250, 79, 1.2153320, 75, 49.994171, 66, 2.0022583,116,         4, 84, 3.8134766
55C,2019/03/07 19:40:00, 50, 1247.6086, 13,       223, 49,        32, 56, 1.0976870, 74, 11.838305, 73, 516.40948, 77, 37.156250, 79, 1.2104707, 75, 49.994171, 66, 2.0271301,116,         4, 84, 3.8131714
52C,2019/03/07 19:41:00, 50, 2053.9619, 13,       223, 49,        32, 56, 1.0976870, 74, 11.853862, 73, 516.40948, 77, 37.156250, 79, 1.2153320, 75, 49.994171, 66, 2.2210693,116,         4, 84, 3.8130188
5BC,2019/03/07 19:42:00, 50, 1707.1831, 13,       223, 49,        32, 56, 1.0976870, 74, 11.869418, 73, 516.40948, 77, 37.187500, 79, 1.2104707, 75, 49.994171, 66, 2.1340942,116,         4, 84, 3.8125610
55C,2019/03/07 19:43:00, 50, 1519.5989, 13,       223, 49,        32, 56, 1.0976870, 74, 11.853862, 73, 516.43872, 77, 37.156250, 79, 1.2056093, 75, 49.994171, 66, 2.0213318,116,         4, 84, 3.8117981
5DC,2019/03/07 19:44:00, 50, 1120.7156, 13,       223, 49,        32, 56, 1.0976870, 74, 11.838305, 73, 516.40948, 77, 37.156250, 79, 1.2104707, 75, 49.994171, 66, 1.9845581,116,         4, 84, 3.8119507
5FC,2019/03/07 19:45:00, 50, 1164.6160, 13,       223, 49,        32, 56, 1.0976870, 74, 11.853862, 73, 516.40948, 77, 37.156250, 79, 1.2201934, 75, 49.994171, 66, 2.0616150,116,         4, 84, 3.8111877
53C,2019/03/07 19:46:00, 50, 1458.9248, 13,       223, 49,        32, 56, 1.0976870, 74, 11.853862, 73, 516.40948, 77, 37.156250, 79, 1.2104707, 75, 49.994171, 66, 2.0434570,116,         4, 84, 3.8114929
5BC,2019/03/07 19:47:00, 50, 1381.1509, 13,       223, 49,        32, 56, 1.0976870, 74, 11.838305, 73, 516.46796, 77, 37.156250, 79, 1.2153320, 75, 49.994171, 66, 2.1347046,116,         4, 84, 3.8104248
53C,2019/03/07 19:48:00, 50, 1646.0332, 13,       223, 49,        32, 56, 1.0976870, 74, 11.822749, 73, 516.43872, 77, 37.187500, 79, 1.2104707, 75, 49.994171, 66, 2.1252441,116,         4, 84, 3.8098145
56C,2019/03/07 19:49:00, 50, 1666.1948, 13,       223, 49,        32, 56, 1.0976870, 74, 11.853862, 73, 516.43872, 77, 37.156250, 79, 1.2153320, 75, 49.994171, 66, 2.1437073,116,         4, 84, 3.8081360
5CC,2019/03/07 19:50:00, 50, 1939.0940, 13,       223, 49,        32, 56, 1.0976870, 74, 11.853862, 73, 516.46796, 77, 37.156250, 79, 1.2250546, 75, 49.994171, 66, 2.2151184,116,         4, 84, 3.8084412
5AC,2019/03/07 19:51:00, 50, 2146.7339, 13,       223, 49,        32, 56, 1.0976870, 74, 11.838305, 73, 516.46796, 77, 37.156250, 79, 1.2104707, 75, 49.994171, 66, 2.3066711,116,         4, 84, 3.8073730
51C,2019/03/07 19:52:00, 50, 2383.9048, 13,       223, 49,        32, 56, 1.0976870, 74, 11.822749, 73, 516.49719, 77, 37.187500, 79, 1.2201934, 75, 49.994171, 66, 2.1948242,116,         4, 84, 3.8064575
58C,2019/03/07 19:53:00, 50, 1361.5554, 13,       223, 49,        32, 56, 1.0976870, 74, 11.853862, 73, 516.46796, 77, 37.156250, 79, 1.2056093, 75, 49.994171, 66, 2.0245361,116,         4, 84, 3.8053894
5EC,2019/03/07 19:54:00, 50, 1651.0701, 13,       223, 49,        32, 56, 1.0976870, 74, 11.853862, 73, 516.46796, 77, 37.156250, 79, 1.2104707, 75, 49.994171, 66, 2.1739197,116,         4, 84, 3.8038635
52C,2019/03/07 19:55:00, 50, 1764.9900, 13,       223, 49,        32, 56, 1.0976870, 74, 11.822749, 73, 516.46796, 77, 37.156250, 79, 1.2056093, 75, 49.994171, 66, 2.0606995,116,         4, 84, 3.8024902
5CC,2019/03/07 19:56:00, 50, 1446.6411, 13,       223, 49,        32, 56, 1.0976870, 74, 11.822749, 73, 516.49719, 77, 37.187500, 79, 1.2104707, 75, 49.994171, 66, 2.1380615,116,         4, 84, 3.8020325
57C,2019/03/07 19:57:00, 50, 1434.5830, 13,       223, 49,        32, 56, 1.0976870, 74, 11.869418, 73, 516.52643, 77, 37.187500, 79, 1.2153320, 75, 49.994171, 66, 2.0173645,116,         4, 84, 3.8017273
51C,2019/03/07 19:58:00, 50, 1219.0276, 13,       223, 49,        32, 56, 1.0976870, 74, 11.853862, 73, 516.49719, 77, 37.187500, 79, 1.2104707, 75, 50.044472, 66, 1.9839478,116,         4, 84, 3.8012695
53C,2019/03/07 19:59:00, 50, 1152.5317, 13,       223, 49,        32, 56, 1.0976870, 74, 11.838305, 73, 516.49719, 77, 37.156250, 79, 1.2250546, 75, 49.994171, 66, 1.9653320,116,         4, 84, 3.8038635
59C,2019/03/07 20:00:00, 50, 1069.1941, 13,       223, 49,        32, 56, 1.0976870, 74, 11.838305, 73, 516.52643, 77, 37.156250, 79, 1.2104707, 75, 49.994171, 66, 1.9961548,116,         4, 84, 3.8031006
5AC,2019/03/07 20:01:00, 50, 1053.5632, 13,       223, 49,        32, 56, 1.0976870, 74, 11.869418, 73, 516.55566, 77, 37.156250, 79, 1.2104707, 75, 49.994171, 66, 1.9174194,116,         4, 84, 3.8032532
5EC,2019/03/07 20:02:00, 50, 907.64258, 13,       223, 49,        32, 56, 1.0976870, 74, 11.853862, 73, 516.55566, 77, 37.156250, 79, 1.2153320, 75, 49.994171, 66, 1.9407654,116,         4, 84, 3.8032532
5CC,2019/03/07 20:03:00, 50, 945.87793, 13,       223, 49,        32, 56, 1.0976870, 74, 11.838305, 73, 516.55566, 77, 37.125000, 79, 1.2153320, 75, 49.994171, 66, 1.9599915,116,         4, 84, 3.8029480
50C,2019/03/07 20:04:00, 50, 1010.2013, 13,       223, 49,        32, 56, 1.0976870, 74, 11.838305, 73, 516.58490, 77, 37.125000, 79, 1.2104707, 75, 49.994171, 66, 2.0037842,116,         4, 84, 3.8035583
51C,2019/03/07 20:05:00, 50, 1014.7562, 13,       223, 49,        32, 56, 1.0976870, 74, 11.853862, 73, 516.58490, 77, 37.093750, 79, 1.2201934, 75, 49.994171, 66, 1.9566345,116,         4, 84, 3.8037109
5FC,2019/03/07 20:06:00, 50, 1125.2087, 13,       223, 49,        32, 56, 1.0976870, 74, 11.853862, 73, 516.61414, 77, 37.093750, 79, 1.2201934, 75, 49.994171, 66, 2.1270752,116,         4, 84, 3.8020325
58C,2019/03/07 20:07:00, 50, 1650.2646, 13,       223, 49,        32, 56, 1.0976870, 74, 11.853862, 73, 516.55566, 77, 37.062500, 79, 1.2153320, 75, 49.994171, 66, 2.0332336,116,         4, 84, 3.8021851
5BC,2019/03/07 20:08:00, 50, 1046.1270, 13,       223, 49,        32, 56, 1.0976870, 74, 11.822749, 73, 516.61414, 77, 37.062500, 79, 1.2201934, 75, 49.994171, 66, 2.0220947,116,         4, 84, 3.8020325
5BC,2019/03/07 20:09:00, 50, 1654.3752, 13,       223, 49,        32, 56, 1.0976870, 74, 11.853862, 73, 516.61414, 77, 37.062500, 79, 1.2153320, 75, 49.994171, 66, 2.0967102,116,         4, 84, 3.8009644
55C,2019/03/07 20:10:00, 50, 1097.5413, 13,       223, 49,        32, 56, 1.0976870, 74, 11.869418, 73, 516.64337, 77, 37.031250, 79, 1.2201934, 75, 49.994171, 66, 1.9738770,116,         4, 84, 3.8012695
5DC,2019/03/07 20:11:00, 50, 995.76550, 13,       223, 49,        32, 56, 1.0976870, 74, 11.838305, 73, 516.64337, 77, 37.031250, 79, 1.2153320, 75, 49.994171, 66, 1.9664001,116,         4, 84, 3.8005066
53C,2019/03/07 20:12:00, 50, 1240.2048, 13,       224, 49,        32, 56, 1.0976870, 74, 11.838305, 73, 516.67261, 77, 37.031250, 79, 1.2153320, 75, 49.994171, 66, 2.0059204,116,         4, 84, 3.8153076
51C,2019/03/07 20:13:00, 50, 1327.6116, 13,       224, 49,        32, 56, 1.0976870, 74, 11.869418, 73, 516.64337, 77, 37.062500, 79, 1.2056093, 75, 49.994171, 66, 2.0285034,116,         4, 84, 3.8143921
59C,2019/03/07 20:14:00, 50, 1190.5286, 13,       224, 49,        32, 56, 1.0976870, 74, 11.853862, 73, 516.67261, 77, 37.031250, 79, 1.2153320, 75, 49.994171, 66, 1.9648743,116,         4, 84, 3.8146973
59C,2019/03/07 20:15:00, 50, 1148.7952, 13,       224, 49,        32, 56, 1.0976870, 74, 11.838305, 73, 516.67261, 77, 37.000000, 79, 1.2201934, 75, 49.994171, 66, 2.0332336,116,         4, 84, 3.8145447
5CC,2019/03/07 20:16:00, 50, 1270.8767, 13,       224, 49,        32, 56, 1.0976870, 74, 11.838305, 73, 516.67261, 77, 37.031250, 79, 1.2201934, 75, 49.994171, 66, 2.0367432,116,         4, 84, 3.8142395
50C,2019/03/07 20:17:00, 50, 1280.4822, 13,       224, 49,        32, 56, 1.0976870, 74, 11.853862, 73, 516.70190, 77, 37.031250, 79, 1.2153320, 75, 49.994171, 66, 2.0849609,116,         4, 84, 3.8140869
52C,2019/03/07 20:18:00, 50, 1295.6826, 13,       224, 49,        32, 56, 1.0976870, 74, 11.853862, 73, 516.70190, 77, 37.000000, 79, 1.2007481, 75, 49.994171, 66, 1.9950867,116,         4, 84, 3.8134766
56C,2019/03/07 20:19:00, 50, 1357.6721, 13,       224, 49,        32, 56, 1.0976870, 74, 11.838305, 73, 516.73114, 77, 37.000000, 79, 1.2104707, 75, 49.994171, 66, 2.1138000,116,         4, 84, 3.8127136
57C,2019/03/07 20:20:00, 50, 1409.3035, 13,       224, 49,        32, 56, 1.0976870, 74, 11.838305, 73, 516.76038, 77, 37.000000, 79, 1.2153320, 75, 49.994171, 66, 2.0127869,116,         4, 84, 3.8131714
5BC,2019/03/07 20:21:00, 50, 1431.4451, 13,       224, 49,        32, 56, 1.0976870, 74, 11.869418, 73, 516.76038, 77, 37.000000, 79, 1.2153320, 75, 49.994171, 66, 2.1035767,116,         4, 84, 3.8124084
52C,2019/03/07 20:22:00, 50, 1510.2229, 13,       224, 49,        32, 56, 1.0976870, 74, 11.853862, 73, 516.73114, 77, 37.000000, 79, 1.2250546, 75, 49.994171, 66, 2.1209717,116,         4, 84, 3.8116455
5FC,2019/03/07 20:23:00, 50, 1135.4839, 13,       224, 49,        32, 56, 1.0976870, 74, 11.853862, 73, 516.76038, 77, 37.000000, 79, 1.2104707, 75, 49.994171, 66, 1.9496155,116,         4, 84, 3.8102722
56C,2019/03/07 20:24:00, 50, 951.65332, 13,       224, 49,        32, 56, 1.0976870, 74, 11.822749, 73, 516.73114, 77, 37.000000, 79, 1.2153320, 75, 49.994171, 66, 1.9480896,116,         4, 84, 3.8093567
55C,2019/03/07 20:25:00, 50, 1032.3506, 13,       224, 49,        32, 56, 1.0976870, 74, 11.853862, 73, 516.78961, 77, 36.968750, 79, 1.2201934, 75, 49.994171, 66, 1.9857788,116,         4, 84, 3.8088989
58C,2019/03/07 20:26:00, 50, 1092.0305, 13,       224, 49,        32, 56, 1.0976870, 74, 11.853862, 73, 516.81885, 77, 37.000000, 79, 1.2104707, 75, 49.994171, 66, 1.9949341,116,         4, 84, 3.8078308
56C,2019/03/07 20:27:00, 50, 1099.5742, 13,       224, 49,        32, 56, 1.0976870, 74, 11.838305, 73, 516.81885, 77, 37.000000, 79, 1.2153320, 75, 49.994171, 66, 2.0075989,116,         4, 84, 3.8059998
53C,2019/03/07 20:28:00, 50, 1211.7935, 13,       224, 49,        32, 56, 1.0976870, 74, 11.822749, 73, 516.81885, 77, 37.000000, 79, 1.2104707, 75, 49.994171, 66, 2.1646118,116,         4, 84, 3.8053894
51C,2019/03/07 20:29:00, 50, 3118.7334, 13,       224, 49,        32, 56, 1.0976870, 74, 11.869418, 73, 516.84808, 77, 36.968750, 79, 1.2104707, 75, 49.943886, 66, 2.4630737,116,         4, 84, 3.8038635
51C,2019/03/07 20:30:00, 50, 1376.3062, 13,       224, 49,        32, 56, 1.0976870, 74, 11.853862, 73, 516.87732, 77, 36.968750, 79, 1.2056093, 75, 49.994171, 66, 2.0295715,116,         4, 84, 3.8034058
57C,2019/03/07 20:31:00, 50, 1481.8301, 13,       224, 49,        32, 56, 1.0976870, 74, 11.838305, 73, 516.84808, 77, 36.968750, 79, 1.2056093, 75, 49.994171, 66, 2.0790100,116,         4, 84, 3.8009644
5CC,2019/03/07 20:32:00, 50, 1891.1497, 13,       224, 49,        32, 56, 1.0976870, 74, 11.838305, 73, 516.87732, 77, 36.968750, 79, 1.2153320, 75, 49.994171, 66, 2.2581482,116,         4, 84, 3.8011169
54C,2019/03/07 20:33:00, 50, 3613.0986, 13,       225, 49,        32, 56, 1.0976870, 74, 11.853862, 73, 516.90656, 77, 36.968750, 79, 1.2153320, 75, 49.994171, 66, 2.5787354,116,         4, 84, 3.8163757
51C,2019/03/07 20:34:00, 50, 1241.6052, 13,       225, 49,        32, 56, 1.0976870, 74, 11.853862, 73, 516.87732, 77, 36.968750, 79, 1.2153320, 75, 49.994171, 66, 2.0059204,116,         4, 84, 3.8159180
52C,2019/03/07 20:35:00, 50, 1579.3972, 13,       225, 49,        32, 56, 1.0976870, 74, 11.838305, 73, 516.87732, 77, 36.968750, 79, 1.2153320, 75, 50.044472, 66, 2.0747375,116,         4, 84, 3.8153076
55C,2019/03/07 20:36:00, 50, 1225.0857, 13,       225, 49,        32, 56, 1.0976870, 74, 11.838305, 73, 516.93579, 77, 37.000000, 79, 1.2153320, 75, 50.044472, 66, 2.0187378,116,         4, 84, 3.8150024
58C,2019/03/07 20:37:00, 50, 1487.7671, 13,       225, 49,        32, 56, 1.0976870, 74, 11.853862, 73, 516.90656, 77, 37.000000, 79, 1.2201934, 75, 49.994171, 66, 2.0611572,116,         4, 84, 3.8150024
54C,2019/03/07 20:38:00, 50, 1451.4556, 13,       225, 49,        32, 56, 1.0976870, 74, 11.853862, 73, 516.93579, 77, 37.000000, 79, 1.2250546, 75, 49.994171, 66, 2.0979309,116,         4, 84, 3.8154602
53C,2019/03/07 20:39:00, 50, 1451.1599, 13,       225, 49,        32, 56, 1.0976870, 74, 11.853862, 73, 516.93579, 77, 37.000000, 79, 1.2104707, 75, 50.044472, 66, 2.1409607,116,         4, 84, 3.8137817
52C,2019/03/07 20:40:00, 50, 1477.0603, 13,       225, 49,        32, 56, 1.0976870, 74, 11.838305, 73, 516.99432, 77, 37.000000, 79, 1.2104707, 75, 50.044472, 66, 2.0648193,116,         4, 84, 3.8146973
51C,2019/03/07 20:41:00, 50, 1469.8684, 13,       225, 49,        32, 56, 1.0976870, 74, 11.853862, 73, 516.96503, 77, 37.000000, 79, 1.2153320, 75, 49.994171, 66, 2.0182800,116,         4, 84, 3.8159180
57C,2019/03/07 20:42:00, 50, 1680.3496, 13,       225, 49,        32, 56, 1.0976870, 74, 11.853862, 73, 516.99432, 77, 37.031250, 79, 1.2104707, 75, 49.994171, 66, 2.2914124,116,         4, 84, 3.8146973
51C,2019/03/07 20:43:00, 50, 2018.8247, 13,       225, 49,        32, 56, 1.0976870, 74, 11.838305, 73, 516.99432, 77, 37.031250, 79, 1.2153320, 75, 49.943886, 66, 2.1240234,116,         4, 84, 3.8142395
5EC,2019/03/07 20:44:00, 50, 1214.4636, 13,       225, 49,        32, 56, 1.0976870, 74, 11.838305, 73, 517.02356, 77, 37.031250, 79, 1.2104707, 75, 49.994171, 66, 2.0135498,116,         4, 84, 3.8136292
58C,2019/03/07 20:45:00, 50, 1519.7229, 13,       225, 49,        32, 56, 1.0976870, 74, 11.853862, 73, 516.99432, 77, 37.031250, 79, 1.2104707, 75, 49.994171, 66, 2.1443176,116,         4, 84, 3.8122559
59C,2019/03/07 20:46:00, 50, 1724.9727, 13,       225, 49,        32, 56, 1.0976870, 74, 11.838305, 73, 516.99432, 77, 37.031250, 79, 1.2201934, 75, 50.094795, 66, 2.1604919,116,         4, 84, 3.8134766
5EC,2019/03/07 20:47:00, 50, 1709.4319, 13,       225, 49,        32, 56, 1.0976870, 74, 11.838305, 73, 516.99432, 77, 37.031250, 79, 1.2104707, 75, 49.994171, 66, 2.0852661,116,         4, 84, 3.8151550
57C,2019/03/07 20:48:00, 50, 1652.8547, 13,       225, 49,        32, 56, 1.0976870, 74, 11.807193, 73, 516.96503, 77, 36.968750, 79, 1.2153320, 75, 49.943886, 66, 2.1809387,116,         4, 84, 3.8171387
54C,2019/03/07 20:49:00, 50, 2827.6274, 13,       225, 49,        32, 56, 1.0976870, 74, 11.884974, 73, 516.96503, 77, 36.812500, 79, 1.2201934, 75, 49.893616, 66, 2.4046326,116,         4, 84, 3.8235474
58C,2019/03/07 20:50:00, 50, 2685.9751, 13,       225, 49,        32, 56, 1.0976870, 74, 11.853862, 73, 516.93579, 77, 36.718750, 79, 1.2104707, 75, 49.994171, 66, 2.2724915,116,         4, 84, 3.8304138
5AC,2019/03/07 20:51:00, 50, 1587.6462, 13,       225, 49,        32, 56, 1.0976870, 74, 11.838305, 73, 516.87732, 77, 36.593750, 79, 1.2104707, 75, 49.943886, 66, 2.0864868,116,         4, 84, 3.8371277
59C,2019/03/07 20:52:00, 50, 1587.1821, 13,       225, 49,        32, 56, 1.0976870, 74, 11.822749, 73, 516.87732, 77, 36.437500, 79, 1.2104707, 75, 49.893616, 66, 2.1044922,116,         4, 84, 3.8429260
5AC,2019/03/07 20:53:00, 50, 1560.1790, 13,       225, 49,        32, 56, 1.0976870, 74, 11.869418, 73, 516.84808, 77, 36.312500, 79, 1.2153320, 75, 49.893616, 66, 2.1496582,116,         4, 84, 3.8450623
5AC,2019/03/07 20:54:00, 50, 1555.0193, 13,       225, 49,        32, 56, 1.0976870, 74, 11.869418, 73, 516.78961, 77, 36.156250, 79, 1.2201934, 75, 49.893616, 66, 2.1240234,116,         4, 84, 3.8484192
5AC,2019/03/07 20:55:00, 50, 1526.8718, 13,       225, 49,        32, 56, 1.0976870, 74, 11.853862, 73, 516.70190, 77, 35.968750, 79, 1.2104707, 75, 49.843369, 66, 2.0643616,116,         4, 84, 3.8534546
52C,2019/03/07 20:56:00, 50, 1499.0259, 13,       225, 49,        32, 56, 1.0976870, 74, 11.838305, 73, 516.67261, 77, 35.843750, 79, 1.2153320, 75, 49.793137, 66, 2.1807861,116,         4, 84, 3.8563538
56C,2019/03/07 20:57:00, 50, 1513.8484, 13,       225, 49,        32, 56, 1.0976870, 74, 11.853862, 73, 516.61414, 77, 35.625000, 79, 1.2104707, 75, 49.843369, 66, 2.0823669,116,         4, 84, 3.8607788
53C,2019/03/07 20:58:00, 50, 1412.0005, 13,       225, 49,        32, 56, 1.0976870, 74, 11.884974, 73, 516.55566, 77, 35.468750, 79, 1.2104707, 75, 49.943886, 66, 2.0256042,116,         4, 84, 3.8642883
58C,2019/03/07 20:59:00, 50, 1212.9832, 13,       225, 49,        32, 56, 1.0976870, 74, 11.853862, 73, 516.52643, 77, 35.250000, 79, 1.2201934, 75, 49.843369, 66, 2.0188904,116,         4, 84, 3.8659668
59C,2019/03/07 21:00:00, 50, 1033.4661, 13,       225, 49,        32, 56, 1.0976870, 74, 11.822749, 73, 516.49719, 77, 35.125000, 79, 1.2201934, 75, 49.893616, 66, 1.9831848,116,         4, 84, 3.8673401
53C,2019/03/07 21:01:00, 50, 992.50476, 13,       225, 49,        32, 56, 1.0976870, 74, 11.869418, 73, 516.46796, 77, 34.937500, 79, 1.2153320, 75, 49.843369, 66, 1.9680786,116,         4, 84, 3.8673401
59C,2019/03/07 21:02:00, 50, 959.07739, 13,       225, 49,        32, 56, 1.0976870, 74, 11.853862, 73, 516.38019, 77, 34.843750, 79, 1.2201934, 75, 49.943886, 66, 1.9638062,116,         4, 84, 3.8674927
57C,2019/03/07 21:03:00, 50, 942.40955, 13,       225, 49,        32, 56, 1.0976870, 74, 11.853862, 73, 516.38019, 77, 34.812500, 79, 1.2201934, 75, 49.893616, 66, 2.0005798,116,         4, 84, 3.8642883
5AC,2019/03/07 21:04:00, 50, 946.94946, 13,       225, 49,        32, 56, 1.0976870, 74, 11.822749, 73, 516.43872, 77, 34.718750, 79, 1.2153320, 75, 49.943886, 66, 1.9793701,116,         4, 84, 3.8616943
5CC,2019/03/07 21:05:00, 50, 1003.4592, 13,       225, 49,        32, 56, 1.0976870, 74, 11.869418, 73, 516.38019, 77, 34.687500, 79, 1.2153320, 75, 49.994171, 66, 2.0773315,116,         4, 84, 3.8578796
57C,2019/03/07 21:06:00, 50, 1173.0464, 13,       225, 49,        32, 56, 1.0976870, 74, 11.853862, 73, 516.43872, 77, 34.687500, 79, 1.2201934, 75, 49.994171, 66, 2.0233154,116,         4, 84, 3.8522339
5EC,2019/03/07 21:07:00, 50, 1139.1311, 13,       225, 49,        32, 56, 1.0976870, 74, 11.838305, 73, 516.43872, 77, 34.687500, 79, 1.2201934, 75, 49.943886, 66, 2.0623779,116,         4, 84, 3.8493347
55C,2019/03/07 21:08:00, 50, 1304.6194, 13,       225, 49,        32, 56, 1.0976870, 74, 11.822749, 73, 516.43872, 77, 34.718750, 79, 1.2153320, 75, 50.094795, 66, 2.0732117,116,         4, 84, 3.8470459
58C,2019/03/07 21:09:00, 50, 1258.7444, 13,       225, 49,        32, 56, 1.0976870, 74, 11.869418, 73, 516.46796, 77, 34.687500, 79, 1.2201934, 75, 50.044472, 66, 2.0292664,116,         4, 84, 3.8430786
5AC,2019/03/07 21:10:00, 50, 1190.5022, 13,       225, 49,        32, 56, 1.0976870, 74, 11.853862, 73, 516.46796, 77, 34.750000, 79, 1.2153320, 75, 50.094795, 66, 1.9807434,116,         4, 84, 3.8392639
50C,2019/03/07 21:11:00, 50, 1147.5830, 13,       225, 49,        32, 56, 1.0976870, 74, 11.853862, 73, 516.49719, 77, 34.750000, 79, 1.2104707, 75, 50.145134, 66, 2.0675659,116,         4, 84, 3.8354492
5FC,2019/03/07 21:12:00, 50, 1350.7209, 13,       225, 49,        32, 56, 1.0976870, 74, 11.838305, 73, 516.49719, 77, 34.781250, 79, 1.2201934, 75, 50.044472, 66, 2.0956421,116,         4, 84, 3.8351440
57C,2019/03/07 21:13:00, 50, 1326.7183, 13,       225, 49,        32, 56, 1.0976870, 74, 11.853862, 73, 516.49719, 77, 34.812500, 79, 1.2153320, 75, 49.994171, 66, 2.0286560,116,         4, 84, 3.8336182
51C,2019/03/07 21:14:00, 50, 1140.8506, 13,       225, 49,        32, 56, 1.0976870, 74, 11.838305, 73, 516.49719, 77, 34.843750, 79, 1.2153320, 75, 50.145134, 66, 2.0303345,116,         4, 84, 3.8301086
50C,2019/03/07 21:15:00, 50, 1186.2588, 13,       225, 49,        32, 56, 1.0976870, 74, 11.838305, 73, 516.52643, 77, 34.875000, 79, 1.2153320, 75, 49.943886, 66, 2.0118713,116,         4, 84, 3.8299561
56C,2019/03/07 21:16:00, 50, 1168.0649, 13,       225, 49,        32, 56, 1.0976870, 74, 11.822749, 73, 516.52643, 77, 34.875000, 79, 1.2153320, 75, 50.044472, 66, 2.1015930,116,         4, 84, 3.8278198
59C,2019/03/07 21:17:00, 50, 1989.8113, 13,       225, 49,        32, 56, 1.0976870, 74, 11.869418, 73, 516.58490, 77, 34.937500, 79, 1.2201934, 75, 50.145134, 66, 2.1586609,116,         4, 84, 3.8247681
59C,2019/03/07 21:18:00, 50, 1589.3408, 13,       225, 49,        32, 56, 1.0976870, 74, 11.853862, 73, 516.58490, 77, 34.968750, 79, 1.2201934, 75, 50.044472, 66, 2.1244812,116,         4, 84, 3.8237000
54C,2019/03/07 21:19:00, 50, 1182.6748, 13,       225, 49,        32, 56, 1.0976870, 74, 11.838305, 73, 516.61414, 77, 35.000000, 79, 1.2153320, 75, 49.994171, 66, 2.0120239,116,         4, 84, 3.8223267
54C,2019/03/07 21:20:00, 50, 1221.8386, 13,       225, 49,        32, 56, 1.0976870, 74, 11.838305, 73, 516.61414, 77, 35.031250, 79, 1.2153320, 75, 50.044472, 66, 2.0619202,116,         4, 84, 3.8241577
51C,2019/03/07 21:21:00, 50, 1238.5671, 13,       225, 49,        32, 56, 1.0976870, 74, 11.884974, 73, 516.64337, 77, 35.062500, 79, 1.2153320, 75, 49.994171, 66, 2.0346069,116,         4, 84, 3.8224792
5DC,2019/03/07 21:22:00, 50, 1299.1914, 13,       225, 49,        32, 56, 1.0976870, 74, 11.869418, 73, 516.64337, 77, 35.093750, 79, 1.2153320, 75, 49.943886, 66, 2.0678711,116,         4, 84, 3.8240051
52C,2019/03/07 21:23:00, 50, 1478.8948, 13,       225, 49,        32, 56, 1.0976870, 74, 11.853862, 73, 516.64337, 77, 35.156250, 79, 1.2201934, 75, 50.094795, 66, 2.1556091,116,         4, 84, 3.8204956
59C,2019/03/07 21:24:00, 50, 1518.1172, 13,       225, 49,        32, 56, 1.0976870, 74, 11.838305, 73, 516.67261, 77, 35.187500, 79, 1.2104707, 75, 49.994171, 66, 2.1162415,116,         4, 84, 3.8212585
50C,2019/03/07 21:25:00, 50, 1534.0156, 13,       225, 49,        32, 56, 1.0976870, 74, 11.869418, 73, 516.67261, 77, 35.187500, 79, 1.2153320, 75, 50.044472, 66, 2.0509338,116,         4, 84, 3.8198853
56C,2019/03/07 21:26:00, 50, 1089.2761, 13,       225, 49,        32, 56, 1.0976870, 74, 11.853862, 73, 516.70190, 77, 35.250000, 79, 1.2201934, 75, 50.044472, 66, 1.9912720,116,         4, 84, 3.8174438
52C,2019/03/07 21:27:00, 50, 1169.2961, 13,       225, 49,        32, 56, 1.0976870, 74, 11.853862, 73, 516.73114, 77, 35.250000, 79, 1.2201934, 75, 50.044472, 66, 1.9943237,116,         4, 84, 3.8163757
5BC,2019/03/07 21:28:00, 50, 1110.7385, 13,       225, 49,        32, 56, 1.0976870, 74, 11.822749, 73, 516.76038, 77, 35.250000, 79, 1.2153320, 75, 49.943886, 66, 2.0054626,116,         4, 84, 3.8174438
56C,2019/03/07 21:29:00, 50, 1081.9382, 13,       225, 49,        32, 56, 1.0976870, 74, 11.853862, 73, 516.76038, 77, 35.312500, 79, 1.2153320, 75, 50.094795, 66, 1.9421387,116,         4, 84, 3.8145447
55C,2019/03/07 21:30:00, 50, 1097.3130, 13,       225, 49,        32, 56, 1.0976870, 74, 11.853862, 73, 516.76038, 77, 35.312500, 79, 1.2104707, 75, 50.044472, 66, 2.1054077,116,         4, 84, 3.8139343
5FC,2019/03/07 21:31:00, 50, 1195.1370, 13,       225, 49,        32, 56, 1.0976870, 74, 11.838305, 73, 516.78961, 77, 35.343750, 79, 1.2153320, 75, 50.094795, 66, 1.9676208,116,         4, 84, 3.8139343
57C,2019/03/07 21:32:00, 50, 1117.5671, 13,       225, 49,        32, 56, 1.0976870, 74, 11.822749, 73, 516.76038, 77, 35.375000, 79, 1.2104707, 75, 50.044472, 66, 1.9517517,116,         4, 84, 3.8143921
5FC,2019/03/07 21:33:00, 50, 1021.2928, 13,       225, 49,        32, 56, 1.0976870, 74, 11.853862, 73, 516.76038, 77, 35.375000, 79, 1.2201934, 75, 50.044472, 66, 1.9587708,116,         4, 84, 3.8142395
56C,2019/03/07 21:34:00, 50, 1022.2399, 13,       225, 49,        32, 56, 1.0976870, 74, 11.853862, 73, 516.78961, 77, 35.406250, 79, 1.2153320, 75, 49.943886, 66, 1.9895935,116,         4, 84, 3.8146973
5AC,2019/03/07 21:35:00, 50, 1081.8704, 13,       225, 49,        32, 56, 1.0976870, 74, 11.853862, 73, 516.76038, 77, 35.406250, 79, 1.2153320, 75, 49.994171, 66, 2.0060730,116,         4, 84, 3.8130188
5CC,2019/03/07 21:36:00, 50, 1084.4146, 13,       225, 49,        32, 56, 1.0976870, 74, 11.838305, 73, 516.78961, 77, 35.437500, 79, 1.2153320, 75, 50.044472, 66, 1.9731140,116,         4, 84, 3.8099670
5CC,2019/03/07 21:37:00, 50, 1055.5630, 13,       225, 49,        32, 56, 1.0976870, 74, 11.853862, 73, 516.78961, 77, 35.406250, 79, 1.2201934, 75, 49.943886, 66, 1.9596863,116,         4, 84, 3.8098145
5FC,2019/03/07 21:38:00, 50, 1030.0085, 13,       225, 49,        32, 56, 1.0976870, 74, 11.869418, 73, 516.81885, 77, 35.437500, 79, 1.2153320, 75, 49.994171, 66, 1.9544983,116,         4, 84, 3.8095093
5DC,2019/03/07 21:39:00, 50, 1020.5454, 13,       225, 49,        32, 56, 1.0976870, 74, 11.822749, 73, 516.81885, 77, 35.437500, 79, 1.2104707, 75, 49.994171, 66, 1.9619751,116,         4, 84, 3.8090515
56C,2019/03/07 21:40:00, 50, 1016.3629, 13,       225, 49,        32, 56, 1.0976870, 74, 11.822749, 73, 516.81885, 77, 35.437500, 79, 1.2153320, 75, 49.994171, 66, 1.9531250,116,         4, 84, 3.8088989
5AC,2019/03/07 21:41:00, 50, 1011.9760, 13,       225, 49,        32, 56, 1.0976870, 74, 11.869418, 73, 516.84808, 77, 35.468750, 79, 1.2153320, 75, 49.994171, 66, 1.9902039,116,         4, 84, 3.8073730
5AC,2019/03/07 21:42:00, 50, 1059.2805, 13,       225, 49,        32, 56, 1.0976870, 74, 11.869418, 73, 516.87732, 77, 35.500000, 79, 1.2153320, 75, 50.044472, 66, 1.9699097,116,         4, 84, 3.8061523
5EC,2019/03/07 21:43:00, 50, 1036.4395, 13,       225, 49,        32, 56, 1.0976870, 74, 11.853862, 73, 516.90656, 77, 35.500000, 79, 1.2153320, 75, 49.994171, 66, 2.0288086,116,         4, 84, 3.8067627
56C,2019/03/07 21:44:00, 50, 1428.0691, 13,       225, 49,        32, 56, 1.0976870, 74, 11.822749, 73, 516.90656, 77, 35.500000, 79, 1.2153320, 75, 49.994171, 66, 2.0349121,116,         4, 84, 3.8046265
52C,2019/03/07 21:45:00, 50, 1003.6752, 13,       225, 49,        32, 56, 1.0976870, 74, 11.853862, 73, 516.90656, 77, 35.500000, 79, 1.2104707, 75, 49.994171, 66, 1.9287109,116,         4, 84, 3.8053894
59C,2019/03/07 21:46:00, 50, 997.62170, 13,       225, 49,        32, 56, 1.0976870, 74, 11.853862, 73, 516.93579, 77, 35.531250, 79, 1.2153320, 75, 49.994171, 66, 1.9700623,116,         4, 84, 3.8031006
54C,2019/03/07 21:47:00, 50, 1016.8955, 13,       225, 49,        32, 56, 1.0976870, 74, 11.838305, 73, 516.93579, 77, 35.531250, 79, 1.2153320, 75, 49.994171, 66, 1.9844055,116,         4, 84, 3.8032532
59C,2019/03/07 21:48:00, 50, 1010.4626, 13,       225, 49,        32, 56, 1.0976870, 74, 11.822749, 73, 516.96503, 77, 35.531250, 79, 1.2153320, 75, 49.994171, 66, 1.9561768,116,         4, 84, 3.8034058
58C,2019/03/07 21:49:00, 50, 1016.2964, 13,       225, 49,        32, 56, 1.0976870, 74, 11.869418, 73, 516.96503, 77, 35.531250, 79, 1.2201934, 75, 49.994171, 66, 1.9664001,116,         4, 84, 3.8018799
5BC,2019/03/07 21:50:00, 50, 999.85376, 13,       225, 49,        32, 56, 1.0976870, 74, 11.853862, 73, 516.99432, 77, 35.562500, 79, 1.2104707, 75, 49.994171, 66, 1.9247437,116,         4, 84, 3.8015747
53C,2019/03/07 21:51:00, 50, 993.84778, 13,       225, 49,        32, 56, 1.0976870, 74, 11.838305, 73, 516.99432, 77, 35.593750, 79, 1.2104707, 75, 49.994171, 66, 2.0016479,116,         4, 84, 3.8008118
57C,2019/03/07 21:52:00, 50, 1066.6294, 13,       226, 49,        32, 56, 1.0976870, 74, 11.807193, 73, 517.02356, 77, 35.593750, 79, 1.2153320, 75, 50.044472, 66, 2.0095825,116,         4, 84, 3.8165283
50C,2019/03/07 21:53:00, 50, 1149.1929, 13,       226, 49,        32, 56, 1.0976870, 74, 11.853862, 73, 517.05280, 77, 35.625000, 79, 1.2104707, 75, 50.044472, 66, 1.9532776,116,         4, 84, 3.8154602
5DC,2019/03/07 21:54:00, 50, 934.68274, 13,       226, 49,        32, 56, 1.0976870, 74, 11.869418, 73, 517.05280, 77, 35.625000, 79, 1.2153320, 75, 49.994171, 66, 1.9215393,116,         4, 84, 3.8174438
52C,2019/03/07 21:55:00, 50, 895.58618, 13,       226, 49,        32, 56, 1.0976870, 74, 11.853862, 73, 517.11127, 77, 35.625000, 79, 1.2153320, 75, 49.994171, 66, 1.9294739,116,         4, 84, 3.8180542
57C,2019/03/07 21:56:00, 50, 884.08618, 13,       226, 49,        32, 56, 1.0976870, 74, 11.807193, 73, 517.11127, 77, 35.656250, 79, 1.2153320, 75, 49.994171, 66, 1.9302368,116,         4, 84, 3.8183594
5FC,2019/03/07 21:57:00, 50, 870.58362, 13,       226, 49,        32, 56, 1.0976870, 74, 11.869418, 73, 517.11127, 77, 35.593750, 79, 1.2153320, 75, 49.994171, 66, 1.9233704,116,         4, 84, 3.8169861
56C,2019/03/07 21:58:00, 50, 881.42603, 13,       226, 49,        32, 56, 1.0976870, 74, 11.853862, 73, 517.11127, 77, 35.625000, 79, 1.2153320, 75, 49.994171, 66, 1.9841003,116,         4, 84, 3.8165283
54C,2019/03/07 21:59:00, 50, 991.84961, 13,       226, 49,        32, 56, 1.0976870, 74, 11.838305, 73, 517.14050, 77, 35.625000, 79, 1.2153320, 75, 49.994171, 66, 1.9853210,116,         4, 84, 3.8156128
5BC,2019/03/07 22:00:00, 50, 1056.6377, 13,       226, 49,        32, 56, 1.0976870, 74, 11.807193, 73, 517.14050, 77, 35.625000, 79, 1.2153320, 75, 49.994171, 66, 2.0507812,116,         4, 84, 3.8150024
58C,2019/03/07 22:01:00, 50, 1654.1433, 13,       226, 49,        32, 56, 1.0976870, 74, 11.853862, 73, 517.14050, 77, 35.625000, 79, 1.2153320, 75, 49.994171, 66, 2.2006226,116,         4, 84, 3.8156128
57C,2019/03/07 22:02:00, 50, 1369.7495, 13,       226, 49,        32, 56, 1.0976870, 74, 11.853862, 73, 517.16974, 77, 35.625000, 79, 1.2153320, 75, 49.994171, 66, 2.0303345,116,         4, 84, 3.8128662
5AC,2019/03/07 22:03:00, 50, 1347.9307, 13,       226, 49,        32, 56, 1.0976870, 74, 11.853862, 73, 517.19897, 77, 35.656250, 79, 1.2201934, 75, 49.994171, 66, 2.1499634,116,         4, 84, 3.8114929
50C,2019/03/07 22:04:00, 50, 1477.8171, 13,       226, 49,        32, 56, 1.0976870, 74, 11.838305, 73, 517.19897, 77, 35.656250, 79, 1.2153320, 75, 49.994171, 66, 2.0503235,116,         4, 84, 3.8117981
5CC,2019/03/07 22:05:00, 50, 999.03137, 13,       226, 49,        32, 56, 1.0976870, 74, 11.853862, 73, 517.22821, 77, 35.656250, 79, 1.2153320, 75, 50.044472, 66, 1.9454956,116,         4, 84, 3.8105774
5BC,2019/03/07 22:06:00, 50, 1079.9690, 13,       226, 49,        32, 56, 1.0976870, 74, 11.838305, 73, 517.25745, 77, 35.656250, 79, 1.2153320, 75, 49.994171, 66, 2.0326233,116,         4, 84, 3.8108826
5BC,2019/03/07 22:07:00, 50, 1115.3777, 13,       226, 49,        32, 56, 1.0976870, 74, 11.838305, 73, 517.25745, 77, 35.687500, 79, 1.2153320, 75, 49.994171, 66, 2.0339966,116,         4, 84, 3.8114929
55C,2019/03/07 22:08:00, 50, 1321.2393, 13,       226, 49,        32, 56, 1.0976870, 74, 11.822749, 73, 517.22821, 77, 35.687500, 79, 1.2153320, 75, 49.994171, 66, 2.0166016,116,         4, 84, 3.8114929
5BC,2019/03/07 22:09:00, 50, 1056.9844, 13,       226, 49,        32, 56, 1.0976870, 74, 11.869418, 73, 517.25745, 77, 35.687500, 79, 1.2153320, 75, 50.044472, 66, 1.9557190,116,         4, 84, 3.8104248
5BC,2019/03/07 22:10:00, 50, 1039.6719, 13,       226, 49,        32, 56, 1.0976870, 74, 11.869418, 73, 517.22821, 77, 35.718750, 79, 1.2153320, 75, 49.994171, 66, 1.9537354,116,         4, 84, 3.8087463
5EC,2019/03/07 22:11:00, 50, 1032.3855, 13,       226, 49,        32, 56, 1.0976870, 74, 11.838305, 73, 517.22821, 77, 35.718750, 79, 1.2201934, 75, 49.994171, 66, 1.9830322,116,         4, 84, 3.8081360
5FC,2019/03/07 22:12:00, 50, 1057.3184, 13,       226, 49,        32, 56, 1.0976870, 74, 11.822749, 73, 517.25745, 77, 35.718750, 79, 1.2201934, 75, 49.994171, 66, 1.9972229,116,         4, 84, 3.8069153
50C,2019/03/07 22:13:00, 50, 1119.2625, 13,       226, 49,        32, 56, 1.0976870, 74, 11.853862, 73, 517.25745, 77, 35.718750, 79, 1.2153320, 75, 49.994171, 66, 2.1592712,116,         4, 84, 3.8070679
50C,2019/03/07 22:14:00, 50, 2443.1851, 13,       226, 49,        32, 56, 1.0976870, 74, 11.853862, 73, 517.25745, 77, 35.718750, 79, 1.2153320, 75, 49.994171, 66, 2.2741699,116,         4, 84, 3.8072205
56C,2019/03/07 22:15:00, 50, 2117.4297, 13,       226, 49,        32, 56, 1.0976870, 74, 11.853862, 73, 517.34521, 77, 35.750000, 79, 1.2104707, 75, 49.994171, 66, 2.3046875,116,         4, 84, 3.8059998
5EC,2019/03/07 22:16:00, 50, 1677.3171, 13,       226, 49,        32, 56, 1.0976870, 74, 11.822749, 73, 517.31598, 77, 35.750000, 79, 1.2153320, 75, 49.994171, 66, 2.0941162,116,         4, 84, 3.8043213
55C,2019/03/07 22:17:00, 50, 1117.3186, 13,       226, 49,        32, 56, 1.0976870, 74, 11.853862, 73, 517.31598, 77, 35.781250, 79, 1.2153320, 75, 49.994171, 66, 1.9697571,116,         4, 84, 3.8029480
5EC,2019/03/07 22:18:00, 50, 1103.1233, 13,       226, 49,        32, 56, 1.0976870, 74, 11.853862, 73, 517.34521, 77, 35.781250, 79, 1.2104707, 75, 49.994171, 66, 2.0812988,116,         4, 84, 3.8018799
5FC,2019/03/07 22:19:00, 50, 1856.5459, 13,       227, 49,        32, 56, 1.0976870, 74, 11.838305, 73, 517.34521, 77, 35.812500, 79, 1.2104707, 75, 49.994171, 66, 2.1296692,116,         4, 84, 3.8171387
5EC,2019/03/07 22:20:00, 50, 1301.9736, 13,       227, 49,        32, 56, 1.0976870, 74, 11.822749, 73, 517.34521, 77, 35.812500, 79, 1.2201934, 75, 50.044472, 66, 2.0223999,116,         4, 84, 3.8169861
54C,2019/03/07 22:21:00, 50, 1282.2305, 13,       227, 49,        32, 56, 1.0976870, 74, 11.853862, 73, 517.34521, 77, 35.812500, 79, 1.2153320, 75, 49.994171, 66, 2.0237732,116,         4, 84, 3.8157654
50C,2019/03/07 22:22:00, 50, 1221.8521, 13,       227, 49,        32, 56, 1.0976870, 74, 11.853862, 73, 517.37445, 77, 35.843750, 79, 1.2153320, 75, 50.044472, 66, 1.9499207,116,         4, 84, 3.8140869
55C,2019/03/07 22:23:00, 50, 1020.7720, 13,       227, 49,        32, 56, 1.0976870, 74, 11.853862, 73, 517.34521, 77, 35.875000, 79, 1.2153320, 75, 50.044472, 66, 1.9410706,116,         4, 84, 3.8137817
5EC,2019/03/07 22:24:00, 50, 939.65063, 13,       227, 49,        32, 56, 1.0976870, 74, 11.822749, 73, 517.37445, 77, 35.875000, 79, 1.2153320, 75, 50.044472, 66, 1.9306946,116,         4, 84, 3.8128662
57C,2019/03/07 22:25:00, 50, 925.41003, 13,       227, 49,        32, 56, 1.0976870, 74, 11.869418, 73, 517.37445, 77, 35.875000, 79, 1.2104707, 75, 50.044472, 66, 1.9535828,116,         4, 84, 3.8122559
55C,2019/03/07 22:26:00, 50, 919.60706, 13,       227, 49,        32, 56, 1.0976870, 74, 11.853862, 73, 517.37445, 77, 35.906250, 79, 1.2153320, 75, 50.044472, 66, 1.9424438,116,         4, 84, 3.8121033
50C,2019/03/07 22:27:00, 50, 962.98059, 13,       227, 49,        32, 56, 1.0976870, 74, 11.853862, 73, 517.40369, 77, 35.937500, 79, 1.2153320, 75, 49.994171, 66, 2.0335388,116,         4, 84, 3.8116455
55C,2019/03/07 22:28:00, 50, 1125.2205, 13,       227, 49,        32, 56, 1.0976870, 74, 11.822749, 73, 517.34521, 77, 35.937500, 79, 1.2104707, 75, 49.994171, 66, 1.9880676,116,         4, 84, 3.8119507
5DC,2019/03/07 22:29:00, 50, 1054.5762, 13,       227, 49,        32, 56, 1.0976870, 74, 11.853862, 73, 517.40369, 77, 35.937500, 79, 1.2201934, 75, 49.994171, 66, 1.9502258,116,         4, 84, 3.8122559
5EC,2019/03/07 22:30:00, 50, 1033.0598, 13,       227, 49,        32, 56, 1.0976870, 74, 11.853862, 73, 517.37445, 77, 35.968750, 79, 1.2201934, 75, 49.994171, 66, 1.9702148,116,         4, 84, 3.8113403
5CC,2019/03/07 22:31:00, 50, 1029.5056, 13,       227, 49,        32, 56, 1.0976870, 74, 11.853862, 73, 517.40369, 77, 36.000000, 79, 1.2153320, 75, 49.994171, 66, 1.9641113,116,         4, 84, 3.8116455
53C,2019/03/07 22:32:00, 50, 1011.2559, 13,       227, 49,        32, 56, 1.0976870, 74, 11.838305, 73, 517.37445, 77, 36.000000, 79, 1.2153320, 75, 50.044472, 66, 1.9573975,116,         4, 84, 3.8114929
5CC,2019/03/07 22:33:00, 50, 999.55566, 13,       227, 49,        32, 56, 1.0976870, 74, 11.853862, 73, 517.40369, 77, 36.031250, 79, 1.2104707, 75, 49.994171, 66, 1.9485474,116,         4, 84, 3.8090515
59C,2019/03/07 22:34:00, 50, 988.71069, 13,       227, 49,        32, 56, 1.0976870, 74, 11.853862, 73, 517.34521, 77, 36.000000, 79, 1.2153320, 75, 49.994171, 66, 1.9596863,116,         4, 84, 3.8085937
5FC,2019/03/07 22:35:00, 50, 994.27820, 13,       227, 49,        32, 56, 1.0976870, 74, 11.838305, 73, 517.37445, 77, 36.000000, 79, 1.2104707, 75, 49.994171, 66, 1.9595337,116,         4, 84, 3.8079834
56C,2019/03/07 22:36:00, 50, 993.36914, 13,       227, 49,        32, 56, 1.0976870, 74, 11.838305, 73, 517.34521, 77, 36.000000, 79, 1.2104707, 75, 49.994171, 66, 1.9648743,116,         4, 84, 3.8087463
55C,2019/03/07 22:37:00, 50, 997.88965, 13,       227, 49,        32, 56, 1.0976870, 74, 11.853862, 73, 517.34521, 77, 36.000000, 79, 1.2153320, 75, 49.994171, 66, 1.9665527,116,         4, 84, 3.8073730
53C,2019/03/07 22:38:00, 50, 998.08606, 13,       227, 49,        32, 56, 1.0976870, 74, 11.853862, 73, 517.31598, 77, 36.031250, 79, 1.2153320, 75, 49.994171, 66, 1.9566345,116,         4, 84, 3.8059998
59C,2019/03/07 22:39:00, 50, 992.09583, 13,       227, 49,        32, 56, 1.0976870, 74, 11.853862, 73, 517.34521, 77, 36.031250, 79, 1.2153320, 75, 49.994171, 66, 1.9456482,116,         4, 84, 3.8061523
54C,2019/03/07 22:40:00, 50, 986.62646, 13,       227, 49,        32, 56, 1.0976870, 74, 11.822749, 73, 517.34521, 77, 36.000000, 79, 1.2201934, 75, 50.044472, 66, 1.9461060,116,         4, 84, 3.8052368
54C,2019/03/07 22:41:00, 50, 988.83057, 13,       227, 49,        32, 56, 1.0976870, 74, 11.853862, 73, 517.34521, 77, 36.062500, 79, 1.2104707, 75, 50.044472, 66, 1.9766235,116,         4, 84, 3.8046265
50C,2019/03/07 22:42:00, 50, 992.08594, 13,       227, 49,        32, 56, 1.0976870, 74, 11.853862, 73, 517.31598, 77, 36.062500, 79, 1.2153320, 75, 49.994171, 66, 1.9616699,116,         4, 84, 3.8047791
5DC,2019/03/07 22:43:00, 50, 991.76526, 13,       227, 49,        32, 56, 1.0976870, 74, 11.838305, 73, 517.28674, 77, 36.062500, 79, 1.2153320, 75, 49.994171, 66, 1.9703674,116,         4, 84, 3.8050842
56C,2019/03/07 22:44:00, 50, 992.99451, 13,       227, 49,        32, 56, 1.0976870, 74, 11.822749, 73, 517.28674, 77, 36.093750, 79, 1.2104707, 75, 49.994171, 66, 1.9520569,116,         4, 84, 3.8032532
5FC,2019/03/07 22:45:00, 50, 989.91394, 13,       227, 49,        32, 56, 1.0976870, 74, 11.853862, 73, 517.25745, 77, 36.093750, 79, 1.2104707, 75, 49.994171, 66, 1.9470215,116,         4, 84, 3.8029480
5AC,2019/03/07 22:46:00, 50, 992.75684, 13,       227, 49,        32, 56, 1.0976870, 74, 11.869418, 73, 517.28674, 77, 36.125000, 79, 1.2153320, 75, 49.994171, 66, 1.9944763,116,         4, 84, 3.8015747
5AC,2019/03/07 22:47:00, 50, 1093.2534, 13,       227, 49,        32, 56, 1.0976870, 74, 11.838305, 73, 517.28674, 77, 36.125000, 79, 1.2153320, 75, 49.994171, 66, 1.9772339,116,         4, 84, 3.8021851
50C,2019/03/07 22:48:00, 50, 1031.4355, 13,       227, 49,        32, 56, 1.0976870, 74, 11.807193, 73, 517.25745, 77, 36.125000, 79, 1.2153320, 75, 50.044472, 66, 1.9401550,116,         4, 84, 3.8018799
5AC,2019/03/07 22:49:00, 50, 1060.8311, 13,       227, 49,        32, 56, 1.0976870, 74, 11.869418, 73, 517.28674, 77, 36.093750, 79, 1.2153320, 75, 50.044472, 66, 2.0408630,116,         4, 84, 3.8032532
50C,2019/03/07 22:50:00, 50, 1047.6545, 13,       227, 49,        32, 56, 1.0976870, 74, 11.838305, 73, 517.22821, 77, 36.093750, 79, 1.2153320, 75, 49.994171, 66, 1.9601440,116,         4, 84, 3.8018799
57C,2019/03/07 22:51:00, 50, 1035.4812, 13,       227, 49,        32, 56, 1.0976870, 74, 11.853862, 73, 517.25745, 77, 36.093750, 79, 1.2104707, 75, 49.994171, 66, 1.9859314,116,         4, 84, 3.8038635
5EC,2019/03/07 22:52:00, 50, 1052.2288, 13,       227, 49,        32, 56, 1.0976870, 74, 11.822749, 73, 517.25745, 77, 36.125000, 79, 1.2153320, 75, 49.994171, 66, 1.9866943,116,         4, 84, 3.8020325
52C,2019/03/07 22:53:00, 50, 1064.9358, 13,       227, 49,        32, 56, 1.0976870, 74, 11.869418, 73, 517.25745, 77, 36.093750, 79, 1.2153320, 75, 49.994171, 66, 1.9572449,116,         4, 84, 3.8008118
53C,2019/03/07 22:54:00, 50, 1044.9727, 13,       228, 49,        32, 56, 1.0976870, 74, 11.853862, 73, 517.25745, 77, 36.125000, 79, 1.2153320, 75, 49.994171, 66, 1.9728088,116,         4, 84, 3.8162231
56C,2019/03/07 22:55:00, 50, 1029.4246, 13,       228, 49,        32, 56, 1.0976870, 74, 11.853862, 73, 517.25745, 77, 36.125000, 79, 1.2153320, 75, 49.994171, 66, 1.9548035,116,         4, 84, 3.8145447
56C,2019/03/07 22:56:00, 50, 1012.7531, 13,       228, 49,        32, 56, 1.0976870, 74, 11.822749, 73, 517.25745, 77, 36.156250, 79, 1.2153320, 75, 49.994171, 66, 1.9602966,116,         4, 84, 3.8148499
50C,2019/03/07 22:57:00, 50, 1047.1001, 13,       228, 49,        32, 56, 1.0976870, 74, 11.853862, 73, 517.25745, 77, 36.156250, 79, 1.2153320, 75, 49.994171, 66, 2.0658875,116,         4, 84, 3.8142395
56C,2019/03/07 22:58:00, 50, 1258.3672, 13,       228, 49,        32, 56, 1.0976870, 74, 11.853862, 73, 517.25745, 77, 36.156250, 79, 1.2153320, 75, 49.994171, 66, 2.0428467,116,         4, 84, 3.8133240
5EC,2019/03/07 22:59:00, 50, 1652.8823, 13,       228, 49,        32, 56, 1.0976870, 74, 11.838305, 73, 517.31598, 77, 36.156250, 79, 1.2153320, 75, 49.994171, 66, 2.0909119,116,         4, 84, 3.8130188
5CC,2019/03/07 23:00:00, 50, 1343.0417, 13,       228, 49,        32, 56, 1.0976870, 74, 11.838305, 73, 517.28674, 77, 36.156250, 79, 1.2104707, 75, 49.994171, 66, 2.0301819,116,         4, 84, 3.8119507
5AC,2019/03/07 23:01:00, 50, 1159.6504, 13,       228, 49,        32, 56, 1.0976870, 74, 11.853862, 73, 517.31598, 77, 36.156250, 79, 1.2153320, 75, 50.044472, 66, 2.0077515,116,         4, 84, 3.8110352
5CC,2019/03/07 23:02:00, 50, 1136.0046, 13,       228, 49,        32, 56, 1.0976870, 74, 11.853862, 73, 517.25745, 77, 36.187500, 79, 1.2153320, 75, 49.994171, 66, 1.9673157,116,         4, 84, 3.8110352
51C,2019/03/07 23:03:00, 50, 1108.8315, 13,       228, 49,        32, 56, 1.0976870, 74, 11.853862, 73, 517.28674, 77, 36.187500, 79, 1.2153320, 75, 49.994171, 66, 1.9810486,116,         4, 84, 3.8110352
51C,2019/03/07 23:04:00, 50, 1070.3943, 13,       228, 49,        32, 56, 1.0976870, 74, 11.807193, 73, 517.25745, 77, 36.218750, 79, 1.2104707, 75, 49.994171, 66, 1.9642639,116,         4, 84, 3.8111877
56C,2019/03/07 23:05:00, 50, 1074.8010, 13,       228, 49,        32, 56, 1.0976870, 74, 11.853862, 73, 517.22821, 77, 36.250000, 79, 1.2153320, 75, 50.044472, 66, 2.0159912,116,         4, 84, 3.8107300
55C,2019/03/07 23:06:00, 50, 1082.4175, 13,       228, 49,        32, 56, 1.0976870, 74, 11.853862, 73, 517.25745, 77, 36.250000, 79, 1.2201934, 75, 49.994171, 66, 1.9630432,116,         4, 84, 3.8110352
5DC,2019/03/07 23:07:00, 50, 1063.0625, 13,       228, 49,        32, 56, 1.0976870, 74, 11.838305, 73, 517.22821, 77, 36.250000, 79, 1.2104707, 75, 49.994171, 66, 1.9808960,116,         4, 84, 3.8093567
5FC,2019/03/07 23:08:00, 50, 1051.0813, 13,       228, 49,        32, 56, 1.0976870, 74, 11.822749, 73, 517.19897, 77, 36.281250, 79, 1.2104707, 75, 49.994171, 66, 1.9831848,116,         4, 84, 3.8079834
5EC,2019/03/07 23:09:00, 50, 1052.4414, 13,       228, 49,        32, 56, 1.0976870, 74, 11.853862, 73, 517.22821, 77, 36.281250, 79, 1.2104707, 75, 49.994171, 66, 1.9706726,116,         4, 84, 3.8102722
57C,2019/03/07 23:10:00, 50, 1045.2979, 13,       228, 49,        32, 56, 1.0976870, 74, 11.853862, 73, 517.22821, 77, 36.250000, 79, 1.2104707, 75, 49.994171, 66, 1.9607544,116,         4, 84, 3.8092041
5DC,2019/03/07 23:11:00, 50, 1536.1375, 13,       228, 49,        32, 56, 1.0976870, 74, 11.853862, 73, 517.19897, 77, 36.218750, 79, 1.2153320, 75, 49.994171, 66, 2.0646667,116,         4, 84, 3.8078308
57C,2019/03/07 23:12:00, 50, 1270.8374, 13,       228, 49,        32, 56, 1.0976870, 74, 11.807193, 73, 517.19897, 77, 36.218750, 79, 1.2201934, 75, 49.994171, 66, 2.0231628,116,         4, 84, 3.8067627
5AC,2019/03/07 23:13:00, 50, 1851.2676, 13,       228, 49,        32, 56, 1.0976870, 74, 11.869418, 73, 517.19897, 77, 36.250000, 79, 1.2201934, 75, 49.994171, 66, 2.1687317,116,         4, 84, 3.8050842
5FC,2019/03/07 23:14:00, 50, 1150.1057, 13,       228, 49,        32, 56, 1.0976870, 74, 11.853862, 73, 517.16974, 77, 36.218750, 79, 1.2153320, 75, 49.994171, 66, 1.9860840,116,         4, 84, 3.8037109
5AC,2019/03/07 23:15:00, 50, 1029.0886, 13,       228, 49,        32, 56, 1.0976870, 74, 11.853862, 73, 517.16974, 77, 36.218750, 79, 1.2153320, 75, 49.994171, 66, 1.9670105,116,         4, 84, 3.8032532
52C,2019/03/07 23:16:00, 50, 1019.5493, 13,       228, 49,        32, 56, 1.0976870, 74, 11.822749, 73, 517.14050, 77, 36.250000, 79, 1.2104707, 75, 50.044472, 66, 1.9644165,116,         4, 84, 3.8038635
52C,2019/03/07 23:17:00, 50, 1016.8347, 13,       228, 49,        32, 56, 1.0976870, 74, 11.853862, 73, 517.16974, 77, 36.281250, 79, 1.2153320, 75, 50.044472, 66, 1.9540405,116,         4, 84, 3.8029480
59C,2019/03/07 23:18:00, 50, 1016.6010, 13,       228, 49,        32, 56, 1.0976870, 74, 11.853862, 73, 517.16974, 77, 36.312500, 79, 1.2104707, 75, 50.044472, 66, 1.9577026,116,         4, 84, 3.8029480
55C,2019/03/07 23:19:00, 50, 1021.3563, 13,       228, 49,        32, 56, 1.0976870, 74, 11.853862, 73, 517.14050, 77, 36.312500, 79, 1.2153320, 75, 50.044472, 66, 1.9808960,116,         4, 84, 3.8034058
5AC,2019/03/07 23:20:00, 50, 1029.9170, 13,       228, 49,        32, 56, 1.0976870, 74, 11.822749, 73, 517.16974, 77, 36.312500, 79, 1.2153320, 75, 50.044472, 66, 1.9683838,116,         4, 84, 3.8043213
5DC,2019/03/07 23:21:00, 50, 1038.1941, 13,       228, 49,        32, 56, 1.0976870, 74, 11.853862, 73, 517.16974, 77, 36.343750, 79, 1.2201934, 75, 49.994171, 66, 1.9876099,116,         4, 84, 3.8055420
58C,2019/03/07 23:22:00, 50, 1049.4739, 13,       228, 49,        32, 56, 1.0976870, 74, 11.853862, 73, 517.19897, 77, 36.375000, 79, 1.2153320, 75, 49.994171, 66, 2.0031738,116,         4, 84, 3.8066101
51C,2019/03/07 23:23:00, 50, 1060.5100, 13,       228, 49,        32, 56, 1.0976870, 74, 11.853862, 73, 517.16974, 77, 36.375000, 79, 1.2153320, 75, 49.994171, 66, 1.9911194,116,         4, 84, 3.8047791
55C,2019/03/07 23:24:00, 50, 1065.1631, 13,       228, 49,        32, 56, 1.0976870, 74, 11.822749, 73, 517.16974, 77, 36.375000, 79, 1.2104707, 75, 49.994171, 66, 1.9850159,116,         4, 84, 3.8027954
57C,2019/03/07 23:25:00, 50, 1068.8708, 13,       228, 49,        32, 56, 1.0976870, 74, 11.853862, 73, 517.14050, 77, 36.406250, 79, 1.2201934, 75, 49.994171, 66, 1.9754028,116,         4, 84, 3.8037109
5DC,2019/03/07 23:26:00, 50, 1076.7883, 13,       228, 49,        32, 56, 1.0976870, 74, 11.853862, 73, 517.14050, 77, 36.375000, 79, 1.2153320, 75, 49.994171, 66, 1.9779968,116,         4, 84, 3.8031006
5FC,2019/03/07 23:27:00, 50, 1077.0110, 13,       228, 49,        32, 56, 1.0976870, 74, 11.853862, 73, 517.16974, 77, 36.375000, 79, 1.2201934, 75, 49.994171, 66, 1.9926453,116,         4, 84, 3.8032532
58C,2019/03/07 23:28:00, 50, 1076.0857, 13,       228, 49,        32, 56, 1.0976870, 74, 11.822749, 73, 517.16974, 77, 36.375000, 79, 1.2104707, 75, 49.994171, 66, 1.9754028,116,         4, 84, 3.8027954
5CC,2019/03/07 23:29:00, 50, 1086.1101, 13,       228, 49,        32, 56, 1.0976870, 74, 11.853862, 73, 517.16974, 77, 36.375000, 79, 1.2153320, 75, 49.994171, 66, 2.0133972,116,         4, 84, 3.8031006
5FC,2019/03/07 23:30:00, 50, 1134.6011, 13,       228, 49,        32, 56, 1.0976870, 74, 11.869418, 73, 517.14050, 77, 36.406250, 79, 1.2201934, 75, 49.994171, 66, 2.1366882,116,         4, 84, 3.8029480
55C,2019/03/07 23:31:00, 50, 1462.7881, 13,       228, 49,        32, 56, 1.0976870, 74, 11.838305, 73, 517.14050, 77, 36.406250, 79, 1.2201934, 75, 49.943886, 66, 2.0420837,116,         4, 84, 3.8031006
5DC,2019/03/07 23:32:00, 50, 1154.4363, 13,       228, 49,        32, 56, 1.0976870, 74, 11.822749, 73, 517.14050, 77, 36.406250, 79, 1.2153320, 75, 49.994171, 66, 1.9934082,116,         4, 84, 3.8006592
56C,2019/03/07 23:33:00, 50, 1150.3557, 13,       229, 49,        32, 56, 1.0976870, 74, 11.838305, 73, 517.11127, 77, 36.437500, 79, 1.2153320, 75, 49.994171, 66, 1.9993591,116,         4, 84, 3.8179016
51C,2019/03/07 23:34:00, 50, 1152.3628, 13,       229, 49,        32, 56, 1.0976870, 74, 11.853862, 73, 517.16974, 77, 36.437500, 79, 1.2153320, 75, 49.994171, 66, 2.0074463,116,         4, 84, 3.8148499
5EC,2019/03/07 23:35:00, 50, 1151.9329, 13,       229, 49,        32, 56, 1.0976870, 74, 11.838305, 73, 517.16974, 77, 36.468750, 79, 1.2153320, 75, 49.994171, 66, 1.9985962,116,         4, 84, 3.8131714
57C,2019/03/07 23:36:00, 50, 1151.7695, 13,       229, 49,        32, 56, 1.0976870, 74, 11.838305, 73, 517.19897, 77, 36.468750, 79, 1.2153320, 75, 49.994171, 66, 1.9932556,116,         4, 84, 3.8130188
5AC,2019/03/07 23:37:00, 50, 1154.7373, 13,       229, 49,        32, 56, 1.0976870, 74, 11.838305, 73, 517.14050, 77, 36.468750, 79, 1.2153320, 75, 49.994171, 66, 2.0019531,116,         4, 84, 3.8116455
52C,2019/03/07 23:38:00, 50, 1151.6106, 13,       229, 49,        32, 56, 1.0976870, 74, 11.853862, 73, 517.14050, 77, 36.468750, 79, 1.2153320, 75, 49.994171, 66, 1.9999695,116,         4, 84, 3.8127136
5CC,2019/03/07 23:39:00, 50, 1147.2236, 13,       229, 49,        32, 56, 1.0976870, 74, 11.853862, 73, 517.14050, 77, 36.468750, 79, 1.2201934, 75, 49.994171, 66, 1.9879150,116,         4, 84, 3.8114929
55C,2019/03/07 23:40:00, 50, 1138.3230, 13,       229, 49,        32, 56, 1.0976870, 74, 11.822749, 73, 517.11127, 77, 36.468750, 79, 1.2104707, 75, 50.044472, 66, 1.9854736,116,         4, 84, 3.8099670
50C,2019/03/07 23:41:00, 50, 1130.6733, 13,       229, 49,        32, 56, 1.0976870, 74, 11.853862, 73, 517.14050, 77, 36.437500, 79, 1.2153320, 75, 50.044472, 66, 1.9851685,116,         4, 84, 3.8088989
57C,2019/03/07 23:42:00, 50, 1127.3242, 13,       229, 49,        32, 56, 1.0976870, 74, 11.853862, 73, 517.11127, 77, 36.468750, 79, 1.2153320, 75, 50.044472, 66, 2.0098877,116,         4, 84, 3.8098145
56C,2019/03/07 23:43:00, 50, 1123.2314, 13,       229, 49,        32, 56, 1.0976870, 74, 11.869418, 73, 517.11127, 77, 36.468750, 79, 1.2104707, 75, 49.994171, 66, 1.9828796,116,         4, 84, 3.8087463
52C,2019/03/07 23:44:00, 50, 1117.0669, 13,       229, 49,        32, 56, 1.0976870, 74, 11.807193, 73, 517.11127, 77, 36.437500, 79, 1.2104707, 75, 49.994171, 66, 1.9834900,116,         4, 84, 3.8088989
5AC,2019/03/07 23:45:00, 50, 1115.5776, 13,       229, 49,        32, 56, 1.0976870, 74, 11.838305, 73, 517.11127, 77, 36.468750, 79, 1.2153320, 75, 49.994171, 66, 1.9934082,116,         4, 84, 3.8078308
5FC,2019/03/07 23:46:00, 50, 1117.0916, 13,       229, 49,        32, 56, 1.0976870, 74, 11.853862, 73, 517.14050, 77, 36.468750, 79, 1.2153320, 75, 49.994171, 66, 1.9946289,116,         4, 84, 3.8067627
5FC,2019/03/07 23:47:00, 50, 1116.5659, 13,       229, 49,        32, 56, 1.0976870, 74, 11.853862, 73, 517.14050, 77, 36.468750, 79, 1.2104707, 75, 49.994171, 66, 1.9888306,116,         4, 84, 3.8064575
51C,2019/03/07 23:48:00, 50, 1116.2251, 13,       229, 49,        32, 56, 1.0976870, 74, 11.822749, 73, 517.16974, 77, 36.500000, 79, 1.2153320, 75, 50.044472, 66, 1.9891357,116,         4, 84, 3.8052368
55C,2019/03/07 23:49:00, 50, 1115.0356, 13,       229, 49,        32, 56, 1.0976870, 74, 11.853862, 73, 517.14050, 77, 36.500000, 79, 1.2104707, 75, 50.044472, 66, 1.9996643,116,         4, 84, 3.8066101
56C,2019/03/07 23:50:00, 50, 1118.8108, 13,       229, 49,        32, 56, 1.0976870, 74, 11.853862, 73, 517.16974, 77, 36.531250, 79, 1.2153320, 75, 50.044472, 66, 2.0098877,116,         4, 84, 3.8056946
55C,2019/03/07 23:51:00, 50, 1118.8108, 13,       229, 49,        32, 56, 1.0976870, 74, 11.838305, 73, 517.16974, 77, 36.531250, 79, 1.2153320, 75, 49.994171, 66, 1.9329834,116,         4, 84, 3.8046265
50C,2019/03/07 23:52:00, 50, 1118.8108, 13,       229, 49,        32, 56, 1.0976870, 74, 11.838305, 73, 517.19897, 77, 36.562500, 79, 1.2153320, 75, 50.044472, 66, 1.9386292,116,         4, 84, 3.8050842
5FC,2019/03/07 23:53:00, 50, 1118.8108, 13,       229, 49,        32, 56, 1.0976870, 74, 11.838305, 73, 517.19897, 77, 36.562500, 79, 1.2104707, 75, 50.044472, 66, 1.9499207,116,         4, 84, 3.8046265
53C,2019/03/07 23:54:00, 50, 1118.8108, 13,       229, 49,        32, 56, 1.0976870, 74, 11.853862, 73, 517.16974, 77, 36.562500, 79, 1.2153320, 75, 49.994171, 66, 1.9413757,116,         4, 84, 3.8043213
51C,2019/03/07 23:55:00, 50, 1118.8108, 13,       229, 49,        32, 56, 1.0976870, 74, 11.853862, 73, 517.19897, 77, 36.593750, 79, 1.2201934, 75, 49.994171, 66, 2.2171021,116,         4, 84, 3.8052368
58C,2019/03/07 23:56:00, 50, 1118.8108, 13,       229, 49,        32, 56, 1.0976870, 74, 11.822749, 73, 517.19897, 77, 36.593750, 79, 1.2201934, 75, 49.994171, 66, 2.1237183,116,         4, 84, 3.8038635
57C,2019/03/07 23:57:00, 50, 1118.8108, 13,       229, 49,        32, 56, 1.0976870, 74, 11.869418, 73, 517.19897, 77, 36.625000, 79, 1.2104707, 75, 49.994171, 66, 2.1540833,116,         4, 84, 3.8058472
58C,2019/03/07 23:58:00, 50, 562.72046, 13,       229, 49,        32, 56, 1.0976870, 74, 11.853862, 73, 517.14050, 77, 36.625000, 79, 1.2153320, 75, 49.994171, 66, 2.0503235,116,         4, 84, 3.8044739
53C,2019/03/07 23:59:00, 50, 1523.0061, 13,       229, 49,        32, 56, 1.0976870, 74, 11.853862, 73, 517.14050, 77, 36.625000, 79, 1.2201934, 75, 49.994171, 66, 2.2764587,116,         4, 84, 3.8043213
