4DC,2019/03/27 19:01:00, 50, 0.0000000, 13,       198, 49,         1, 56, 1.0976870, 74, 11.822749, 73, 511.87695, 77, 15.000000, 79, 1.2396387, 75, 17.559105, 66,-0.3941345,116,         4, 84, 3.1007385
53C,2019/03/27 19:02:00, 50, 0.0000000, 13,        51, 49,         1, 56, 1.0976870, 74, 11.822749, 73, 512.22784, 77, 15.562500, 79, 1.2444999, 75, 18.633331, 66,-0.3924561,116,         4, 84, 4.8988342
50C,2019/03/27 19:03:00, 50, 0.0000000, 13,        35, 49,         1, 56, 1.0976870, 74, 11.807193, 73, 511.43829, 77, 15.968750, 79, 1.2444999, 75, 19.492187, 66, 2.1197510,116,         4, 84, 4.0556335
59C,2019/03/27 19:04:00, 50, 0.0000000, 13,        35, 49,         8, 56, 1.0976870, 74, 11.807193, 73, 511.55530, 77, 16.406250, 79, 1.2347773, 75, 20.468117, 66,-0.1802063,116,         4, 84, 3.9683533
5EC,2019/03/27 19:05:00, 50, 0.0000000, 13,        35, 49,         2, 56, 1.0976870, 74, 11.807193, 73, 511.61377, 77, 16.781250, 79, 1.2444999, 75, 21.428452, 66,-0.2119446,116,         4, 84, 3.8825989
59C,2019/03/27 19:06:00, 50, 0.0000000, 13,        36, 49,         1, 56, 1.0976870, 74, 11.807193, 73, 512.63721, 77, 17.156250, 79, 1.2444999, 75, 22.311134, 66,-0.3744507,116,         4, 84, 3.8088989
5BC,2019/03/27 19:07:00, 50, 0.0000000, 13,        39, 49,         1, 56, 1.0976870, 74, 11.807193, 73, 513.36829, 77, 17.500000, 79, 1.2396387, 75, 23.365921, 66,-0.3877258,116,         4, 84, 3.8061523
5EC,2019/03/27 19:08:00, 50, 0.0000000, 13,        43, 49,         1, 56, 1.0976870, 74, 11.807193, 73, 513.57300, 77, 17.906250, 79, 1.2347773, 75, 24.281693, 66,-0.3869629,116,         4, 84, 3.8252258
50C,2019/03/27 19:09:00, 50, 0.0000000, 13,        46, 49,         1, 56, 1.0976870, 74, 11.807193, 73, 513.66071, 77, 18.218750, 79, 1.2444999, 75, 25.124252, 66,-0.3863525,116,         4, 84, 3.8450623
52C,2019/03/27 19:10:00, 50, 0.0000000, 13,        51, 49,         1, 56, 1.0976870, 74, 11.807193, 73, 513.83618, 77, 18.500000, 79, 1.2347773, 75, 26.132240, 66,-0.3862000,116,         4, 84, 3.8531494
5DC,2019/03/27 19:11:00, 50, 0.0000000, 13,        55, 49,         1, 56, 1.0976870, 74, 11.807193, 73, 513.95312, 77, 18.781250, 79, 1.2347773, 75, 26.950409, 66,-0.3857422,116,         4, 84, 3.7994385
5EC,2019/03/27 19:12:00, 50, 0.0000000, 13,        58, 49,         1, 56, 1.0976870, 74, 11.807193, 73, 514.04083, 77, 19.093750, 79, 1.2396387, 75, 27.815567, 66,-0.3852844,116,         4, 84, 3.8018799
55C,2019/03/27 19:13:00, 50, 0.0000000, 13,        62, 49,         1, 56, 1.0976870, 74, 11.807193, 73, 514.15784, 77, 19.406250, 79, 1.2347773, 75, 28.725945, 66,-0.3846741,116,         4, 84, 3.8221741
55C,2019/03/27 19:14:00, 50, 0.0000000, 13,        70, 49,         1, 56, 1.0976870, 74, 11.807193, 73, 514.21631, 77, 19.656250, 79, 1.2347773, 75, 29.512474, 66,-0.3848267,116,         4, 84, 3.8244629
5CC,2019/03/27 19:15:00, 50, 0.0000000, 13,        74, 49,         1, 56, 1.0976870, 74, 11.807193, 73, 514.30402, 77, 19.906250, 79, 1.2347773, 75, 30.400452, 66,-0.3840637,116,         4, 84, 3.8218689
5FC,2019/03/27 19:16:00, 50, 0.0000000, 13,        78, 49,         1, 56, 1.0976870, 74, 11.807193, 73, 514.39172, 77, 20.187500, 79, 1.2396387, 75, 31.113792, 66,-0.3833008,116,         4, 84, 3.8160706
5FC,2019/03/27 19:17:00, 50, 0.0000000, 13,        86, 49,         1, 56, 1.0976870, 74, 11.807193, 73, 514.50873, 77, 20.437500, 79, 1.2299160, 75, 31.928291, 66,-0.3833008,116,         4, 84, 3.8256836
5EC,2019/03/27 19:18:00, 50, 0.0000000, 13,        90, 49,         1, 56, 1.0976870, 74, 11.807193, 73, 514.59644, 77, 20.718750, 79, 1.2250546, 75, 32.734100, 66,-0.3836060,116,         4, 84, 3.8191223
52C,2019/03/27 19:19:00, 50, 0.0000000, 13,        94, 49,         1, 56, 1.0976870, 74, 11.791636, 73, 514.71344, 77, 20.968750, 79, 1.2347773, 75, 33.425850, 66,-0.3829956,116,         4, 84, 3.8150024
4DC,2019/03/27 19:20:00, 50, 0.0000000, 13,       101, 49,         1, 56, 1.0976870, 74, 11.791636, 73, 514.77191, 77, 21.250000, 79, 1.2299160, 75, 34.164360, 66,-0.3823853,116,         4, 84, 3.8241577
46C,2019/03/27 19:21:00, 50, 0.0000000, 13,       105, 49,         1, 56, 1.0976870, 74, 11.807193, 73, 514.80115, 77, 21.500000, 79, 1.2250546, 75, 34.896599, 66,-0.3820801,116,         4, 84, 3.8232422
44C,2019/03/27 19:22:00, 50, 0.0000000, 13,       108, 49,         1, 56, 1.0976870, 74, 11.807193, 73, 514.85962, 77, 21.750000, 79, 1.2250546, 75, 35.571297, 66,-0.3819275,116,         4, 84, 3.8087463
4FC,2019/03/27 19:23:00, 50, 0.0000000, 13,       111, 49,         1, 56, 1.0976870, 74, 11.822749, 73, 515.00586, 77, 22.000000, 79, 1.2299160, 75, 35.829529, 66,-0.3817749,116,         4, 84, 3.8067627
4BC,2019/03/27 19:24:00, 50, 0.0000000, 13,       116, 49,         1, 56, 1.0976870, 74, 11.807193, 73, 515.06433, 77, 22.281250, 79, 1.2347773, 75, 36.804848, 66,-0.3813171,116,         4, 84, 3.8143921
4BC,2019/03/27 19:25:00, 50, 0.0000000, 13,       119, 49,         1, 56, 1.0976870, 74, 11.807193, 73, 515.21051, 77, 22.531250, 79, 1.2201934, 75, 37.517906, 66,-0.3808594,116,         4, 84, 3.8107300
46C,2019/03/27 19:26:00, 50, 0.0000000, 13,       122, 49,         1, 56, 1.0976870, 74, 11.822749, 73, 515.23975, 77, 22.781250, 79, 1.2299160, 75, 38.125702, 66,-0.3808594,116,         4, 84, 3.8209534
47C,2019/03/27 19:27:00, 50, 0.0000000, 13,       125, 49,         1, 56, 1.0976870, 74, 11.822749, 73, 515.29828, 77, 23.031250, 79, 1.2250546, 75, 38.780922, 66,-0.3807068,116,         4, 84, 3.8197327
46C,2019/03/27 19:28:00, 50, 0.0000000, 13,       129, 49,         1, 56, 1.0976870, 74, 11.807193, 73, 515.38599, 77, 23.281250, 79, 1.2299160, 75, 39.383064, 66,-0.3804016,116,         4, 84, 3.8163757
4FC,2019/03/27 19:29:00, 50, 0.0000000, 13,       132, 49,         1, 56, 1.0976870, 74, 11.822749, 73, 515.47369, 77, 23.562500, 79, 1.2299160, 75, 39.982933, 66,-0.3800964,116,         4, 84, 3.8110352
40C,2019/03/27 19:30:00, 50, 0.0000000, 13,       135, 49,         1, 56, 1.0976870, 74, 11.822749, 73, 515.56146, 77, 23.781250, 79, 1.2299160, 75, 40.531021, 66,-0.3797913,116,         4, 84, 3.8043213
4DC,2019/03/27 19:31:00, 50, 0.0000000, 13,       139, 49,         1, 56, 1.0976870, 74, 11.822749, 73, 515.61993, 77, 23.937500, 79, 1.2250546, 75, 41.127258, 66,-0.3794861,116,         4, 84, 3.8101196
4AC,2019/03/27 19:32:00, 50, 0.0000000, 13,       142, 49,         1, 56, 1.0976870, 74, 11.822749, 73, 515.64917, 77, 24.125000, 79, 1.2250546, 75, 41.722008, 66,-0.3793335,116,         4, 84, 3.8172913
4AC,2019/03/27 19:33:00, 50, 0.0000000, 13,       146, 49,         1, 56, 1.0976870, 74, 11.822749, 73, 515.73688, 77, 24.343750, 79, 1.2201934, 75, 42.266106, 66,-0.3790283,116,         4, 84, 3.8101196
49C,2019/03/27 19:34:00, 50, 0.0000000, 13,       149, 49,         1, 56, 1.0976870, 74, 11.822749, 73, 515.82458, 77, 24.562500, 79, 1.2153320, 75, 42.760033, 66,-0.3788757,116,         4, 84, 3.8177490
4EC,2019/03/27 19:35:00, 50, 0.0000000, 13,       152, 49,         1, 56, 1.0976870, 74, 11.822749, 73, 515.88312, 77, 24.750000, 79, 1.2153320, 75, 43.352081, 66,-0.3785706,116,         4, 84, 3.8134766
43C,2019/03/27 19:36:00, 50, 0.0000000, 13,       155, 49,         1, 56, 1.0976870, 74, 11.822749, 73, 515.97083, 77, 24.906250, 79, 1.2347773, 75, 43.795792, 66,-0.3784180,116,         4, 84, 3.8099670
4CC,2019/03/27 19:37:00, 50, 0.0000000, 13,       158, 49,         1, 56, 1.0976870, 74, 11.807193, 73, 516.02930, 77, 25.125000, 79, 1.2201934, 75, 44.288643, 66,-0.3781128,116,         4, 84, 3.8009644
4EC,2019/03/27 19:38:00, 50, 0.0000000, 13,       162, 49,         1, 56, 1.0976870, 74, 11.807193, 73, 516.05853, 77, 25.281250, 79, 1.2250546, 75, 44.830742, 66,-0.3779602,116,         4, 84, 3.8146973
41C,2019/03/27 19:39:00, 50, 0.0000000, 13,       165, 49,         1, 56, 1.0976870, 74, 11.822749, 73, 516.08777, 77, 25.468750, 79, 1.2299160, 75, 45.323708, 66,-0.3778076,116,         4, 84, 3.8095093
42C,2019/03/27 19:40:00, 50, 0.0000000, 13,       168, 49,         1, 56, 1.0976870, 74, 11.838305, 73, 516.11700, 77, 25.593750, 79, 1.2250546, 75, 45.668961, 66,-0.3775024,116,         4, 84, 3.8088989
4AC,2019/03/27 19:41:00, 50, 0.0000000, 13,       170, 49,         1, 56, 1.0976870, 74, 11.853862, 73, 516.17554, 77, 25.781250, 79, 1.2299160, 75, 45.866333, 66,-0.3773499,116,         4, 84, 3.8003540
45C,2019/03/27 19:42:00, 50, 0.0000000, 13,       173, 49,         1, 56, 1.0976870, 74, 11.807193, 73, 516.20477, 77, 25.906250, 79, 1.2299160, 75, 45.965050, 66,-0.3771973,116,         4, 84, 3.8169861
4BC,2019/03/27 19:43:00, 50, 0.0000000, 13,       174, 49,         1, 56, 1.0976870, 74, 11.822749, 73, 516.26324, 77, 26.093750, 79, 1.2153320, 75, 46.162544, 66,-0.3770447,116,         4, 84, 3.8021851
44C,2019/03/27 19:44:00, 50, 0.0000000, 13,       177, 49,         1, 56, 1.0976870, 74, 11.822749, 73, 516.32172, 77, 26.250000, 79, 1.2201934, 75, 46.310722, 66,-0.3768921,116,         4, 84, 3.8162231
44C,2019/03/27 19:45:00, 50, 0.0000000, 13,       179, 49,         1, 56, 1.0976870, 74, 11.838305, 73, 516.35095, 77, 26.375000, 79, 1.2299160, 75, 47.102066, 66,-0.3767395,116,         4, 84, 3.8079834
4DC,2019/03/27 19:46:00, 50, 0.0000000, 13,       182, 49,         1, 56, 1.0976870, 74, 11.822749, 73, 516.38019, 77, 26.500000, 79, 1.2250546, 75, 47.349792, 66,-0.3765869,116,         4, 84, 3.8119507
4BC,2019/03/27 19:47:00, 50, 0.0000000, 13,       184, 49,         1, 56, 1.0976870, 74, 11.869418, 73, 516.46796, 77, 26.656250, 79, 1.2201934, 75, 47.498535, 66,-0.3764343,116,         4, 84, 3.8002014
4AC,2019/03/27 19:48:00, 50, 104.72083, 13,       187, 49,         1, 56, 1.0976870, 74, 11.838305, 73, 515.32751, 77, 26.781250, 79, 1.2347773, 75, 48.094467, 66, 1.5582275,116,         4, 84, 3.8032532
4EC,2019/03/27 19:49:00, 50, 104.72083, 13,       190, 49,         8, 56, 1.0976870, 74, 11.822749, 73, 515.26904, 77, 26.843750, 79, 1.2201934, 75, 48.542519, 66,-0.1473999,116,         4, 84, 3.8131714
52C,2019/03/27 19:50:00, 50, 104.72083, 13,       193, 49,        64, 56, 1.0976870, 74, 11.807193, 73, 515.29828, 77, 26.968750, 79, 1.2250546, 75, 49.041626, 66, 1.5805054,116,         4, 84, 3.8052368
5AC,2019/03/27 19:51:00, 50, 104.72083, 13,       196, 49,        64, 56, 1.0976870, 74, 11.838305, 73, 515.29828, 77, 27.062500, 79, 1.2250546, 75, 49.341797, 66, 1.6354370,116,         4, 84, 3.8046265
55C,2019/03/27 19:52:00, 50, 104.72083, 13,       199, 49,        64, 56, 1.0976870, 74, 11.838305, 73, 515.29828, 77, 27.187500, 79, 1.2250546, 75, 49.642540, 66, 1.7147827,116,         4, 84, 3.8076782
56C,2019/03/27 19:53:00, 50, 104.72083, 13,       202, 49,        64, 56, 1.0976870, 74, 11.838305, 73, 515.38599, 77, 27.281250, 79, 1.2347773, 75, 50.044472, 66, 1.8026733,116,         4, 84, 3.8133240
55C,2019/03/27 19:54:00, 50, 104.72083, 13,       204, 49,        64, 56, 1.0976870, 74, 11.838305, 73, 515.47369, 77, 27.406250, 79, 1.2250546, 75, 50.044472, 66, 2.6315308,116,         4, 84, 3.8041687
51C,2019/03/27 19:55:00, 50, 104.72083, 13,       206, 49,        64, 56, 1.0976870, 74, 11.869418, 73, 515.50293, 77, 27.562500, 79, 1.2250546, 75, 50.346680, 66, 2.6350403,116,         4, 84, 3.8031006
52C,2019/03/27 19:56:00, 50, 104.72083, 13,       208, 49,        64, 56, 1.0976870, 74, 11.838305, 73, 515.53217, 77, 27.593750, 79, 1.2299160, 75, 50.447563, 66, 2.6730347,116,         4, 84, 3.8050842
52C,2019/03/27 19:57:00, 50, 1979.6160, 13,       210, 49,        64, 56, 1.0976870, 74, 11.838305, 73, 515.56146, 77, 27.718750, 79, 1.2299160, 75, 50.447563, 66, 2.7061462,116,         4, 84, 3.8146973
5AC,2019/03/27 19:58:00, 50, 2015.2319, 13,       211, 49,        64, 56, 1.0976870, 74, 11.838305, 73, 515.61993, 77, 27.781250, 79, 1.2299160, 75, 50.548523, 66, 2.7708435,116,         4, 84, 3.8098145
50C,2019/03/27 19:59:00, 50, 2065.4639, 13,       212, 49,        64, 56, 1.0976870, 74, 11.869418, 73, 515.67841, 77, 27.906250, 79, 1.2250546, 75, 50.599037, 66, 2.8163147,116,         4, 84, 3.8078308
59C,2019/03/27 20:00:00, 50, 2112.5327, 13,       213, 49,        64, 56, 1.0976870, 74, 11.838305, 73, 515.73688, 77, 27.968750, 79, 1.2250546, 75, 50.599037, 66, 2.8388977,116,         4, 84, 3.8127136
58C,2019/03/27 20:01:00, 50, 2152.9604, 13,       213, 49,        64, 56, 1.0976870, 74, 11.822749, 73, 515.73688, 77, 28.000000, 79, 1.2396387, 75, 50.599037, 66, 2.9231262,116,         4, 84, 3.8047791
5FC,2019/03/27 20:02:00, 50, 2296.3774, 13,       214, 49,        32, 56, 1.0976870, 74, 11.822749, 73, 515.70764, 77, 28.062500, 79, 1.2299160, 75, 50.548523, 66, 1.6119385,116,         4, 84, 3.8146973
55C,2019/03/27 20:03:00, 50, 2774.0527, 13,       214, 49,        32, 56, 1.0976870, 74, 11.869418, 73, 515.67841, 77, 28.125000, 79, 1.2299160, 75, 50.447563, 66, 1.5388489,116,         4, 84, 3.8121033
5BC,2019/03/27 20:04:00, 50, 2850.5552, 13,       214, 49,        32, 56, 1.0976870, 74, 11.853862, 73, 515.73688, 77, 28.156250, 79, 1.2299160, 75, 50.447563, 66, 1.7375183,116,         4, 84, 3.8139343
57C,2019/03/27 20:05:00, 50, 3904.4399, 13,       214, 49,        32, 56, 1.0976870, 74, 11.822749, 73, 515.73688, 77, 28.187500, 79, 1.2250546, 75, 50.397110, 66, 1.8592834,116,         4, 84, 3.8133240
5BC,2019/03/27 20:06:00, 50, 3590.3706, 13,       214, 49,        32, 56, 1.0976870, 74, 11.822749, 73, 515.79535, 77, 28.250000, 79, 1.2250546, 75, 50.346680, 66, 1.6616821,116,         4, 84, 3.8142395
5BC,2019/03/27 20:07:00, 50, 3306.4961, 13,       214, 49,        32, 56, 1.0976870, 74, 11.869418, 73, 515.82458, 77, 28.281250, 79, 1.2250546, 75, 50.296265, 66, 1.6526794,116,         4, 84, 3.8145447
56C,2019/03/27 20:08:00, 50, 3205.0176, 13,       214, 49,        32, 56, 1.0976870, 74, 11.869418, 73, 515.85388, 77, 28.375000, 79, 1.2250546, 75, 50.245865, 66, 1.6557312,116,         4, 84, 3.8107300
5FC,2019/03/27 20:09:00, 50, 3187.0693, 13,       214, 49,        32, 56, 1.0976870, 74, 11.822749, 73, 515.88312, 77, 28.375000, 79, 1.2201934, 75, 50.195496, 66, 1.6456604,116,         4, 84, 3.8172913
51C,2019/03/27 20:10:01, 50, 3163.3101, 13,       214, 49,        32, 56, 1.0976870, 74, 11.838305, 73, 515.88312, 77, 28.437500, 79, 1.2201934, 75, 50.145134, 66, 1.6511536,116,         4, 84, 3.8200378
57C,2019/03/27 20:11:00, 50, 3145.4463, 13,       214, 49,        32, 56, 1.0976870, 74, 11.869418, 73, 515.94159, 77, 28.531250, 79, 1.2201934, 75, 50.145134, 66, 1.6369629,116,         4, 84, 3.8211060
55C,2019/03/27 20:12:00, 50, 3130.5332, 13,       214, 49,        32, 56, 1.0976870, 74, 11.869418, 73, 515.97083, 77, 28.531250, 79, 1.2201934, 75, 50.094795, 66, 1.6404724,116,         4, 84, 3.8267517
5BC,2019/03/27 20:13:00, 50, 3125.8540, 13,       214, 49,        32, 56, 1.0976870, 74, 11.853862, 73, 516.00006, 77, 28.562500, 79, 1.2250546, 75, 50.044472, 66, 1.6493225,116,         4, 84, 3.8313293
5CC,2019/03/27 20:14:00, 50, 3121.4819, 13,       214, 49,        32, 56, 1.0976870, 74, 11.838305, 73, 516.08777, 77, 28.593750, 79, 1.2250546, 75, 50.044472, 66, 1.6517639,116,         4, 84, 3.8273621
5EC,2019/03/27 20:15:00, 50, 3121.7881, 13,       214, 49,        32, 56, 1.0976870, 74, 11.853862, 73, 516.11700, 77, 28.625000, 79, 1.2201934, 75, 49.994171, 66, 1.6578674,116,         4, 84, 3.8310242
5FC,2019/03/27 20:16:00, 50, 3119.6074, 13,       214, 49,        32, 56, 1.0976870, 74, 11.869418, 73, 516.11700, 77, 28.687500, 79, 1.2250546, 75, 49.994171, 66, 1.6470337,116,         4, 84, 3.8270569
58C,2019/03/27 20:17:00, 50, 3117.2896, 13,       214, 49,        32, 56, 1.0976870, 74, 11.853862, 73, 516.11700, 77, 28.718750, 79, 1.2250546, 75, 49.994171, 66, 1.6653442,116,         4, 84, 3.8212585
56C,2019/03/27 20:18:00, 50, 3125.2627, 13,       214, 49,        32, 56, 1.0976870, 74, 11.838305, 73, 516.17554, 77, 28.750000, 79, 1.2250546, 75, 50.044472, 66, 1.6996765,116,         4, 84, 3.8186646
5CC,2019/03/27 20:19:00, 50, 3130.1284, 13,       214, 49,        32, 56, 1.0976870, 74, 11.884974, 73, 516.17554, 77, 28.812500, 79, 1.2250546, 75, 49.994171, 66, 1.6503906,116,         4, 84, 3.8218689
52C,2019/03/27 20:20:00, 50, 3126.5366, 13,       214, 49,        32, 56, 1.0976870, 74, 11.869418, 73, 516.20477, 77, 28.812500, 79, 1.2250546, 75, 49.994171, 66, 1.6484070,116,         4, 84, 3.8217163
5AC,2019/03/27 20:21:00, 50, 3123.8765, 13,       214, 49,        32, 56, 1.0976870, 74, 11.838305, 73, 516.20477, 77, 28.843750, 79, 1.2250546, 75, 49.994171, 66, 1.6377258,116,         4, 84, 3.8209534
55C,2019/03/27 20:22:00, 50, 3118.1074, 13,       214, 49,        32, 56, 1.0976870, 74, 11.838305, 73, 516.23401, 77, 28.875000, 79, 1.2250546, 75, 49.994171, 66, 1.6242981,116,         4, 84, 3.8146973
53C,2019/03/27 20:23:00, 50, 3112.4819, 13,       214, 49,        32, 56, 1.0976870, 74, 11.869418, 73, 516.26324, 77, 28.937500, 79, 1.2250546, 75, 49.994171, 66, 1.6348267,116,         4, 84, 3.8182068
5BC,2019/03/27 20:24:00, 50, 3109.6694, 13,       214, 49,        32, 56, 1.0976870, 74, 11.853862, 73, 516.26324, 77, 28.937500, 79, 1.2250546, 75, 49.994171, 66, 1.6230774,116,         4, 84, 3.8175964
52C,2019/03/27 20:25:00, 50, 3105.4512, 13,       214, 49,        32, 56, 1.0976870, 74, 11.853862, 73, 516.26324, 77, 29.000000, 79, 1.2250546, 75, 49.994171, 66, 1.6273499,116,         4, 84, 3.8136292
57C,2019/03/27 20:26:00, 50, 3105.6035, 13,       214, 49,        32, 56, 1.0976870, 74, 11.838305, 73, 516.26324, 77, 29.031250, 79, 1.2250546, 75, 49.994171, 66, 1.6577148,116,         4, 84, 3.8099670
5AC,2019/03/27 20:27:00, 50, 3110.4805, 13,       214, 49,        32, 56, 1.0976870, 74, 11.869418, 73, 516.29248, 77, 29.000000, 79, 1.2250546, 75, 49.994171, 66, 1.7164612,116,         4, 84, 3.8099670
57C,2019/03/27 20:28:00, 50, 3123.7588, 13,       214, 49,        32, 56, 1.0976870, 74, 11.869418, 73, 516.35095, 77, 29.062500, 79, 1.2250546, 75, 49.994171, 66, 1.6641235,116,         4, 84, 3.8095093
57C,2019/03/27 20:29:00, 50, 3142.5781, 13,       214, 49,        32, 56, 1.0976870, 74, 11.853862, 73, 516.32172, 77, 29.062500, 79, 1.2250546, 75, 49.994171, 66, 1.8122864,116,         4, 84, 3.8082886
5AC,2019/03/27 20:30:00, 50, 3284.7295, 13,       214, 49,        32, 56, 1.0976870, 74, 11.838305, 73, 516.40948, 77, 29.125000, 79, 1.2250546, 75, 49.994171, 66, 1.9630432,116,         4, 84, 3.8037109
50C,2019/03/27 20:31:00, 50, 4112.7998, 13,       215, 49,        32, 56, 1.0976870, 74, 11.869418, 73, 516.40948, 77, 29.156250, 79, 1.2250546, 75, 49.994171, 66, 1.8655396,116,         4, 84, 3.8143921
50C,2019/03/27 20:32:00, 50, 3984.0088, 13,       215, 49,        32, 56, 1.0976870, 74, 11.853862, 73, 516.40948, 77, 29.156250, 79, 1.2250546, 75, 50.044472, 66, 1.8113708,116,         4, 84, 3.8113403
57C,2019/03/27 20:33:00, 50, 3578.0596, 13,       215, 49,        32, 56, 1.0976870, 74, 11.838305, 73, 516.38019, 77, 29.218750, 79, 1.2250546, 75, 49.994171, 66, 1.6575623,116,         4, 84, 3.8114929
5DC,2019/03/27 20:34:00, 50, 3123.0962, 13,       215, 49,        32, 56, 1.0976870, 74, 11.822749, 73, 516.40948, 77, 29.250000, 79, 1.2250546, 75, 49.943886, 66, 1.6244507,116,         4, 84, 3.8095093
58C,2019/03/27 20:35:00, 50, 3095.5381, 13,       215, 49,        32, 56, 1.0976870, 74, 11.869418, 73, 516.46796, 77, 29.281250, 79, 1.2250546, 75, 50.044472, 66, 1.6647339,116,         4, 84, 3.8012695
56C,2019/03/27 20:36:00, 50, 3317.8638, 13,       216, 49,        32, 56, 1.0976870, 74, 11.869418, 73, 516.43872, 77, 29.281250, 79, 1.2201934, 75, 50.044472, 66, 1.8443298,116,         4, 84, 3.8171387
5DC,2019/03/27 20:37:00, 50, 3384.2861, 13,       216, 49,        32, 56, 1.0976870, 74, 11.853862, 73, 516.40948, 77, 29.312500, 79, 1.2299160, 75, 49.994171, 66, 1.6667175,116,         4, 84, 3.8096619
59C,2019/03/27 20:38:00, 50, 3330.8354, 13,       216, 49,        32, 56, 1.0976870, 74, 11.838305, 73, 516.38019, 77, 29.343750, 79, 1.2201934, 75, 49.994171, 66, 1.7095947,116,         4, 84, 3.8070679
56C,2019/03/27 20:39:00, 50, 3359.3652, 13,       216, 49,        32, 56, 1.0976870, 74, 11.869418, 73, 516.40948, 77, 29.406250, 79, 1.2250546, 75, 50.044472, 66, 1.6935730,116,         4, 84, 3.8075256
5BC,2019/03/27 20:40:00, 50, 3338.7217, 13,       216, 49,        32, 56, 1.0976870, 74, 11.853862, 73, 516.40948, 77, 29.375000, 79, 1.2201934, 75, 50.044472, 66, 1.6760254,116,         4, 84, 3.8093567
5DC,2019/03/27 20:41:00, 50, 3302.4229, 13,       216, 49,        32, 56, 1.0976870, 74, 11.822749, 73, 516.43872, 77, 29.468750, 79, 1.2250546, 75, 49.994171, 66, 1.6415405,116,         4, 84, 3.8090515
59C,2019/03/27 20:42:00, 50, 3265.2939, 13,       216, 49,        32, 56, 1.0976870, 74, 11.822749, 73, 516.46796, 77, 29.500000, 79, 1.2153320, 75, 49.994171, 66, 1.6220093,116,         4, 84, 3.8075256
59C,2019/03/27 20:43:00, 50, 3228.7559, 13,       216, 49,        32, 56, 1.0976870, 74, 11.884974, 73, 516.46796, 77, 29.500000, 79, 1.2201934, 75, 49.994171, 66, 1.6014099,116,         4, 84, 3.8058472
58C,2019/03/27 20:44:00, 50, 3176.0859, 13,       217, 49,        32, 56, 1.0976870, 74, 11.869418, 73, 516.46796, 77, 29.562500, 79, 1.2201934, 75, 49.994171, 66, 1.5881348,116,         4, 84, 3.8159180
5CC,2019/03/27 20:45:00, 50, 3093.8135, 13,       217, 49,        32, 56, 1.0976870, 74, 11.838305, 73, 516.43872, 77, 29.562500, 79, 1.2250546, 75, 50.044472, 66, 1.5895081,116,         4, 84, 3.8137817
51C,2019/03/27 20:46:00, 50, 3049.5903, 13,       217, 49,        32, 56, 1.0976870, 74, 11.822749, 73, 516.49719, 77, 29.593750, 79, 1.2201934, 75, 50.044472, 66, 1.6227722,116,         4, 84, 3.8133240
54C,2019/03/27 20:47:00, 50, 3028.4492, 13,       217, 49,        32, 56, 1.0976870, 74, 11.869418, 73, 516.49719, 77, 29.687500, 79, 1.2250546, 75, 50.044472, 66, 1.6128540,116,         4, 84, 3.8087463
5FC,2019/03/27 20:48:00, 50, 3011.9766, 13,       217, 49,        32, 56, 1.0976870, 74, 11.853862, 73, 516.46796, 77, 29.656250, 79, 1.2201934, 75, 50.044472, 66, 1.5968323,116,         4, 84, 3.8026428
54C,2019/03/27 20:49:00, 50, 3003.1548, 13,       217, 49,        32, 56, 1.0976870, 74, 11.853862, 73, 516.49719, 77, 29.750000, 79, 1.2153320, 75, 50.044472, 66, 1.6021729,116,         4, 84, 3.8021851
5CC,2019/03/27 20:50:00, 50, 2992.8037, 13,       217, 49,        32, 56, 1.0976870, 74, 11.838305, 73, 516.49719, 77, 29.718750, 79, 1.2250546, 75, 50.044472, 66, 1.6076660,116,         4, 84, 3.8026428
59C,2019/03/27 20:51:00, 50, 2989.4536, 13,       217, 49,        32, 56, 1.0976870, 74, 11.853862, 73, 516.55566, 77, 29.750000, 79, 1.2250546, 75, 50.044472, 66, 1.6165161,116,         4, 84, 3.8043213
55C,2019/03/27 20:52:00, 50, 2987.5020, 13,       217, 49,        32, 56, 1.0976870, 74, 11.869418, 73, 516.58490, 77, 29.812500, 79, 1.2201934, 75, 49.994171, 66, 1.6267395,116,         4, 84, 3.8038635
55C,2019/03/27 20:53:00, 50, 2985.3491, 13,       217, 49,        32, 56, 1.0976870, 74, 11.853862, 73, 516.61414, 77, 29.812500, 79, 1.2201934, 75, 49.994171, 66, 1.5898132,116,         4, 84, 3.8006592
5EC,2019/03/27 20:54:00, 50, 2984.3711, 13,       218, 49,        32, 56, 1.0976870, 74, 11.822749, 73, 516.61414, 77, 29.875000, 79, 1.2250546, 75, 49.994171, 66, 1.6200256,116,         4, 84, 3.8169861
53C,2019/03/27 20:55:00, 50, 2987.0806, 13,       218, 49,        32, 56, 1.0976870, 74, 11.869418, 73, 516.58490, 77, 29.875000, 79, 1.2201934, 75, 49.994171, 66, 1.6261292,116,         4, 84, 3.8179016
57C,2019/03/27 20:56:00, 50, 2990.1733, 13,       218, 49,        32, 56, 1.0976870, 74, 11.869418, 73, 516.64337, 77, 29.906250, 79, 1.2201934, 75, 50.044472, 66, 1.6322327,116,         4, 84, 3.8151550
59C,2019/03/27 20:57:00, 50, 3011.4341, 13,       218, 49,        32, 56, 1.0976870, 74, 11.853862, 73, 516.67261, 77, 29.937500, 79, 1.2201934, 75, 50.044472, 66, 1.6908264,116,         4, 84, 3.8116455
54C,2019/03/27 20:58:00, 50, 3264.8823, 13,       218, 49,        32, 56, 1.0976870, 74, 11.838305, 73, 516.70190, 77, 29.968750, 79, 1.2250546, 75, 50.044472, 66, 1.7251587,116,         4, 84, 3.8075256
51C,2019/03/27 20:59:00, 50, 3221.7275, 13,       218, 49,        32, 56, 1.0976870, 74, 11.869418, 73, 516.67261, 77, 30.000000, 79, 1.2201934, 75, 50.044472, 66, 1.6406250,116,         4, 84, 3.8082886
5DC,2019/03/27 21:00:00, 50, 3079.1665, 13,       218, 49,        32, 56, 1.0976870, 74, 11.869418, 73, 516.64337, 77, 30.000000, 79, 1.2250546, 75, 49.994171, 66, 1.6326904,116,         4, 84, 3.8069153
5CC,2019/03/27 21:01:00, 50, 3061.2617, 13,       218, 49,        32, 56, 1.0976870, 74, 11.838305, 73, 516.67261, 77, 30.031250, 79, 1.2250546, 75, 49.994171, 66, 1.6233826,116,         4, 84, 3.8056946
5AC,2019/03/27 21:02:00, 50, 3034.3770, 13,       218, 49,        32, 56, 1.0976870, 74, 11.822749, 73, 516.67261, 77, 30.062500, 79, 1.2201934, 75, 49.994171, 66, 1.6032410,116,         4, 84, 3.8056946
5CC,2019/03/27 21:03:00, 50, 3028.1074, 13,       218, 49,        32, 56, 1.0976870, 74, 11.869418, 73, 516.70190, 77, 30.062500, 79, 1.2201934, 75, 50.044472, 66, 1.6342163,116,         4, 84, 3.8021851
5AC,2019/03/27 21:04:00, 50, 3026.6011, 13,       218, 49,        32, 56, 1.0976870, 74, 11.869418, 73, 516.70190, 77, 30.125000, 79, 1.2250546, 75, 49.994171, 66, 1.6348267,116,         4, 84, 3.8012695
5AC,2019/03/27 21:05:00, 50, 3060.0640, 13,       219, 49,        32, 56, 1.0976870, 74, 11.838305, 73, 516.73114, 77, 30.156250, 79, 1.2250546, 75, 49.994171, 66, 1.6658020,116,         4, 84, 3.8148499
59C,2019/03/27 21:06:00, 50, 3127.2529, 13,       219, 49,        32, 56, 1.0976870, 74, 11.822749, 73, 516.73114, 77, 30.187500, 79, 1.2201934, 75, 50.044472, 66, 1.6848755,116,         4, 84, 3.8098145
54C,2019/03/27 21:07:00, 50, 3205.2061, 13,       219, 49,        32, 56, 1.0976870, 74, 11.853862, 73, 516.73114, 77, 30.218750, 79, 1.2201934, 75, 50.044472, 66, 1.6912842,116,         4, 84, 3.8072205
55C,2019/03/27 21:08:00, 50, 3279.5356, 13,       219, 49,        32, 56, 1.0976870, 74, 11.869418, 73, 516.78961, 77, 30.218750, 79, 1.2201934, 75, 50.044472, 66, 1.7266846,116,         4, 84, 3.8075256
56C,2019/03/27 21:09:00, 50, 3560.6992, 13,       219, 49,        32, 56, 1.0976870, 74, 11.838305, 73, 516.78961, 77, 30.281250, 79, 1.2201934, 75, 49.994171, 66, 1.7720032,116,         4, 84, 3.8061523
56C,2019/03/27 21:10:00, 50, 3616.4380, 13,       219, 49,        32, 56, 1.0976870, 74, 11.838305, 73, 516.78961, 77, 30.312500, 79, 1.2201934, 75, 49.994171, 66, 1.7572021,116,         4, 84, 3.8047791
55C,2019/03/27 21:11:00, 50, 3547.8276, 13,       219, 49,        32, 56, 1.0976870, 74, 11.853862, 73, 516.81885, 77, 30.281250, 79, 1.2201934, 75, 49.994171, 66, 1.7364502,116,         4, 84, 3.8050842
51C,2019/03/27 21:12:00, 50, 3627.2041, 13,       219, 49,        32, 56, 1.0976870, 74, 11.853862, 73, 516.81885, 77, 30.343750, 79, 1.2250546, 75, 49.994171, 66, 1.8144226,116,         4, 84, 3.8058472
50C,2019/03/27 21:13:00, 50, 5157.2969, 13,       219, 49,        32, 56, 1.0976870, 74, 11.838305, 73, 516.84808, 77, 30.343750, 79, 1.2299160, 75, 49.994171, 66, 2.1836853,116,         4, 84, 3.8032532
53C,2019/03/27 21:14:00, 50, 4679.6914, 13,       220, 49,        32, 56, 1.0976870, 74, 11.822749, 73, 516.84808, 77, 30.375000, 79, 1.2250546, 75, 50.044472, 66, 2.0100403,116,         4, 84, 3.8157654
56C,2019/03/27 21:15:00, 50, 3946.2632, 13,       220, 49,        32, 56, 1.0976870, 74, 11.869418, 73, 516.84808, 77, 30.375000, 79, 1.2250546, 75, 49.994171, 66, 1.8769836,116,         4, 84, 3.8163757
5BC,2019/03/27 21:16:00, 50, 4241.9932, 13,       220, 49,        32, 56, 1.0976870, 74, 11.853862, 73, 516.87732, 77, 30.406250, 79, 1.2153320, 75, 49.994171, 66, 1.9183350,116,         4, 84, 3.8117981
5FC,2019/03/27 21:17:00, 50, 3640.5029, 13,       220, 49,        32, 56, 1.0976870, 74, 11.838305, 73, 516.90656, 77, 30.437500, 79, 1.2201934, 75, 50.044472, 66, 1.7790222,116,         4, 84, 3.8121033
52C,2019/03/27 21:18:00, 50, 3602.6255, 13,       220, 49,        32, 56, 1.0976870, 74, 11.807193, 73, 516.93579, 77, 30.468750, 79, 1.2201934, 75, 49.994171, 66, 1.7292786,116,         4, 84, 3.8124084
58C,2019/03/27 21:19:00, 50, 3351.8706, 13,       220, 49,        32, 56, 1.0976870, 74, 11.853862, 73, 516.93579, 77, 30.468750, 79, 1.2153320, 75, 49.994171, 66, 1.6944885,116,         4, 84, 3.8087463
53C,2019/03/27 21:20:00, 50, 3447.4946, 13,       220, 49,        32, 56, 1.0976870, 74, 11.869418, 73, 516.93579, 77, 30.500000, 79, 1.2250546, 75, 49.994171, 66, 1.8688965,116,         4, 84, 3.8059998
56C,2019/03/27 21:21:00, 50, 4585.3047, 13,       220, 49,        32, 56, 1.0976870, 74, 11.853862, 73, 516.96503, 77, 30.531250, 79, 1.2250546, 75, 49.994171, 66, 2.0014954,116,         4, 84, 3.8056946
59C,2019/03/27 21:22:00, 50, 3900.2495, 13,       220, 49,        32, 56, 1.0976870, 74, 11.822749, 73, 516.99432, 77, 30.531250, 79, 1.2250546, 75, 49.994171, 66, 1.8228149,116,         4, 84, 3.8055420
57C,2019/03/27 21:23:00, 50, 3748.9629, 13,       220, 49,        32, 56, 1.0976870, 74, 11.853862, 73, 516.99432, 77, 30.562500, 79, 1.2201934, 75, 49.994171, 66, 1.7805481,116,         4, 84, 3.8043213
57C,2019/03/27 21:24:00, 50, 3549.6348, 13,       221, 49,        32, 56, 1.0976870, 74, 11.853862, 73, 516.99432, 77, 30.625000, 79, 1.2201934, 75, 50.044472, 66, 1.7161560,116,         4, 84, 3.8162231
58C,2019/03/27 21:25:00, 50, 3468.6479, 13,       221, 49,        32, 56, 1.0976870, 74, 11.853862, 73, 516.99432, 77, 30.625000, 79, 1.2250546, 75, 50.044472, 66, 1.7314148,116,         4, 84, 3.8139343
54C,2019/03/27 21:26:00, 50, 3549.4248, 13,       221, 49,        32, 56, 1.0976870, 74, 11.838305, 73, 517.02356, 77, 30.656250, 79, 1.2250546, 75, 49.994171, 66, 1.7822266,116,         4, 84, 3.8136292
50C,2019/03/27 21:27:00, 50, 3626.6440, 13,       221, 49,        32, 56, 1.0976870, 74, 11.853862, 73, 516.99432, 77, 30.656250, 79, 1.2299160, 75, 49.994171, 66, 1.8336487,116,         4, 84, 3.8140869
59C,2019/03/27 21:28:00, 50, 3848.1138, 13,       221, 49,        32, 56, 1.0976870, 74, 11.853862, 73, 517.02356, 77, 30.687500, 79, 1.2299160, 75, 50.044472, 66, 1.8331909,116,         4, 84, 3.8125610
56C,2019/03/27 21:29:00, 50, 4097.8066, 13,       221, 49,        32, 56, 1.0976870, 74, 11.853862, 73, 517.02356, 77, 30.718750, 79, 1.2153320, 75, 50.044472, 66, 2.0153809,116,         4, 84, 3.8093567
50C,2019/03/27 21:30:00, 50, 4230.9365, 13,       221, 49,        32, 56, 1.0976870, 74, 11.822749, 73, 517.02356, 77, 30.718750, 79, 1.2299160, 75, 49.994171, 66, 1.8814087,116,         4, 84, 3.8069153
53C,2019/03/27 21:31:00, 50, 3943.0420, 13,       221, 49,        32, 56, 1.0976870, 74, 11.853862, 73, 517.02356, 77, 30.750000, 79, 1.2201934, 75, 50.044472, 66, 1.8740845,116,         4, 84, 3.8049316
59C,2019/03/27 21:32:00, 50, 3932.2246, 13,       221, 49,        32, 56, 1.0976870, 74, 11.869418, 73, 517.05280, 77, 30.781250, 79, 1.2153320, 75, 49.994171, 66, 1.7552185,116,         4, 84, 3.8055420
54C,2019/03/27 21:33:00, 50, 3639.9912, 13,       221, 49,        32, 56, 1.0976870, 74, 11.853862, 73, 517.08203, 77, 30.781250, 79, 1.2201934, 75, 49.994171, 66, 1.8544006,116,         4, 84, 3.8090515
58C,2019/03/27 21:34:00, 50, 2997.0093, 13,       221, 49,        32, 56, 1.0976870, 74, 11.807193, 73, 517.02356, 77, 30.812500, 79, 1.2250546, 75, 49.994171, 66, 1.5922546,116,         4, 84, 3.8029480
52C,2019/03/27 21:35:00, 50, 2856.9722, 13,       222, 49,        32, 56, 1.0976870, 74, 11.869418, 73, 517.05280, 77, 30.843750, 79, 1.2201934, 75, 50.044472, 66, 1.5946960,116,         4, 84, 3.8191223
52C,2019/03/27 21:36:00, 50, 2847.2729, 13,       222, 49,        32, 56, 1.0976870, 74, 11.884974, 73, 517.08203, 77, 30.875000, 79, 1.2201934, 75, 49.994171, 66, 1.5701294,116,         4, 84, 3.8165283
51C,2019/03/27 21:37:00, 50, 2831.1914, 13,       222, 49,        32, 56, 1.0976870, 74, 11.853862, 73, 517.05280, 77, 30.875000, 79, 1.2250546, 75, 49.994171, 66, 1.5612793,116,         4, 84, 3.8174438
5FC,2019/03/27 21:38:00, 50, 2805.5249, 13,       222, 49,        32, 56, 1.0976870, 74, 11.838305, 73, 517.05280, 77, 30.906250, 79, 1.2201934, 75, 49.994171, 66, 1.5739441,116,         4, 84, 3.8166809
5BC,2019/03/27 21:39:00, 50, 2797.9102, 13,       222, 49,        32, 56, 1.0976870, 74, 11.869418, 73, 517.05280, 77, 30.968750, 79, 1.2250546, 75, 49.994171, 66, 1.5516663,116,         4, 84, 3.8130188
50C,2019/03/27 21:40:00, 50, 2784.4956, 13,       222, 49,        32, 56, 1.0976870, 74, 11.853862, 73, 517.08203, 77, 31.000000, 79, 1.2201934, 75, 50.044472, 66, 1.5469360,116,         4, 84, 3.8121033
58C,2019/03/27 21:41:00, 50, 2782.7959, 13,       222, 49,        32, 56, 1.0976870, 74, 11.884974, 73, 517.08203, 77, 31.000000, 79, 1.2250546, 75, 49.994171, 66, 1.5255737,116,         4, 84, 3.8107300
55C,2019/03/27 21:42:00, 50, 2754.3135, 13,       222, 49,        32, 56, 1.0976870, 74, 11.822749, 73, 517.05280, 77, 31.031250, 79, 1.2201934, 75, 50.044472, 66, 1.4968872,116,         4, 84, 3.8078308
54C,2019/03/27 21:43:00, 50, 2710.1924, 13,       222, 49,        32, 56, 1.0976870, 74, 11.853862, 73, 517.08203, 77, 31.031250, 79, 1.2201934, 75, 49.994171, 66, 1.5513611,116,         4, 84, 3.8090515
50C,2019/03/27 21:44:00, 50, 2709.7095, 13,       222, 49,        32, 56, 1.0976870, 74, 11.869418, 73, 517.08203, 77, 31.093750, 79, 1.2201934, 75, 49.994171, 66, 1.5013123,116,         4, 84, 3.8085937
53C,2019/03/27 21:45:00, 50, 2632.1006, 13,       222, 49,        32, 56, 1.0976870, 74, 11.869418, 73, 517.02356, 77, 31.062500, 79, 1.2201934, 75, 50.044472, 66, 1.4775085,116,         4, 84, 3.8078308
5FC,2019/03/27 21:46:00, 50, 2595.6001, 13,       222, 49,        32, 56, 1.0976870, 74, 11.838305, 73, 517.08203, 77, 31.093750, 79, 1.2201934, 75, 50.044472, 66, 1.5678406,116,         4, 84, 3.8034058
57C,2019/03/27 21:47:00, 50, 2784.9932, 13,       223, 49,        32, 56, 1.0976870, 74, 11.853862, 73, 517.05280, 77, 31.093750, 79, 1.2250546, 75, 50.094795, 66, 1.5354919,116,         4, 84, 3.8151550
50C,2019/03/27 21:48:00, 50, 2721.0947, 13,       223, 49,        32, 56, 1.0976870, 74, 11.869418, 73, 517.11127, 77, 31.093750, 79, 1.2201934, 75, 50.044472, 66, 1.5473938,116,         4, 84, 3.8125610
57C,2019/03/27 21:49:00, 50, 2645.6680, 13,       223, 49,        32, 56, 1.0976870, 74, 11.853862, 73, 517.11127, 77, 31.125000, 79, 1.2201934, 75, 50.044472, 66, 1.4843750,116,         4, 84, 3.8146973
5EC,2019/03/27 21:50:00, 50, 2555.3501, 13,       223, 49,        32, 56, 1.0976870, 74, 11.822749, 73, 517.14050, 77, 31.156250, 79, 1.2250546, 75, 49.994171, 66, 1.4965820,116,         4, 84, 3.8172913
50C,2019/03/27 21:51:00, 50, 2534.5312, 13,       223, 49,        32, 56, 1.0976870, 74, 11.838305, 73, 517.08203, 77, 31.187500, 79, 1.2201934, 75, 50.094795, 66, 1.4959717,116,         4, 84, 3.8125610
52C,2019/03/27 21:52:00, 50, 2552.1201, 13,       223, 49,        32, 56, 1.0976870, 74, 11.869418, 73, 517.11127, 77, 31.187500, 79, 1.2153320, 75, 50.044472, 66, 1.5408325,116,         4, 84, 3.8159180
54C,2019/03/27 21:53:00, 50, 2574.7163, 13,       223, 49,        32, 56, 1.0976870, 74, 11.853862, 73, 517.11127, 77, 31.187500, 79, 1.2250546, 75, 50.044472, 66, 1.5048218,116,         4, 84, 3.8133240
52C,2019/03/27 21:54:00, 50, 2564.1377, 13,       223, 49,        32, 56, 1.0976870, 74, 11.822749, 73, 517.11127, 77, 31.218750, 79, 1.2250546, 75, 49.994171, 66, 1.4927673,116,         4, 84, 3.8153076
53C,2019/03/27 21:55:00, 50, 2563.4194, 13,       223, 49,        32, 56, 1.0976870, 74, 11.853862, 73, 517.14050, 77, 31.281250, 79, 1.2201934, 75, 49.994171, 66, 1.5049744,116,         4, 84, 3.8121033
58C,2019/03/27 21:56:00, 50, 2560.7241, 13,       223, 49,        32, 56, 1.0976870, 74, 11.900531, 73, 517.16974, 77, 31.250000, 79, 1.2347773, 75, 49.994171, 66, 1.5144348,116,         4, 84, 3.8125610
54C,2019/03/27 21:57:00, 50, 2562.4600, 13,       223, 49,        32, 56, 1.0976870, 74, 11.853862, 73, 517.11127, 77, 31.281250, 79, 1.2201934, 75, 49.893616, 66, 1.4791870,116,         4, 84, 3.8075256
51C,2019/03/27 21:58:00, 50, 2596.0713, 13,       223, 49,        32, 56, 1.0976870, 74, 11.838305, 73, 517.16974, 77, 31.312500, 79, 1.2250546, 75, 50.094795, 66, 1.7326355,116,         4, 84, 3.8064575
5CC,2019/03/27 21:59:00, 50, 2596.0713, 13,       223, 49,        32, 56, 1.0976870, 74, 11.869418, 73, 517.11127, 77, 31.281250, 79, 1.2201934, 75, 50.044472, 66, 1.4686584,116,         4, 84, 3.8052368
5DC,2019/03/27 22:00:00, 50, 2596.0713, 13,       223, 49,        32, 56, 1.0976870, 74, 11.869418, 73, 517.16974, 77, 31.312500, 79, 1.2104707, 75, 50.094795, 66, 1.4622498,116,         4, 84, 3.8049316
5CC,2019/03/27 22:01:00, 50, 2596.0713, 13,       223, 49,        32, 56, 1.0976870, 74, 11.853862, 73, 517.14050, 77, 31.312500, 79, 1.2153320, 75, 50.044472, 66, 1.4573669,116,         4, 84, 3.8053894
57C,2019/03/27 22:02:00, 50, 2596.0713, 13,       223, 49,        32, 56, 1.0976870, 74, 11.822749, 73, 517.14050, 77, 31.343750, 79, 1.2153320, 75, 49.994171, 66, 1.4808655,116,         4, 84, 3.8047791
57C,2019/03/27 22:03:00, 50, 2596.0713, 13,       223, 49,        32, 56, 1.0976870, 74, 11.853862, 73, 517.19897, 77, 31.343750, 79, 1.2250546, 75, 49.994171, 66, 1.4976501,116,         4, 84, 3.8009644
55C,2019/03/27 22:04:00, 50, 2596.0713, 13,       224, 49,        32, 56, 1.0976870, 74, 11.884974, 73, 517.16974, 77, 31.375000, 79, 1.2201934, 75, 49.994171, 66, 1.5151978,116,         4, 84, 3.8153076
59C,2019/03/27 22:05:00, 50, 2596.0713, 13,       224, 49,        32, 56, 1.0976870, 74, 11.884974, 73, 517.14050, 77, 31.406250, 79, 1.2250546, 75, 49.943886, 66, 1.5643311,116,         4, 84, 3.8162231
5FC,2019/03/27 22:06:00, 50, 320.28052, 13,       224, 49,        32, 56, 1.0976870, 74, 11.822749, 73, 517.16974, 77, 31.406250, 79, 1.2201934, 75, 50.044472, 66, 1.5101624,116,         4, 84, 3.8101196
57C,2019/03/27 22:07:00, 50, 312.54944, 13,       224, 49,        32, 56, 1.0976870, 74, 11.884974, 73, 517.19897, 77, 31.437500, 79, 1.2201934, 75, 50.094795, 66, 1.5356445,116,         4, 84, 3.8092041
5BC,2019/03/27 22:08:00, 50, 315.22449, 13,       224, 49,        32, 56, 1.0976870, 74, 11.900531, 73, 517.19897, 77, 31.437500, 79, 1.2104707, 75, 49.994171, 66, 1.5248108,116,         4, 84, 3.8082886
59C,2019/03/27 22:09:00, 50, 310.70349, 13,       224, 49,        32, 56, 1.0976870, 74, 11.853862, 73, 517.22821, 77, 31.468750, 79, 1.2153320, 75, 50.094795, 66, 1.5135193,116,         4, 84, 3.8119507
55C,2019/03/27 22:10:00, 50, 311.20551, 13,       224, 49,        32, 56, 1.0976870, 74, 11.807193, 73, 517.22821, 77, 31.500000, 79, 1.2201934, 75, 50.094795, 66, 1.5238953,116,         4, 84, 3.8093567
5BC,2019/03/27 22:11:00, 50, 310.17712, 13,       224, 49,        32, 56, 1.0976870, 74, 11.838305, 73, 517.22821, 77, 31.468750, 79, 1.2250546, 75, 49.943886, 66, 1.5200806,116,         4, 84, 3.8058472
56C,2019/03/27 22:12:00, 50, 310.02722, 13,       224, 49,        32, 56, 1.0976870, 74, 11.900531, 73, 517.25745, 77, 31.500000, 79, 1.2347773, 75, 50.044472, 66, 1.5299988,116,         4, 84, 3.8076782
56C,2019/03/27 22:13:00, 50, 312.61444, 13,       224, 49,        32, 56, 1.0976870, 74, 11.884974, 73, 517.25745, 77, 31.500000, 79, 1.2153320, 75, 49.943886, 66, 1.5376282,116,         4, 84, 3.8082886
5DC,2019/03/27 22:14:00, 50, 318.93994, 13,       224, 49,        32, 56, 1.0976870, 74, 11.838305, 73, 517.25745, 77, 31.500000, 79, 1.2201934, 75, 49.943886, 66, 1.5164185,116,         4, 84, 3.8040161
54C,2019/03/27 22:15:00, 50, 340.45624, 13,       224, 49,        32, 56, 1.0976870, 74, 11.869418, 73, 517.25745, 77, 31.531250, 79, 1.2250546, 75, 49.943886, 66, 1.6067505,116,         4, 84, 3.8067627
50C,2019/03/27 22:16:00, 50, 376.52399, 13,       224, 49,        32, 56, 1.0976870, 74, 11.900531, 73, 517.25745, 77, 31.500000, 79, 1.2250546, 75, 50.145134, 66, 1.5185547,116,         4, 84, 3.8026428
5EC,2019/03/27 22:17:00, 50, 510.35522, 13,       224, 49,        32, 56, 1.0976870, 74, 11.853862, 73, 517.25745, 77, 31.531250, 79, 1.2250546, 75, 49.893616, 66, 1.6560364,116,         4, 84, 3.8038635
56C,2019/03/27 22:18:00, 50, 591.26672, 13,       224, 49,        32, 56, 1.0976870, 74, 11.853862, 73, 517.22821, 77, 31.531250, 79, 1.2201934, 75, 49.943886, 66, 1.5870667,116,         4, 84, 3.8014221
56C,2019/03/27 22:19:00, 50, 534.17175, 13,       224, 49,        32, 56, 1.0976870, 74, 11.884974, 73, 517.28674, 77, 31.531250, 79, 1.2201934, 75, 49.943886, 66, 1.5419006,116,         4, 84, 3.8040161
5DC,2019/03/27 22:20:00, 50, 450.30261, 13,       225, 49,        32, 56, 1.0976870, 74, 11.869418, 73, 517.28674, 77, 31.531250, 79, 1.2153320, 75, 49.893616, 66, 1.5649414,116,         4, 84, 3.8153076
50C,2019/03/27 22:21:00, 50, 430.88330, 13,       225, 49,        32, 56, 1.0976870, 74, 11.822749, 73, 517.31598, 77, 31.531250, 79, 1.2201934, 75, 50.044472, 66, 1.5437317,116,         4, 84, 3.8162231
57C,2019/03/27 22:22:00, 50, 415.09802, 13,       225, 49,        32, 56, 1.0976870, 74, 11.822749, 73, 517.34521, 77, 31.562500, 79, 1.2201934, 75, 49.943886, 66, 1.5435791,116,         4, 84, 3.8172913
5FC,2019/03/27 22:23:00, 50, 429.13074, 13,       225, 49,        32, 56, 1.0976870, 74, 11.838305, 73, 517.34521, 77, 31.562500, 79, 1.2153320, 75, 49.994171, 66, 1.5829468,116,         4, 84, 3.8179016
54C,2019/03/27 22:24:00, 50, 415.41620, 13,       225, 49,        32, 56, 1.0976870, 74, 11.853862, 73, 517.31598, 77, 31.593750, 79, 1.2299160, 75, 49.943886, 66, 1.5316772,116,         4, 84, 3.8151550
56C,2019/03/27 22:25:00, 50, 402.98584, 13,       225, 49,        32, 56, 1.0976870, 74, 11.869418, 73, 517.34521, 77, 31.593750, 79, 1.2153320, 75, 49.994171, 66, 1.5293884,116,         4, 84, 3.8154602
5EC,2019/03/27 22:26:00, 50, 395.88220, 13,       225, 49,        32, 56, 1.0976870, 74, 11.853862, 73, 517.31598, 77, 31.593750, 79, 1.2153320, 75, 49.893616, 66, 1.5635681,116,         4, 84, 3.8183594
53C,2019/03/27 22:27:00, 50, 402.60345, 13,       225, 49,        32, 56, 1.0976870, 74, 11.853862, 73, 517.37445, 77, 31.593750, 79, 1.2299160, 75, 49.893616, 66, 1.6087341,116,         4, 84, 3.8150024
5DC,2019/03/27 22:28:00, 50, 931.68665, 13,       225, 49,        32, 56, 1.0976870, 74, 11.869418, 73, 517.37445, 77, 31.625000, 79, 1.2153320, 75, 50.094795, 66, 1.6749573,116,         4, 84, 3.8128662
53C,2019/03/27 22:29:00, 50, 558.66895, 13,       225, 49,        32, 56, 1.0976870, 74, 11.853862, 73, 517.37445, 77, 31.656250, 79, 1.2104707, 75, 50.044472, 66, 1.5719604,116,         4, 84, 3.8085937
5CC,2019/03/27 22:30:00, 50, 475.87994, 13,       225, 49,        32, 56, 1.0976870, 74, 11.791636, 73, 517.34521, 77, 31.625000, 79, 1.2201934, 75, 50.044472, 66, 1.5814209,116,         4, 84, 3.8088989
59C,2019/03/27 22:31:00, 50, 511.66431, 13,       225, 49,        32, 56, 1.0976870, 74, 11.853862, 73, 517.31598, 77, 31.656250, 79, 1.2201934, 75, 50.094795, 66, 1.5821838,116,         4, 84, 3.8096619
54C,2019/03/27 22:32:00, 50, 530.83240, 13,       225, 49,        32, 56, 1.0976870, 74, 11.869418, 73, 517.34521, 77, 31.656250, 79, 1.2299160, 75, 49.994171, 66, 1.5916443,116,         4, 84, 3.8069153
53C,2019/03/27 22:33:00, 50, 636.76123, 13,       225, 49,        32, 56, 1.0976870, 74, 11.869418, 73, 517.34521, 77, 31.656250, 79, 1.2250546, 75, 49.994171, 66, 1.6584778,116,         4, 84, 3.8044739
54C,2019/03/27 22:34:00, 50, 817.27917, 13,       226, 49,        32, 56, 1.0976870, 74, 11.838305, 73, 517.34521, 77, 31.656250, 79, 1.2201934, 75, 49.994171, 66, 1.6545105,116,         4, 84, 3.8171387
5AC,2019/03/27 22:35:00, 50, 811.39880, 13,       226, 49,        32, 56, 1.0976870, 74, 11.853862, 73, 517.40369, 77, 31.687500, 79, 1.2250546, 75, 49.994171, 66, 1.6557312,116,         4, 84, 3.8175964
53C,2019/03/27 22:36:00, 50, 809.62817, 13,       226, 49,        32, 56, 1.0976870, 74, 11.884974, 73, 517.37445, 77, 31.687500, 79, 1.2250546, 75, 49.943886, 66, 1.6409302,116,         4, 84, 3.8146973
59C,2019/03/27 22:37:00, 50, 812.23364, 13,       226, 49,        32, 56, 1.0976870, 74, 11.853862, 73, 517.40369, 77, 31.718750, 79, 1.2153320, 75, 50.044472, 66, 1.6743469,116,         4, 84, 3.8166809
59C,2019/03/27 22:38:00, 50, 821.67993, 13,       226, 49,        32, 56, 1.0976870, 74, 11.807193, 73, 517.43292, 77, 31.718750, 79, 1.2250546, 75, 50.044472, 66, 1.6619873,116,         4, 84, 3.8150024
50C,2019/03/27 22:39:00, 50, 826.15210, 13,       226, 49,        32, 56, 1.0976870, 74, 11.853862, 73, 517.40369, 77, 31.687500, 79, 1.2153320, 75, 50.094795, 66, 1.6636658,116,         4, 84, 3.8130188
5EC,2019/03/27 22:40:00, 50, 834.51489, 13,       226, 49,        32, 56, 1.0976870, 74, 11.869418, 73, 517.46216, 77, 31.750000, 79, 1.2201934, 75, 49.994171, 66, 1.6691589,116,         4, 84, 3.8137817
5BC,2019/03/27 22:41:00, 50, 844.52710, 13,       226, 49,        32, 56, 1.0976870, 74, 11.838305, 73, 517.40369, 77, 31.750000, 79, 1.2299160, 75, 49.943886, 66, 1.6845703,116,         4, 84, 3.8143921
59C,2019/03/27 22:42:00, 50, 904.95886, 13,       226, 49,        32, 56, 1.0976870, 74, 11.807193, 73, 517.43292, 77, 31.718750, 79, 1.2153320, 75, 49.943886, 66, 1.7176819,116,         4, 84, 3.8107300
54C,2019/03/27 22:43:00, 50, 950.34741, 13,       226, 49,        32, 56, 1.0976870, 74, 11.853862, 73, 517.43292, 77, 31.718750, 79, 1.2201934, 75, 49.943886, 66, 1.6818237,116,         4, 84, 3.8058472
54C,2019/03/27 22:44:00, 50, 1026.4316, 13,       226, 49,        32, 56, 1.0976870, 74, 11.869418, 73, 517.43292, 77, 31.718750, 79, 1.2201934, 75, 49.994171, 66, 1.6987610,116,         4, 84, 3.8072205
57C,2019/03/27 22:45:00, 50, 1012.6931, 13,       226, 49,        32, 56, 1.0976870, 74, 11.838305, 73, 517.43292, 77, 31.718750, 79, 1.2056093, 75, 49.943886, 66, 1.7121887,116,         4, 84, 3.8070679
5DC,2019/03/27 22:46:00, 50, 1192.2292, 13,       226, 49,        32, 56, 1.0976870, 74, 11.822749, 73, 517.40369, 77, 31.750000, 79, 1.2104707, 75, 49.994171, 66, 1.7359924,116,         4, 84, 3.8059998
54C,2019/03/27 22:47:00, 50, 1128.9531, 13,       226, 49,        32, 56, 1.0976870, 74, 11.822749, 73, 517.43292, 77, 31.781250, 79, 1.2153320, 75, 50.094795, 66, 1.7317200,116,         4, 84, 3.8037109
52C,2019/03/27 22:48:00, 50, 1097.2239, 13,       226, 49,        32, 56, 1.0976870, 74, 11.884974, 73, 517.40369, 77, 31.750000, 79, 1.2347773, 75, 49.994171, 66, 1.7153931,116,         4, 84, 3.8020325
5BC,2019/03/27 22:49:00, 50, 1089.9138, 13,       227, 49,        32, 56, 1.0976870, 74, 11.853862, 73, 517.40369, 77, 31.781250, 79, 1.2153320, 75, 50.044472, 66, 1.7454529,116,         4, 84, 3.8160706
52C,2019/03/27 22:50:00, 50, 1058.2053, 13,       227, 49,        32, 56, 1.0976870, 74, 11.822749, 73, 517.43292, 77, 31.781250, 79, 1.2153320, 75, 49.994171, 66, 1.7074585,116,         4, 84, 3.8166809
5FC,2019/03/27 22:51:00, 50, 821.26807, 13,       227, 49,        32, 56, 1.0976870, 74, 11.838305, 73, 517.43292, 77, 31.781250, 79, 1.2201934, 75, 50.044472, 66, 1.6296387,116,         4, 84, 3.8156128
59C,2019/03/27 22:52:00, 50, 738.43054, 13,       227, 49,        32, 56, 1.0976870, 74, 11.869418, 73, 517.46216, 77, 31.781250, 79, 1.2153320, 75, 50.044472, 66, 1.6426086,116,         4, 84, 3.8159180
5CC,2019/03/27 22:53:00, 50, 758.98108, 13,       227, 49,        32, 56, 1.0976870, 74, 11.853862, 73, 517.43292, 77, 31.781250, 79, 1.2056093, 75, 50.044472, 66, 1.6395569,116,         4, 84, 3.8174438
5BC,2019/03/27 22:54:00, 50, 739.13342, 13,       227, 49,        32, 56, 1.0976870, 74, 11.822749, 73, 517.40369, 77, 31.812500, 79, 1.2201934, 75, 50.044472, 66, 1.6459656,116,         4, 84, 3.8142395
59C,2019/03/27 22:55:00, 50, 766.67725, 13,       227, 49,        32, 56, 1.0976870, 74, 11.853862, 73, 517.40369, 77, 31.781250, 79, 1.2201934, 75, 49.994171, 66, 1.6575623,116,         4, 84, 3.8117981
57C,2019/03/27 22:56:00, 50, 770.42346, 13,       227, 49,        32, 56, 1.0976870, 74, 11.869418, 73, 517.40369, 77, 31.812500, 79, 1.2201934, 75, 50.044472, 66, 1.6494751,116,         4, 84, 3.8078308
59C,2019/03/27 22:57:00, 50, 776.06567, 13,       227, 49,        32, 56, 1.0976870, 74, 11.853862, 73, 517.46216, 77, 31.812500, 79, 1.2201934, 75, 49.994171, 66, 1.6569519,116,         4, 84, 3.8063049
53C,2019/03/27 22:58:00, 50, 786.99695, 13,       227, 49,        32, 56, 1.0976870, 74, 11.822749, 73, 517.40369, 77, 31.750000, 79, 1.2104707, 75, 50.044472, 66, 1.6317749,116,         4, 84, 3.8075256
5EC,2019/03/27 22:59:00, 50, 770.30347, 13,       227, 49,        32, 56, 1.0976870, 74, 11.838305, 73, 517.43292, 77, 31.812500, 79, 1.2153320, 75, 49.994171, 66, 1.6384888,116,         4, 84, 3.8075256
5EC,2019/03/27 23:00:00, 50, 752.37524, 13,       227, 49,        32, 56, 1.0976870, 74, 11.869418, 73, 517.40369, 77, 31.875000, 79, 1.2201934, 75, 50.044472, 66, 1.6140747,116,         4, 84, 3.8073730
5AC,2019/03/27 23:01:00, 50, 729.52112, 13,       227, 49,        32, 56, 1.0976870, 74, 11.869418, 73, 517.40369, 77, 31.843750, 79, 1.2153320, 75, 49.943886, 66, 1.6177368,116,         4, 84, 3.8050842
52C,2019/03/27 23:02:00, 50, 755.34827, 13,       227, 49,        32, 56, 1.0976870, 74, 11.822749, 73, 517.40369, 77, 31.843750, 79, 1.2201934, 75, 50.044472, 66, 1.6499329,116,         4, 84, 3.8055420
5EC,2019/03/27 23:03:00, 50, 751.84729, 13,       227, 49,        32, 56, 1.0976870, 74, 11.853862, 73, 517.37445, 77, 31.812500, 79, 1.2104707, 75, 50.044472, 66, 1.6574097,116,         4, 84, 3.8075256
5BC,2019/03/27 23:04:00, 50, 768.75232, 13,       227, 49,        32, 56, 1.0976870, 74, 11.869418, 73, 517.40369, 77, 31.875000, 79, 1.2153320, 75, 49.994171, 66, 1.6217041,116,         4, 84, 3.8021851
59C,2019/03/27 23:05:00, 50, 721.55432, 13,       227, 49,        32, 56, 1.0976870, 74, 11.853862, 73, 517.40369, 77, 31.843750, 79, 1.2201934, 75, 49.994171, 66, 1.5832520,116,         4, 84, 3.8027954
5AC,2019/03/27 23:06:00, 50, 552.25476, 13,       227, 49,        32, 56, 1.0976870, 74, 11.822749, 73, 517.40369, 77, 31.843750, 79, 1.2153320, 75, 49.994171, 66, 1.5830994,116,         4, 84, 3.8020325
56C,2019/03/27 23:07:00, 50, 550.36365, 13,       227, 49,        32, 56, 1.0976870, 74, 11.838305, 73, 517.37445, 77, 31.906250, 79, 1.2250546, 75, 49.994171, 66, 1.5795898,116,         4, 84, 3.8011169
5AC,2019/03/27 23:08:00, 50, 579.59644, 13,       228, 49,        32, 56, 1.0976870, 74, 11.869418, 73, 517.40369, 77, 31.968750, 79, 1.2347773, 75, 49.994171, 66, 1.6078186,116,         4, 84, 3.8172913
53C,2019/03/27 23:09:00, 50, 591.15906, 13,       228, 49,        32, 56, 1.0976870, 74, 11.853862, 73, 517.37445, 77, 31.968750, 79, 1.2250546, 75, 49.994171, 66, 1.5980530,116,         4, 84, 3.8153076
56C,2019/03/27 23:10:00, 50, 581.98132, 13,       228, 49,        32, 56, 1.0976870, 74, 11.822749, 73, 517.40369, 77, 31.937500, 79, 1.2250546, 75, 49.994171, 66, 1.5963745,116,         4, 84, 3.8156128
5AC,2019/03/27 23:11:00, 50, 573.02649, 13,       228, 49,        32, 56, 1.0976870, 74, 11.838305, 73, 517.40369, 77, 31.937500, 79, 1.2201934, 75, 49.943886, 66, 1.5864563,116,         4, 84, 3.8166809
5BC,2019/03/27 23:12:00, 50, 573.39673, 13,       228, 49,        32, 56, 1.0976870, 74, 11.869418, 73, 517.40369, 77, 31.937500, 79, 1.2201934, 75, 49.994171, 66, 1.5751648,116,         4, 84, 3.8159180
5AC,2019/03/27 23:13:00, 50, 576.20166, 13,       228, 49,        32, 56, 1.0976870, 74, 11.853862, 73, 517.37445, 77, 31.843750, 79, 1.2201934, 75, 50.044472, 66, 1.5911865,116,         4, 84, 3.8139343
58C,2019/03/27 23:14:00, 50, 575.47168, 13,       228, 49,        32, 56, 1.0976870, 74, 11.822749, 73, 517.37445, 77, 31.875000, 79, 1.2250546, 75, 50.044472, 66, 1.5930176,116,         4, 84, 3.8110352
5AC,2019/03/27 23:15:00, 50, 578.89392, 13,       228, 49,        32, 56, 1.0976870, 74, 11.838305, 73, 517.37445, 77, 31.937500, 79, 1.2201934, 75, 50.044472, 66, 1.5992737,116,         4, 84, 3.8082886
5FC,2019/03/27 23:16:00, 50, 582.70557, 13,       228, 49,        32, 56, 1.0976870, 74, 11.869418, 73, 517.34521, 77, 31.937500, 79, 1.2250546, 75, 49.994171, 66, 1.5969849,116,         4, 84, 3.8082886
5CC,2019/03/27 23:17:00, 50, 592.60181, 13,       228, 49,        32, 56, 1.0976870, 74, 11.853862, 73, 517.37445, 77, 31.875000, 79, 1.2250546, 75, 50.044472, 66, 1.6180420,116,         4, 84, 3.8101196
5EC,2019/03/27 23:18:00, 50, 661.80945, 13,       228, 49,        32, 56, 1.0976870, 74, 11.822749, 73, 517.34521, 77, 32.000000, 79, 1.2201934, 75, 49.994171, 66, 1.6317749,116,         4, 84, 3.8081360
59C,2019/03/27 23:19:00, 50, 797.97192, 13,       228, 49,        32, 56, 1.0976870, 74, 11.838305, 73, 517.34521, 77, 32.031250, 79, 1.2250546, 75, 49.994171, 66, 1.6439819,116,         4, 84, 3.8063049
5CC,2019/03/27 23:20:00, 50, 811.97180, 13,       228, 49,        32, 56, 1.0976870, 74, 11.869418, 73, 517.34521, 77, 31.937500, 79, 1.2250546, 75, 49.994171, 66, 1.6435242,116,         4, 84, 3.8041687
57C,2019/03/27 23:21:00, 50, 816.49951, 13,       228, 49,        32, 56, 1.0976870, 74, 11.853862, 73, 517.37445, 77, 31.968750, 79, 1.2153320, 75, 49.994171, 66, 1.6648865,116,         4, 84, 3.8040161
50C,2019/03/27 23:22:00, 50, 853.22449, 13,       228, 49,        32, 56, 1.0976870, 74, 11.822749, 73, 517.37445, 77, 32.031250, 79, 1.2153320, 75, 49.994171, 66, 1.6635132,116,         4, 84, 3.8047791
5EC,2019/03/27 23:23:00, 50, 792.74829, 13,       228, 49,        32, 56, 1.0976870, 74, 11.838305, 73, 517.37445, 77, 32.062500, 79, 1.2153320, 75, 50.044472, 66, 1.6181946,116,         4, 84, 3.8003540
52C,2019/03/27 23:24:00, 50, 728.93018, 13,       229, 49,        32, 56, 1.0976870, 74, 11.869418, 73, 517.34521, 77, 32.062500, 79, 1.2347773, 75, 49.994171, 66, 1.6125488,116,         4, 84, 3.8165283
52C,2019/03/27 23:25:00, 50, 572.00037, 13,       229, 49,        32, 56, 1.0976870, 74, 11.869418, 73, 517.37445, 77, 32.031250, 79, 1.2347773, 75, 49.994171, 66, 1.5837097,116,         4, 84, 3.8145447
5CC,2019/03/27 23:26:00, 50, 615.57593, 13,       229, 49,        32, 56, 1.0976870, 74, 11.822749, 73, 517.34521, 77, 32.062500, 79, 1.2153320, 75, 49.994171, 66, 1.6215515,116,         4, 84, 3.8146973
5CC,2019/03/27 23:27:00, 50, 698.43652, 13,       229, 49,        32, 56, 1.0976870, 74, 11.838305, 73, 517.34521, 77, 32.093750, 79, 1.2153320, 75, 49.994171, 66, 1.6365051,116,         4, 84, 3.8143921
52C,2019/03/27 23:28:00, 50, 656.81506, 13,       229, 49,        32, 56, 1.0976870, 74, 11.869418, 73, 517.34521, 77, 32.062500, 79, 1.2153320, 75, 50.044472, 66, 1.6000366,116,         4, 84, 3.8142395
51C,2019/03/27 23:29:00, 50, 790.07043, 13,       229, 49,        32, 56, 1.0976870, 74, 11.869418, 73, 517.34521, 77, 32.093750, 79, 1.2056093, 75, 49.994171, 66, 1.6297913,116,         4, 84, 3.8130188
5FC,2019/03/27 23:30:00, 50, 520.84790, 13,       229, 49,        32, 56, 1.0976870, 74, 11.807193, 73, 517.31598, 77, 32.062500, 79, 1.2201934, 75, 49.994171, 66, 1.5667725,116,         4, 84, 3.8111877
58C,2019/03/27 23:31:00, 50, 551.25732, 13,       229, 49,        32, 56, 1.0976870, 74, 11.838305, 73, 517.31598, 77, 32.093750, 79, 1.2153320, 75, 49.994171, 66, 1.5931702,116,         4, 84, 3.8127136
56C,2019/03/27 23:32:00, 50, 550.46570, 13,       229, 49,        32, 56, 1.0976870, 74, 11.869418, 73, 517.28674, 77, 32.093750, 79, 1.2299160, 75, 49.994171, 66, 1.5934753,116,         4, 84, 3.8128662
55C,2019/03/27 23:33:00, 50, 566.52454, 13,       229, 49,        32, 56, 1.0976870, 74, 11.869418, 73, 517.31598, 77, 32.093750, 79, 1.2250546, 75, 50.044472, 66, 1.6056824,116,         4, 84, 3.8104248
55C,2019/03/27 23:34:00, 50, 582.62195, 13,       229, 49,        32, 56, 1.0976870, 74, 11.822749, 73, 517.28674, 77, 32.125000, 79, 1.2250546, 75, 49.994171, 66, 1.5896606,116,         4, 84, 3.8098145
5FC,2019/03/27 23:35:00, 50, 586.53809, 13,       229, 49,        32, 56, 1.0976870, 74, 11.838305, 73, 517.25745, 77, 32.125000, 79, 1.2201934, 75, 49.994171, 66, 1.5780640,116,         4, 84, 3.8087463
51C,2019/03/27 23:36:00, 50, 590.40369, 13,       229, 49,        32, 56, 1.0976870, 74, 11.853862, 73, 517.28674, 77, 32.156250, 79, 1.2250546, 75, 49.994171, 66, 1.5953064,116,         4, 84, 3.8081360
58C,2019/03/27 23:37:00, 50, 602.46509, 13,       229, 49,        32, 56, 1.0976870, 74, 11.853862, 73, 517.28674, 77, 32.156250, 79, 1.2153320, 75, 49.994171, 66, 1.5979004,116,         4, 84, 3.8067627
50C,2019/03/27 23:38:00, 50, 602.48816, 13,       229, 49,        32, 56, 1.0976870, 74, 11.838305, 73, 517.28674, 77, 32.187500, 79, 1.2056093, 75, 49.994171, 66, 1.6023254,116,         4, 84, 3.8082886
5FC,2019/03/27 23:39:00, 50, 609.13318, 13,       229, 49,        32, 56, 1.0976870, 74, 11.838305, 73, 517.25745, 77, 32.187500, 79, 1.2201934, 75, 49.994171, 66, 1.6094971,116,         4, 84, 3.8063049
56C,2019/03/27 23:40:00, 50, 608.92651, 13,       229, 49,        32, 56, 1.0976870, 74, 11.869418, 73, 517.28674, 77, 32.187500, 79, 1.2104707, 75, 49.994171, 66, 1.5678406,116,         4, 84, 3.8037109
5FC,2019/03/27 23:41:00, 50, 596.96741, 13,       229, 49,        32, 56, 1.0976870, 74, 11.853862, 73, 517.28674, 77, 32.250000, 79, 1.2250546, 75, 50.044472, 66, 1.5686035,116,         4, 84, 3.8026428
5FC,2019/03/27 23:42:00, 50, 565.62280, 13,       229, 49,        32, 56, 1.0976870, 74, 11.822749, 73, 517.22821, 77, 32.218750, 79, 1.2250546, 75, 49.994171, 66, 1.5603638,116,         4, 84, 3.8015747
5DC,2019/03/27 23:43:00, 50, 524.15442, 13,       229, 49,        32, 56, 1.0976870, 74, 11.822749, 73, 517.25745, 77, 32.250000, 79, 1.2250546, 75, 49.994171, 66, 1.5602112,116,         4, 84, 3.8031006
59C,2019/03/27 23:44:00, 50, 521.97876, 13,       229, 49,        32, 56, 1.0976870, 74, 11.853862, 73, 517.22821, 77, 32.218750, 79, 1.2299160, 75, 49.994171, 66, 1.5725708,116,         4, 84, 3.8038635
59C,2019/03/27 23:45:00, 50, 528.33972, 13,       229, 49,        32, 56, 1.0976870, 74, 11.853862, 73, 517.19897, 77, 32.218750, 79, 1.2250546, 75, 49.994171, 66, 1.5870667,116,         4, 84, 3.8021851
55C,2019/03/27 23:46:00, 50, 532.97900, 13,       229, 49,        32, 56, 1.0976870, 74, 11.838305, 73, 517.19897, 77, 32.281250, 79, 1.2299160, 75, 49.994171, 66, 1.5725708,116,         4, 84, 3.8015747
55C,2019/03/27 23:47:00, 50, 541.29883, 13,       229, 49,        32, 56, 1.0976870, 74, 11.838305, 73, 517.22821, 77, 32.218750, 79, 1.2201934, 75, 50.044472, 66, 1.6099548,116,         4, 84, 3.8027954
56C,2019/03/27 23:48:00, 50, 549.14172, 13,       229, 49,        32, 56, 1.0976870, 74, 11.869418, 73, 517.28674, 77, 32.281250, 79, 1.2153320, 75, 49.994171, 66, 1.5858459,116,         4, 84, 3.8006592
57C,2019/03/27 23:49:00, 50, 557.48328, 13,       230, 49,        32, 56, 1.0976870, 74, 11.869418, 73, 517.25745, 77, 32.281250, 79, 1.2201934, 75, 49.994171, 66, 1.6128540,116,         4, 84, 3.8168335
59C,2019/03/27 23:50:00, 50, 577.47498, 13,       230, 49,        32, 56, 1.0976870, 74, 11.838305, 73, 517.22821, 77, 32.281250, 79, 1.2153320, 75, 50.044472, 66, 1.5940857,116,         4, 84, 3.8145447
53C,2019/03/27 23:51:00, 50, 577.47498, 13,       230, 49,        32, 56, 1.0976870, 74, 11.822749, 73, 517.22821, 77, 32.343750, 79, 1.2201934, 75, 49.994171, 66, 1.5299988,116,         4, 84, 3.8143921
5FC,2019/03/27 23:52:00, 50, 577.47498, 13,       230, 49,        32, 56, 1.0976870, 74, 11.869418, 73, 517.22821, 77, 32.343750, 79, 1.2201934, 75, 50.044472, 66, 1.5335083,116,         4, 84, 3.8102722
53C,2019/03/27 23:53:00, 50, 577.47498, 13,       230, 49,        32, 56, 1.0976870, 74, 11.853862, 73, 517.19897, 77, 32.343750, 79, 1.2104707, 75, 50.044472, 66, 1.5431213,116,         4, 84, 3.8110352
5CC,2019/03/27 23:54:00, 50, 577.47498, 13,       230, 49,        32, 56, 1.0976870, 74, 11.838305, 73, 517.19897, 77, 32.281250, 79, 1.2153320, 75, 49.994171, 66, 1.5267944,116,         4, 84, 3.8078308
5FC,2019/03/27 23:55:00, 50, 577.47498, 13,       230, 49,        32, 56, 1.0976870, 74, 11.838305, 73, 517.19897, 77, 32.312500, 79, 1.2056093, 75, 49.994171, 66, 1.5954590,116,         4, 84, 3.8093567
5DC,2019/03/27 23:56:00, 50, 577.47498, 13,       230, 49,        32, 56, 1.0976870, 74, 11.884974, 73, 517.22821, 77, 32.406250, 79, 1.2299160, 75, 49.994171, 66, 1.6001892,116,         4, 84, 3.8090515
59C,2019/03/27 23:57:00, 50, 577.47498, 13,       230, 49,        32, 56, 1.0976870, 74, 11.869418, 73, 517.25745, 77, 32.406250, 79, 1.2201934, 75, 50.044472, 66, 1.5997314,116,         4, 84, 3.8079834
57C,2019/03/27 23:58:00, 50, 429.10840, 13,       230, 49,        32, 56, 1.0976870, 74, 11.853862, 73, 517.19897, 77, 32.437500, 79, 1.2201934, 75, 50.044472, 66, 1.6136169,116,         4, 84, 3.8092041
5DC,2019/03/27 23:59:00, 50, 441.73450, 13,       230, 49,        32, 56, 1.0976870, 74, 11.822749, 73, 517.22821, 77, 32.437500, 79, 1.2201934, 75, 49.994171, 66, 1.6314697,116,         4, 84, 3.8088989
