5BC,2019/05/27 20:21:00, 50, 6.2884016, 49,       128, 44,        93, 45,       126, 56, 34.311562, 64, 35.198975, 67, 713.53430, 72, 276.92603, 77, 29.312500, 83,         0,110,         1,116,         4
5EC,2019/05/27 20:22:00, 50, 4.8908768, 49,       128, 44,        93, 45,       126, 56, 34.311562, 64, 34.988403, 67, 713.53430, 72, 276.52109, 77, 29.406250, 83,         0,110,         1,116,         4
56C,2019/05/27 20:23:00, 50, 5.9921722, 49,       128, 44,        93, 45,       126, 56, 34.311562, 64, 35.183716, 67, 713.53430, 72, 276.92514, 77, 29.468750, 83,         0,110,         1,116,         4
59C,2019/05/27 20:24:00, 50, 4.4822311, 49,       128, 44,        93, 45,       126, 56, 34.311562, 64, 35.079956, 67, 713.53430, 72, 276.37506, 77, 29.468750, 83,         0,110,         1,116,         4
51C,2019/05/27 20:25:00, 50, 5.4869318, 49,       128, 44,        93, 45,       126, 56, 34.311562, 64, 35.049438, 67, 713.53430, 72, 276.50882, 77, 29.531250, 83,         0,110,         1,116,         4
59C,2019/05/27 20:26:00, 50, 5.9674635, 49,       128, 44,        93, 45,       126, 56, 34.311562, 64, 35.183716, 67, 713.53430, 72, 276.12622, 77, 29.562500, 83,         0,110,         1,116,         4
5AC,2019/05/27 20:27:00, 50, 5.8990717, 49,       128, 44,        93, 45,       126, 56, 34.311562, 64, 34.997559, 67, 713.53430, 72, 275.85770, 77, 29.593750, 83,         0,110,         1,116,         4
57C,2019/05/27 20:28:00, 50, 6.2556267, 49,       128, 44,        93, 45,       126, 56, 34.311562, 64, 35.217285, 67, 713.53430, 72, 275.68433, 77, 29.625000, 83,         0,110,         1,116,         4
51C,2019/05/27 20:29:00, 50, 5.7641134, 49,       128, 44,        93, 45,       126, 56, 34.311562, 64, 34.985352, 67, 713.53430, 72, 275.96506, 77, 29.687500, 83,         0,110,         1,116,         4
50C,2019/05/27 20:30:00, 50, 3.3197122, 49,       128, 44,        93, 45,       126, 56, 34.311562, 64, 35.211182, 67, 713.53430, 72, 276.24133, 77, 29.718750, 83,         0,110,         1,116,         4
50C,2019/05/27 20:31:00, 50, 1.2228291, 49,       128, 44,        93, 45,       126, 56, 34.311562, 64, 35.000610, 67, 713.53430, 72, 276.25104, 77, 29.781250, 83,         0,110,         1,116,         4
50C,2019/05/27 20:32:00, 50, 0.5348595, 49,       128, 44,        93, 45,       126, 56, 34.311562, 64, 35.183716, 67, 713.53430, 72, 276.25961, 77, 29.812500, 83,         0,110,         1,116,         4
5EC,2019/05/27 20:33:00, 50, 1.0549042, 49,       128, 44,        93, 45,       126, 56, 34.311562, 64, 35.003662, 67, 713.53430, 72, 276.23798, 77, 29.906250, 83,         0,110,         1,116,         4
52C,2019/05/27 20:34:00, 50,-0.3342366, 49,       128, 44,        93, 45,       126, 56, 34.311562, 64, 35.186768, 67, 713.53430, 72, 276.30200, 77, 29.968750, 83,         0,110,         1,116,         4
58C,2019/05/27 20:35:00, 50, 0.7283047, 49,       128, 44,        93, 45,       126, 56, 34.311562, 64, 34.991455, 67, 713.53430, 72, 276.34299, 77, 30.031250, 83,         0,110,         1,116,         4
52C,2019/05/27 20:36:00, 50,-1.4671059, 49,       128, 44,        93, 45,       126, 56, 34.311562, 64, 35.208130, 67, 713.53430, 72, 276.32959, 77, 30.093750, 83,         0,110,         1,116,         4
5BC,2019/05/27 20:37:00, 50,-1.4324663, 49,       128, 44,        93, 45,       126, 56, 34.311562, 64, 34.976196, 67, 713.53430, 72, 276.22903, 77, 30.187500, 83,         0,110,         1,116,         4
5AC,2019/05/27 20:38:00, 50,-0.8441174, 49,       128, 44,        93, 45,       126, 56, 34.311562, 64, 35.208130, 67, 713.53430, 72, 276.26041, 77, 30.218750, 83,         0,110,         1,116,         4
5BC,2019/05/27 20:39:00, 50, 1.4637053, 49,       128, 44,        93, 45,       126, 56, 34.311562, 64, 35.003662, 67, 713.53430, 72, 276.28876, 77, 30.312500, 83,         0,110,         1,116,         4
5AC,2019/05/27 20:40:00, 50, 0.4926045, 49,       128, 44,        93, 45,       126, 56, 34.311562, 64, 35.125732, 67, 713.53430, 72, 276.18823, 77, 30.375000, 83,         0,110,         1,116,         4
5FC,2019/05/27 20:41:00, 50, 0.8545412, 49,       128, 44,        93, 45,       126, 56, 34.311562, 64, 35.107422, 67, 713.53430, 72, 276.10437, 77, 30.437500, 83,         0,110,         1,116,         4
58C,2019/05/27 20:42:00, 50, 1.5998709, 49,       128, 44,        93, 45,       126, 56, 34.311562, 64, 34.991455, 67, 713.53430, 72, 275.88977, 77, 30.500000, 83,         0,110,         1,116,         4
52C,2019/05/27 20:43:00, 50, 1.2234261, 49,       128, 44,        93, 45,       126, 56, 34.311562, 64, 35.208130, 67, 713.53430, 72, 275.93127, 77, 30.562500, 83,         0,110,         1,116,         4
59C,2019/05/27 20:44:00, 50, 1.1655505, 49,       128, 44,        93, 45,       126, 56, 34.311562, 64, 35.025024, 67, 713.53430, 72, 276.01584, 77, 30.625000, 83,         0,110,         1,116,         4
5CC,2019/05/27 20:45:00, 50, 1.4150193, 49,       128, 44,        93, 45,       126, 56, 34.311562, 64, 35.076904, 67, 713.53430, 72, 276.09955, 77, 30.687500, 83,         0,110,         1,116,         4
52C,2019/05/27 20:46:00, 50, 3.1189389, 49,       128, 44,        93, 45,       126, 56, 34.311562, 64, 34.979248, 67, 713.53430, 72, 276.30621, 77, 30.781250, 83,         0,110,         1,116,         4
5BC,2019/05/27 20:47:00, 50, 3.8756981, 49,       128, 44,        93, 45,       126, 56, 34.311562, 64, 35.189819, 67, 713.53430, 72, 276.51291, 77, 30.812500, 83,         0,110,         1,116,         4
5DC,2019/05/27 20:48:00, 50, 3.8008971, 49,       128, 44,        93, 45,       126, 56, 34.311562, 64, 35.086060, 67, 713.53430, 72, 276.61539, 77, 30.875000, 83,         0,110,         1,116,         4
52C,2019/05/27 20:49:00, 50, 3.6368260, 49,       128, 44,        93, 45,       126, 56, 34.311562, 64, 34.982300, 67, 713.53430, 72, 276.45480, 77, 30.937500, 83,         0,110,         1,116,         4
57C,2019/05/27 20:50:00, 50, 4.6601276, 49,       128, 44,        93, 45,       126, 56, 34.311562, 64, 35.186768, 67, 713.53430, 72, 276.52542, 77, 31.000000, 83,         0,110,         1,116,         4
53C,2019/05/27 20:51:00, 50, 3.6307120, 49,       128, 44,        93, 45,       126, 56, 34.311562, 64, 35.104370, 67, 713.53430, 72, 276.48593, 77, 31.062500, 83,         0,110,         1,116,         4
58C,2019/05/27 20:52:00, 50, 4.1101694, 49,       128, 44,        93, 45,       126, 56, 34.311562, 64, 34.973145, 67, 713.53430, 72, 276.53702, 77, 31.093750, 83,         0,110,         1,116,         4
50C,2019/05/27 20:53:00, 50, 4.1794491, 49,       128, 44,        93, 45,       126, 56, 34.311562, 64, 35.119629, 67, 713.53430, 72, 276.38678, 77, 31.156250, 83,         0,110,         1,116,         4
50C,2019/05/27 20:54:00, 50, 4.8476076, 49,       128, 44,        93, 45,       126, 56, 34.311562, 64, 35.189819, 67, 713.53430, 72, 276.71671, 77, 31.218750, 83,         0,110,         1,116,         4
5BC,2019/05/27 20:55:00, 50, 4.9678288, 49,       128, 44,        93, 45,       126, 56, 34.311562, 64, 35.012817, 67, 713.53430, 72, 276.87885, 77, 31.281250, 83,         0,110,         1,116,         4
54C,2019/05/27 20:56:00, 50, 6.0757513, 49,       128, 44,        93, 45,       126, 56, 34.311562, 64, 35.189819, 67, 713.53430, 72, 276.79196, 77, 31.312500, 83,         0,110,         1,116,         4
5BC,2019/05/27 20:57:00, 50, 4.5457611, 49,       128, 44,        93, 45,       126, 56, 34.311562, 64, 35.144043, 67, 713.53430, 72, 276.58765, 77, 31.375000, 83,         0,110,         1,116,         4
5BC,2019/05/27 20:58:00, 50, 4.5785542, 49,       128, 44,        93, 45,       126, 56, 34.311562, 64, 34.994507, 67, 712.18445, 72, 276.62839, 77, 31.406250, 83,         0,110,         1,116,         4
5EC,2019/05/27 20:59:00, 50, 4.0341063, 49,       128, 44,        93, 45,       126, 56, 34.311562, 64, 35.009766, 67, 712.18445, 72, 276.60953, 77, 31.468750, 83,         0,110,         1,116,         4
57C,2019/05/27 21:00:00, 50, 2.6756005, 49,       128, 44,        93, 45,       126, 56, 34.311562, 64, 35.171509, 67, 712.18445, 72, 276.62131, 77, 31.500000, 83,         0,110,         1,116,         4
5FC,2019/05/27 21:01:00, 50, 2.4349656, 49,       128, 44,        93, 45,       126, 56, 34.311562, 64, 35.174561, 67, 712.18445, 72, 276.48880, 77, 31.562500, 83,         0,110,         1,116,         4
5FC,2019/05/27 21:02:00, 50, 3.0416527, 49,       128, 44,        93, 45,       126, 56, 34.311562, 64, 35.037231, 67, 712.18445, 72, 276.41794, 77, 31.593750, 83,         0,110,         1,116,         4
52C,2019/05/27 21:03:00, 50, 2.6762557, 49,       128, 44,        93, 45,       126, 56, 34.311562, 64, 34.970093, 67, 712.18445, 72, 276.28171, 77, 31.656250, 83,         0,110,         1,116,         4
58C,2019/05/27 21:04:00, 50, 2.7528229, 49,       128, 44,        93, 45,       126, 56, 34.311562, 64, 35.018921, 67, 712.18445, 72, 276.25095, 77, 31.687500, 83,         0,110,         1,116,         4
58C,2019/05/27 21:05:00, 50, 3.1050353, 49,       128, 44,        93, 45,       126, 56, 34.311562, 64, 35.162354, 67, 712.18445, 72, 276.37946, 77, 31.718750, 83,         0,110,         1,116,         4
5AC,2019/05/27 21:06:00, 50, 2.2173080, 49,       128, 44,        93, 45,       126, 56, 34.311562, 64, 35.192871, 67, 712.18445, 72, 276.67413, 77, 31.781250, 83,         0,110,         1,116,         4
53C,2019/05/27 21:07:00, 50, 1.7313299, 49,       128, 44,        93, 45,       126, 56, 34.311562, 64, 35.092163, 67, 712.18445, 72, 276.56931, 77, 31.843750, 83,         0,110,         1,116,         4
5EC,2019/05/27 21:08:00, 50, 2.7672896, 49,       128, 44,        93, 45,       126, 56, 34.311562, 64, 35.003662, 67, 712.18445, 72, 276.51260, 77, 31.843750, 83,         0,110,         1,116,         4
5DC,2019/05/27 21:09:00, 50, 2.9144630, 49,       128, 44,        93, 45,       126, 56, 34.311562, 64, 34.967041, 67, 712.18445, 72, 276.32544, 77, 31.906250, 83,         0,110,         1,116,         4
51C,2019/05/27 21:10:00, 50, 5.0061140, 49,       128, 44,        93, 45,       126, 56, 34.311562, 64, 34.991455, 67, 712.18445, 72, 276.40994, 77, 31.937500, 83,         0,110,         1,116,         4
57C,2019/05/27 21:11:00, 50, 4.3766041, 49,       128, 44,        93, 45,       126, 56, 34.311562, 64, 35.086060, 67, 712.18445, 72, 276.36124, 77, 32.000000, 83,         0,110,         1,116,         4
5BC,2019/05/27 21:12:00, 50, 4.4190855, 49,       128, 44,        93, 45,       126, 56, 34.311562, 64, 35.156250, 67, 712.18445, 72, 276.41702, 77, 32.031250, 83,         0,110,         1,116,         4
5EC,2019/05/27 21:13:00, 50, 4.3740368, 49,       128, 44,        93, 45,       126, 56, 34.311562, 64, 35.192871, 67, 712.18445, 72, 277.46582, 77, 32.031250, 83,         0,110,         1,116,         4
5CC,2019/05/27 21:14:00, 50, 4.1060724, 49,       128, 44,        93, 45,       126, 56, 34.311562, 64, 35.202026, 67, 712.18445, 72, 277.54565, 77, 32.062500, 83,         0,110,         1,116,         4
50C,2019/05/27 21:15:00, 50, 2.9710155, 49,       128, 44,        93, 45,       126, 56, 34.311562, 64, 35.174561, 67, 712.18445, 72, 277.53818, 77, 32.125000, 83,         0,110,         1,116,         4
55C,2019/05/27 21:16:00, 50, 5.0287676, 49,       128, 44,        93, 45,       126, 56, 34.311562, 64, 35.116577, 67, 712.18445, 72, 277.50711, 77, 32.156250, 83,         0,110,         1,116,         4
5CC,2019/05/27 21:17:00, 50, 4.9285088, 49,       128, 44,        93, 45,       126, 56, 34.311562, 64, 35.046387, 67, 712.18445, 72, 277.61542, 77, 32.187500, 83,         0,110,         1,116,         4
52C,2019/05/27 21:18:00, 50, 5.5187168, 49,       128, 44,        93, 45,       126, 56, 34.311562, 64, 35.006714, 67, 712.18445, 72, 277.61768, 77, 32.218750, 83,         0,110,         1,116,         4
52C,2019/05/27 21:19:00, 50, 5.3831406, 49,       128, 44,        93, 45,       126, 56, 34.311562, 64, 34.997559, 67, 712.18445, 72, 277.55612, 77, 32.250000, 83,         0,110,         1,116,         4
51C,2019/05/27 21:20:00, 50, 5.8328085, 49,       128, 44,        93, 45,       126, 56, 34.311562, 64, 34.985352, 67, 712.18445, 72, 277.51740, 77, 32.312500, 83,         0,110,         1,116,         4
5EC,2019/05/27 21:21:00, 50, 4.7685432, 49,       128, 44,        93, 45,       126, 56, 34.311562, 64, 34.979248, 67, 712.18445, 72, 277.33557, 77, 32.343750, 83,         0,110,         1,116,         4
52C,2019/05/27 21:22:00, 50, 4.0218287, 49,       128, 44,        93, 45,       126, 56, 34.311562, 64, 34.967041, 67, 712.18445, 72, 277.35544, 77, 32.343750, 83,         0,110,         1,116,         4
51C,2019/05/27 21:23:00, 50, 3.8980689, 49,       128, 44,        93, 45,       126, 56, 34.311562, 64, 34.963989, 67, 712.18445, 72, 277.35233, 77, 32.406250, 83,         0,110,         1,116,         4
5FC,2019/05/27 21:24:00, 50, 4.2022543, 49,       128, 44,        93, 45,       126, 56, 34.311562, 64, 34.960937, 67, 712.18445, 72, 277.57312, 77, 32.437500, 83,         0,110,         1,116,         4
52C,2019/05/27 21:25:00, 50, 4.6598663, 49,       128, 44,        93, 45,       126, 56, 34.311562, 64, 34.963989, 67, 712.18445, 72, 278.18893, 77, 32.468750, 83,         0,110,         1,116,         4
5EC,2019/05/27 21:26:00, 50, 5.0898819, 49,       128, 44,        93, 45,       126, 56, 34.311562, 64, 34.967041, 67, 712.18445, 72, 277.68793, 77, 32.531250, 83,         0,110,         1,116,         4
52C,2019/05/27 21:27:00, 50, 5.9742889, 49,       128, 44,        93, 45,       126, 56, 34.311562, 64, 34.979248, 67, 712.18445, 72, 277.87558, 77, 32.500000, 83,         0,110,         1,116,         4
5FC,2019/05/27 21:28:00, 50, 6.1772566, 49,       128, 44,        93, 45,       126, 56, 34.311562, 64, 34.991455, 67, 712.18445, 72, 278.52863, 77, 32.593750, 83,         0,110,         1,116,         4
55C,2019/05/27 21:29:00, 50, 5.5096493, 49,       128, 44,        93, 45,       126, 56, 34.311562, 64, 35.021973, 67, 712.18445, 72, 278.45676, 77, 32.625000, 83,         0,110,         1,116,         4
5BC,2019/05/27 21:30:00, 50, 6.8449430, 49,       128, 44,        93, 45,       126, 56, 34.311562, 64, 35.070801, 67, 712.18445, 72, 277.95691, 77, 32.593750, 83,         0,110,         1,116,         4
56C,2019/05/27 21:31:00, 50, 7.1760473, 49,       128, 44,        93, 45,       126, 56, 34.311562, 64, 35.119629, 67, 712.18445, 72, 278.00641, 77, 32.656250, 83,         0,110,         1,116,         4
55C,2019/05/27 21:32:00, 50, 6.8809853, 49,       128, 44,        93, 45,       126, 56, 34.311562, 64, 35.159302, 67, 712.18445, 72, 278.09192, 77, 32.718750, 83,         0,110,         1,116,         4
53C,2019/05/27 21:33:00, 50, 7.3338547, 49,       128, 44,        93, 45,       126, 56, 34.311562, 64, 35.189819, 67, 712.18445, 72, 278.05350, 77, 32.718750, 83,         0,110,         1,116,         4
55C,2019/05/27 21:34:00, 50, 6.5627766, 49,       128, 44,        93, 45,       126, 56, 34.311562, 64, 35.180664, 67, 712.18445, 72, 278.26556, 77, 32.687500, 83,         0,110,         1,116,         4
53C,2019/05/27 21:35:00, 50, 7.2585020, 49,       128, 44,        93, 45,       126, 56, 34.311562, 64, 35.101318, 67, 712.18445, 72, 278.47711, 77, 32.750000, 83,         0,110,         1,116,         4
5AC,2019/05/27 21:36:00, 50, 7.2344618, 49,       128, 44,        93, 45,       126, 56, 34.311562, 64, 35.009766, 67, 712.18445, 72, 278.54904, 77, 32.750000, 83,         0,110,         1,116,         4
53C,2019/05/27 21:37:00, 50, 6.5977993, 49,       128, 44,        93, 45,       126, 56, 34.311562, 64, 34.960937, 67, 712.18445, 72, 278.60751, 77, 32.812500, 83,         0,110,         1,116,         4
5BC,2019/05/27 21:38:01, 50, 6.2264843, 49,       128, 44,        93, 45,       126, 56, 34.311562, 64, 35.125732, 67, 712.18445, 72, 278.71246, 77, 32.875000, 83,         0,110,         1,116,         4
51C,2019/05/27 21:39:00, 50, 7.0119658, 49,       128, 44,        93, 45,       126, 56, 34.311562, 64, 35.092163, 67, 712.18445, 72, 278.39993, 77, 32.812500, 83,         0,110,         1,116,         4
5FC,2019/05/27 21:40:00, 50, 8.0923042, 49,       128, 44,        93, 45,       126, 56, 34.311562, 64, 35.031128, 67, 712.18445, 72, 278.73792, 77, 32.875000, 83,         0,110,         1,116,         4
53C,2019/05/27 21:41:00, 50, 9.1389904, 49,       128, 44,        93, 45,       126, 56, 34.311562, 64, 35.018921, 67, 712.18445, 72, 278.85742, 77, 32.906250, 83,         0,110,         1,116,         4
52C,2019/05/27 21:42:00, 50, 8.0981884, 49,       128, 44,        93, 45,       126, 56, 34.311562, 64, 35.079956, 67, 712.18445, 72, 278.90784, 77, 32.937500, 83,         0,110,         1,116,         4
57C,2019/05/27 21:43:00, 50, 7.2587814, 49,       128, 44,        93, 45,       126, 56, 34.311562, 64, 35.134888, 67, 712.18445, 72, 278.92343, 77, 32.968750, 83,         0,110,         1,116,         4
5FC,2019/05/27 21:44:00, 50, 7.0566683, 49,       128, 44,        93, 45,       126, 56, 34.311562, 64, 35.113525, 67, 712.18445, 72, 279.19290, 77, 32.968750, 83,         0,110,         1,116,         4
5EC,2019/05/27 21:45:00, 50, 8.7505894, 49,       128, 44,        93, 45,       126, 56, 34.311562, 64, 35.043335, 67, 712.18445, 72, 279.18094, 77, 33.031250, 83,         0,110,         1,116,         4
5BC,2019/05/27 21:46:00, 50, 7.3772268, 49,       128, 44,        93, 45,       126, 56, 34.311562, 64, 35.015869, 67, 712.18445, 72, 278.96768, 77, 33.062500, 83,         0,110,         1,116,         4
5EC,2019/05/27 21:47:00, 50, 5.5834274, 49,       128, 44,        93, 45,       126, 56, 34.311562, 64, 35.089111, 67, 712.18445, 72, 278.91904, 77, 33.062500, 83,         0,110,         1,116,         4
59C,2019/05/27 21:48:00, 50, 6.7686281, 49,       128, 44,        93, 45,       126, 56, 34.311562, 64, 35.134888, 67, 712.18445, 72, 278.83276, 77, 33.125000, 83,         0,110,         1,116,         4
5FC,2019/05/27 21:49:00, 50, 4.6043854, 49,       128, 44,        93, 45,       126, 56, 34.311562, 64, 35.073853, 67, 712.18445, 72, 278.93890, 77, 33.093750, 83,         0,110,         1,116,         4
5DC,2019/05/27 21:50:00, 50, 6.2771244, 49,       128, 44,        93, 45,       126, 56, 34.311562, 64, 35.015869, 67, 712.18445, 72, 278.93466, 77, 33.156250, 83,         0,110,         1,116,         4
56C,2019/05/27 21:51:00, 50, 6.3375912, 49,       128, 44,        93, 45,       126, 56, 34.311562, 64, 35.110474, 67, 712.18445, 72, 278.87668, 77, 33.187500, 83,         0,110,         1,116,         4
55C,2019/05/27 21:52:00, 50, 4.4274035, 49,       128, 44,        93, 45,       126, 56, 34.311562, 64, 35.025024, 67, 712.18445, 72, 278.98669, 77, 33.187500, 83,         0,110,         1,116,         4
5AC,2019/05/27 21:53:00, 50, 5.5258980, 49,       128, 44,        93, 45,       126, 56, 34.311562, 64, 35.119629, 67, 712.18445, 72, 279.12585, 77, 33.187500, 83,         0,110,         1,116,         4
5BC,2019/05/27 21:54:00, 50, 5.5387182, 49,       128, 44,        93, 45,       126, 56, 34.311562, 64, 35.113525, 67, 712.18445, 72, 279.22672, 77, 33.218750, 83,         0,110,         1,116,         4
59C,2019/05/27 21:55:00, 50, 5.7851429, 49,       128, 44,        93, 45,       126, 56, 34.311562, 64, 35.015869, 67, 712.18445, 72, 279.25629, 77, 33.250000, 83,         0,110,         1,116,         4
52C,2019/05/27 21:56:00, 50, 5.6590471, 49,       128, 44,        93, 45,       126, 56, 34.311562, 64, 35.089111, 67, 712.18445, 72, 279.25809, 77, 33.281250, 83,         0,110,         1,116,         4
55C,2019/05/27 21:57:00, 50, 7.1091328, 49,       128, 44,        93, 45,       126, 56, 34.311562, 64, 35.122681, 67, 712.18445, 72, 279.36954, 77, 33.312500, 83,         0,110,         1,116,         4
51C,2019/05/27 21:58:00, 50, 6.8722277, 49,       128, 44,        93, 45,       126, 56, 34.311562, 64, 35.018921, 67, 712.18445, 72, 279.07303, 77, 33.312500, 83,         0,110,         1,116,         4
5DC,2019/05/27 21:59:00, 50, 5.7534161, 49,       128, 44,        93, 45,       126, 56, 34.311562, 64, 35.049438, 67, 712.18445, 72, 279.23352, 77, 33.343750, 83,         0,110,         1,116,         4
5CC,2019/05/27 22:00:00, 50, 6.4793167, 49,       128, 44,        93, 45,       126, 56, 34.311562, 64, 35.067749, 67, 712.18445, 72, 279.26181, 77, 33.375000, 83,         0,110,         1,116,         4
5AC,2019/05/27 22:01:00, 50, 6.5871696, 49,       128, 44,        93, 45,       126, 56, 34.311562, 64, 35.122681, 67, 712.18445, 72, 279.30460, 77, 33.406250, 83,         0,110,         1,116,         4
55C,2019/05/27 22:02:00, 50, 6.7840118, 49,       128, 44,        93, 45,       126, 56, 34.311562, 64, 35.015869, 67, 712.18445, 72, 279.53513, 77, 33.406250, 83,         0,110,         1,116,         4
56C,2019/05/27 22:03:00, 50, 6.1735620, 49,       128, 44,        93, 45,       126, 56, 34.311562, 64, 35.122681, 67, 712.18445, 72, 279.64218, 77, 33.437500, 83,         0,110,         1,116,         4
58C,2019/05/27 22:04:00, 50, 6.6737585, 49,       128, 44,        93, 45,       126, 56, 34.311562, 64, 35.089111, 67, 712.18445, 72, 279.59116, 77, 33.468750, 83,         0,110,         1,116,         4
53C,2019/05/27 22:05:00, 50, 8.0061035, 49,       128, 44,        93, 45,       126, 56, 34.311562, 64, 35.040283, 67, 712.18445, 72, 279.52621, 77, 33.500000, 83,         0,110,         1,116,         4
51C,2019/05/27 22:06:00, 50, 6.0467978, 49,       128, 44,        93, 45,       126, 56, 34.311562, 64, 35.122681, 67, 712.18445, 72, 279.51080, 77, 33.500000, 83,         0,110,         1,116,         4
53C,2019/05/27 22:07:00, 50, 6.0570765, 49,       128, 44,        93, 45,       126, 56, 34.311562, 64, 35.009766, 67, 712.18445, 72, 279.59512, 77, 33.500000, 83,         0,110,         1,116,         4
57C,2019/05/27 22:08:00, 50, 6.0179539, 49,       128, 44,        93, 45,       126, 56, 34.311562, 64, 35.131836, 67, 712.18445, 72, 279.50214, 77, 33.531250, 83,         0,110,         1,116,         4
50C,2019/05/27 22:09:00, 50, 7.0260773, 49,       128, 44,        93, 45,       126, 56, 34.311562, 64, 35.018921, 67, 712.18445, 72, 279.50824, 77, 33.562500, 83,         0,110,         1,116,         4
59C,2019/05/27 22:10:00, 50, 7.4383802, 49,       128, 44,        93, 45,       126, 56, 34.311562, 64, 35.107422, 67, 712.18445, 72, 279.56055, 77, 33.593750, 83,         0,110,         1,116,         4
52C,2019/05/27 22:11:00, 50, 6.6345196, 49,       128, 44,        93, 45,       126, 56, 34.311562, 64, 35.079956, 67, 712.18445, 72, 279.67245, 77, 33.593750, 83,         0,110,         1,116,         4
5AC,2019/05/27 22:12:00, 50, 5.9716873, 49,       128, 44,        93, 45,       126, 56, 34.311562, 64, 35.073853, 67, 712.18445, 72, 279.55597, 77, 33.593750, 83,         0,110,         1,116,         4
5BC,2019/05/27 22:13:00, 50, 5.5775385, 49,       128, 44,        93, 45,       126, 56, 34.311562, 64, 35.104370, 67, 712.18445, 72, 280.01303, 77, 33.625000, 83,         0,110,         1,116,         4
55C,2019/05/27 22:14:00, 50, 6.7716570, 49,       128, 44,        93, 45,       126, 56, 34.311562, 64, 34.970093, 67, 712.18445, 72, 280.03421, 77, 33.625000, 83,         0,110,         1,116,         4
58C,2019/05/27 22:15:00, 50, 7.8870430, 49,       128, 44,        93, 45,       126, 56, 34.311562, 64, 34.985352, 67, 712.18445, 72, 280.11658, 77, 33.656250, 83,         0,110,         1,116,         4
51C,2019/05/27 22:16:00, 50, 6.6735744, 49,       128, 44,        93, 45,       126, 56, 34.311562, 64, 35.137939, 67, 712.18445, 72, 280.18842, 77, 33.656250, 83,         0,110,         1,116,         4
5DC,2019/05/27 22:17:00, 50, 6.3441601, 49,       128, 44,        93, 45,       126, 56, 34.311562, 64, 34.988403, 67, 712.18445, 72, 280.17871, 77, 33.687500, 83,         0,110,         1,116,         4
57C,2019/05/27 22:18:00, 50, 5.7198820, 49,       128, 44,        93, 45,       126, 56, 34.311562, 64, 35.040283, 67, 712.18445, 72, 280.00433, 77, 33.687500, 83,         0,110,         1,116,         4
5FC,2019/05/27 22:19:00, 50, 5.5612516, 49,       128, 44,        93, 45,       126, 56, 34.311562, 64, 35.110474, 67, 712.18445, 72, 279.95471, 77, 33.718750, 83,         0,110,         1,116,         4
5DC,2019/05/27 22:20:00, 50, 5.4096670, 49,       128, 44,        93, 45,       126, 56, 34.311562, 64, 35.052490, 67, 712.18445, 72, 279.53586, 77, 33.750000, 83,         0,110,         1,116,         4
5FC,2019/05/27 22:21:00, 50, 6.7918549, 49,       128, 44,        93, 45,       126, 56, 34.311562, 64, 35.101318, 67, 712.18445, 72, 279.17981, 77, 33.718750, 83,         0,110,         1,116,         4
5DC,2019/05/27 22:22:00, 50, 6.3157454, 49,       128, 44,        93, 45,       126, 56, 34.311562, 64, 35.073853, 67, 712.18445, 72, 279.20441, 77, 33.750000, 83,         0,110,         1,116,         4
59C,2019/05/27 22:23:00, 50, 6.9673328, 49,       128, 44,        93, 45,       126, 56, 34.311562, 64, 34.973145, 67, 712.18445, 72, 279.28143, 77, 33.781250, 83,         0,110,         1,116,         4
5AC,2019/05/27 22:24:00, 50, 6.6768389, 49,       128, 44,        93, 45,       126, 56, 34.311562, 64, 35.131836, 67, 712.18445, 72, 279.33612, 77, 33.781250, 83,         0,110,         1,116,         4
51C,2019/05/27 22:25:00, 50, 6.7963734, 49,       128, 44,        93, 45,       126, 56, 34.311562, 64, 35.009766, 67, 712.18445, 72, 279.60492, 77, 33.781250, 83,         0,110,         1,116,         4
5CC,2019/05/27 22:26:00, 50, 7.6969013, 49,       128, 44,        93, 45,       126, 56, 34.311562, 64, 34.957886, 67, 712.18445, 72, 279.71936, 77, 33.812500, 83,         0,110,         1,116,         4
54C,2019/05/27 22:27:00, 50, 7.4934664, 49,       128, 44,        93, 45,       126, 56, 34.311562, 64, 35.189819, 67, 712.18445, 72, 279.79782, 77, 33.812500, 83,         0,110,         1,116,         4
57C,2019/05/27 22:28:00, 50, 6.7797775, 49,       128, 44,        93, 45,       126, 56, 34.311562, 64, 34.976196, 67, 712.18445, 72, 279.88690, 77, 33.843750, 83,         0,110,         1,116,         4
5EC,2019/05/27 22:29:00, 50, 5.9293432, 49,       128, 44,        93, 45,       126, 56, 34.311562, 64, 35.046387, 67, 712.18445, 72, 279.81830, 77, 33.843750, 83,         0,110,         1,116,         4
5AC,2019/05/27 22:30:00, 50, 6.6912432, 49,       128, 44,        93, 45,       126, 56, 34.311562, 64, 35.058594, 67, 712.18445, 72, 279.68637, 77, 33.875000, 83,         0,110,         1,116,         4
5AC,2019/05/27 22:31:00, 50, 8.2274017, 49,       128, 44,        93, 45,       126, 56, 34.311562, 64, 35.128784, 67, 712.18445, 72, 279.68848, 77, 33.875000, 83,         0,110,         1,116,         4
54C,2019/05/27 22:32:00, 50, 8.5892944, 49,       128, 44,        93, 45,       126, 56, 34.311562, 64, 35.015869, 67, 712.18445, 72, 279.66916, 77, 33.875000, 83,         0,110,         1,116,         4
56C,2019/05/27 22:33:00, 50, 7.4881468, 49,       128, 44,        93, 45,       126, 56, 34.311562, 64, 35.107422, 67, 712.18445, 72, 279.29749, 77, 33.906250, 83,         0,110,         1,116,         4
52C,2019/05/27 22:34:00, 50, 9.4099045, 49,       128, 44,        93, 45,       126, 56, 34.311562, 64, 35.009766, 67, 712.18445, 72, 279.27780, 77, 33.906250, 83,         0,110,         1,116,         4
5DC,2019/05/27 22:35:00, 50, 8.4057693, 49,       128, 44,        93, 45,       126, 56, 34.311562, 64, 35.107422, 67, 712.18445, 72, 279.35202, 77, 33.937500, 83,         0,110,         1,116,         4
50C,2019/05/27 22:36:00, 50, 7.6491232, 49,       128, 44,        93, 45,       126, 56, 34.311562, 64, 35.107422, 67, 712.18445, 72, 279.45511, 77, 33.937500, 83,         0,110,         1,116,         4
5AC,2019/05/27 22:37:00, 50, 6.9477634, 49,       128, 44,        93, 45,       126, 56, 34.311562, 64, 35.107422, 67, 712.18445, 72, 279.50970, 77, 33.937500, 83,         0,110,         1,116,         4
50C,2019/05/27 22:38:00, 50, 6.2554817, 49,       128, 44,        93, 45,       126, 56, 34.311562, 64, 35.107422, 67, 712.18445, 72, 279.75702, 77, 33.968750, 83,         0,110,         1,116,         4
51C,2019/05/27 22:39:00, 50, 6.6586542, 49,       128, 44,        93, 45,       126, 56, 34.311562, 64, 35.107422, 67, 712.18445, 72, 279.54257, 77, 33.968750, 83,         0,110,         1,116,         4
59C,2019/05/27 22:40:00, 50, 5.9383402, 49,       128, 44,        93, 45,       126, 56, 34.311562, 64, 35.104370, 67, 712.18445, 72, 279.49133, 77, 34.000000, 83,         0,110,         1,116,         4
52C,2019/05/27 22:41:00, 50, 6.0715160, 49,       128, 44,        93, 45,       126, 56, 34.311562, 64, 35.104370, 67, 712.18445, 72, 279.63089, 77, 33.968750, 83,         0,110,         1,116,         4
5BC,2019/05/27 22:42:00, 50, 6.8565884, 49,       128, 44,        93, 45,       126, 56, 34.311562, 64, 35.107422, 67, 712.18445, 72, 279.47415, 77, 33.968750, 83,         0,110,         1,116,         4
59C,2019/05/27 22:43:00, 50, 8.4862041, 49,       128, 44,        93, 45,       126, 56, 34.311562, 64, 35.110474, 67, 712.18445, 72, 279.45490, 77, 33.968750, 83,         0,110,         1,116,         4
56C,2019/05/27 22:44:00, 50, 8.8740406, 49,       128, 44,        93, 45,       126, 56, 34.311562, 64, 35.119629, 67, 712.18445, 72, 279.44427, 77, 34.000000, 83,         0,110,         1,116,         4
5BC,2019/05/27 22:45:00, 50, 10.661915, 49,       128, 44,        93, 45,       126, 56, 34.311562, 64, 35.092163, 67, 712.18445, 72, 279.38818, 77, 34.000000, 83,         0,110,         1,116,         4
54C,2019/05/27 22:46:00, 50, 9.8842926, 49,       128, 44,        93, 45,       126, 56, 34.311562, 64, 35.012817, 67, 712.18445, 72, 279.15479, 77, 34.031250, 83,         0,110,         1,116,         4
58C,2019/05/27 22:47:00, 50, 9.8608036, 49,       128, 44,        93, 45,       126, 56, 34.311562, 64, 35.064697, 67, 712.18445, 72, 279.20538, 77, 34.031250, 83,         0,110,         1,116,         4
5FC,2019/05/27 22:48:00, 50, 9.1684151, 49,       128, 44,        93, 45,       126, 56, 34.311562, 64, 35.104370, 67, 712.18445, 72, 279.17026, 77, 34.031250, 83,         0,110,         1,116,         4
55C,2019/05/27 22:49:00, 50, 10.268131, 49,       128, 44,        93, 45,       126, 56, 34.311562, 64, 35.107422, 67, 712.18445, 72, 278.99893, 77, 34.031250, 83,         0,110,         1,116,         4
58C,2019/05/27 22:50:00, 50, 10.673641, 49,       128, 44,        93, 45,       126, 56, 34.311562, 64, 35.104370, 67, 712.18445, 72, 278.70782, 77, 34.031250, 83,         0,110,         1,116,         4
58C,2019/05/27 22:51:00, 50, 10.026026, 49,       128, 44,        93, 45,       126, 56, 34.311562, 64, 35.104370, 67, 712.18445, 72, 278.64923, 77, 34.031250, 83,         0,110,         1,116,         4
5FC,2019/05/27 22:52:00, 50, 10.542830, 49,       128, 44,        93, 45,       126, 56, 34.311562, 64, 35.107422, 67, 712.18445, 72, 278.57672, 77, 34.062500, 83,         0,110,         1,116,         4
56C,2019/05/27 22:53:00, 50, 9.6106701, 49,       128, 44,        93, 45,       126, 56, 34.311562, 64, 35.110474, 67, 712.18445, 72, 278.52792, 77, 34.062500, 83,         0,110,         1,116,         4
59C,2019/05/27 22:54:00, 50, 9.0656605, 49,       128, 44,        93, 45,       126, 56, 34.311562, 64, 35.125732, 67, 712.18445, 72, 278.36911, 77, 34.093750, 83,         0,110,         1,116,         4
59C,2019/05/27 22:55:00, 50, 9.2876511, 49,       128, 44,        93, 45,       126, 56, 34.311562, 64, 35.089111, 67, 712.18445, 72, 278.23444, 77, 34.093750, 83,         0,110,         1,116,         4
5DC,2019/05/27 22:56:00, 50, 9.1948624, 49,       128, 44,        93, 45,       126, 56, 34.311562, 64, 35.028076, 67, 712.18445, 72, 278.41492, 77, 34.062500, 83,         0,110,         1,116,         4
57C,2019/05/27 22:57:00, 50, 10.025997, 49,       128, 44,        93, 45,       126, 56, 34.311562, 64, 35.009766, 67, 712.18445, 72, 278.30893, 77, 34.093750, 83,         0,110,         1,116,         4
59C,2019/05/27 22:58:00, 50, 8.9156246, 49,       128, 44,        93, 45,       126, 56, 34.311562, 64, 35.052490, 67, 712.18445, 72, 278.17145, 77, 34.093750, 83,         0,110,         1,116,         4
54C,2019/05/27 22:59:00, 50, 8.7738724, 49,       128, 44,        93, 45,       126, 56, 34.311562, 64, 35.101318, 67, 712.18445, 72, 278.16299, 77, 34.125000, 83,         0,110,         1,116,         4
58C,2019/05/27 23:00:00, 50, 8.2652206, 49,       128, 44,        93, 45,       126, 56, 34.311562, 64, 35.104370, 67, 712.18445, 72, 278.40549, 77, 34.093750, 83,         0,110,         1,116,         4
54C,2019/05/27 23:01:00, 50, 7.7475481, 49,       128, 44,        93, 45,       126, 56, 34.311562, 64, 35.101318, 67, 712.18445, 72, 278.38757, 77, 34.093750, 83,         0,110,         1,116,         4
5AC,2019/05/27 23:02:00, 50, 9.0014706, 49,       128, 44,        93, 45,       126, 56, 34.311562, 64, 35.098267, 67, 712.18445, 72, 278.17014, 77, 34.125000, 83,         0,110,         1,116,         4
55C,2019/05/27 23:03:00, 50, 7.8721037, 49,       128, 44,        93, 45,       126, 56, 34.311562, 64, 35.101318, 67, 712.18445, 72, 278.06561, 77, 34.156250, 83,         0,110,         1,116,         4
5CC,2019/05/27 23:04:00, 50, 8.3814487, 49,       128, 44,        93, 45,       126, 56, 34.311562, 64, 35.104370, 67, 712.18445, 72, 278.11099, 77, 34.125000, 83,         0,110,         1,116,         4
58C,2019/05/27 23:05:00, 50, 10.419197, 49,       128, 44,        93, 45,       126, 56, 34.311562, 64, 35.101318, 67, 712.18445, 72, 278.18967, 77, 34.125000, 83,         0,110,         1,116,         4
51C,2019/05/27 23:06:00, 50, 9.6180134, 49,       128, 44,        93, 45,       126, 56, 34.311562, 64, 35.098267, 67, 712.18445, 72, 278.24127, 77, 34.156250, 83,         0,110,         1,116,         4
52C,2019/05/27 23:07:00, 50, 9.2305069, 49,       128, 44,        93, 45,       126, 56, 34.311562, 64, 35.098267, 67, 712.18445, 72, 278.19687, 77, 34.125000, 83,         0,110,         1,116,         4
55C,2019/05/27 23:08:00, 50, 10.055370, 49,       128, 44,        93, 45,       126, 56, 34.311562, 64, 35.098267, 67, 712.18445, 72, 278.17694, 77, 34.156250, 83,         0,110,         1,116,         4
50C,2019/05/27 23:09:00, 50, 9.2165070, 49,       128, 44,        93, 45,       126, 56, 34.311562, 64, 35.098267, 67, 712.18445, 72, 278.01257, 77, 34.125000, 83,         0,110,         1,116,         4
5BC,2019/05/27 23:10:00, 50, 10.183538, 49,       128, 44,        93, 45,       126, 56, 34.311562, 64, 35.101318, 67, 712.18445, 72, 277.98804, 77, 34.156250, 83,         0,110,         1,116,         4
5FC,2019/05/27 23:11:00, 50, 7.5793066, 49,       128, 44,        93, 45,       126, 56, 34.311562, 64, 35.098267, 67, 712.18445, 72, 277.94632, 77, 34.156250, 83,         0,110,         1,116,         4
52C,2019/05/27 23:12:00, 50, 7.0231724, 49,       128, 44,        93, 45,       126, 56, 34.311562, 64, 35.101318, 67, 712.18445, 72, 277.74954, 77, 34.187500, 83,         0,110,         1,116,         4
5AC,2019/05/27 23:13:00, 50, 6.7664108, 49,       128, 44,        93, 45,       126, 56, 34.311562, 64, 35.101318, 67, 712.18445, 72, 277.97372, 77, 34.187500, 83,         0,110,         1,116,         4
5FC,2019/05/27 23:14:00, 50, 7.7874355, 49,       128, 44,        93, 45,       126, 56, 34.311562, 64, 35.104370, 67, 712.18445, 72, 277.74060, 77, 34.187500, 83,         0,110,         1,116,         4
53C,2019/05/27 23:15:00, 50, 7.7800398, 49,       128, 44,        93, 45,       126, 56, 34.311562, 64, 35.101318, 67, 712.18445, 72, 277.86670, 77, 34.156250, 83,         0,110,         1,116,         4
51C,2019/05/27 23:16:00, 50, 6.8379869, 49,       128, 44,        93, 45,       126, 56, 34.311562, 64, 35.098267, 67, 712.18445, 72, 277.89108, 77, 34.156250, 83,         0,110,         1,116,         4
57C,2019/05/27 23:17:00, 50, 7.7136412, 49,       128, 44,        93, 45,       126, 56, 34.311562, 64, 35.098267, 67, 712.18445, 72, 277.71231, 77, 34.187500, 83,         0,110,         1,116,         4
5FC,2019/05/27 23:18:00, 50, 8.3643932, 49,       128, 44,        93, 45,       126, 56, 34.311562, 64, 35.098267, 67, 712.18445, 72, 277.71710, 77, 34.187500, 83,         0,110,         1,116,         4
58C,2019/05/27 23:19:00, 50, 10.004234, 49,       128, 44,        93, 45,       126, 56, 34.311562, 64, 35.098267, 67, 712.18445, 72, 277.80792, 77, 34.187500, 83,         0,110,         1,116,         4
58C,2019/05/27 23:20:00, 50, 10.791620, 49,       128, 44,        93, 45,       126, 56, 34.311562, 64, 35.095215, 67, 712.18445, 72, 277.72922, 77, 34.187500, 83,         0,110,         1,116,         4
5CC,2019/05/27 23:21:00, 50, 8.6472206, 49,       128, 44,        93, 45,       126, 56, 34.311562, 64, 35.098267, 67, 712.18445, 72, 277.48914, 77, 34.187500, 83,         0,110,         1,116,         4
5CC,2019/05/27 23:22:00, 50, 9.1449623, 49,       128, 44,        93, 45,       126, 56, 34.311562, 64, 35.098267, 67, 712.18445, 72, 277.48941, 77, 34.156250, 83,         0,110,         1,116,         4
59C,2019/05/27 23:23:00, 50, 8.9632549, 49,       128, 44,        93, 45,       126, 56, 34.311562, 64, 35.095215, 67, 712.18445, 72, 277.58142, 77, 34.187500, 83,         0,110,         1,116,         4
52C,2019/05/27 23:24:00, 50, 8.6117325, 49,       128, 44,        93, 45,       126, 56, 34.311562, 64, 35.098267, 67, 712.18445, 72, 277.59924, 77, 34.156250, 83,         0,110,         1,116,         4
50C,2019/05/27 23:25:00, 50, 9.2425480, 49,       128, 44,        93, 45,       126, 56, 34.311562, 64, 35.098267, 67, 712.18445, 72, 277.49631, 77, 34.156250, 83,         0,110,         1,116,         4
52C,2019/05/27 23:26:00, 50, 9.0345459, 49,       128, 44,        93, 45,       126, 56, 34.311562, 64, 35.095215, 67, 712.18445, 72, 277.47510, 77, 34.156250, 83,         0,110,         1,116,         4
5AC,2019/05/27 23:27:00, 50, 9.6155109, 49,       128, 44,        93, 45,       126, 56, 34.311562, 64, 35.009766, 67, 712.18445, 72, 277.30972, 77, 34.156250, 83,         0,110,         1,116,         4
5AC,2019/05/27 23:28:00, 50, 8.9149876, 49,       128, 44,        93, 45,       126, 56, 34.311562, 64, 35.043335, 67, 712.18445, 72, 277.46628, 77, 34.156250, 83,         0,110,         1,116,         4
59C,2019/05/27 23:29:00, 50, 8.4299259, 49,       128, 44,        93, 45,       126, 56, 34.311562, 64, 35.064697, 67, 712.18445, 72, 277.67294, 77, 34.187500, 83,         0,110,         1,116,         4
53C,2019/05/27 23:30:00, 50, 8.9160404, 49,       128, 44,        93, 45,       126, 56, 34.311562, 64, 35.061646, 67, 712.18445, 72, 277.64087, 77, 34.156250, 83,         0,110,         1,116,         4
5BC,2019/05/27 23:31:00, 50, 9.5557632, 49,       128, 44,        93, 45,       126, 56, 34.311562, 64, 35.061646, 67, 712.18445, 72, 277.62576, 77, 34.187500, 83,         0,110,         1,116,         4
5FC,2019/05/27 23:32:00, 50, 8.3685875, 49,       128, 44,        93, 45,       126, 56, 34.311562, 64, 35.055542, 67, 712.18445, 72, 277.71548, 77, 34.156250, 83,         0,110,         1,116,         4
50C,2019/05/27 23:33:00, 50, 6.8083572, 49,       128, 44,        93, 45,       126, 56, 34.311562, 64, 35.055542, 67, 712.18445, 72, 278.04865, 77, 34.187500, 83,         0,110,         1,116,         4
5EC,2019/05/27 23:34:00, 50, 7.6519461, 49,       128, 44,        93, 45,       126, 56, 34.311562, 64, 35.061646, 67, 712.18445, 72, 277.90857, 77, 34.187500, 83,         0,110,         1,116,         4
57C,2019/05/27 23:35:00, 50, 6.5675306, 49,       128, 44,        93, 45,       126, 56, 34.311562, 64, 35.061646, 67, 712.18445, 72, 277.84219, 77, 34.187500, 83,         0,110,         1,116,         4
5AC,2019/05/27 23:36:00, 50, 6.8419294, 49,       128, 44,        93, 45,       126, 56, 34.311562, 64, 35.061646, 67, 712.18445, 72, 277.67886, 77, 34.187500, 83,         0,110,         1,116,         4
5AC,2019/05/27 23:37:00, 50, 6.8308554, 49,       128, 44,        93, 45,       126, 56, 34.311562, 64, 35.055542, 67, 712.18445, 72, 277.89856, 77, 34.187500, 83,         0,110,         1,116,         4
5AC,2019/05/27 23:38:00, 50, 6.8600512, 49,       128, 44,        93, 45,       126, 56, 34.311562, 64, 35.055542, 67, 712.18445, 72, 277.80527, 77, 34.218750, 83,         0,110,         1,116,         4
50C,2019/05/27 23:39:00, 50, 6.5577488, 49,       128, 44,        93, 45,       126, 56, 34.311562, 64, 35.049438, 67, 712.18445, 72, 277.81665, 77, 34.187500, 83,         0,110,         1,116,         4
50C,2019/05/27 23:40:00, 50, 6.6293774, 49,       128, 44,        93, 45,       126, 56, 34.311562, 64, 35.037231, 67, 712.18445, 72, 278.32547, 77, 34.218750, 83,         0,110,         1,116,         4
5FC,2019/05/27 23:41:00, 50, 6.7004318, 49,       128, 44,        93, 45,       126, 56, 34.311562, 64, 35.025024, 67, 712.18445, 72, 278.18134, 77, 34.218750, 83,         0,110,         1,116,         4
5FC,2019/05/27 23:42:00, 50, 7.4024630, 49,       128, 44,        93, 45,       126, 56, 34.311562, 64, 35.015869, 67, 712.18445, 72, 278.17722, 77, 34.218750, 83,         0,110,         1,116,         4
5DC,2019/05/27 23:43:00, 50, 8.6025181, 49,       128, 44,        93, 45,       126, 56, 34.311562, 64, 35.009766, 67, 712.18445, 72, 278.10852, 77, 34.218750, 83,         0,110,         1,116,         4
53C,2019/05/27 23:44:00, 50, 7.6414022, 49,       128, 44,        93, 45,       126, 56, 34.311562, 64, 35.052490, 67, 712.18445, 72, 277.95364, 77, 34.218750, 83,         0,110,         1,116,         4
59C,2019/05/27 23:45:00, 50, 7.9432640, 49,       128, 44,        93, 45,       126, 56, 34.311562, 64, 35.061646, 67, 712.18445, 72, 277.82639, 77, 34.218750, 83,         0,110,         1,116,         4
54C,2019/05/27 23:46:00, 50, 6.6582489, 49,       128, 44,        93, 45,       126, 56, 34.311562, 64, 35.064697, 67, 712.18445, 72, 277.77103, 77, 34.218750, 83,         0,110,         1,116,         4
5FC,2019/05/27 23:47:00, 50, 4.3016167, 49,       128, 44,        93, 45,       126, 56, 34.311562, 64, 35.058594, 67, 712.18445, 72, 277.76590, 77, 34.218750, 83,         0,110,         1,116,         4
53C,2019/05/27 23:48:00, 50, 4.2464590, 49,       128, 44,        93, 45,       126, 56, 34.311562, 64, 35.064697, 67, 712.18445, 72, 277.85022, 77, 34.218750, 83,         0,110,         1,116,         4
58C,2019/05/27 23:49:00, 50, 2.9468255, 49,       128, 44,        93, 45,       126, 56, 34.311562, 64, 35.064697, 67, 712.18445, 72, 277.48712, 77, 34.218750, 83,         0,110,         1,116,         4
5AC,2019/05/27 23:50:00, 50, 3.3653059, 49,       128, 44,        93, 45,       126, 56, 34.311562, 64, 35.061646, 67, 712.18445, 72, 277.86923, 77, 34.187500, 83,         0,110,         1,116,         4
53C,2019/05/27 23:51:00, 50, 3.3653059, 49,       128, 44,        93, 45,       126, 56, 34.311562, 64, 35.064697, 67, 712.18445, 72, 277.86923, 77, 34.218750, 83,         4,110,         6,116,         4
57C,2019/05/27 23:52:00, 50, 3.3653059, 49,       128, 44,        93, 45,       126, 56, 34.311562, 64, 35.055542, 67, 712.18445, 72, 277.86923, 77, 34.250000, 83,         4,110,         6,116,         4
56C,2019/05/27 23:53:00, 50, 3.3653059, 49,       128, 44,        93, 45,       126, 56, 34.311562, 64, 35.055542, 67, 712.18445, 72, 277.86923, 77, 34.250000, 83,         4,110,         6,116,         4
5AC,2019/05/27 23:54:00, 50, 3.3653059, 49,       128, 44,        93, 45,       126, 56, 34.311562, 64, 35.043335, 67, 712.18445, 72, 277.86923, 77, 34.281250, 83,         4,110,         7,116,         4
5BC,2019/05/27 23:55:00, 50, 3.3653059, 49,       128, 44,        93, 45,       126, 56, 34.311562, 64, 35.043335, 67, 712.18445, 72, 277.86923, 77, 34.281250, 83,         4,110,         7,116,         4
54C,2019/05/27 23:56:00, 50, 3.3653059, 49,       128, 44,        93, 45,       126, 56, 34.311562, 64, 35.070801, 67, 712.18445, 72, 277.86923, 77, 34.281250, 83,         4,110,         7,116,         4
57C,2019/05/27 23:57:00, 50, 3.3653059, 49,       128, 44,        93, 45,       126, 56, 34.311562, 64, 35.076904, 67, 712.18445, 72, 277.86923, 77, 34.281250, 83,         4,110,         7,116,         4
59C,2019/05/27 23:58:00, 50, 3.3653059, 49,       128, 44,        93, 45,       126, 56, 34.311562, 64, 35.177612, 67, 712.18445, 72, 277.86923, 77, 34.312500, 83,         4,110,         7,116,         4
5AC,2019/05/27 23:59:00, 50, 3.3653059, 49,       128, 44,        93, 45,       126, 56, 34.311562, 64, 34.963989, 67, 712.18445, 72, 277.86923, 77, 34.312500, 83,         0,110,         0,116,         4
