53C,2019/01/28 18:26:00, 50, 0.0000000, 51, 0.0000000, 52, 0.0000000, 49,        64, 56, 10.582877,116,         4, 72, 212.05637, 77, 19.968750,144, 0.0000000, 84, 0.0000000, 48,       104, 16,       141
57C,2019/01/28 18:27:00, 50, 0.0000000, 51, 0.0000000, 52, 0.0000000, 49,        64, 56, 10.582877,116,         4, 72, 201.52786, 77, 20.625000,144, 0.0000000, 84, 0.0000000, 48,       104, 16,       141
56C,2019/01/28 18:28:00, 50, 0.0000000, 51, 0.0000000, 52, 0.0000000, 49,        64, 56, 10.582877,116,         4, 72, 195.86746, 77, 21.156250,144, 0.0000000, 84, 0.0000000, 48,       104, 16,       141
5AC,2019/01/28 18:29:00, 50, 0.0000000, 51, 0.0000000, 52, 0.0000000, 49,        64, 56, 10.582877,116,         4, 72, 192.70441, 77, 21.656250,144, 0.0000000, 84, 0.0000000, 48,       104, 16,       141
5FC,2019/01/28 18:30:00, 50, 0.0000000, 51, 0.0000000, 52, 0.0000000, 49,        64, 56, 10.582877,116,         4, 72, 190.50104, 77, 22.093750,144, 0.0000000, 84, 0.0000000, 48,       104, 16,       141
5DC,2019/01/28 18:31:00, 50, 0.0000000, 51, 0.0000000, 52, 0.0000000, 49,        64, 56, 10.582877,116,         4, 72, 188.53378, 77, 22.468750,144, 0.0000000, 84, 0.0000000, 48,       104, 16,       141
57C,2019/01/28 18:32:00, 50, 0.0000000, 51, 0.0000000, 52, 0.0000000, 49,        64, 56, 10.582877,116,         4, 72, 186.87689, 77, 22.843750,144, 0.0000000, 84, 0.0000000, 48,       104, 16,       141
51C,2019/01/28 18:33:00, 50, 0.0000000, 51, 0.0000000, 52, 0.0000000, 49,        64, 56, 10.582877,116,         4, 72, 184.96216, 77, 23.187500,144, 0.0000000, 84, 0.0000000, 48,       104, 16,       141
58C,2019/01/28 18:35:00, 50, 0.0000000, 51, 0.0000000, 52, 0.0000000, 49,        64, 56, 10.582877,116,         4, 72, 182.85239, 77, 23.843750,144, 0.0000000, 84, 0.0000000, 48,       104, 16,       141
5EC,2019/01/28 18:36:00, 50, 0.0000000, 51, 0.0000000, 52, 0.0000000, 49,        64, 56, 10.582877,116,         4, 72, 181.14432, 77, 24.218750,144, 0.0000000, 84, 0.0000000, 48,       104, 16,       141
53C,2019/01/28 18:37:00, 50, 0.0000000, 51, 0.0000000, 52, 0.0000000, 49,        64, 56, 10.582877,116,         4, 72, 179.84305, 77, 24.468750,144, 0.0000000, 84, 0.0000000, 48,       104, 16,       141
52C,2019/01/28 18:38:00, 50, 0.0000000, 51, 0.0000000, 52, 0.0000000, 49,        64, 56, 10.582877,116,         4, 72, 178.50125, 77, 24.812500,144, 0.0000000, 84, 0.0000000, 48,       104, 16,       141
5CC,2019/01/28 18:39:00, 50, 0.0000000, 51, 0.0000000, 52, 0.0000000, 49,        64, 56, 10.582877,116,         4, 72, 177.34088, 77, 25.187500,144, 0.0000000, 84, 0.0000000, 48,       104, 16,       141
5BC,2019/01/28 18:40:00, 50, 0.0000000, 51, 0.0000000, 52, 0.0000000, 49,        64, 56, 10.582877,116,         4, 72, 175.96826, 77, 25.562500,144, 0.0000000, 84, 0.0000000, 48,       104, 16,       141
5EC,2019/01/28 18:41:00, 50, 0.0000000, 51, 0.0000000, 52, 0.0000000, 49,        64, 56, 10.582877,116,         4, 72, 174.74966, 77, 25.906250,144, 0.0000000, 84, 0.0000000, 48,       104, 16,       141
5FC,2019/01/28 18:42:00, 50, 0.0000000, 51, 0.0000000, 52, 0.0000000, 49,        64, 56, 10.582877,116,         4, 72, 173.56281, 77, 26.281250,144, 0.0000000, 84, 0.0000000, 48,       104, 16,       141
57C,2019/01/28 18:43:00, 50, 0.0000000, 51, 0.0000000, 52, 0.0000000, 49,        64, 56, 10.582877,116,         4, 72, 172.26797, 77, 26.625000,144, 0.0000000, 84, 0.0000000, 48,       104, 16,       141
53C,2019/01/28 18:44:00, 50, 0.0000000, 51, 0.0000000, 52, 0.0000000, 49,        64, 56, 10.582877,116,         4, 72, 170.95477, 77, 26.968750,144, 0.0000000, 84, 0.0000000, 48,       104, 16,       141
52C,2019/01/28 18:45:00, 50, 0.0000000, 51, 0.0000000, 52, 0.0000000, 49,        64, 56, 10.582877,116,         4, 72, 169.32550, 77, 27.312500,144, 0.0000000, 84, 0.0000000, 48,       104, 16,       141
5FC,2019/01/28 18:46:00, 50, 0.0000000, 51, 0.0000000, 52, 0.0000000, 49,        64, 56, 10.582877,116,         4, 72, 168.33362, 77, 27.687500,144, 0.0000000, 84, 0.0000000, 48,       104, 16,       141
53C,2019/01/28 18:47:00, 50, 0.0000000, 51, 0.0000000, 52, 0.0000000, 49,        64, 56, 10.582877,116,         4, 72, 167.25821, 77, 27.968750,144, 0.0000000, 84, 0.0000000, 48,       104, 16,       141
5EC,2019/01/28 18:48:00, 50, 0.0000000, 51, 0.0000000, 52, 0.0000000, 49,        64, 56, 10.582877,116,         4, 72, 166.82349, 77, 28.375000,144, 0.0000000, 84, 0.0000000, 48,       104, 16,       141
55C,2019/01/28 18:49:00, 50, 0.0000000, 51, 0.0000000, 52, 0.0000000, 49,        64, 56, 10.582877,116,         4, 72, 166.47919, 77, 28.593750,144, 0.0000000, 84, 0.0000000, 48,       104, 16,       141
53C,2019/01/28 18:50:00, 50, 0.0000000, 51, 0.0000000, 52, 0.0000000, 49,        64, 56, 10.582877,116,         4, 72, 165.84479, 77, 29.031250,144, 0.0000000, 84, 0.0000000, 48,       104, 16,       141
5DC,2019/01/28 18:51:00, 50, 0.0000000, 51, 0.0000000, 52, 0.0000000, 49,        64, 56, 10.582877,116,         4, 72, 165.81210, 77, 29.343750,144, 0.0000000, 84, 0.0000000, 48,       104, 16,       141
55C,2019/01/28 18:52:00, 50, 0.0000000, 51, 0.0000000, 52, 0.0000000, 49,        64, 56, 10.582877,116,         4, 72, 165.25098, 77, 29.625000,144, 0.0000000, 84, 0.0000000, 48,       104, 16,       141
51C,2019/01/28 18:53:00, 50, 0.0000000, 51, 0.0000000, 52, 0.0000000, 49,        64, 56, 10.582877,116,         4, 72, 165.25836, 77, 29.937500,144, 0.0000000, 84, 0.0000000, 48,       104, 16,       141
51C,2019/01/28 18:54:00, 50, 0.0000000, 51, 0.0000000, 52, 0.0000000, 49,        64, 56, 10.582877,116,         4, 72, 165.51068, 77, 30.250000,144, 0.0000000, 84, 0.0000000, 48,       104, 16,       141
50C,2019/01/28 18:55:00, 50, 0.0000000, 51, 0.0000000, 52, 0.0000000, 49,        64, 56, 10.582877,116,         4, 72, 165.91476, 77, 30.531250,144, 0.0000000, 84, 0.0000000, 48,       104, 16,       141
52C,2019/01/28 18:56:00, 50, 0.0000000, 51, 0.0000000, 52, 0.0000000, 49,        64, 56, 10.582877,116,         4, 72, 166.10254, 77, 30.843750,144, 0.0000000, 84, 0.0000000, 48,       104, 16,       141
58C,2019/01/28 18:57:00, 50, 0.0000000, 51, 0.0000000, 52, 0.0000000, 49,        64, 56, 10.582877,116,         4, 72, 165.68030, 77, 31.187500,144, 0.0000000, 84, 0.0000000, 48,       104, 16,       141
5AC,2019/01/28 18:58:00, 50, 0.0000000, 51, 0.0000000, 52, 0.0000000, 49,        64, 56, 10.582877,116,         4, 72, 165.89539, 77, 31.500000,144, 0.0000000, 84, 0.0000000, 48,       104, 16,       141
58C,2019/01/28 18:59:00, 50, 0.0000000, 51, 0.0000000, 52, 0.0000000, 49,        64, 56, 10.582877,116,         4, 72, 165.73944, 77, 31.406250,144, 0.0000000, 84, 0.0000000, 48,       104, 16,       141
57C,2019/01/28 19:00:00, 50, 0.0000000, 51, 0.0000000, 52, 0.0000000, 49,        64, 56, 10.582877,116,         4, 72, 165.57477, 77, 31.687500,144, 0.0000000, 84, 0.0000000, 48,       104, 16,       141
5BC,2019/01/28 19:01:00, 50, 0.0000000, 51, 0.0000000, 52, 0.0000000, 49,        64, 56, 10.582877,116,         4, 72, 165.52704, 77, 32.000000,144, 0.0000000, 84, 0.0000000, 48,       104, 16,       141
54C,2019/01/28 19:02:00, 50, 0.0000000, 51, 0.0000000, 52, 0.0000000, 49,        64, 56, 10.582877,116,         4, 72, 165.82306, 77, 32.250000,144, 0.0000000, 84, 0.0000000, 48,       104, 16,       141
56C,2019/01/28 19:03:00, 50,-5.4608755, 51, 30.813175, 52, 36.274048, 49,        64, 56, 10.582877,116,         4, 72, 165.77307, 77, 32.468750,144, 0.0000000, 84, 0.0000000, 48,       104, 16,       141
59C,2019/01/28 19:04:00, 50,-16.363132, 51, 65.585892, 52, 81.949020, 49,        64, 56, 10.582877,116,         4, 72, 165.46091, 77, 32.750000,144, 0.0000000, 84, 0.0000000, 48,       104, 16,       141
50C,2019/01/28 19:05:00, 50, 0.5841947, 51, 57.413586, 52, 56.829391, 49,        64, 56, 10.582877,116,         4, 72, 165.31284, 77, 33.000000,144, 0.0000000, 84, 0.0000000, 48,       104, 16,       141
52C,2019/01/28 19:06:00, 50,-4.4354753, 51, 52.785946, 52, 57.221420, 49,        64, 56, 10.582877,116,         4, 72, 165.03387, 77, 33.218750,144, 0.0000000, 84, 0.0000000, 48,       104, 16,       141
5EC,2019/01/28 19:07:00, 50, 0.4874238, 51, 47.244038, 52, 46.756615, 49,        64, 56, 10.582877,116,         4, 72, 165.13458, 77, 33.437500,144, 0.0000000, 84, 0.0000000, 48,       104, 16,       141
5AC,2019/01/28 19:08:00, 50,-11.396162, 51, 61.123756, 52, 72.519913, 49,        64, 56, 10.582877,116,         4, 72, 165.29303, 77, 33.656250,144, 0.0000000, 84, 0.0000000, 48,       104, 16,       141
56C,2019/01/28 19:09:00, 50,-14.642311, 51, 25.337082, 52, 39.979393, 49,        64, 56, 10.582877,116,         4, 72, 165.28757, 77, 33.875000,144, 0.0000000, 84, 0.0000000, 48,       104, 16,       141
57C,2019/01/28 19:10:00, 50,-19.172951, 51, 77.041710, 52, 96.214661, 49,        64, 56, 10.582877,116,         4, 72, 165.45908, 77, 34.093750,144, 0.0000000, 84, 0.0000000, 48,       104, 16,       141
57C,2019/01/28 19:11:00, 50, 39.786697, 51, 182.22566, 52, 142.43896, 49,        64, 56, 10.582877,116,         4, 72, 165.42493, 77, 34.312500,144, 0.0000000, 84, 0.0000000, 48,       104, 16,       141
51C,2019/01/28 19:12:00, 50, 16.707638, 51, 97.839195, 52, 81.131561, 49,        64, 56, 10.582877,116,         4, 72, 165.60953, 77, 34.531250,144, 0.0000000, 84, 0.0000000, 48,       104, 16,       141
53C,2019/01/28 19:13:00, 50, 6.2725477, 51,-6.6126966, 52,-12.885244, 49,        64, 56, 10.582877,116,         4, 72, 165.57935, 77, 34.718750,144, 0.0000000, 84, 0.0000000, 48,       104, 16,       141
5AC,2019/01/28 19:14:00, 50,-7.8081770, 51, 8.8330631, 52, 16.641239, 49,        64, 56, 10.582877,116,         4, 72, 165.33472, 77, 34.968750,144, 0.0000000, 84, 0.0000000, 48,       104, 16,       141
59C,2019/01/28 19:15:00, 50, 31.423988, 51, 50.626389, 52, 19.202400, 49,        64, 56, 10.582877,116,         4, 72, 165.40442, 77, 35.156250,144, 0.0000000, 84, 0.0000000, 48,       104, 16,       141
58C,2019/01/28 19:16:00, 50, 18.930923, 51, 42.194691, 52, 23.263767, 49,        64, 56, 10.582877,116,         4, 72, 165.54898, 77, 35.375000,144, 0.0000000, 84, 0.0000000, 48,       104, 16,       141
52C,2019/01/28 19:17:00, 50, 5.9057169, 51, 46.204315, 52, 40.298599, 49,        64, 56, 10.582877,116,         4, 72, 165.60632, 77, 35.593750,144, 0.0000000, 84, 0.0000000, 48,       104, 16,       141
5BC,2019/01/28 19:18:00, 50, 37.460297, 51, 115.98579, 52, 78.525497, 49,        64, 56, 10.582877,116,         4, 72, 165.46417, 77, 35.781250,144, 0.0000000, 84, 0.0000000, 48,       104, 16,       141
51C,2019/01/28 19:19:00, 50, 13.754257, 51, 18.784866, 52, 5.0306091, 49,        64, 56, 10.582877,116,         4, 72, 165.21530, 77, 36.000000,144, 0.0000000, 84, 0.0000000, 48,       104, 16,       141
5CC,2019/01/28 19:20:00, 50, 10.781260, 51, 32.961094, 52, 22.179836, 49,        64, 56, 10.582877,116,         4, 72, 165.25388, 77, 36.187500,144, 0.0000000, 84, 0.0000000, 48,       104, 16,       141
5CC,2019/01/28 19:21:00, 50, 14.370268, 51, 298.64783, 52, 284.27759, 49,        64, 56, 10.582877,116,         4, 72, 165.36313, 77, 36.375000,144, 0.0000000, 84, 0.0000000, 48,       104, 16,       141
50C,2019/01/28 19:22:00, 50, 17.901276, 51, 97.052383, 52, 79.151108, 49,        64, 56, 10.582877,116,         4, 72, 165.56461, 77, 36.562500,144, 0.0000000, 84, 0.0000000, 48,       104, 16,       141
52C,2019/01/28 19:23:00, 50, 21.782791, 51, 87.561829, 52, 65.779037, 49,        64, 56, 10.582877,116,         4, 72, 165.48239, 77, 36.718750,144, 0.0000000, 84, 0.0000000, 48,       104, 16,       141
52C,2019/01/28 19:24:00, 50,-5.4157257, 51, 26.962364, 52, 32.378090, 49,        64, 56, 10.582877,116,         4, 72, 165.31744, 77, 36.906250,144, 0.0000000, 84, 0.0000000, 48,       104, 16,       141
58C,2019/01/28 19:25:00, 50,-5.7382421, 51, 51.522488, 52, 57.260727, 49,        64, 56, 10.582877,116,         4, 72, 165.04877, 77, 37.093750,144, 0.0000000, 84, 0.0000000, 48,       104, 16,       141
58C,2019/01/28 19:26:00, 50, 1.3089144, 51, 22.870495, 52, 21.561581, 49,        64, 56, 10.582877,116,         4, 72, 164.94958, 77, 37.250000,144, 0.0000000, 84, 0.0000000, 48,       104, 16,       141
5AC,2019/01/28 19:27:00, 50, 1.4135642, 51, 13.445834, 52, 12.032270, 49,        64, 56, 10.582877,116,         4, 72, 164.95724, 77, 37.406250,144, 0.0000000, 84, 0.0000000, 48,       104, 16,       141
51C,2019/01/28 19:28:00, 50,-5.9101295, 51, 20.860146, 52, 26.770275, 49,        64, 56, 10.582877,116,         4, 72, 165.13391, 77, 37.593750,144, 0.0000000, 84, 0.0000000, 48,       104, 16,       141
58C,2019/01/28 19:29:00, 50, 1.2410679, 51, 14.212067, 52, 12.970999, 49,        64, 56, 10.582877,116,         4, 72, 165.11795, 77, 37.718750,144, 0.0000000, 84, 0.0000000, 48,       104, 16,       141
53C,2019/01/28 19:30:00, 50,-2.9958158, 51, 6.8835831, 52, 9.8793983, 49,        64, 56, 10.582877,116,         4, 72, 165.08289, 77, 37.875000,144, 0.0000000, 84, 0.0000000, 48,       104, 16,       141
58C,2019/01/28 19:31:00, 50,-4.3455257, 51, 19.643320, 52, 23.988846, 49,        64, 56, 10.582877,116,         4, 72, 165.09042, 77, 38.031250,144, 0.0000000, 84, 0.0000000, 48,       104, 16,       141
52C,2019/01/28 19:32:00, 50, 15.649160, 51, 63.668972, 52, 48.019814, 49,        64, 56, 10.582877,116,         4, 72, 165.06412, 77, 38.125000,144, 0.0000000, 84, 0.0000000, 48,       104, 16,       141
57C,2019/01/28 19:33:00, 50, 15.829660, 51, 27.968136, 52, 12.138475, 49,        64, 56, 10.582877,116,         4, 72, 165.24722, 77, 38.281250,144, 0.0000000, 84, 0.0000000, 48,       104, 16,       141
51C,2019/01/28 19:34:00, 50,-0.9201561, 51, 46.479160, 52, 47.399315, 49,        64, 56, 10.582877,116,         4, 72, 165.30548, 77, 38.406250,144, 0.0000000, 84, 0.0000000, 48,       104, 16,       141
57C,2019/01/28 19:35:00, 50, 27.494129, 51, 42.195442, 52, 14.701315, 49,        64, 56, 10.582877,116,         4, 72, 165.25458, 77, 38.531250,144, 0.0000000, 84, 0.0000000, 48,       104, 16,       141
5FC,2019/01/28 19:36:00, 50, 10.250273, 51, 30.756388, 52, 20.506115, 49,        64, 56, 10.582877,116,         4, 72, 165.44156, 77, 38.687500,144, 0.0000000, 84, 0.0000000, 48,       104, 16,       141
53C,2019/01/28 19:37:00, 50, 2.0520992, 51, 32.638103, 52, 30.586006, 49,        64, 56, 10.582877,116,         4, 72, 165.45685, 77, 38.812500,144, 0.0000000, 84, 0.0000000, 48,       104, 16,       141
55C,2019/01/28 19:38:00, 50, 4.2123728, 51,-24.283821, 52,-28.496193, 49,        64, 56, 10.582877,116,         4, 72, 165.52606, 77, 38.937500,144, 0.0000000, 84, 0.0000000, 48,       104, 16,       141
54C,2019/01/28 19:39:00, 50,-6.3694916, 51, 1.6193933, 52, 7.9888849, 49,        64, 56, 10.582877,116,         4, 72, 165.37155, 77, 39.031250,144, 0.0000000, 84, 0.0000000, 48,       104, 16,       141
58C,2019/01/28 19:40:00, 50,-1.3541052, 51, 47.544411, 52, 48.898514, 49,        64, 56, 10.582877,116,         4, 72, 165.10165, 77, 39.156250,144, 0.0000000, 84, 0.0000000, 48,       104, 16,       141
5DC,2019/01/28 19:41:00, 50, 21.982479, 51, 38.543236, 52, 16.560757, 49,        64, 56, 10.582877,116,         4, 72, 165.00598, 77, 39.281250,144, 0.0000000, 84, 0.0000000, 48,       104, 16,       141
52C,2019/01/28 19:42:00, 50, 38.340340, 51, 92.235001, 52, 53.894661, 49,        64, 56, 10.582877,116,         4, 72, 165.01547, 77, 39.375000,144, 0.0000000, 84, 0.0000000, 48,       104, 16,       141
5BC,2019/01/28 19:43:00, 50, 42.005058, 51, 122.96780, 52, 80.962738, 49,        64, 56, 10.582877,116,         4, 72, 165.35059, 77, 39.500000,144, 0.0000000, 84, 0.0000000, 48,       104, 16,       141
55C,2019/01/28 19:44:00, 50, 6.0377512, 51, 77.813705, 52, 71.775955, 49,        64, 56, 10.582877,116,         4, 72, 165.55374, 77, 39.625000,144, 0.0000000, 84, 0.0000000, 48,       104, 16,       141
55C,2019/01/28 19:45:00, 50, 13.761715, 51, 43.024189, 52, 29.262474, 49,        64, 56, 10.582877,116,         4, 72, 165.44061, 77, 39.718750,144, 0.0000000, 84, 0.0000000, 48,       104, 16,       141
5DC,2019/01/28 19:46:00, 50, 4.0778704, 51, 39.541775, 52, 35.463905, 49,        64, 56, 10.582877,116,         4, 72, 165.30286, 77, 39.812500,144, 0.0000000, 84, 0.0000000, 48,       104, 16,       141
59C,2019/01/28 19:47:00, 50, 16.279259, 51, 32.503662, 52, 16.224403, 49,        64, 56, 10.582877,116,         4, 72, 165.46472, 77, 39.937500,144, 0.0000000, 84, 0.0000000, 48,       104, 16,       141
5FC,2019/01/28 19:48:00, 50, 75.705231, 51, 126.09763, 52, 50.392403, 49,        64, 56, 10.582877,116,         4, 72, 165.42975, 77, 40.062500,144, 0.0000000, 84, 0.0000000, 48,       104, 16,       141
57C,2019/01/28 19:49:00, 50, 84.037659, 51, 127.12049, 52, 43.082832, 49,        64, 56, 10.582877,116,         4, 72, 165.38333, 77, 40.156250,144, 0.0000000, 84, 0.0000000, 48,       104, 16,       141
57C,2019/01/28 19:50:00, 50, 60.965858, 51, 88.933464, 52, 27.967606, 49,        64, 56, 10.582877,116,         4, 72, 165.33566, 77, 40.250000,144, 0.0000000, 84, 0.0000000, 48,       104, 16,       141
57C,2019/01/28 19:51:00, 50, 18.910950, 51, 35.684277, 52, 16.773327, 49,        64, 56, 10.582877,116,         4, 72, 165.47946, 77, 40.375000,144, 0.0000000, 84, 0.0000000, 48,       104, 16,       141
57C,2019/01/28 19:52:00, 50, 118.15689, 51, 176.01454, 52, 57.857658, 49,        64, 56, 10.582877,116,         4, 72, 165.58389, 77, 40.468750,144, 0.0000000, 84, 0.0000000, 48,       104, 16,       141
57C,2019/01/28 19:53:00, 50, 52.786346, 51, 129.12137, 52, 76.335022, 49,        64, 56, 10.582877,116,         4, 72, 165.97546, 77, 40.562500,144, 0.0000000, 84, 0.0000000, 48,       104, 16,       141
53C,2019/01/28 19:54:00, 50, 34.923073, 51, 67.993881, 52, 33.070808, 49,        64, 56, 10.582877,116,         4, 72, 166.18439, 77, 40.656250,144, 0.0000000, 84, 0.0000000, 48,       104, 16,       141
50C,2019/01/28 19:55:00, 50, 15.531439, 51, 40.976234, 52, 25.444798, 49,        64, 56, 10.582877,116,         4, 72, 166.10526, 77, 40.781250,144, 0.0000000, 84, 0.0000000, 48,       104, 16,       141
52C,2019/01/28 19:56:00, 50, 11.638071, 51, 34.641487, 52, 23.003418, 49,        64, 56, 10.582877,116,         4, 72, 166.09274, 77, 40.875000,144, 0.0000000, 84, 0.0000000, 48,       104, 16,       141
5FC,2019/01/28 19:57:00, 50, 26.432831, 51, 95.156265, 52, 68.723434, 49,        64, 56, 10.582877,116,         4, 72, 166.12927, 77, 40.968750,144, 0.0000000, 84, 0.0000000, 48,       104, 16,       141
56C,2019/01/28 19:58:00, 50, 19.194271, 51, 58.039753, 52, 38.845482, 49,        64, 56, 10.582877,116,         4, 72, 166.42816, 77, 41.062500,144, 0.0000000, 84, 0.0000000, 48,       104, 16,       141
5BC,2019/01/28 19:59:00, 50, 8.7822723, 51, 39.157986, 52, 30.375713, 49,        64, 56, 10.582877,116,         4, 72, 166.47437, 77, 41.156250,144, 0.0000000, 84, 0.0000000, 48,       104, 16,       141
52C,2019/01/28 20:00:00, 50, 10.152514, 51,-9.0758495, 52,-19.228363, 49,        64, 56, 10.582877,116,         4, 72, 166.32715, 77, 41.218750,144, 0.0000000, 84, 0.0000000, 48,       104, 16,       141
5EC,2019/01/28 20:01:00, 50, 12.968435, 51, 18.017570, 52, 5.0491362, 49,        64, 56, 10.582877,116,         4, 72, 166.23334, 77, 41.281250,144, 0.0000000, 84, 0.0000000, 48,       104, 16,       141
58C,2019/01/28 20:02:00, 50, 2.9690056, 51, 30.584381, 52, 27.615376, 49,        64, 56, 10.582877,116,         4, 72, 166.09641, 77, 41.375000,144, 0.0000000, 84, 0.0000000, 48,       104, 16,       141
56C,2019/01/28 20:03:00, 50, 32.335007, 51, 52.952202, 52, 20.617195, 49,        64, 56, 10.582877,116,         4, 72, 166.12109, 77, 41.468750,144, 0.0000000, 84, 0.0000000, 48,       104, 16,       141
57C,2019/01/28 20:04:00, 50, 16.766117, 51, 53.547550, 52, 36.781433, 49,        64, 56, 10.582877,116,         4, 72, 166.19275, 77, 41.531250,144, 0.0000000, 84, 0.0000000, 48,       104, 16,       141
55C,2019/01/28 20:05:00, 50, 49.054276, 51, 71.136124, 52, 22.081852, 49,        64, 56, 10.582877,116,         4, 72, 166.15390, 77, 41.625000,144, 0.0000000, 84, 0.0000000, 48,       104, 16,       141
54C,2019/01/28 20:06:00, 50, 60.725845, 51, 133.62941, 52, 72.903564, 49,        64, 56, 10.582877,116,         4, 72, 166.43466, 77, 41.687500,144, 0.0000000, 84, 0.0000000, 48,       104, 16,       141
51C,2019/01/28 20:07:00, 50, 29.110111, 51, 23.011793, 52,-6.0983181, 49,        64, 56, 10.582877,116,         4, 72, 166.69598, 77, 41.781250,144, 0.0000000, 84, 0.0000000, 48,       104, 16,       141
57C,2019/01/28 20:08:00, 50, 54.704872, 51, 94.318718, 52, 39.613846, 49,        64, 56, 10.582877,116,         4, 72, 167.22534, 77, 41.843750,144, 0.0000000, 84, 0.0000000, 48,       104, 16,       141
51C,2019/01/28 20:09:00, 50, 32.712463, 51, 65.271049, 52, 32.558586, 49,        64, 56, 10.582877,116,         4, 72, 167.42899, 77, 41.937500,144, 0.0000000, 84, 0.0000000, 48,       104, 16,       141
5CC,2019/01/28 20:10:00, 50,-4.3524857, 51, 55.596878, 52, 59.949364, 49,        64, 56, 10.582877,116,         4, 72, 167.33920, 77, 42.000000,144, 0.0000000, 84, 0.0000000, 48,       104, 16,       141
57C,2019/01/28 20:11:00, 50, 8.1839371, 51, 41.624382, 52, 33.440445, 49,        64, 56, 10.582877,116,         4, 72, 167.41342, 77, 42.062500,144, 0.0000000, 84, 0.0000000, 48,       104, 16,       141
58C,2019/01/28 20:12:00, 50, 23.542782, 51, 61.238628, 52, 37.695847, 49,        64, 56, 10.582877,116,         4, 72, 167.48822, 77, 42.125000,144, 0.0000000, 84, 0.0000000, 48,       104, 16,       141
5CC,2019/01/28 20:13:00, 50, 24.614159, 51, 36.370514, 52, 11.756357, 49,        64, 56, 10.582877,116,         4, 72, 167.76920, 77, 42.218750,144, 0.0000000, 84, 0.0000000, 48,       104, 16,       141
57C,2019/01/28 20:14:00, 50, 25.602306, 51, 61.131443, 52, 35.529137, 49,        64, 56, 10.582877,116,         4, 72, 167.88461, 77, 42.281250,144, 0.0000000, 84, 0.0000000, 48,       104, 16,       141
54C,2019/01/28 20:15:00, 50, 128.50156, 51, 184.43466, 52, 55.933113, 49,        64, 56, 10.582877,116,         4, 72, 167.87473, 77, 42.343750,144, 0.0000000, 84, 0.0000000, 48,       104, 16,       141
56C,2019/01/28 20:16:00, 50, 50.443184, 51, 122.76504, 52, 72.321854, 49,        64, 56, 10.582877,116,         4, 72, 167.97382, 77, 42.375000,144, 0.0000000, 84, 0.0000000, 48,       104, 16,       141
58C,2019/01/28 20:17:00, 50, 32.597893, 51, 76.945419, 52, 44.347527, 49,        64, 56, 10.582877,116,         4, 72, 167.97238, 77, 42.437500,144, 0.0000000, 84, 0.0000000, 48,       104, 16,       141
58C,2019/01/28 20:18:00, 50, 24.845882, 51, 39.882351, 52, 15.036470, 49,        64, 56, 10.582877,116,         4, 72, 168.12988, 77, 42.500000,144, 0.0000000, 84, 0.0000000, 48,       104, 16,       141
5EC,2019/01/28 20:19:00, 50,-6.6592159, 51, 21.176371, 52, 27.835587, 49,        64, 56, 10.582877,116,         4, 72, 168.15137, 77, 42.531250,144, 0.0000000, 84, 0.0000000, 48,       104, 16,       141
50C,2019/01/28 20:20:00, 50,-10.923275, 51, 23.748821, 52, 34.672096, 49,        64, 56, 10.582877,116,         4, 72, 167.83658, 77, 42.593750,144, 0.0000000, 84, 0.0000000, 48,       104, 16,       141
57C,2019/01/28 20:21:00, 50, 24.215221, 51, 36.980549, 52, 12.765327, 49,        64, 56, 10.582877,116,         4, 72, 167.68597, 77, 42.687500,144, 0.0000000, 84, 0.0000000, 48,       104, 16,       141
50C,2019/01/28 20:22:00, 50, 26.439507, 51, 45.360477, 52, 18.920971, 49,        64, 56, 10.582877,116,         4, 72, 167.67142, 77, 42.750000,144, 0.0000000, 84, 0.0000000, 48,       104, 16,       141
56C,2019/01/28 20:23:00, 50, 18.541836, 51, 46.428699, 52, 27.886864, 49,        64, 56, 10.582877,116,         4, 72, 167.83646, 77, 42.812500,144, 0.0000000, 84, 0.0000000, 48,       104, 16,       141
52C,2019/01/28 20:24:00, 50, 32.440781, 51, 25.563847, 52,-6.8769369, 49,        64, 56, 10.582877,116,         4, 72, 167.94247, 77, 42.843750,144, 0.0000000, 84, 0.0000000, 48,       104, 16,       141
59C,2019/01/28 20:25:00, 50, 35.705521, 51, 69.701553, 52, 33.996033, 49,        64, 56, 10.582877,116,         4, 72, 167.91199, 77, 42.906250,144, 0.0000000, 84, 0.0000000, 48,       104, 16,       141
58C,2019/01/28 20:26:00, 50, 30.100052, 51, 95.110382, 52, 65.010330, 49,        64, 56, 10.582877,116,         4, 72, 168.01370, 77, 42.968750,144, 0.0000000, 84, 0.0000000, 48,       104, 16,       141
52C,2019/01/28 20:27:00, 50, 16.924881, 51, 45.430496, 52, 28.505615, 49,        64, 56, 10.582877,116,         4, 72, 168.13403, 77, 43.062500,144, 0.0000000, 84, 0.0000000, 48,       104, 16,       141
5EC,2019/01/28 20:28:00, 50, 68.497528, 51, 99.959412, 52, 31.461884, 49,        64, 56, 10.582877,116,         4, 72, 168.40173, 77, 43.125000,144, 0.0000000, 84, 0.0000000, 48,       104, 16,       141
57C,2019/01/28 20:29:00, 50, 86.397644, 51, 92.453430, 52, 6.0557928, 49,        64, 56, 10.582877,116,         4, 72, 168.43008, 77, 43.156250,144, 0.0000000, 84, 0.0000000, 48,       104, 16,       141
55C,2019/01/28 20:30:00, 50, 63.893166, 51, 101.51823, 52, 37.625069, 49,        64, 56, 10.582877,116,         4, 72, 168.28900, 77, 43.187500,144, 0.0000000, 84, 0.0000000, 48,       104, 16,       141
5BC,2019/01/28 20:31:00, 50, 55.624832, 51, 123.39204, 52, 67.767212, 49,        64, 56, 10.582877,116,         4, 72, 168.32614, 77, 43.250000,144, 0.0000000, 84, 0.0000000, 48,       104, 16,       141
5BC,2019/01/28 20:32:00, 50, 14.490444, 51, 27.201204, 52, 12.710760, 49,        64, 56, 10.582877,116,         4, 72, 168.35068, 77, 43.312500,144, 0.0000000, 84, 0.0000000, 48,       104, 16,       141
5AC,2019/01/28 20:33:00, 50, 18.366791, 51, 38.291637, 52, 19.924847, 49,        64, 56, 10.582877,116,         4, 72, 168.45483, 77, 43.375000,144, 0.0000000, 84, 0.0000000, 48,       104, 16,       141
53C,2019/01/28 20:34:00, 50, 35.794327, 51, 88.084045, 52, 52.289719, 49,        64, 56, 10.582877,116,         4, 72, 168.40060, 77, 43.406250,144, 0.0000000, 84, 0.0000000, 48,       104, 16,       141
5BC,2019/01/28 20:35:00, 50, 30.576977, 51, 39.360512, 52, 8.7835369, 49,        64, 56, 10.582877,116,         4, 72, 168.24182, 77, 43.437500,144, 0.0000000, 84, 0.0000000, 48,       104, 16,       141
5DC,2019/01/28 20:36:00, 50, 9.3643188, 51, 48.339706, 52, 38.975388, 49,        64, 56, 10.582877,116,         4, 72, 168.35339, 77, 43.500000,144, 0.0000000, 84, 0.0000000, 48,       104, 16,       141
5EC,2019/01/28 20:37:00, 50, 20.466179, 51, 36.316551, 52, 15.850374, 49,        64, 56, 10.582877,116,         4, 72, 168.40625, 77, 43.531250,144, 0.0000000, 84, 0.0000000, 48,       104, 16,       141
5BC,2019/01/28 20:38:00, 50, 1.1116669, 51, 31.578608, 52, 30.466942, 49,        64, 56, 10.582877,116,         4, 72, 168.50024, 77, 43.593750,144, 0.0000000, 84, 0.0000000, 48,       104, 16,       141
5EC,2019/01/28 20:39:00, 50, 0.3817120, 51, 22.626101, 52, 22.244389, 49,        64, 56, 10.582877,116,         4, 72, 168.28851, 77, 43.625000,144, 0.0000000, 84, 0.0000000, 48,       104, 16,       141
52C,2019/01/28 20:40:00, 50,-2.1840692, 51, 20.159533, 52, 22.343601, 49,        64, 56, 10.582877,116,         4, 72, 167.75961, 77, 43.687500,144, 0.0000000, 84, 0.0000000, 48,       104, 16,       141
59C,2019/01/28 20:41:00, 50, 7.9696026, 51, 27.780859, 52, 19.811256, 49,        64, 56, 10.582877,116,         4, 72, 167.33453, 77, 43.750000,144, 0.0000000, 84, 0.0000000, 48,       104, 16,       141
5BC,2019/01/28 20:42:00, 50, 7.7465668, 51, 27.601803, 52, 19.855236, 49,        64, 56, 10.582877,116,         4, 72, 167.03336, 77, 43.781250,144, 0.0000000, 84, 0.0000000, 48,       104, 16,       141
5CC,2019/01/28 20:43:00, 50, 12.498859, 51, 28.666962, 52, 16.168102, 49,        64, 56, 10.582877,116,         4, 72, 166.95322, 77, 43.843750,144, 0.0000000, 84, 0.0000000, 48,       104, 16,       141
58C,2019/01/28 20:44:00, 50, 9.0712738, 51, 31.554977, 52, 22.483704, 49,        64, 56, 10.582877,116,         4, 72, 166.83749, 77, 43.875000,144, 0.0000000, 84, 0.0000000, 48,       104, 16,       141
57C,2019/01/28 20:45:00, 50, 5.8331499, 51, 7.3689237, 52, 1.5357740, 49,        64, 56, 10.582877,116,         4, 72, 166.73624, 77, 43.906250,144, 0.0000000, 84, 0.0000000, 48,       104, 16,       141
55C,2019/01/28 20:46:00, 50,-1.1919897, 51, 13.055591, 52, 14.247580, 49,        64, 56, 10.582877,116,         4, 72, 166.82239, 77, 43.937500,144, 0.0000000, 84, 0.0000000, 48,       104, 16,       141
5AC,2019/01/28 20:47:00, 50, 12.464947, 51, 26.473700, 52, 14.008753, 49,        64, 56, 10.582877,116,         4, 72, 166.84470, 77, 44.000000,144, 0.0000000, 84, 0.0000000, 48,       104, 16,       141
56C,2019/01/28 20:48:00, 50, 10.228470, 51, 21.664631, 52, 11.436161, 49,        64, 56, 10.582877,116,         4, 72, 166.97955, 77, 44.031250,144, 0.0000000, 84, 0.0000000, 48,       104, 16,       141
55C,2019/01/28 20:49:00, 50,-0.7469771, 51, 23.052122, 52, 23.799099, 49,        64, 56, 10.582877,116,         4, 72, 166.85846, 77, 44.093750,144, 0.0000000, 84, 0.0000000, 48,       104, 16,       141
5DC,2019/01/28 20:50:00, 50, 15.559177, 51, 26.093563, 52, 10.534386, 49,        64, 56, 10.582877,116,         4, 72, 166.50717, 77, 44.125000,144, 0.0000000, 84, 0.0000000, 48,       104, 16,       141
58C,2019/01/28 20:51:00, 50, 21.829876, 51, 35.345745, 52, 13.515871, 49,        64, 56, 10.582877,116,         4, 72, 166.27783, 77, 44.156250,144, 0.0000000, 84, 0.0000000, 48,       104, 16,       141
58C,2019/01/28 20:52:00, 50, 1.9616275, 51, 13.969125, 52, 12.007498, 49,        64, 56, 10.582877,116,         4, 72, 166.25681, 77, 44.187500,144, 0.0000000, 84, 0.0000000, 48,       104, 16,       141
54C,2019/01/28 20:53:00, 50, 13.215403, 51, 25.126871, 52, 11.911469, 49,        64, 56, 10.582877,116,         4, 72, 166.59396, 77, 44.218750,144, 0.0000000, 84, 0.0000000, 48,       104, 16,       141
59C,2019/01/28 20:54:00, 50, 22.493820, 51, 14.928663, 52,-7.5651579, 49,        64, 56, 10.582877,116,         4, 72, 166.67807, 77, 44.250000,144, 0.0000000, 84, 0.0000000, 48,       104, 16,       141
5FC,2019/01/28 20:55:00, 50, 19.343929, 51, 16.367979, 52,-2.9759512, 49,        64, 56, 10.582877,116,         4, 72, 166.55038, 77, 44.312500,144, 0.0000000, 84, 0.0000000, 48,       104, 16,       141
5CC,2019/01/28 20:56:00, 50,-7.5616961, 51, 15.124954, 52, 22.686649, 49,        64, 56, 10.582877,116,         4, 72, 166.50604, 77, 44.343750,144, 0.0000000, 84, 0.0000000, 48,       104, 16,       141
5CC,2019/01/28 20:57:00, 50,-10.794230, 51, 17.690943, 52, 28.485172, 49,        64, 56, 10.582877,116,         4, 72, 166.49689, 77, 44.406250,144, 0.0000000, 84, 0.0000000, 48,       104, 16,       141
5FC,2019/01/28 20:58:00, 50, 0.2796884, 51, 28.675192, 52, 28.395504, 49,        64, 56, 10.582877,116,         4, 72, 166.84506, 77, 44.406250,144, 0.0000000, 84, 0.0000000, 48,       104, 16,       141
5FC,2019/01/28 20:59:00, 50, 9.6489925, 51, 8.2743568, 52,-1.3746359, 49,        64, 56, 10.582877,116,         4, 72, 166.90271, 77, 44.468750,144, 0.0000000, 84, 0.0000000, 48,       104, 16,       141
54C,2019/01/28 21:00:00, 50,-4.8704405, 51, 37.094185, 52, 41.964622, 49,        64, 56, 10.582877,116,         4, 72, 166.78070, 77, 44.500000,144, 0.0000000, 84, 0.0000000, 48,       104, 16,       141
5BC,2019/01/28 21:01:00, 50, 19.776573, 51, 38.819759, 52, 19.043186, 49,        64, 56, 10.582877,116,         4, 72, 166.72507, 77, 44.500000,144, 0.0000000, 84, 0.0000000, 48,       104, 16,       141
5FC,2019/01/28 21:02:00, 50, 14.235657, 51, 23.302517, 52, 9.0668602, 49,        64, 56, 10.582877,116,         4, 72, 166.60211, 77, 44.593750,144, 0.0000000, 84, 0.0000000, 48,       104, 16,       141
54C,2019/01/28 21:03:00, 50,-2.4540558, 51, 10.366997, 52, 12.821053, 49,        64, 56, 10.582877,116,         4, 72, 166.69803, 77, 44.593750,144, 0.0000000, 84, 0.0000000, 48,       104, 16,       141
52C,2019/01/28 21:04:00, 50,-0.1898599, 51, 22.410112, 52, 22.599972, 49,        64, 56, 10.582877,116,         4, 72, 166.64917, 77, 44.656250,144, 0.0000000, 84, 0.0000000, 48,       104, 16,       141
5DC,2019/01/28 21:05:00, 50, 7.6518364, 51, 17.909418, 52, 10.257582, 49,        64, 56, 10.582877,116,         4, 72, 166.35211, 77, 44.656250,144, 0.0000000, 84, 0.0000000, 48,       104, 16,       141
52C,2019/01/28 21:06:00, 50, 25.147499, 51, 37.450920, 52, 12.303423, 49,        64, 56, 10.582877,116,         4, 72, 166.03665, 77, 44.718750,144, 0.0000000, 84, 0.0000000, 48,       104, 16,       141
55C,2019/01/28 21:07:00, 50, 7.4498911, 51, 39.084568, 52, 31.634678, 49,        64, 56, 10.582877,116,         4, 72, 165.83887, 77, 44.750000,144, 0.0000000, 84, 0.0000000, 48,       104, 16,       141
50C,2019/01/28 21:08:00, 50, 0.1289919, 51, 23.779793, 52, 23.650803, 49,        64, 56, 10.582877,116,         4, 72, 165.91885, 77, 44.812500,144, 0.0000000, 84, 0.0000000, 48,       104, 16,       141
5CC,2019/01/28 21:09:00, 50, 6.7052317, 51, 13.918113, 52, 7.2128811, 49,        64, 56, 10.582877,116,         4, 72, 165.85327, 77, 44.812500,144, 0.0000000, 84, 0.0000000, 48,       104, 16,       141
59C,2019/01/28 21:10:00, 50, 11.245350, 51, 20.000528, 52, 8.7551785, 49,        64, 56, 10.582877,116,         4, 72, 165.69604, 77, 44.843750,144, 0.0000000, 84, 0.0000000, 48,       104, 16,       141
59C,2019/01/28 21:11:00, 50, 4.8989677, 51, 20.322805, 52, 15.423838, 49,        64, 56, 10.582877,116,         4, 72, 165.72781, 77, 44.875000,144, 0.0000000, 84, 0.0000000, 48,       104, 16,       141
5BC,2019/01/28 21:12:00, 50, 25.908455, 51, 22.801874, 52,-3.1065817, 49,        64, 56, 10.582877,116,         4, 72, 165.76227, 77, 44.906250,144, 0.0000000, 84, 0.0000000, 48,       104, 16,       141
51C,2019/01/28 21:13:00, 50, 13.204950, 51, 37.913563, 52, 24.708614, 49,        64, 56, 10.582877,116,         4, 72, 165.76517, 77, 44.906250,144, 0.0000000, 84, 0.0000000, 48,       104, 16,       141
53C,2019/01/28 21:14:00, 50, 11.589005, 51, 47.831558, 52, 36.242554, 49,        64, 56, 10.582877,116,         4, 72, 165.63138, 77, 44.937500,144, 0.0000000, 84, 0.0000000, 48,       104, 16,       141
5EC,2019/01/28 21:15:00, 50, 21.405453, 51, 25.868479, 52, 4.4630270, 49,        64, 56, 10.582877,116,         4, 72, 165.47641, 77, 44.968750,144, 0.0000000, 84, 0.0000000, 48,       104, 16,       141
5AC,2019/01/28 21:16:00, 50, 14.254194, 51, 25.401915, 52, 11.147720, 49,        64, 56, 10.582877,116,         4, 72, 165.53647, 77, 44.937500,144, 0.0000000, 84, 0.0000000, 48,       104, 16,       141
5DC,2019/01/28 21:17:00, 50, 6.6987629, 51, 22.258732, 52, 15.559969, 49,        64, 56, 10.582877,116,         4, 72, 165.61682, 77, 44.593750,144, 0.0000000, 84, 0.0000000, 48,       104, 16,       141
52C,2019/01/28 21:18:00, 50, 6.5574684, 51, 16.636400, 52, 10.078932, 49,        64, 56, 10.582877,116,         4, 72, 165.79056, 77, 44.187500,144, 0.0000000, 84, 0.0000000, 48,       104, 16,       141
54C,2019/01/28 21:19:00, 50, 16.291519, 51, 21.740969, 52, 5.4494505, 49,        64, 56, 10.582877,116,         4, 72, 165.84631, 77, 43.781250,144, 0.0000000, 84, 0.0000000, 48,       104, 16,       141
5FC,2019/01/28 21:20:00, 50, 13.797361, 51, 48.134563, 52, 34.337204, 49,        64, 56, 10.582877,116,         4, 72, 165.83829, 77, 43.437500,144, 0.0000000, 84, 0.0000000, 48,       104, 16,       141
50C,2019/01/28 21:21:00, 50, 4.2828608, 51, 29.673611, 52, 25.390751, 49,        64, 56, 10.582877,116,         4, 72, 165.95001, 77, 43.125000,144, 0.0000000, 84, 0.0000000, 48,       104, 16,       141
56C,2019/01/28 21:22:00, 50,-0.0206331, 51, 19.766939, 52, 19.787571, 49,        64, 56, 10.582877,116,         4, 72, 166.09567, 77, 42.843750,144, 0.0000000, 84, 0.0000000, 48,       104, 16,       141
5FC,2019/01/28 21:23:00, 50, 12.258192, 51, 44.960476, 52, 32.702286, 49,        64, 56, 10.582877,116,         4, 72, 166.34195, 77, 42.625000,144, 0.0000000, 84, 0.0000000, 48,       104, 16,       141
59C,2019/01/28 21:24:00, 50, 9.2517033, 51, 59.063377, 52, 49.811676, 49,        64, 56, 10.582877,116,         4, 72, 166.34396, 77, 42.437500,144, 0.0000000, 84, 0.0000000, 48,       104, 16,       141
54C,2019/01/28 21:25:00, 50, 12.488214, 51, 14.007294, 52, 1.5190799, 49,        64, 56, 10.582877,116,         4, 72, 166.28543, 77, 42.281250,144, 0.0000000, 84, 0.0000000, 48,       104, 16,       141
56C,2019/01/28 21:26:00, 50, 7.1336355, 51, 29.419596, 52, 22.285961, 49,        64, 56, 10.582877,116,         4, 72, 166.38791, 77, 42.093750,144, 0.0000000, 84, 0.0000000, 48,       104, 16,       141
5AC,2019/01/28 21:27:00, 50, 23.086048, 51, 38.044014, 52, 14.957966, 49,        64, 56, 10.582877,116,         4, 72, 166.43796, 77, 41.906250,144, 0.0000000, 84, 0.0000000, 48,       104, 16,       141
54C,2019/01/28 21:28:00, 50, 14.811050, 51, 33.308685, 52, 18.497635, 49,        64, 56, 10.582877,116,         4, 72, 166.60535, 77, 41.750000,144, 0.0000000, 84, 0.0000000, 48,       104, 16,       141
58C,2019/01/28 21:29:00, 50, 29.436405, 51, 31.017546, 52, 1.5811412, 49,        64, 56, 10.582877,116,         4, 72, 166.64526, 77, 41.625000,144, 0.0000000, 84, 0.0000000, 48,       104, 16,       141
5BC,2019/01/28 21:30:00, 50, 19.155987, 51, 36.342342, 52, 17.186356, 49,        64, 56, 10.582877,116,         4, 72, 166.52658, 77, 41.500000,144, 0.0000000, 84, 0.0000000, 48,       104, 16,       141
56C,2019/01/28 21:31:00, 50, 12.325207, 51, 32.648621, 52, 20.323414, 49,        64, 56, 10.582877,116,         4, 72, 166.75873, 77, 41.437500,144, 0.0000000, 84, 0.0000000, 48,       104, 16,       141
5EC,2019/01/28 21:32:00, 50, 20.245075, 51, 32.982735, 52, 12.737661, 49,        64, 56, 10.582877,116,         4, 72, 166.90231, 77, 41.406250,144, 0.0000000, 84, 0.0000000, 48,       104, 16,       141
55C,2019/01/28 21:33:00, 50, 4.7430105, 51, 30.284319, 52, 25.541309, 49,        64, 56, 10.582877,116,         4, 72, 166.93362, 77, 41.375000,144, 0.0000000, 84, 0.0000000, 48,       104, 16,       141
5AC,2019/01/28 21:34:00, 50,-0.0995995, 51, 38.715847, 52, 38.815445, 49,        64, 56, 10.582877,116,         4, 72, 166.74063, 77, 41.312500,144, 0.0000000, 84, 0.0000000, 48,       104, 16,       141
50C,2019/01/28 21:35:00, 50,-0.4428876, 51, 14.395764, 52, 14.838652, 49,        64, 56, 10.582877,116,         4, 72, 166.61911, 77, 41.281250,144, 0.0000000, 84, 0.0000000, 48,       104, 16,       141
5EC,2019/01/28 21:36:00, 50, 8.8695850, 51, 26.856710, 52, 17.987125, 49,        64, 56, 10.582877,116,         4, 72, 166.76337, 77, 41.250000,144, 0.0000000, 84, 0.0000000, 48,       104, 16,       141
52C,2019/01/28 21:37:00, 50, 5.3099546, 51, 28.767725, 52, 23.457771, 49,        64, 56, 10.582877,116,         4, 72, 166.84219, 77, 41.218750,144, 0.0000000, 84, 0.0000000, 48,       104, 16,       141
58C,2019/01/28 21:38:00, 50, 18.809143, 51, 45.538994, 52, 26.729851, 49,        64, 56, 10.582877,116,         4, 72, 166.98877, 77, 41.218750,144, 0.0000000, 84, 0.0000000, 48,       104, 16,       141
5BC,2019/01/28 21:39:00, 50, 18.595428, 51, 73.163658, 52, 54.568230, 49,        64, 56, 10.582877,116,         4, 72, 167.02362, 77, 41.218750,144, 0.0000000, 84, 0.0000000, 48,       104, 16,       141
5DC,2019/01/28 21:40:00, 50, 14.144882, 51, 48.499748, 52, 34.354866, 49,        64, 56, 10.582877,116,         4, 72, 166.95987, 77, 41.218750,144, 0.0000000, 84, 0.0000000, 48,       104, 16,       141
5FC,2019/01/28 21:41:00, 50, 12.336689, 51, 59.633228, 52, 47.296539, 49,        64, 56, 10.582877,116,         4, 72, 167.19678, 77, 41.218750,144, 0.0000000, 84, 0.0000000, 48,       104, 16,       141
54C,2019/01/28 21:42:00, 50, 38.928055, 51, 88.048134, 52, 49.120079, 49,        64, 56, 10.582877,116,         4, 72, 167.16751, 77, 41.250000,144, 0.0000000, 84, 0.0000000, 48,       104, 16,       141
5DC,2019/01/28 21:43:00, 50, 26.526989, 51, 62.115627, 52, 35.588638, 49,        64, 56, 10.582877,116,         4, 72, 167.23358, 77, 41.250000,144, 0.0000000, 84, 0.0000000, 48,       104, 16,       141
5FC,2019/01/28 21:44:00, 50, 18.155254, 51, 58.294933, 52, 40.139679, 49,        64, 56, 10.582877,116,         4, 72, 167.41046, 77, 41.281250,144, 0.0000000, 84, 0.0000000, 48,       104, 16,       141
50C,2019/01/28 21:45:00, 50, 17.089058, 51, 51.279030, 52, 34.189972, 49,        64, 56, 10.582877,116,         4, 72, 167.51617, 77, 41.281250,144, 0.0000000, 84, 0.0000000, 48,       104, 16,       141
59C,2019/01/28 21:46:00, 50, 13.170353, 51, 20.509468, 52, 7.3391161, 49,        64, 56, 10.582877,116,         4, 72, 167.93469, 77, 41.312500,144, 0.0000000, 84, 0.0000000, 48,       104, 16,       141
52C,2019/01/28 21:47:00, 50, 24.875961, 51, 37.209545, 52, 12.333586, 49,        64, 56, 10.582877,116,         4, 72, 168.28021, 77, 41.343750,144, 0.0000000, 84, 0.0000000, 48,       104, 16,       141
5EC,2019/01/28 21:48:00, 50, 2.5717883, 51, 29.995108, 52, 27.423321, 49,        64, 56, 10.582877,116,         4, 72, 168.65860, 77, 41.375000,144, 0.0000000, 84, 0.0000000, 48,       104, 16,       141
56C,2019/01/28 21:49:00, 50, 6.3138838, 51, 27.165026, 52, 20.851143, 49,        64, 56, 10.582877,116,         4, 72, 168.67502, 77, 41.343750,144, 0.0000000, 84, 0.0000000, 48,       104, 16,       141
50C,2019/01/28 21:50:00, 50,-0.2627016, 51, 24.554815, 52, 24.817516, 49,        64, 56, 10.582877,116,         4, 72, 168.37250, 77, 41.312500,144, 0.0000000, 84, 0.0000000, 48,       104, 16,       141
5EC,2019/01/28 21:51:00, 50, 10.922525, 51, 29.078142, 52, 18.155617, 49,        64, 56, 10.582877,116,         4, 72, 168.13571, 77, 41.343750,144, 0.0000000, 84, 0.0000000, 48,       104, 16,       141
51C,2019/01/28 21:52:00, 50, 9.8727188, 51, 41.530960, 52, 31.658241, 49,        64, 56, 10.582877,116,         4, 72, 167.90823, 77, 41.312500,144, 0.0000000, 84, 0.0000000, 48,       104, 16,       141
52C,2019/01/28 21:53:00, 50, 12.776079, 51, 34.321575, 52, 21.545498, 49,        64, 56, 10.582877,116,         4, 72, 168.00217, 77, 41.312500,144, 0.0000000, 84, 0.0000000, 48,       104, 16,       141
56C,2019/01/28 21:54:00, 50, 25.338516, 51, 35.135544, 52, 9.7970295, 49,        64, 56, 10.582877,116,         4, 72, 167.92490, 77, 41.312500,144, 0.0000000, 84, 0.0000000, 48,       104, 16,       141
5FC,2019/01/28 21:55:00, 50, 6.2652025, 51, 27.297031, 52, 21.031830, 49,        64, 56, 10.582877,116,         4, 72, 167.82635, 77, 41.312500,144, 0.0000000, 84, 0.0000000, 48,       104, 16,       141
58C,2019/01/28 21:56:00, 50, 3.6359439, 51, 17.420307, 52, 13.784365, 49,        64, 56, 10.582877,116,         4, 72, 167.97470, 77, 41.281250,144, 0.0000000, 84, 0.0000000, 48,       104, 16,       141
50C,2019/01/28 21:57:00, 50,-1.4428394, 51, 12.822145, 52, 14.264984, 49,        64, 56, 10.582877,116,         4, 72, 168.11331, 77, 41.281250,144, 0.0000000, 84, 0.0000000, 48,       104, 16,       141
5AC,2019/01/28 21:58:00, 50, 4.2435112, 51, 14.230732, 52, 9.9872208, 49,        64, 56, 10.582877,116,         4, 72, 168.33994, 77, 41.281250,144, 0.0000000, 84, 0.0000000, 48,       104, 16,       141
5BC,2019/01/28 21:59:00, 50, 7.3161297, 51, 28.757799, 52, 21.441669, 49,        64, 56, 10.582877,116,         4, 72, 168.32819, 77, 41.250000,144, 0.0000000, 84, 0.0000000, 48,       104, 16,       141
58C,2019/01/28 22:00:00, 50, 8.0622139, 51, 24.811237, 52, 16.749023, 49,        64, 56, 10.582877,116,         4, 72, 168.08911, 77, 41.250000,144, 0.0000000, 84, 0.0000000, 48,       104, 16,       141
5FC,2019/01/28 22:01:00, 50, 6.5641003, 51, 36.769070, 52, 30.204971, 49,        64, 56, 10.582877,116,         4, 72, 168.02393, 77, 41.218750,144, 0.0000000, 84, 0.0000000, 48,       104, 16,       141
5BC,2019/01/28 22:02:00, 50, 0.6979357, 51, 9.7001705, 52, 9.0022354, 49,        64, 56, 10.582877,116,         4, 72, 168.03949, 77, 41.250000,144, 0.0000000, 84, 0.0000000, 48,       104, 16,       141
5EC,2019/01/28 22:03:00, 50, 3.1777663, 51, 19.880424, 52, 16.702660, 49,        64, 56, 10.582877,116,         4, 72, 167.92542, 77, 41.187500,144, 0.0000000, 84, 0.0000000, 48,       104, 16,       141
59C,2019/01/28 22:04:00, 50, 6.0340481, 51, 24.800268, 52, 18.766220, 49,        64, 56, 10.582877,116,         4, 72, 167.65128, 77, 41.156250,144, 0.0000000, 84, 0.0000000, 48,       104, 16,       141
52C,2019/01/28 22:05:00, 50, 8.8942471, 51, 54.834484, 52, 45.940239, 49,        64, 56, 10.582877,116,         4, 72, 167.40854, 77, 41.156250,144, 0.0000000, 84, 0.0000000, 48,       104, 16,       141
51C,2019/01/28 22:06:00, 50, 12.680717, 51, 40.187595, 52, 27.506878, 49,        64, 56, 10.582877,116,         4, 72, 167.18713, 77, 41.156250,144, 0.0000000, 84, 0.0000000, 48,       104, 16,       141
5CC,2019/01/28 22:07:00, 50, 13.778534, 51, 45.675842, 52, 31.897308, 49,        64, 56, 10.582877,116,         4, 72, 167.22345, 77, 41.156250,144, 0.0000000, 84, 0.0000000, 48,       104, 16,       141
5AC,2019/01/28 22:08:00, 50, 8.6675472, 51, 59.277584, 52, 50.610039, 49,        64, 56, 10.582877,116,         4, 72, 167.53647, 77, 41.156250,144, 0.0000000, 84, 0.0000000, 48,       104, 16,       141
59C,2019/01/28 22:09:00, 50, 3.0607791, 51, 27.751310, 52, 24.690533, 49,        64, 56, 10.582877,116,         4, 72, 167.73163, 77, 41.156250,144, 0.0000000, 84, 0.0000000, 48,       104, 16,       141
54C,2019/01/28 22:10:00, 50, 4.8238544, 51, 36.570961, 52, 31.747108, 49,        64, 56, 10.582877,116,         4, 72, 167.64587, 77, 41.187500,144, 0.0000000, 84, 0.0000000, 48,       104, 16,       141
5FC,2019/01/28 22:11:00, 50, 16.078098, 51, 37.842361, 52, 21.764263, 49,        64, 56, 10.582877,116,         4, 72, 167.67715, 77, 41.187500,144, 0.0000000, 84, 0.0000000, 48,       104, 16,       141
5EC,2019/01/28 22:12:00, 50, 10.340471, 51, 36.233986, 52, 25.893517, 49,        64, 56, 10.582877,116,         4, 72, 167.74454, 77, 41.218750,144, 0.0000000, 84, 0.0000000, 48,       104, 16,       141
52C,2019/01/28 22:13:00, 50, 12.618824, 51, 39.597157, 52, 26.978333, 49,        64, 56, 10.582877,116,         4, 72, 167.90506, 77, 41.187500,144, 0.0000000, 84, 0.0000000, 48,       104, 16,       141
5BC,2019/01/28 22:14:00, 50, 14.322102, 51, 43.583138, 52, 29.261036, 49,        64, 56, 10.582877,116,         4, 72, 167.88336, 77, 41.156250,144, 0.0000000, 84, 0.0000000, 48,       104, 16,       141
55C,2019/01/28 22:15:00, 50, 15.856386, 51, 36.713333, 52, 20.856949, 49,        64, 56, 10.582877,116,         4, 72, 167.60278, 77, 41.125000,144, 0.0000000, 84, 0.0000000, 48,       104, 16,       141
5FC,2019/01/28 22:16:00, 50, 17.594288, 51, 42.894291, 52, 25.300003, 49,        64, 56, 10.582877,116,         4, 72, 167.46805, 77, 41.156250,144, 0.0000000, 84, 0.0000000, 48,       104, 16,       141
55C,2019/01/28 22:17:00, 50, 10.510653, 51, 38.034679, 52, 27.524029, 49,        64, 56, 10.582877,116,         4, 72, 167.25452, 77, 41.187500,144, 0.0000000, 84, 0.0000000, 48,       104, 16,       141
5AC,2019/01/28 22:18:00, 50,-5.0383892, 51, 46.927761, 52, 51.966148, 49,        64, 56, 10.582877,116,         4, 72, 167.26395, 77, 41.156250,144, 0.0000000, 84, 0.0000000, 48,       104, 16,       141
51C,2019/01/28 22:19:00, 50,-3.3344574, 51, 29.916237, 52, 33.250694, 49,        64, 56, 10.582877,116,         4, 72, 167.27490, 77, 41.125000,144, 0.0000000, 84, 0.0000000, 48,       104, 16,       141
57C,2019/01/28 22:20:00, 50, 2.6035285, 51, 16.266399, 52, 13.662872, 49,        64, 56, 10.582877,116,         4, 72, 167.20081, 77, 41.093750,144, 0.0000000, 84, 0.0000000, 48,       104, 16,       141
5AC,2019/01/28 22:21:00, 50, 7.2958975, 51, 42.228489, 52, 34.932594, 49,        64, 56, 10.582877,116,         4, 72, 167.32834, 77, 41.062500,144, 0.0000000, 84, 0.0000000, 48,       104, 16,       141
57C,2019/01/28 22:22:00, 50, 10.447199, 51, 28.456385, 52, 18.009186, 49,        64, 56, 10.582877,116,         4, 72, 167.48203, 77, 41.062500,144, 0.0000000, 84, 0.0000000, 48,       104, 16,       141
50C,2019/01/28 22:23:00, 50, 10.059078, 51, 43.211376, 52, 33.152298, 49,        64, 56, 10.582877,116,         4, 72, 167.70883, 77, 41.031250,144, 0.0000000, 84, 0.0000000, 48,       104, 16,       141
5BC,2019/01/28 22:24:00, 50, 11.627934, 51, 42.141651, 52, 30.513718, 49,        64, 56, 10.582877,116,         4, 72, 167.86166, 77, 41.031250,144, 0.0000000, 84, 0.0000000, 48,       104, 16,       141
59C,2019/01/28 22:25:00, 50, 15.273567, 51, 47.699776, 52, 32.426208, 49,        64, 56, 10.582877,116,         4, 72, 167.75546, 77, 41.031250,144, 0.0000000, 84, 0.0000000, 48,       104, 16,       141
5DC,2019/01/28 22:26:00, 50, 41.845200, 51, 91.343864, 52, 49.498665, 49,        64, 56, 10.582877,116,         4, 72, 167.90488, 77, 41.062500,144, 0.0000000, 84, 0.0000000, 48,       104, 16,       141
5CC,2019/01/28 22:27:00, 50, 22.878548, 51, 61.485672, 52, 38.607124, 49,        64, 56, 10.582877,116,         4, 72, 168.01822, 77, 41.062500,144, 0.0000000, 84, 0.0000000, 48,       104, 16,       141
58C,2019/01/28 22:28:00, 50, 32.869019, 51, 80.995880, 52, 48.126862, 49,        64, 56, 10.582877,116,         4, 72, 168.31628, 77, 41.156250,144, 0.0000000, 84, 0.0000000, 48,       104, 16,       141
53C,2019/01/28 22:29:00, 50, 8.4624882, 51, 66.193657, 52, 57.731171, 49,        64, 56, 10.582877,116,         4, 72, 168.45837, 77, 41.187500,144, 0.0000000, 84, 0.0000000, 48,       104, 16,       141
56C,2019/01/28 22:30:00, 50, 4.0471296, 51, 38.376137, 52, 34.329010, 49,        64, 56, 10.582877,116,         4, 72, 168.18951, 77, 41.250000,144, 0.0000000, 84, 0.0000000, 48,       104, 16,       141
54C,2019/01/28 22:31:00, 50, 19.302380, 51, 43.369389, 52, 24.067009, 49,        64, 56, 10.582877,116,         4, 72, 168.04675, 77, 41.281250,144, 0.0000000, 84, 0.0000000, 48,       104, 16,       141
50C,2019/01/28 22:32:00, 50,-12.890905, 51, 1.8249435, 52, 14.715849, 49,        64, 56, 10.582877,116,         4, 72, 167.94791, 77, 41.250000,144, 0.0000000, 84, 0.0000000, 48,       104, 16,       141
50C,2019/01/28 22:33:00, 50,-25.680187, 51,-6.3259926, 52, 19.354195, 49,        64, 56, 10.582877,116,         4, 72, 168.02509, 77, 41.250000,144, 0.0000000, 84, 0.0000000, 48,       104, 16,       141
53C,2019/01/28 22:34:00, 50,-7.4278355, 51,-2.0810413, 52, 5.3467941, 49,        64, 56, 10.582877,116,         4, 72, 167.83072, 77, 41.312500,144, 0.0000000, 84, 0.0000000, 48,       104, 16,       141
59C,2019/01/28 22:35:00, 50,-5.7409201, 51, 25.122713, 52, 30.863632, 49,        64, 56, 10.582877,116,         4, 72, 167.36099, 77, 41.375000,144, 0.0000000, 84, 0.0000000, 48,       104, 16,       141
58C,2019/01/28 22:36:00, 50, 16.991070, 51, 42.702541, 52, 25.711472, 49,        64, 56, 10.582877,116,         4, 72, 167.09705, 77, 41.406250,144, 0.0000000, 84, 0.0000000, 48,       104, 16,       141
5DC,2019/01/28 22:37:00, 50, 25.558807, 51, 43.423698, 52, 17.864891, 49,        64, 56, 10.582877,116,         4, 72, 166.80792, 77, 41.437500,144, 0.0000000, 84, 0.0000000, 48,       104, 16,       141
59C,2019/01/28 22:38:00, 50, 8.7835503, 51, 26.671097, 52, 17.887547, 49,        64, 56, 10.582877,116,         4, 72, 166.83362, 77, 41.437500,144, 0.0000000, 84, 0.0000000, 48,       104, 16,       141
52C,2019/01/28 22:39:00, 50, 3.9366751, 51, 18.553331, 52, 14.616657, 49,        64, 56, 10.582877,116,         4, 72, 166.85880, 77, 41.500000,144, 0.0000000, 84, 0.0000000, 48,       104, 16,       141
5DC,2019/01/28 22:40:00, 50, 11.410360, 51, 8.2832146, 52,-3.1271458, 49,        64, 56, 10.582877,116,         4, 72, 166.91205, 77, 41.500000,144, 0.0000000, 84, 0.0000000, 48,       104, 16,       141
52C,2019/01/28 22:41:00, 50, 3.2974749, 51, 14.695809, 52, 11.398335, 49,        64, 56, 10.582877,116,         4, 72, 166.91605, 77, 41.500000,144, 0.0000000, 84, 0.0000000, 48,       104, 16,       141
56C,2019/01/28 22:42:00, 50, 6.6502590, 51, 15.951492, 52, 9.3012333, 49,        64, 56, 10.582877,116,         4, 72, 166.89398, 77, 41.500000,144, 0.0000000, 84, 0.0000000, 48,       104, 16,       141
56C,2019/01/28 22:43:00, 50,-2.4316053, 51, 16.543386, 52, 18.974991, 49,        64, 56, 10.582877,116,         4, 72, 166.83591, 77, 41.500000,144, 0.0000000, 84, 0.0000000, 48,       104, 16,       141
5BC,2019/01/28 22:44:00, 50, 5.9179296, 51, 15.254779, 52, 9.3368492, 49,        64, 56, 10.582877,116,         4, 72, 166.89798, 77, 41.500000,144, 0.0000000, 84, 0.0000000, 48,       104, 16,       141
5DC,2019/01/28 22:45:00, 50, 5.9776068, 51, 19.022623, 52, 13.045017, 49,        64, 56, 10.582877,116,         4, 72, 166.77240, 77, 41.500000,144, 0.0000000, 84, 0.0000000, 48,       104, 16,       141
54C,2019/01/28 22:46:00, 50, 2.6762280, 51, 17.740704, 52, 15.064476, 49,        64, 56, 10.582877,116,         4, 72, 166.71509, 77, 41.500000,144, 0.0000000, 84, 0.0000000, 48,       104, 16,       141
56C,2019/01/28 22:47:00, 50, 11.705812, 51, 16.412695, 52, 4.7068825, 49,        64, 56, 10.582877,116,         4, 72, 166.98437, 77, 41.562500,144, 0.0000000, 84, 0.0000000, 48,       104, 16,       141
55C,2019/01/28 22:48:00, 50, 3.4965973, 51, 47.236488, 52, 43.739891, 49,        64, 56, 10.582877,116,         4, 72, 167.20734, 77, 41.625000,144, 0.0000000, 84, 0.0000000, 48,       104, 16,       141
5DC,2019/01/28 22:49:00, 50, 9.4062634, 51, 20.762985, 52, 11.356722, 49,        64, 56, 10.582877,116,         4, 72, 167.53653, 77, 41.687500,144, 0.0000000, 84, 0.0000000, 48,       104, 16,       141
5FC,2019/01/28 22:50:00, 50, 70.514709, 51, 110.97582, 52, 40.461113, 49,        64, 56, 10.582877,116,         4, 72, 167.72861, 77, 41.718750,144, 0.0000000, 84, 0.0000000, 48,       104, 16,       141
5CC,2019/01/28 22:51:00, 50, 17.140961, 51, 52.766548, 52, 35.625587, 49,        64, 56, 10.582877,116,         4, 72, 167.98810, 77, 41.781250,144, 0.0000000, 84, 0.0000000, 48,       104, 16,       141
5DC,2019/01/28 22:52:00, 50, 27.080418, 51, 64.554039, 52, 37.473625, 49,        64, 56, 10.582877,116,         4, 72, 168.12067, 77, 41.812500,144, 0.0000000, 84, 0.0000000, 48,       104, 16,       141
56C,2019/01/28 22:53:00, 50, 31.684345, 51, 68.255386, 52, 36.571045, 49,        64, 56, 10.582877,116,         4, 72, 168.09610, 77, 41.843750,144, 0.0000000, 84, 0.0000000, 48,       104, 16,       141
53C,2019/01/28 22:54:00, 50, 16.513145, 51, 41.434715, 52, 24.921570, 49,        64, 56, 10.582877,116,         4, 72, 168.15381, 77, 41.906250,144, 0.0000000, 84, 0.0000000, 48,       104, 16,       141
5AC,2019/01/28 22:55:00, 50, 8.6717243, 51, 17.939470, 52, 9.2677460, 49,        64, 56, 10.582877,116,         4, 72, 168.01971, 77, 41.937500,144, 0.0000000, 84, 0.0000000, 48,       104, 16,       141
57C,2019/01/28 22:56:00, 50, 11.781063, 51, 12.368969, 52, 0.5879065, 49,        64, 56, 10.582877,116,         4, 72, 167.77582, 77, 41.937500,144, 0.0000000, 84, 0.0000000, 48,       104, 16,       141
5AC,2019/01/28 22:57:00, 50, 9.1175652, 51, 29.879742, 52, 20.762177, 49,        64, 56, 10.582877,116,         4, 72, 167.60406, 77, 41.875000,144, 0.0000000, 84, 0.0000000, 48,       104, 16,       141
52C,2019/01/28 22:58:00, 50, 14.883917, 51, 27.045279, 52, 12.161362, 49,        64, 56, 10.582877,116,         4, 72, 167.46838, 77, 41.843750,144, 0.0000000, 84, 0.0000000, 48,       104, 16,       141
53C,2019/01/28 22:59:00, 50, 10.530714, 51, 14.142570, 52, 3.6118569, 49,        64, 56, 10.582877,116,         4, 72, 167.51642, 77, 41.781250,144, 0.0000000, 84, 0.0000000, 48,       104, 16,       141
56C,2019/01/28 23:00:00, 50, 5.5262451, 51, 18.853266, 52, 13.327021, 49,        64, 56, 10.582877,116,         4, 72, 167.49149, 77, 41.750000,144, 0.0000000, 84, 0.0000000, 48,       104, 16,       141
56C,2019/01/28 23:01:00, 50, 7.2769489, 51, 23.635374, 52, 16.358425, 49,        64, 56, 10.582877,116,         4, 72, 167.31775, 77, 41.750000,144, 0.0000000, 84, 0.0000000, 48,       104, 16,       141
50C,2019/01/28 23:02:00, 50, 5.9621553, 51, 19.978962, 52, 14.016808, 49,        64, 56, 10.582877,116,         4, 72, 167.25021, 77, 41.718750,144, 0.0000000, 84, 0.0000000, 48,       104, 16,       141
5AC,2019/01/28 23:03:00, 50, 9.3085651, 51, 29.028009, 52, 19.719444, 49,        64, 56, 10.582877,116,         4, 72, 167.13431, 77, 41.750000,144, 0.0000000, 84, 0.0000000, 48,       104, 16,       141
54C,2019/01/28 23:04:00, 50, 10.790375, 51, 10.262776, 52,-0.5275992, 49,        64, 56, 10.582877,116,         4, 72, 166.96146, 77, 41.781250,144, 0.0000000, 84, 0.0000000, 48,       104, 16,       141
56C,2019/01/28 23:05:00, 50, 3.1134272, 51, 22.865196, 52, 19.751770, 49,        64, 56, 10.582877,116,         4, 72, 166.75647, 77, 41.781250,144, 0.0000000, 84, 0.0000000, 48,       104, 16,       141
58C,2019/01/28 23:06:00, 50, 5.0590515, 51, 25.289864, 52, 20.230812, 49,        64, 56, 10.582877,116,         4, 72, 166.39737, 77, 41.781250,144, 0.0000000, 84, 0.0000000, 48,       104, 16,       141
50C,2019/01/28 23:07:00, 50, 11.323793, 51, 25.291056, 52, 13.967262, 49,        64, 56, 10.582877,116,         4, 72, 166.38293, 77, 41.781250,144, 0.0000000, 84, 0.0000000, 48,       104, 16,       141
56C,2019/01/28 23:08:00, 50,-3.0112090, 51, 20.996796, 52, 24.008003, 49,        64, 56, 10.582877,116,         4, 72, 166.36060, 77, 41.781250,144, 0.0000000, 84, 0.0000000, 48,       104, 16,       141
56C,2019/01/28 23:09:00, 50, 8.8988323, 51, 14.904991, 52, 6.0061588, 49,        64, 56, 10.582877,116,         4, 72, 166.74557, 77, 41.843750,144, 0.0000000, 84, 0.0000000, 48,       104, 16,       141
5CC,2019/01/28 23:10:00, 50, 16.287617, 51, 26.147169, 52, 9.8595524, 49,        64, 56, 10.582877,116,         4, 72, 167.06845, 77, 41.875000,144, 0.0000000, 84, 0.0000000, 48,       104, 16,       141
52C,2019/01/28 23:11:00, 50, 8.2699356, 51, 8.3178272, 52, 0.0478923, 49,        64, 56, 10.582877,116,         4, 72, 167.07089, 77, 41.906250,144, 0.0000000, 84, 0.0000000, 48,       104, 16,       141
52C,2019/01/28 23:12:00, 50, 6.8286800, 51, 38.246712, 52, 31.418034, 49,        64, 56, 10.582877,116,         4, 72, 167.06680, 77, 41.968750,144, 0.0000000, 84, 0.0000000, 48,       104, 16,       141
59C,2019/01/28 23:13:00, 50, 12.956167, 51, 64.964394, 52, 52.008232, 49,        64, 56, 10.582877,116,         4, 72, 167.17215, 77, 41.937500,144, 0.0000000, 84, 0.0000000, 48,       104, 16,       141
51C,2019/01/28 23:14:00, 50, 19.850716, 51, 41.190041, 52, 21.339325, 49,        64, 56, 10.582877,116,         4, 72, 167.61316, 77, 41.968750,144, 0.0000000, 84, 0.0000000, 48,       104, 16,       141
5BC,2019/01/28 23:15:00, 50, 35.418114, 51, 100.84562, 52, 65.427505, 49,        64, 56, 10.582877,116,         4, 72, 167.76685, 77, 41.968750,144, 0.0000000, 84, 0.0000000, 48,       104, 16,       141
5BC,2019/01/28 23:16:00, 50, 10.223013, 51, 29.877897, 52, 19.654884, 49,        64, 56, 10.582877,116,         4, 72, 167.79410, 77, 41.937500,144, 0.0000000, 84, 0.0000000, 48,       104, 16,       141
57C,2019/01/28 23:17:00, 50,-2.5431132, 51, 13.300752, 52, 15.843864, 49,        64, 56, 10.582877,116,         4, 72, 167.81042, 77, 42.000000,144, 0.0000000, 84, 0.0000000, 48,       104, 16,       141
55C,2019/01/28 23:18:00, 50, 11.406727, 51, 16.818087, 52, 5.4113598, 49,        64, 56, 10.582877,116,         4, 72, 167.78894, 77, 41.937500,144, 0.0000000, 84, 0.0000000, 48,       104, 16,       141
5FC,2019/01/28 23:19:00, 50, 5.7415733, 51, 13.259467, 52, 7.5178938, 49,        64, 56, 10.582877,116,         4, 72, 167.99551, 77, 41.968750,144, 0.0000000, 84, 0.0000000, 48,       104, 16,       141
55C,2019/01/28 23:20:00, 50, 10.566563, 51, 34.514980, 52, 23.948418, 49,        64, 56, 10.582877,116,         4, 72, 168.12277, 77, 42.000000,144, 0.0000000, 84, 0.0000000, 48,       104, 16,       141
56C,2019/01/28 23:21:00, 50, 19.212460, 51, 30.905312, 52, 11.692852, 49,        64, 56, 10.582877,116,         4, 72, 167.72067, 77, 42.031250,144, 0.0000000, 84, 0.0000000, 48,       104, 16,       141
51C,2019/01/28 23:22:00, 50, 14.477354, 51, 27.019567, 52, 12.542213, 49,        64, 56, 10.582877,116,         4, 72, 167.52097, 77, 42.000000,144, 0.0000000, 84, 0.0000000, 48,       104, 16,       141
51C,2019/01/28 23:23:00, 50, 13.215916, 51, 31.395458, 52, 18.179543, 49,        64, 56, 10.582877,116,         4, 72, 167.45905, 77, 42.031250,144, 0.0000000, 84, 0.0000000, 48,       104, 16,       141
55C,2019/01/28 23:24:00, 50, 19.030659, 51, 25.303061, 52, 6.2724028, 49,        64, 56, 10.582877,116,         4, 72, 167.52386, 77, 42.031250,144, 0.0000000, 84, 0.0000000, 48,       104, 16,       141
58C,2019/01/28 23:25:00, 50, 12.907728, 51, 22.019287, 52, 9.1115589, 49,        64, 56, 10.582877,116,         4, 72, 167.26819, 77, 42.031250,144, 0.0000000, 84, 0.0000000, 48,       104, 16,       141
5BC,2019/01/28 23:26:00, 50, 17.822239, 51, 16.554026, 52,-1.2682135, 49,        64, 56, 10.582877,116,         4, 72, 166.90564, 77, 41.968750,144, 0.0000000, 84, 0.0000000, 48,       104, 16,       141
5AC,2019/01/28 23:27:00, 50, 14.700359, 51, 33.572857, 52, 18.872498, 49,        64, 56, 10.582877,116,         4, 72, 167.02130, 77, 41.937500,144, 0.0000000, 84, 0.0000000, 48,       104, 16,       141
51C,2019/01/28 23:28:00, 50, 11.050545, 51, 19.676298, 52, 8.6257534, 49,        64, 56, 10.582877,116,         4, 72, 167.04016, 77, 41.937500,144, 0.0000000, 84, 0.0000000, 48,       104, 16,       141
50C,2019/01/28 23:29:00, 50, 22.759365, 51, 28.036798, 52, 5.2774343, 49,        64, 56, 10.582877,116,         4, 72, 167.28653, 77, 41.968750,144, 0.0000000, 84, 0.0000000, 48,       104, 16,       141
59C,2019/01/28 23:30:00, 50, 19.716667, 51, 45.098621, 52, 25.381954, 49,        64, 56, 10.582877,116,         4, 72, 167.35645, 77, 41.968750,144, 0.0000000, 84, 0.0000000, 48,       104, 16,       141
58C,2019/01/28 23:31:00, 50, 7.2979212, 51, 24.986828, 52, 17.688908, 49,        64, 56, 10.582877,116,         4, 72, 167.30405, 77, 41.906250,144, 0.0000000, 84, 0.0000000, 48,       104, 16,       141
5EC,2019/01/28 23:32:00, 50, 4.8440342, 51, 22.950830, 52, 18.106796, 49,        64, 56, 10.582877,116,         4, 72, 167.43393, 77, 41.906250,144, 0.0000000, 84, 0.0000000, 48,       104, 16,       141
5DC,2019/01/28 23:33:00, 50,-3.7273989, 51, 14.113106, 52, 17.840504, 49,        64, 56, 10.582877,116,         4, 72, 167.44977, 77, 41.906250,144, 0.0000000, 84, 0.0000000, 48,       104, 16,       141
5BC,2019/01/28 23:34:00, 50, 7.6340170, 51, 16.423283, 52, 8.7892666, 49,        64, 56, 10.582877,116,         4, 72, 167.47647, 77, 41.875000,144, 0.0000000, 84, 0.0000000, 48,       104, 16,       141
59C,2019/01/28 23:35:00, 50, 9.6636086, 51, 32.204655, 52, 22.541046, 49,        64, 56, 10.582877,116,         4, 72, 167.33173, 77, 41.875000,144, 0.0000000, 84, 0.0000000, 48,       104, 16,       141
58C,2019/01/28 23:36:00, 50, 6.0849104, 51, 19.972824, 52, 13.887915, 49,        64, 56, 10.582877,116,         4, 72, 166.96686, 77, 41.812500,144, 0.0000000, 84, 0.0000000, 48,       104, 16,       141
5EC,2019/01/28 23:37:00, 50, 8.2740135, 51, 13.526919, 52, 5.2529058, 49,        64, 56, 10.582877,116,         4, 72, 167.00381, 77, 41.781250,144, 0.0000000, 84, 0.0000000, 48,       104, 16,       141
55C,2019/01/28 23:38:00, 50, 9.4442482, 51, 5.9970303, 52,-3.4472179, 49,        64, 56, 10.582877,116,         4, 72, 167.10748, 77, 41.750000,144, 0.0000000, 84, 0.0000000, 48,       104, 16,       141
5FC,2019/01/28 23:39:00, 50, 47.819038, 51, 119.62887, 52, 71.809830, 49,        64, 56, 10.582877,116,         4, 72, 167.46280, 77, 41.750000,144, 0.0000000, 84, 0.0000000, 48,       104, 16,       141
54C,2019/01/28 23:40:00, 50, 17.487793, 51, 45.533527, 52, 28.045734, 49,        64, 56, 10.582877,116,         4, 72, 167.50604, 77, 41.781250,144, 0.0000000, 84, 0.0000000, 48,       104, 16,       141
57C,2019/01/28 23:41:00, 50, 7.4850130, 51, 17.769680, 52, 10.284668, 49,        64, 56, 10.582877,116,         4, 72, 167.32748, 77, 41.750000,144, 0.0000000, 84, 0.0000000, 48,       104, 16,       141
52C,2019/01/28 23:42:00, 50, 8.2980442, 51, 18.090538, 52, 9.7924938, 49,        64, 56, 10.582877,116,         4, 72, 167.45059, 77, 41.718750,144, 0.0000000, 84, 0.0000000, 48,       104, 16,       141
51C,2019/01/28 23:43:00, 50, 8.3130207, 51, 17.214684, 52, 8.9016628, 49,        64, 56, 10.582877,116,         4, 72, 167.65454, 77, 41.718750,144, 0.0000000, 84, 0.0000000, 48,       104, 16,       141
50C,2019/01/28 23:44:00, 50, 6.3774481, 51, 20.603386, 52, 14.225939, 49,        64, 56, 10.582877,116,         4, 72, 168.18781, 77, 41.687500,144, 0.0000000, 84, 0.0000000, 48,       104, 16,       141
5EC,2019/01/28 23:45:00, 50, 9.0742187, 51, 44.785042, 52, 35.710823, 49,        64, 56, 10.582877,116,         4, 72, 168.45395, 77, 41.687500,144, 0.0000000, 84, 0.0000000, 48,       104, 16,       141
5DC,2019/01/28 23:46:00, 50, 6.6584921, 51, 20.815571, 52, 14.157080, 49,        64, 56, 10.582877,116,         4, 72, 168.47086, 77, 41.718750,144, 0.0000000, 84, 0.0000000, 48,       104, 16,       141
55C,2019/01/28 23:47:00, 50, 8.5684643, 51, 18.009319, 52, 9.4408550, 49,        64, 56, 10.582877,116,         4, 72, 168.58014, 77, 41.687500,144, 0.0000000, 84, 0.0000000, 48,       104, 16,       141
57C,2019/01/28 23:48:00, 50, 134.05057, 51, 14.750137, 52,-119.30043, 49,        64, 56, 10.582877,116,         4, 72, 168.58337, 77, 41.687500,144, 0.0000000, 84, 0.0000000, 48,       104, 16,       141
57C,2019/01/28 23:49:00, 50, 19.526218, 51, 59.502979, 52, 39.976761, 49,        64, 56, 10.582877,116,         4, 72, 168.70425, 77, 41.718750,144, 0.0000000, 84, 0.0000000, 48,       104, 16,       141
54C,2019/01/28 23:50:00, 50, 10.708433, 51, 22.882118, 52, 12.173685, 49,        64, 56, 10.582877,116,         4, 72, 168.47195, 77, 41.718750,144, 0.0000000, 84, 0.0000000, 48,       104, 16,       141
5EC,2019/01/28 23:51:00, 50, 18.399109, 51, 38.535679, 52, 20.136570, 49,        64, 56, 10.582877,116,         4, 72, 167.75397, 77, 41.656250,144, 0.0000000, 84, 0.0000000, 48,       104, 16,       141
51C,2019/01/28 23:52:00, 50, 21.466946, 51, 58.670055, 52, 37.203110, 49,        64, 56, 10.582877,116,         4, 72, 167.46188, 77, 41.625000,144, 0.0000000, 84, 0.0000000, 48,       104, 16,       141
50C,2019/01/28 23:53:00, 50, 15.424072, 51, 49.394829, 52, 33.970757, 49,        64, 56, 10.582877,116,         4, 72, 167.28061, 77, 41.656250,144, 0.0000000, 84, 0.0000000, 48,       104, 16,       141
5AC,2019/01/28 23:54:00, 50, 14.994598, 51, 51.138832, 52, 36.144234, 49,        64, 56, 10.582877,116,         4, 72, 167.38925, 77, 41.687500,144, 0.0000000, 84, 0.0000000, 48,       104, 16,       141
56C,2019/01/28 23:55:00, 50, 27.299068, 51, 45.288570, 52, 17.989502, 49,        64, 56, 10.582877,116,         4, 72, 167.56955, 77, 41.718750,144, 0.0000000, 84, 0.0000000, 48,       104, 16,       141
5DC,2019/01/28 23:56:00, 50, 13.420134, 51, 38.193447, 52, 24.773315, 49,        64, 56, 10.582877,116,         4, 72, 167.90448, 77, 41.781250,144, 0.0000000, 84, 0.0000000, 48,       104, 16,       141
5AC,2019/01/28 23:57:00, 50, 15.608339, 51, 41.256668, 52, 25.648331, 49,        64, 56, 10.582877,116,         4, 72, 168.08752, 77, 41.843750,144, 0.0000000, 84, 0.0000000, 48,       104, 16,       141
54C,2019/01/28 23:58:00, 50, 5.4434509, 51, 40.585342, 52, 35.141891, 49,        64, 56, 10.582877,116,         4, 72, 168.36285, 77, 41.937500,144, 0.0000000, 84, 0.0000000, 48,       104, 16,       141
57C,2019/01/28 23:59:00, 50, 8.9038067, 51, 24.209511, 52, 15.305704, 49,        64, 56, 10.582877,116,         4, 72, 168.78418, 77, 41.968750,144, 0.0000000, 84, 0.0000000, 48,       104, 16,       141
