41C,2016/10/31 19:27:00, 50, 0.0000000, 51, 0.0000000, 52, 0.0000000, 49,        64, 56, 6.2676125, 67, 643.33984, 72, 312.57874, 77, 20.937500, 83,     36353,110,        29,116,         4,164,         1
4BC,2016/10/31 19:28:00, 50, 0.0000000, 51, 0.0000000, 52, 0.0000000, 49,        64, 56, 6.2676125, 67, 643.33984, 72, 131.29405, 77, 21.687500, 83,     36353,110,        29,116,         4,164,         1
49C,2016/10/31 19:29:00, 50, 0.0000000, 51, 0.0000000, 52, 0.0000000, 49,        64, 56, 6.2676125, 67, 643.33984, 72, 128.85886, 77, 22.187500, 83,     35329,110,        29,116,         4,164,         1
44C,2016/10/31 19:30:00, 50, 0.0000000, 51, 0.0000000, 52, 0.0000000, 49,        64, 56, 6.2676125, 67, 643.33984, 72, 128.08096, 77, 22.656250, 83,     35329,110,        29,116,         4,164,         1
46C,2016/10/31 19:31:00, 50, 0.0000000, 51, 0.0000000, 52, 0.0000000, 49,        64, 56, 6.2676125, 67, 643.33984, 72, 127.45639, 77, 23.156250, 83,     35329,110,        29,116,         4,164,         1
4BC,2016/10/31 19:32:00, 50, 0.0000000, 51, 0.0000000, 52, 0.0000000, 49,        64, 56, 6.2676125, 67, 643.33984, 72, 127.10291, 77, 23.593750, 83,     35329,110,        29,116,         4,164,         1
40C,2016/10/31 19:33:00, 50, 0.0000000, 51, 0.0000000, 52, 0.0000000, 49,        64, 56, 6.2676125, 67, 643.33984, 72, 126.86665, 77, 24.062500, 83,     35329,110,        29,116,         4,164,         1
42C,2016/10/31 19:34:00, 50, 0.0000000, 51, 0.0000000, 52, 0.0000000, 49,        64, 56, 6.2676125, 67, 643.33984, 72, 126.76392, 77, 24.343750, 83,     35329,110,        29,116,         4,164,         1
45C,2016/10/31 19:35:00, 50, 0.0000000, 51, 0.0000000, 52, 0.0000000, 49,        64, 56, 6.2676125, 67, 643.33984, 72, 126.68063, 77, 24.750000, 83,     35329,110,        29,116,         4,164,         1
42C,2016/10/31 19:36:00, 50, 0.0000000, 51, 0.0000000, 52, 0.0000000, 49,        64, 56, 6.2676125, 67, 643.33984, 72, 126.64967, 77, 25.125000, 83,     35329,110,        29,116,         4,164,         1
4FC,2016/10/31 19:37:00, 50, 0.0000000, 51, 0.0000000, 52, 0.0000000, 49,        64, 56, 6.2676125, 67, 643.33984, 72, 126.59955, 77, 25.500000, 83,     35329,110,        29,116,         4,164,         1
4CC,2016/10/31 19:38:00, 50, 0.0000000, 51, 0.0000000, 52, 0.0000000, 49,        64, 56, 6.2676125, 67, 643.33984, 72, 126.61464, 77, 25.843750, 83,     35329,110,        29,116,         4,164,         1
43C,2016/10/31 19:39:00, 50, 0.0000000, 51, 0.0000000, 52, 0.0000000, 49,        64, 56, 6.2676125, 67, 643.33984, 72, 126.65485, 77, 26.187500, 83,     35329,110,        29,116,         4,164,         1
48C,2016/10/31 19:40:00, 50, 0.0000000, 51, 0.0000000, 52, 0.0000000, 49,        64, 56, 6.2676125, 67, 643.33984, 72, 126.68863, 77, 26.531250, 83,     34817,110,        29,116,         4,164,         1
41C,2016/10/31 19:41:00, 50, 0.0000000, 51, 0.0000000, 52, 0.0000000, 49,        64, 56, 6.2676125, 67, 644.68970, 72, 126.76442, 77, 26.875000, 83,     34817,110,        29,116,         4,164,         1
44C,2016/10/31 19:42:00, 50, 0.0000000, 51, 0.0000000, 52, 0.0000000, 49,        64, 56, 6.2676125, 67, 646.03967, 72, 126.70319, 77, 27.187500, 83,     34817,110,        29,116,         4,164,         1
47C,2016/10/31 19:43:00, 50, 0.0000000, 51, 0.0000000, 52, 0.0000000, 49,        64, 56, 6.2676125, 67, 646.03967, 72, 126.61130, 77, 27.531250, 83,     34817,110,        29,116,         4,164,         1
4BC,2016/10/31 19:44:00, 50, 0.0000000, 51, 0.0000000, 52, 0.0000000, 49,        64, 56, 6.2676125, 67, 646.03967, 72, 126.57274, 77, 27.843750, 83,     34817,110,        29,116,         4,164,         1
4AC,2016/10/31 19:45:00, 50, 0.0000000, 51, 0.0000000, 52, 0.0000000, 49,        64, 56, 6.2676125, 67, 646.03967, 72, 126.63216, 77, 28.125000, 83,     35329,110,        29,116,         4,164,         1
4AC,2016/10/31 19:46:00, 50, 0.0000000, 51, 0.0000000, 52, 0.0000000, 49,        64, 56, 6.2676125, 67, 646.03967, 72, 126.64938, 77, 28.406250, 83,     35329,110,        29,116,         4,164,         1
4DC,2016/10/31 19:47:00, 50, 0.0000000, 51, 0.0000000, 52, 0.0000000, 49,        64, 56, 6.2676125, 67, 646.03967, 72, 126.67284, 77, 28.718750, 83,     35329,110,        29,116,         4,164,         1
48C,2016/10/31 19:48:00, 50, 0.0000000, 51, 0.0000000, 52, 0.0000000, 49,        64, 56, 6.2676125, 67, 646.03967, 72, 126.83134, 77, 29.031250, 83,     35329,110,        29,116,         4,164,         1
4FC,2016/10/31 19:49:00, 50, 0.0000000, 51, 0.0000000, 52, 0.0000000, 49,        64, 56, 6.2676125, 67, 646.03967, 72, 126.97226, 77, 29.343750, 83,     35329,110,        29,116,         4,164,         1
44C,2016/10/31 19:50:00, 50, 0.0000000, 51, 0.0000000, 52, 0.0000000, 49,        64, 56, 6.2676125, 67, 646.03967, 72, 127.04225, 77, 29.593750, 83,     35329,110,        29,116,         4,164,         1
47C,2016/10/31 19:51:00, 50, 0.0000000, 51, 0.0000000, 52, 0.0000000, 49,        64, 56, 6.2676125, 67, 646.03967, 72, 127.20163, 77, 29.906250, 83,     35329,110,        29,116,         4,164,         1
49C,2016/10/31 19:52:00, 50, 0.0000000, 51, 0.0000000, 52, 0.0000000, 49,        64, 56, 6.2676125, 67, 646.03967, 72, 127.36525, 77, 30.187500, 83,     34817,110,        29,116,         4,164,         1
47C,2016/10/31 19:53:00, 50, 0.0000000, 51, 0.0000000, 52, 0.0000000, 49,        64, 56, 6.2676125, 67, 646.03967, 72, 127.51323, 77, 30.406250, 83,     34817,110,        29,116,         4,164,         1
4FC,2016/10/31 19:54:00, 50, 0.0000000, 51, 0.0000000, 52, 0.0000000, 49,        64, 56, 6.2676125, 67, 646.03967, 72, 127.66606, 77, 30.687500, 83,     34817,110,        29,116,         4,164,         1
47C,2016/10/31 19:55:00, 50, 0.0000000, 51, 0.0000000, 52, 0.0000000, 49,        64, 56, 6.2676125, 67, 646.03967, 72, 127.83060, 77, 30.937500, 83,     34817,110,        29,116,         4,164,         1
4AC,2016/10/31 19:56:00, 50, 0.0000000, 51, 0.0000000, 52, 0.0000000, 49,        64, 56, 6.2676125, 67, 646.03967, 72, 127.94112, 77, 31.156250, 83,     34817,110,        29,116,         4,164,         1
46C,2016/10/31 19:57:00, 50, 0.0000000, 51, 0.0000000, 52, 0.0000000, 49,        64, 56, 6.2676125, 67, 646.03967, 72, 128.04832, 77, 31.312500, 83,     34817,110,        29,116,         4,164,         1
44C,2016/10/31 19:58:00, 50, 0.0000000, 51, 0.0000000, 52, 0.0000000, 49,        64, 56, 6.2676125, 67, 646.03967, 72, 128.19833, 77, 31.312500, 83,     34817,110,        29,116,         4,164,         1
46C,2016/10/31 19:59:00, 50, 0.0000000, 51, 0.0000000, 52, 0.0000000, 49,        64, 56, 6.2676125, 67, 646.03967, 72, 128.33830, 77, 31.593750, 83,     34817,110,        29,116,         4,164,         1
41C,2016/10/31 20:00:00, 50, 0.0000000, 51, 0.0000000, 52, 0.0000000, 49,        64, 56, 6.2676125, 67, 646.03967, 72, 128.37904, 77, 31.812500, 83,     34817,110,        29,116,         4,164,         1
49C,2016/10/31 20:01:00, 50, 0.0000000, 51, 0.0000000, 52, 0.0000000, 49,        64, 56, 6.2676125, 67, 646.03967, 72, 128.46283, 77, 31.968750, 83,     34817,110,        29,116,         4,164,         1
48C,2016/10/31 20:02:00, 50, 0.0000000, 51, 0.0000000, 52, 0.0000000, 49,        64, 56, 6.2676125, 67, 646.03967, 72, 128.54784, 77, 32.156250, 83,     34817,110,        29,116,         4,164,         1
57C,2016/10/31 20:03:00, 50, 439.20654, 51, 180.04297, 52,-259.16357, 49,        64, 56, 6.2676125, 67, 646.03967, 72, 128.11845, 77, 32.312500, 83,         0,110,         0,116,         4,164,         1
5AC,2016/10/31 20:04:00, 50, 67.629684, 51, 485.69852, 52, 418.06885, 49,        64, 56, 6.2676125, 67, 646.03967, 72, 128.11940, 77, 32.500000, 83,         0,110,         0,116,         4,164,         1
5AC,2016/10/31 20:05:00, 50, 204.15131, 51, 260.70557, 52, 56.554268, 49,        64, 56, 6.2676125, 67, 646.03967, 72, 128.16145, 77, 32.656250, 83,         0,110,         3,116,         4,164,         1
5FC,2016/10/31 20:06:00, 50, 204.37210, 51, 296.00119, 52, 91.629089, 49,        64, 56, 6.2676125, 67, 646.03967, 72, 128.78590, 77, 32.812500, 83,         0,110,         2,116,         4,164,         1
55C,2016/10/31 20:07:00, 50, 974.62402, 51, 1294.5457, 52, 319.92163, 49,        64, 56, 6.2676125, 67, 646.03967, 72, 128.84540, 77, 32.906250, 83,         0,110,         1,116,         4,164,         1
55C,2016/10/31 20:08:00, 50, 549.10132, 51, 881.79657, 52, 332.69525, 49,        64, 56, 6.2676125, 67, 646.03967, 72, 128.34598, 77, 33.031250, 83,         0,110,         0,116,         4,164,         1
50C,2016/10/31 20:09:00, 50, 594.17627, 51, 871.06708, 52, 276.89081, 49,        64, 56, 6.2676125, 67, 646.03967, 72, 128.40607, 77, 33.187500, 83,         0,110,         0,116,         4,164,         1
5CC,2016/10/31 20:10:00, 50, 211.67319, 51, 398.91632, 52, 187.24313, 49,        64, 56, 6.2676125, 67, 646.03967, 72, 128.44662, 77, 33.343750, 83,         0,110,         3,116,         4,164,         1
5CC,2016/10/31 20:11:00, 50, 248.43396, 51, 927.71667, 52, 679.28271, 49,        64, 56, 6.2676125, 67, 646.03967, 72, 129.10641, 77, 33.500000, 83,         0,110,         2,116,         4,164,         1
54C,2016/10/31 20:12:00, 50, 1119.5251, 51, 1229.3789, 52, 109.85385, 49,        64, 56, 6.2676125, 67, 646.03967, 72, 129.15602, 77, 33.687500, 83,         0,110,         1,116,         4,164,         1
52C,2016/10/31 20:13:00, 50, 861.30884, 51, 483.07312, 52,-378.23572, 49,        64, 56, 6.2676125, 67, 646.03967, 72, 128.59747, 77, 33.812500, 83,         0,110,         0,116,         4,164,         1
51C,2016/10/31 20:14:00, 50, 140.82822, 51, 255.06871, 52, 114.24049, 49,        64, 56, 6.2676125, 67, 646.03967, 72, 128.63979, 77, 34.031250, 83,         0,110,         0,116,         4,164,         1
59C,2016/10/31 20:15:00, 50, 571.60974, 51, 1432.8573, 52, 861.24756, 49,        64, 56, 6.2676125, 67, 646.03967, 72, 128.68700, 77, 34.218750, 83,         0,110,         3,116,         4,164,         1
59C,2016/10/31 20:16:00, 50, 293.86450, 51, 72.930817, 52,-220.93369, 49,        64, 56, 6.2676125, 67, 646.03967, 72, 129.31705, 77, 34.375000, 83,         0,110,         2,116,         4,164,         1
5EC,2016/10/31 20:17:00, 50, 448.07941, 51, 449.70810, 52, 1.6287053, 49,        64, 56, 6.2676125, 67, 646.03967, 72, 129.33603, 77, 34.562500, 83,         0,110,         1,116,         4,164,         1
5AC,2016/10/31 20:18:00, 50, 2317.1138, 51, 282.01880, 52,-2035.0950, 49,        32, 56, 6.2676125, 67, 646.03967, 72, 128.74538, 77, 34.718750, 83,         0,110,         0,116,         4,164,         1
5EC,2016/10/31 20:19:00, 50, 329.56104, 51, 455.09720, 52, 125.53616, 49,        64, 56, 6.2676125, 67, 646.03967, 72, 128.75208, 77, 34.906250, 83,         0,110,         0,116,         4,164,         1
5BC,2016/10/31 20:20:00, 50, 895.53149, 51, 1617.3745, 52, 721.84302, 49,        64, 56, 6.2676125, 67, 646.03967, 72, 128.80602, 77, 35.031250, 83,         0,110,         3,116,         4,164,         1
59C,2016/10/31 20:21:00, 50, 1724.7852, 51, 1617.4285, 52,-107.35669, 49,        64, 56, 6.2676125, 67, 646.03967, 72, 129.49380, 77, 35.218750, 83,         0,110,         2,116,         4,164,         1
58C,2016/10/31 20:22:00, 50, 801.90332, 51, 932.51184, 52, 130.60852, 49,        64, 56, 6.2676125, 67, 646.03967, 72, 129.53546, 77, 35.375000, 83,         0,110,         1,116,         4,164,         1
57C,2016/10/31 20:23:00, 50, 194.62747, 51, 393.02222, 52, 198.39474, 49,        64, 56, 6.2676125, 67, 646.03967, 72, 128.93770, 77, 35.562500, 83,         0,110,         0,116,         4,164,         1
51C,2016/10/31 20:24:00, 50, 853.93176, 51, 1138.7506, 52, 284.81885, 49,        64, 56, 6.2676125, 67, 646.03967, 72, 128.95934, 77, 35.718750, 83,         0,110,         0,116,         4,164,         1
50C,2016/10/31 20:25:00, 50, 363.62579, 51, 238.31387, 52,-125.31192, 49,        64, 56, 6.2676125, 67, 646.03967, 72, 129.00671, 77, 35.906250, 83,         0,110,         3,116,         4,164,         1
58C,2016/10/31 20:26:00, 50, 393.68152, 51, 693.30518, 52, 299.62366, 49,        64, 56, 6.2676125, 67, 646.03967, 72, 129.68756, 77, 36.062500, 83,         0,110,         2,116,         4,164,         1
52C,2016/10/31 20:27:00, 50, 962.37854, 51, 948.64166, 52,-13.736937, 49,        64, 56, 6.2676125, 67, 644.68970, 72, 129.71710, 77, 36.187500, 83,         0,110,         1,116,         4,164,         1
54C,2016/10/31 20:28:00, 50, 1026.8687, 51, 1117.4478, 52, 90.579117, 49,        64, 56, 6.2676125, 67, 644.68970, 72, 129.10785, 77, 36.343750, 83,         0,110,         0,116,         4,164,         1
50C,2016/10/31 20:29:00, 50, 56.162071, 51, 122.74926, 52, 66.587189, 49,        64, 56, 6.2676125, 67, 644.68970, 72, 129.13332, 77, 36.500000, 83,         0,110,         0,116,         4,164,         1
54C,2016/10/31 20:30:00, 50, 195.01331, 51, 311.95221, 52, 116.93890, 49,        64, 56, 6.2676125, 67, 644.68970, 72, 129.11542, 77, 36.656250, 83,         0,110,         3,116,         4,164,         1
5FC,2016/10/31 20:31:00, 50, 655.63428, 51, 436.34674, 52,-219.28757, 49,        64, 56, 6.2676125, 67, 644.68970, 72, 129.76921, 77, 36.781250, 83,         0,110,         2,116,         4,164,         1
5EC,2016/10/31 20:32:00, 50, 442.14111, 51, 1083.7007, 52, 641.55957, 49,        64, 56, 6.2676125, 67, 644.68970, 72, 129.78574, 77, 36.906250, 83,         0,110,         1,116,         4,164,         1
5AC,2016/10/31 20:33:00, 50, 747.84827, 51, 1050.6835, 52, 302.83527, 49,        64, 56, 6.2676125, 67, 644.68970, 72, 129.12230, 77, 37.062500, 83,         0,110,         0,116,         4,164,         1
5CC,2016/10/31 20:34:00, 50, 1235.4475, 51, 795.56091, 52,-439.88666, 49,        64, 56, 6.2676125, 67, 644.68970, 72, 129.14049, 77, 37.187500, 83,         0,110,         0,116,         4,164,         1
55C,2016/10/31 20:35:00, 50, 1202.6187, 51,-360.60620, 52,-1563.2249, 49,        64, 56, 6.2676125, 67, 644.68970, 72, 129.14844, 77, 37.312500, 83,         0,110,         3,116,         4,164,         1
5EC,2016/10/31 20:36:00, 50, 652.28748, 51, 926.96045, 52, 274.67297, 49,        64, 56, 6.2676125, 67, 644.68970, 72, 129.81404, 77, 37.437500, 83,         0,110,         2,116,         4,164,         1
58C,2016/10/31 20:37:00, 50, 610.92627, 51, 273.14148, 52,-337.78479, 49,        64, 56, 6.2676125, 67, 644.68970, 72, 129.83350, 77, 37.562500, 83,         0,110,         1,116,         4,164,         1
5BC,2016/10/31 20:38:00, 50, 559.08252, 51, 387.97058, 52,-171.11194, 49,        64, 56, 6.2676125, 67, 644.68970, 72, 129.18288, 77, 37.687500, 83,         0,110,         0,116,         4,164,         1
5FC,2016/10/31 20:39:00, 50, 487.56873, 51, 770.16431, 52, 282.59558, 49,        64, 56, 6.2676125, 67, 644.68970, 72, 129.18375, 77, 37.812500, 83,         0,110,         0,116,         4,164,         1
5CC,2016/10/31 20:40:00, 50, 171.10861, 51, 798.44891, 52, 627.34033, 49,        64, 56, 6.2676125, 67, 644.68970, 72, 129.22507, 77, 37.937500, 83,         0,110,         3,116,         4,164,         1
5AC,2016/10/31 20:41:00, 50, 627.68811, 51, 523.93732, 52,-103.75079, 49,        64, 56, 6.2676125, 67, 644.68970, 72, 129.89622, 77, 38.062500, 83,         0,110,         2,116,         4,164,         1
5FC,2016/10/31 20:42:00, 50, 385.30157, 51, 495.63629, 52, 110.33472, 49,        64, 56, 6.2676125, 67, 644.68970, 72, 129.89600, 77, 38.156250, 83,         0,110,         1,116,         4,164,         1
5CC,2016/10/31 20:43:00, 50, 621.14136, 51, 1269.3748, 52, 648.23340, 49,        64, 56, 6.2676125, 67, 644.68970, 72, 129.24245, 77, 38.250000, 83,         0,110,         0,116,         4,164,         1
5FC,2016/10/31 20:44:00, 50, 1748.4739, 51, 1263.8351, 52,-484.63879, 49,        64, 56, 6.2676125, 67, 644.68970, 72, 129.25909, 77, 38.375000, 83,         0,110,         0,116,         4,164,         1
59C,2016/10/31 20:45:00, 50, 932.54675, 51, 1031.5869, 52, 99.040207, 49,        64, 56, 6.2676125, 67, 644.68970, 72, 129.26807, 77, 38.468750, 83,         0,110,         3,116,         4,164,         1
54C,2016/10/31 20:46:00, 50, 621.53882, 51, 893.39734, 52, 271.85852, 49,        64, 56, 6.2676125, 67, 644.68970, 72, 129.91469, 77, 38.593750, 83,         0,110,         2,116,         4,164,         1
58C,2016/10/31 20:47:00, 50, 662.57581, 51, 583.01526, 52,-79.560547, 49,        64, 56, 6.2676125, 67, 644.68970, 72, 129.90680, 77, 38.687500, 83,         0,110,         1,116,         4,164,         1
5FC,2016/10/31 20:48:00, 50, 701.77820, 51, 385.71967, 52,-316.05853, 49,        64, 56, 6.2676125, 67, 644.68970, 72, 129.27113, 77, 38.812500, 83,         0,110,         0,116,         4,164,         1
55C,2016/10/31 20:49:00, 50, 456.41168, 51, 528.72284, 52, 72.311157, 49,        64, 56, 6.2676125, 67, 644.68970, 72, 129.29002, 77, 38.906250, 83,         0,110,         0,116,         4,164,         1
52C,2016/10/31 20:50:00, 50, 367.17883, 51, 710.56140, 52, 343.38257, 49,        64, 56, 6.2676125, 67, 644.68970, 72, 129.30568, 77, 39.000000, 83,         0,110,         3,116,         4,164,         1
50C,2016/10/31 20:51:00, 50, 1017.7812, 51, 1054.9242, 52, 37.143059, 49,        64, 56, 6.2676125, 67, 644.68970, 72, 129.94745, 77, 39.062500, 83,         0,110,         2,116,         4,164,         1
5FC,2016/10/31 20:52:00, 50, 827.69702, 51, 1260.7795, 52, 433.08258, 49,        64, 56, 6.2676125, 67, 644.68970, 72, 129.95911, 77, 39.156250, 83,         0,110,         1,116,         4,164,         1
50C,2016/10/31 20:53:00, 50, 490.43799, 51, 1294.3459, 52, 803.90796, 49,        64, 56, 6.2676125, 67, 644.68970, 72, 129.36002, 77, 39.250000, 83,         0,110,         0,116,         4,164,         1
5AC,2016/10/31 20:54:00, 50, 1015.1384, 51, 1137.8735, 52, 122.73521, 49,        64, 56, 6.2676125, 67, 644.68970, 72, 129.39565, 77, 39.343750, 83,         0,110,         0,116,         4,164,         1
5FC,2016/10/31 20:55:00, 50, 454.65344, 51, 319.14157, 52,-135.51187, 49,        64, 56, 6.2676125, 67, 644.68970, 72, 129.44522, 77, 39.437500, 83,         0,110,         3,116,         4,164,         1
5AC,2016/10/31 20:56:00, 50, 1011.4076, 51, 429.65393, 52,-581.75366, 49,        64, 56, 6.2676125, 67, 644.68970, 72, 130.12735, 77, 39.562500, 83,         0,110,         2,116,         4,164,         1
5EC,2016/10/31 20:57:00, 50, 755.48389, 51, 538.12964, 52,-217.35425, 49,        64, 56, 6.2676125, 67, 644.68970, 72, 130.15598, 77, 39.656250, 83,         0,110,         1,116,         4,164,         1
52C,2016/10/31 20:58:00, 50, 767.80493, 51, 1108.4178, 52, 340.61298, 49,        64, 56, 6.2676125, 67, 644.68970, 72, 129.51772, 77, 39.718750, 83,         0,110,         0,116,         4,164,         1
55C,2016/10/31 20:59:00, 50, 648.84167, 51, 997.38721, 52, 348.54553, 49,        32, 56, 6.2676125, 67, 644.68970, 72, 129.50996, 77, 39.812500, 83,         0,110,         0,116,         4,164,         1
5AC,2016/10/31 21:00:00, 50, 1017.8828, 51, 1020.8513, 52, 2.9685259, 49,        64, 56, 6.2676125, 67, 644.68970, 72, 129.49226, 77, 39.906250, 83,         0,110,         3,116,         4,164,         1
56C,2016/10/31 21:01:00, 50, 965.43945, 51, 1717.0350, 52, 751.59558, 49,        64, 56, 6.2676125, 67, 644.68970, 72, 130.18527, 77, 39.968750, 83,         0,110,         2,116,         4,164,         1
53C,2016/10/31 21:02:00, 50, 381.94452, 51, 397.29623, 52, 15.351721, 49,        64, 56, 6.2676125, 67, 644.68970, 72, 130.21461, 77, 40.062500, 83,         0,110,         1,116,         4,164,         1
5BC,2016/10/31 21:03:00, 50, 103.48082, 51, 296.29633, 52, 192.81552, 49,        64, 56, 6.2676125, 67, 644.68970, 72, 129.55553, 77, 40.156250, 83,         0,110,         0,116,         4,164,         1
5FC,2016/10/31 21:04:00, 50, 638.41296, 51, 608.74377, 52,-29.669224, 49,        64, 56, 6.2676125, 67, 644.68970, 72, 129.54805, 77, 40.281250, 83,         0,110,         0,116,         4,164,         1
5FC,2016/10/31 21:05:00, 50, 884.96082, 51, 542.39624, 52,-342.56458, 49,        64, 56, 6.2676125, 67, 644.68970, 72, 129.56934, 77, 40.312500, 83,         0,110,         3,116,         4,164,         1
55C,2016/10/31 21:06:00, 50, 314.81451, 51, 534.14069, 52, 219.32620, 49,        64, 56, 6.2676125, 67, 644.68970, 72, 130.25972, 77, 40.375000, 83,         0,110,         2,116,         4,164,         1
5CC,2016/10/31 21:07:00, 50, 73.697052, 51, 156.48074, 52, 82.783691, 49,        64, 56, 6.2676125, 67, 644.68970, 72, 130.26083, 77, 40.468750, 83,         0,110,         1,116,         4,164,         1
5CC,2016/10/31 21:08:00, 50, 400.79437, 51, 229.56995, 52,-171.22443, 49,        64, 56, 6.2676125, 67, 644.68970, 72, 129.59218, 77, 40.562500, 83,         0,110,         0,116,         4,164,         1
54C,2016/10/31 21:09:00, 50, 123.34698, 51, 366.38391, 52, 243.03693, 49,        64, 56, 6.2676125, 67, 644.68970, 72, 129.58102, 77, 40.625000, 83,         0,110,         0,116,         4,164,         1
52C,2016/10/31 21:10:00, 50, 263.18274, 51, 733.01099, 52, 469.82825, 49,        64, 56, 6.2676125, 67, 644.68970, 72, 129.59149, 77, 40.718750, 83,         0,110,         3,116,         4,164,         1
5EC,2016/10/31 21:11:00, 50, 156.65430, 51, 296.17719, 52, 139.52289, 49,        64, 56, 6.2676125, 67, 644.68970, 72, 130.24336, 77, 40.750000, 83,         0,110,         2,116,         4,164,         1
57C,2016/10/31 21:12:00, 50, 290.49622, 51, 956.00671, 52, 665.51050, 49,        64, 56, 6.2676125, 67, 644.68970, 72, 130.24399, 77, 40.843750, 83,         0,110,         1,116,         4,164,         1
51C,2016/10/31 21:13:00, 50, 90.845459, 51, 626.11804, 52, 535.27258, 49,        64, 56, 6.2676125, 67, 644.68970, 72, 129.59030, 77, 40.906250, 83,         0,110,         0,116,         4,164,         1
50C,2016/10/31 21:14:00, 50, 477.94049, 51, 419.12170, 52,-58.818787, 49,        64, 56, 6.2676125, 67, 643.33984, 72, 129.59720, 77, 41.000000, 83,         0,110,         0,116,         4,164,         1
5AC,2016/10/31 21:15:00, 50, 1179.9465, 51, 749.89929, 52,-430.04730, 49,        64, 56, 6.2676125, 67, 643.33984, 72, 129.59830, 77, 41.062500, 83,         0,110,         3,116,         4,164,         1
5AC,2016/10/31 21:16:00, 50, 536.91150, 51, 539.36365, 52, 2.4521632, 49,        64, 56, 6.2676125, 67, 643.33984, 72, 130.27394, 77, 41.156250, 83,         0,110,         2,116,         4,164,         1
50C,2016/10/31 21:17:00, 50, 277.24731, 51, 348.92615, 52, 71.678833, 49,        64, 56, 6.2676125, 67, 643.33984, 72, 130.29373, 77, 41.187500, 83,         0,110,         1,116,         4,164,         1
54C,2016/10/31 21:18:00, 50, 162.60077, 51, 641.86200, 52, 479.26123, 49,        64, 56, 6.2676125, 67, 643.33984, 72, 129.63252, 77, 41.250000, 83,         0,110,         0,116,         4,164,         1
5EC,2016/10/31 21:19:00, 50, 159.56943, 51, 196.87662, 52, 37.307198, 49,        64, 56, 6.2676125, 67, 643.33984, 72, 129.62935, 77, 41.343750, 83,         0,110,         0,116,         4,164,         1
52C,2016/10/31 21:20:00, 50, 633.24036, 51,-45.718140, 52,-678.95850, 49,        64, 56, 6.2676125, 67, 643.33984, 72, 129.64609, 77, 41.375000, 83,         0,110,         3,116,         4,164,         1
5CC,2016/10/31 21:21:00, 50, 557.15271, 51, 726.25592, 52, 169.10321, 49,        64, 56, 6.2676125, 67, 643.33984, 72, 130.33997, 77, 41.468750, 83,         0,110,         2,116,         4,164,         1
5EC,2016/10/31 21:22:00, 50, 94.833939, 51, 193.00620, 52, 98.172256, 49,        64, 56, 6.2676125, 67, 643.33984, 72, 130.34335, 77, 41.531250, 83,         0,110,         1,116,         4,164,         1
5DC,2016/10/31 21:23:00, 50, 312.49890, 51, 152.16763, 52,-160.33127, 49,        64, 56, 6.2676125, 67, 643.33984, 72, 129.67238, 77, 41.593750, 83,         0,110,         0,116,         4,164,         1
5DC,2016/10/31 21:24:00, 50, 137.95016, 51, 209.49419, 52, 71.544022, 49,        64, 56, 6.2676125, 67, 643.33984, 72, 129.66969, 77, 41.656250, 83,         0,110,         0,116,         4,164,         1
56C,2016/10/31 21:25:00, 50, 96.506714, 51, 178.72667, 52, 82.219955, 49,        64, 56, 6.2676125, 67, 643.33984, 72, 129.67398, 77, 41.656250, 83,         0,110,         3,116,         4,164,         1
55C,2016/10/31 21:26:00, 50, 138.42575, 51, 204.53363, 52, 66.107880, 49,        64, 56, 6.2676125, 67, 643.33984, 72, 130.33510, 77, 41.718750, 83,         0,110,         2,116,         4,164,         1
51C,2016/10/31 21:27:00, 50, 200.15073, 51, 310.36142, 52, 110.21069, 49,        64, 56, 6.2676125, 67, 643.33984, 72, 130.32993, 77, 41.781250, 83,         0,110,         1,116,         4,164,         1
5AC,2016/10/31 21:28:00, 50, 143.40759, 51, 319.68420, 52, 176.27661, 49,        64, 56, 6.2676125, 67, 643.33984, 72, 129.68423, 77, 41.843750, 83,         0,110,         0,116,         4,164,         1
5AC,2016/10/31 21:29:00, 50, 645.25085, 51, 1424.0189, 52, 778.76807, 49,        64, 56, 6.2676125, 67, 643.33984, 72, 129.68878, 77, 41.906250, 83,         0,110,         0,116,         4,164,         1
5CC,2016/10/31 21:30:00, 50, 202.80460, 51, 296.54495, 52, 93.740372, 49,        64, 56, 6.2676125, 67, 643.33984, 72, 129.69861, 77, 41.968750, 83,         0,110,         3,116,         4,164,         1
56C,2016/10/31 21:31:00, 50, 733.05261, 51, 609.21552, 52,-123.83714, 49,        64, 56, 6.2676125, 67, 643.33984, 72, 130.37518, 77, 42.000000, 83,         0,110,         2,116,         4,164,         1
57C,2016/10/31 21:32:00, 50, 128.83871, 51, 268.74637, 52, 139.90765, 49,        64, 56, 6.2676125, 67, 643.33984, 72, 130.39497, 77, 42.062500, 83,         0,110,         1,116,         4,164,         1
5CC,2016/10/31 21:33:00, 50, 438.04071, 51, 550.44757, 52, 112.40689, 49,        64, 56, 6.2676125, 67, 643.33984, 72, 129.71835, 77, 42.125000, 83,         0,110,         0,116,         4,164,         1
53C,2016/10/31 21:34:00, 50, 134.39996, 51, 218.05278, 52, 83.652817, 49,        64, 56, 6.2676125, 67, 643.33984, 72, 129.72905, 77, 42.187500, 83,         0,110,         0,116,         4,164,         1
5AC,2016/10/31 21:35:00, 50, 209.68246, 51, 925.50140, 52, 715.81897, 49,        64, 56, 6.2676125, 67, 643.33984, 72, 129.73077, 77, 42.250000, 83,         0,110,         3,116,         4,164,         1
59C,2016/10/31 21:36:00, 50, 298.36237, 51, 371.37808, 52, 73.015717, 49,        64, 56, 6.2676125, 67, 643.33984, 72, 130.39354, 77, 42.312500, 83,         0,110,         2,116,         4,164,         1
51C,2016/10/31 21:37:00, 50, 146.93979, 51, 284.25107, 52, 137.31128, 49,        64, 56, 6.2676125, 67, 643.33984, 72, 130.39735, 77, 42.375000, 83,         0,110,         1,116,         4,164,         1
55C,2016/10/31 21:38:00, 50, 451.11218, 51, 613.65283, 52, 162.54068, 49,        64, 56, 6.2676125, 67, 643.33984, 72, 129.72192, 77, 42.406250, 83,         0,110,         0,116,         4,164,         1
55C,2016/10/31 21:39:00, 50, 345.20221, 51, 1691.9048, 52, 1346.7026, 49,        64, 56, 6.2676125, 67, 643.33984, 72, 129.74667, 77, 42.468750, 83,         0,110,         0,116,         4,164,         1
5DC,2016/10/31 21:40:00, 50, 1396.2422, 51,-234.08862, 52,-1630.3308, 49,        64, 56, 6.2676125, 67, 643.33984, 72, 129.76886, 77, 42.531250, 83,         0,110,         3,116,         4,164,         1
56C,2016/10/31 21:41:00, 50, 171.95596, 51, 226.42191, 52, 54.465942, 49,        64, 56, 6.2676125, 67, 643.33984, 72, 130.43347, 77, 42.562500, 83,         0,110,         2,116,         4,164,         1
57C,2016/10/31 21:42:00, 50, 302.71954, 51, 750.95740, 52, 448.23785, 49,        64, 56, 6.2676125, 67, 643.33984, 72, 130.44096, 77, 42.593750, 83,         0,110,         1,116,         4,164,         1
56C,2016/10/31 21:43:00, 50, 148.35480, 51, 460.26556, 52, 311.91077, 49,        64, 56, 6.2676125, 67, 643.33984, 72, 129.76776, 77, 42.625000, 83,         0,110,         0,116,         4,164,         1
59C,2016/10/31 21:44:00, 50, 115.15442, 51, 183.82944, 52, 68.675018, 49,        64, 56, 6.2676125, 67, 643.33984, 72, 129.76886, 77, 42.687500, 83,         0,110,         0,116,         4,164,         1
53C,2016/10/31 21:45:00, 50, 275.32025, 51, 457.68481, 52, 182.36456, 49,        64, 56, 6.2676125, 67, 643.33984, 72, 129.76276, 77, 42.750000, 83,         0,110,         3,116,         4,164,         1
54C,2016/10/31 21:46:00, 50, 158.22647, 51, 209.78305, 52, 51.556587, 49,        64, 56, 6.2676125, 67, 643.33984, 72, 130.43820, 77, 42.781250, 83,         0,110,         2,116,         4,164,         1
5BC,2016/10/31 21:47:00, 50, 448.58203, 51, 1188.8848, 52, 740.30273, 49,        32, 56, 6.2676125, 67, 643.33984, 72, 130.43863, 77, 42.843750, 83,         0,110,         1,116,         4,164,         1
5EC,2016/10/31 21:48:00, 50, 640.24512, 51, 776.95129, 52, 136.70618, 49,        64, 56, 6.2676125, 67, 643.33984, 72, 129.76950, 77, 42.875000, 83,         0,110,         0,116,         4,164,         1
5FC,2016/10/31 21:49:00, 50, 180.16452, 51, 258.84592, 52, 78.681396, 49,        64, 56, 6.2676125, 67, 643.33984, 72, 129.76349, 77, 42.875000, 83,         0,110,         0,116,         4,164,         1
52C,2016/10/31 21:50:00, 50, 465.84448, 51, 579.60229, 52, 113.75783, 49,        64, 56, 6.2676125, 67, 643.33984, 72, 129.77269, 77, 42.937500, 83,         0,110,         3,116,         4,164,         1
54C,2016/10/31 21:51:00, 50, 92.876144, 51, 203.87949, 52, 111.00334, 49,        64, 56, 6.2676125, 67, 643.33984, 72, 130.44693, 77, 43.000000, 83,         0,110,         2,116,         4,164,         1
5FC,2016/10/31 21:52:00, 50, 136.77509, 51, 194.94441, 52, 58.169334, 49,        64, 56, 6.2676125, 67, 643.33984, 72, 130.45145, 77, 43.031250, 83,         0,110,         1,116,         4,164,         1
5FC,2016/10/31 21:53:00, 50, 201.58154, 51, 542.30566, 52, 340.72412, 49,        64, 56, 6.2676125, 67, 643.33984, 72, 129.79391, 77, 43.093750, 83,         0,110,         0,116,         4,164,         1
58C,2016/10/31 21:54:00, 50, 171.07645, 51, 284.12689, 52, 113.05046, 49,        64, 56, 6.2676125, 67, 643.33984, 72, 129.78560, 77, 43.125000, 83,         0,110,         0,116,         4,164,         1
51C,2016/10/31 21:55:00, 50, 1049.9919, 51, 1472.4258, 52, 422.43390, 49,        64, 56, 6.2676125, 67, 643.33984, 72, 129.78224, 77, 43.156250, 83,         0,110,         3,116,         4,164,         1
59C,2016/10/31 21:56:00, 50, 965.43933, 51, 1708.5139, 52, 743.07458, 49,        64, 56, 6.2676125, 67, 643.33984, 72, 130.46283, 77, 43.187500, 83,         0,110,         2,116,         4,164,         1
56C,2016/10/31 21:57:00, 50, 502.80255, 51, 1138.3011, 52, 635.49866, 49,        64, 56, 6.2676125, 67, 643.33984, 72, 130.47102, 77, 43.250000, 83,         0,110,         1,116,         4,164,         1
5AC,2016/10/31 21:58:00, 50, 689.36450, 51, 970.49518, 52, 281.13068, 49,        64, 56, 6.2676125, 67, 643.33984, 72, 129.80640, 77, 43.281250, 83,         0,110,         0,116,         4,164,         1
58C,2016/10/31 21:59:00, 50, 988.28357, 51, 1204.4541, 52, 216.17059, 49,        64, 56, 6.2676125, 67, 643.33984, 72, 129.81815, 77, 43.312500, 83,         0,110,         0,116,         4,164,         1
5BC,2016/10/31 22:00:00, 50, 755.26001, 51, 639.09003, 52,-116.17003, 49,        64, 56, 6.2676125, 67, 643.33984, 72, 129.80647, 77, 43.343750, 83,         0,110,         3,116,         4,164,         1
58C,2016/10/31 22:01:00, 50, 104.13573, 51, 663.23138, 52, 559.09570, 49,        64, 56, 6.2676125, 67, 643.33984, 72, 130.48038, 77, 43.375000, 83,         0,110,         2,116,         4,164,         1
53C,2016/10/31 22:02:00, 50, 750.54346, 51, 909.07062, 52, 158.52719, 49,        64, 56, 6.2676125, 67, 643.33984, 72, 130.50206, 77, 43.406250, 83,         0,110,         1,116,         4,164,         1
5AC,2016/10/31 22:03:00, 50, 490.91418, 51, 676.94550, 52, 186.03134, 49,        64, 56, 6.2676125, 67, 643.33984, 72, 129.85094, 77, 43.468750, 83,         0,110,         0,116,         4,164,         1
52C,2016/10/31 22:04:00, 50, 1221.7703, 51, 1154.3383, 52,-67.432053, 49,        64, 56, 6.2676125, 67, 643.33984, 72, 129.82413, 77, 43.500000, 83,         0,110,         0,116,         4,164,         1
5AC,2016/10/31 22:05:00, 50, 1182.3618, 51, 80.182861, 52,-1102.1790, 49,        64, 56, 6.2676125, 67, 643.33984, 72, 129.82980, 77, 43.562500, 83,         0,110,         3,116,         4,164,         1
5FC,2016/10/31 22:06:00, 50, 220.42996, 51, 548.23651, 52, 327.80658, 49,        64, 56, 6.2676125, 67, 643.33984, 72, 130.50409, 77, 43.593750, 83,         0,110,         2,116,         4,164,         1
5CC,2016/10/31 22:07:00, 50, 177.49277, 51, 277.78729, 52, 100.29453, 49,        64, 56, 6.2676125, 67, 643.33984, 72, 130.50558, 77, 43.625000, 83,         0,110,         1,116,         4,164,         1
5BC,2016/10/31 22:08:00, 50, 715.73303, 51, 1109.6505, 52, 393.91748, 49,        64, 56, 6.2676125, 67, 643.33984, 72, 129.83450, 77, 43.656250, 83,         0,110,         0,116,         4,164,         1
51C,2016/10/31 22:09:00, 50, 1373.0640, 51, 1508.7577, 52, 135.69376, 49,        64, 56, 6.2676125, 67, 643.33984, 72, 129.83134, 77, 43.687500, 83,         0,110,         0,116,         4,164,         1
59C,2016/10/31 22:10:00, 50, 510.02887, 51, 1172.8452, 52, 662.81641, 49,        64, 56, 6.2676125, 67, 643.33984, 72, 129.81099, 77, 43.718750, 83,         0,110,         3,116,         4,164,         1
5EC,2016/10/31 22:11:00, 50, 548.64709, 51, 384.69769, 52,-163.94940, 49,        64, 56, 6.2676125, 67, 643.33984, 72, 130.47585, 77, 43.750000, 83,         0,110,         2,116,         4,164,         1
55C,2016/10/31 22:12:00, 50, 120.77972, 51, 354.03711, 52, 233.25739, 49,        64, 56, 6.2676125, 67, 643.33984, 72, 130.47897, 77, 43.750000, 83,         0,110,         1,116,         4,164,         1
50C,2016/10/31 22:13:00, 50, 2422.5508, 51, 1350.7498, 52,-1071.8010, 49,        32, 56, 6.2676125, 67, 643.33984, 72, 129.79733, 77, 43.781250, 83,         0,110,         0,116,         4,164,         1
59C,2016/10/31 22:14:00, 50, 500.63525, 51, 633.11536, 52, 132.48013, 49,        64, 56, 6.2676125, 67, 643.33984, 72, 129.79834, 77, 43.812500, 83,         0,110,         0,116,         4,164,         1
59C,2016/10/31 22:15:00, 50, 1095.3647, 51, 151.39612, 52,-943.96863, 49,        64, 56, 6.2676125, 67, 643.33984, 72, 129.80057, 77, 43.843750, 83,         0,110,         3,116,         4,164,         1
51C,2016/10/31 22:16:00, 50, 548.80579, 51, 614.52814, 52, 65.722351, 49,        64, 56, 6.2676125, 67, 643.33984, 72, 130.46825, 77, 43.906250, 83,         0,110,         2,116,         4,164,         1
57C,2016/10/31 22:17:00, 50, 479.17163, 51, 706.14233, 52, 226.97070, 49,        64, 56, 6.2676125, 67, 643.33984, 72, 130.47496, 77, 43.906250, 83,         0,110,         1,116,         4,164,         1
52C,2016/10/31 22:18:00, 50, 1180.8467, 51, 1053.7511, 52,-127.09569, 49,        64, 56, 6.2676125, 67, 643.33984, 72, 129.80989, 77, 43.937500, 83,         0,110,         0,116,         4,164,         1
5CC,2016/10/31 22:19:00, 50, 969.20776, 51, 1113.0651, 52, 143.85730, 49,        64, 56, 6.2676125, 67, 643.33984, 72, 129.81419, 77, 43.968750, 83,         0,110,         0,116,         4,164,         1
53C,2016/10/31 22:20:00, 50, 579.81384, 51, 675.59949, 52, 95.785645, 49,        64, 56, 6.2676125, 67, 643.33984, 72, 129.81430, 77, 43.968750, 83,         0,110,         3,116,         4,164,         1
5FC,2016/10/31 22:21:00, 50, 547.82666, 51, 326.60596, 52,-221.22073, 49,        64, 56, 6.2676125, 67, 643.33984, 72, 130.48228, 77, 44.031250, 83,         0,110,         2,116,         4,164,         1
59C,2016/10/31 22:22:00, 50, 729.97961, 51, 549.90271, 52,-180.07690, 49,        64, 56, 6.2676125, 67, 643.33984, 72, 130.46581, 77, 44.031250, 83,         0,110,         1,116,         4,164,         1
5EC,2016/10/31 22:23:00, 50, 1137.1570, 51, 1137.5271, 52, 0.3701800, 49,        64, 56, 6.2676125, 67, 643.33984, 72, 129.79144, 77, 44.062500, 83,         0,110,         0,116,         4,164,         1
56C,2016/10/31 22:24:00, 50, 1339.6707, 51, 1232.1156, 52,-107.55508, 49,        64, 56, 6.2676125, 67, 643.33984, 72, 129.79991, 77, 44.093750, 83,         0,110,         0,116,         4,164,         1
58C,2016/10/31 22:25:00, 50, 306.25439, 51, 1285.7965, 52, 979.54211, 49,        64, 56, 6.2676125, 67, 643.33984, 72, 129.82317, 77, 44.125000, 83,         0,110,         3,116,         4,164,         1
5FC,2016/10/31 22:26:00, 50, 1039.7651, 51, 1016.6836, 52,-23.081562, 49,        64, 56, 6.2676125, 67, 643.33984, 72, 130.51039, 77, 44.125000, 83,         0,110,         2,116,         4,164,         1
55C,2016/10/31 22:27:00, 50, 243.80875, 51, 344.15903, 52, 100.35028, 49,        64, 56, 6.2676125, 67, 643.33984, 72, 130.52156, 77, 44.156250, 83,         0,110,         1,116,         4,164,         1
5FC,2016/10/31 22:28:00, 50, 324.79700, 51, 216.09735, 52,-108.69965, 49,        64, 56, 6.2676125, 67, 643.33984, 72, 129.85254, 77, 44.156250, 83,         0,110,         0,116,         4,164,         1
54C,2016/10/31 22:29:00, 50, 1025.5181, 51, 656.78455, 52,-368.73358, 49,        64, 56, 6.2676125, 67, 643.33984, 72, 129.85857, 77, 44.218750, 83,         0,110,         0,116,         4,164,         1
52C,2016/10/31 22:30:00, 50, 276.11169, 51, 909.17236, 52, 633.06067, 49,        64, 56, 6.2676125, 67, 643.33984, 72, 129.84802, 77, 44.250000, 83,         0,110,         3,116,         4,164,         1
5CC,2016/10/31 22:31:00, 50, 634.79211, 51, 847.05322, 52, 212.26114, 49,        64, 56, 6.2676125, 67, 643.33984, 72, 130.50191, 77, 44.250000, 83,         0,110,         2,116,         4,164,         1
5FC,2016/10/31 22:32:00, 50, 241.42703, 51, 216.16710, 52,-25.259941, 49,        64, 56, 6.2676125, 67, 643.33984, 72, 130.49562, 77, 44.281250, 83,         0,110,         1,116,         4,164,         1
53C,2016/10/31 22:33:00, 50, 452.71448, 51, 599.44781, 52, 146.73337, 49,        64, 56, 6.2676125, 67, 643.33984, 72, 129.83511, 77, 44.312500, 83,         0,110,         0,116,         4,164,         1
58C,2016/10/31 22:34:00, 50, 153.17053, 51, 252.23828, 52, 99.067749, 49,        64, 56, 6.2676125, 67, 643.33984, 72, 129.84230, 77, 44.343750, 83,         0,110,         0,116,         4,164,         1
5CC,2016/10/31 22:35:00, 50, 661.53442, 51, 441.88837, 52,-219.64609, 49,        64, 56, 6.2676125, 67, 643.33984, 72, 129.85358, 77, 44.343750, 83,         0,110,         3,116,         4,164,         1
5CC,2016/10/31 22:36:00, 50, 595.88708, 51, 693.79303, 52, 97.905975, 49,        64, 56, 6.2676125, 67, 643.33984, 72, 130.53766, 77, 44.375000, 83,         0,110,         2,116,         4,164,         1
59C,2016/10/31 22:37:00, 50, 330.42187, 51, 375.43909, 52, 45.017212, 49,        64, 56, 6.2676125, 67, 643.33984, 72, 130.53137, 77, 44.375000, 83,         0,110,         1,116,         4,164,         1
5CC,2016/10/31 22:38:00, 50, 159.89252, 51, 546.83246, 52, 386.93994, 49,        64, 56, 6.2676125, 67, 643.33984, 72, 129.85887, 77, 44.406250, 83,         0,110,         0,116,         4,164,         1
50C,2016/10/31 22:39:00, 50, 1143.0408, 51, 1751.2582, 52, 608.21741, 49,        64, 56, 6.2676125, 67, 643.33984, 72, 129.84868, 77, 44.406250, 83,         0,110,         0,116,         4,164,         1
5AC,2016/10/31 22:40:00, 50, 621.17932, 51, 1098.5679, 52, 477.38861, 49,        64, 56, 6.2676125, 67, 643.33984, 72, 129.84067, 77, 44.468750, 83,         0,110,         3,116,         4,164,         1
50C,2016/10/31 22:41:00, 50, 709.70459, 51, 918.50153, 52, 208.79697, 49,        64, 56, 6.2676125, 67, 643.33984, 72, 130.52364, 77, 44.468750, 83,         0,110,         2,116,         4,164,         1
56C,2016/10/31 22:42:00, 50, 281.82983, 51, 299.79456, 52, 17.964733, 49,        64, 56, 6.2676125, 67, 643.33984, 72, 130.53152, 77, 44.500000, 83,         0,110,         1,116,         4,164,         1
59C,2016/10/31 22:43:00, 50, 838.92822, 51, 825.57141, 52,-13.356813, 49,        64, 56, 6.2676125, 67, 643.33984, 72, 129.84550, 77, 44.531250, 83,         0,110,         0,116,         4,164,         1
50C,2016/10/31 22:44:00, 50, 817.56616, 51, 590.93250, 52,-226.63370, 49,        64, 56, 6.2676125, 67, 643.33984, 72, 129.83868, 77, 44.562500, 83,         0,110,         0,116,         4,164,         1
59C,2016/10/31 22:45:00, 50, 857.35974, 51, 573.29163, 52,-284.06812, 49,        64, 56, 6.2676125, 67, 643.33984, 72, 129.82951, 77, 44.562500, 83,         0,110,         3,116,         4,164,         1
56C,2016/10/31 22:46:00, 50, 260.66077, 51, 444.59540, 52, 183.93463, 49,        64, 56, 6.2676125, 67, 643.33984, 72, 130.51027, 77, 44.593750, 83,         0,110,         2,116,         4,164,         1
5DC,2016/10/31 22:47:00, 50, 139.96802, 51, 282.79251, 52, 142.82449, 49,        64, 56, 6.2676125, 67, 643.33984, 72, 130.50557, 77, 44.625000, 83,         0,110,         1,116,         4,164,         1
57C,2016/10/31 22:48:00, 50, 164.90350, 51, 379.96970, 52, 215.06619, 49,        64, 56, 6.2676125, 67, 643.33984, 72, 129.81770, 77, 44.656250, 83,         0,110,         0,116,         4,164,         1
5DC,2016/10/31 22:49:00, 50, 234.27557, 51, 587.53925, 52, 353.26367, 49,        64, 56, 6.2676125, 67, 643.33984, 72, 129.81683, 77, 44.687500, 83,         0,110,         0,116,         4,164,         1
58C,2016/10/31 22:50:00, 50, 360.98450, 51, 175.23950, 52,-185.74500, 49,        64, 56, 6.2676125, 67, 643.33984, 72, 129.80899, 77, 44.687500, 83,         0,110,         3,116,         4,164,         1
5CC,2016/10/31 22:51:00, 50, 447.84937, 51, 585.26550, 52, 137.41617, 49,        64, 56, 6.2676125, 67, 643.33984, 72, 130.47090, 77, 44.687500, 83,         0,110,         2,116,         4,164,         1
5CC,2016/10/31 22:52:00, 50, 353.58087, 51, 497.83005, 52, 144.24918, 49,        64, 56, 6.2676125, 67, 643.33984, 72, 130.46327, 77, 44.718750, 83,         0,110,         1,116,         4,164,         1
5AC,2016/10/31 22:53:00, 50, 534.32581, 51, 1041.8306, 52, 507.50476, 49,        64, 56, 6.2676125, 67, 643.33984, 72, 129.79129, 77, 44.750000, 83,         0,110,         0,116,         4,164,         1
56C,2016/10/31 22:54:00, 50, 421.78076, 51, 464.52841, 52, 42.747650, 49,        64, 56, 6.2676125, 67, 643.33984, 72, 129.78563, 77, 44.750000, 83,         0,110,         0,116,         4,164,         1
57C,2016/10/31 22:55:00, 50, 272.28796, 51, 471.76184, 52, 199.47388, 49,        64, 56, 6.2676125, 67, 643.33984, 72, 129.77031, 77, 44.750000, 83,         0,110,         3,116,         4,164,         1
57C,2016/10/31 22:56:00, 50, 242.85101, 51, 316.69116, 52, 73.840164, 49,        64, 56, 6.2676125, 67, 643.33984, 72, 130.43100, 77, 44.781250, 83,         0,110,         2,116,         4,164,         1
5BC,2016/10/31 22:57:00, 50, 407.98260, 51, 768.80054, 52, 360.81793, 49,        64, 56, 6.2676125, 67, 643.33984, 72, 130.42357, 77, 44.812500, 83,         0,110,         1,116,         4,164,         1
54C,2016/10/31 22:58:00, 50, 1609.9290, 51, 1390.6934, 52,-219.23560, 49,        64, 56, 6.2676125, 67, 643.33984, 72, 129.76233, 77, 44.812500, 83,         0,110,         0,116,         4,164,         1
5BC,2016/10/31 22:59:00, 50, 835.25220, 51, 763.54407, 52,-71.708145, 49,        64, 56, 6.2676125, 67, 643.33984, 72, 129.76549, 77, 44.843750, 83,         0,110,         0,116,         4,164,         1
59C,2016/10/31 23:00:00, 50, 161.98575, 51, 227.60234, 52, 65.616592, 49,        64, 56, 6.2676125, 67, 643.33984, 72, 129.77106, 77, 44.875000, 83,         0,110,         3,116,         4,164,         1
56C,2016/10/31 23:01:00, 50, 186.10138, 51, 939.19916, 52, 753.09778, 49,        64, 56, 6.2676125, 67, 643.33984, 72, 130.44487, 77, 44.906250, 83,         0,110,         2,116,         4,164,         1
5BC,2016/10/31 23:02:00, 50, 258.77930, 51, 302.39017, 52, 43.610886, 49,        64, 56, 6.2676125, 67, 643.33984, 72, 130.44911, 77, 44.906250, 83,         0,110,         1,116,         4,164,         1
5BC,2016/10/31 23:03:00, 50, 1565.6482, 51, 1274.5836, 52,-291.06464, 49,        64, 56, 6.2676125, 67, 643.33984, 72, 129.75580, 77, 44.906250, 83,         0,110,         0,116,         4,164,         1
55C,2016/10/31 23:04:00, 50, 656.10449, 51, 570.25287, 52,-85.851639, 49,        64, 56, 6.2676125, 67, 643.33984, 72, 129.75742, 77, 44.906250, 83,         0,110,         0,116,         4,164,         1
54C,2016/10/31 23:05:00, 50, 279.92432, 51, 602.55573, 52, 322.63141, 49,        64, 56, 6.2676125, 67, 643.33984, 72, 129.75130, 77, 44.906250, 83,         0,110,         3,116,         4,164,         1
56C,2016/10/31 23:06:00, 50, 476.95642, 51, 736.51044, 52, 259.55402, 49,        64, 56, 6.2676125, 67, 643.33984, 72, 130.41942, 77, 44.937500, 83,         0,110,         2,116,         4,164,         1
5FC,2016/10/31 23:07:00, 50, 613.77075, 51, 689.45117, 52, 75.680435, 49,        64, 56, 6.2676125, 67, 643.33984, 72, 130.44719, 77, 44.937500, 83,         0,110,         1,116,         4,164,         1
54C,2016/10/31 23:08:00, 50, 1056.3284, 51, 1375.6761, 52, 319.34778, 49,        64, 56, 6.2676125, 67, 643.33984, 72, 129.77281, 77, 44.968750, 83,         0,110,         0,116,         4,164,         1
5BC,2016/10/31 23:09:00, 50, 596.99500, 51, 598.64746, 52, 1.6525095, 49,        64, 56, 6.2676125, 67, 643.33984, 72, 129.71812, 77, 44.968750, 83,         0,110,         0,116,         4,164,         1
52C,2016/10/31 23:10:00, 50, 943.52185, 51, 1114.1270, 52, 170.60513, 49,        64, 56, 6.2676125, 67, 643.33984, 72, 129.71291, 77, 44.968750, 83,         0,110,         6,116,         4,164,         1
57C,2016/10/31 23:11:00, 50, 399.27460, 51, 590.35736, 52, 191.08276, 49,        64, 56, 6.2676125, 67, 643.33984, 72, 130.35916, 77, 44.968750, 83,         0,110,         3,116,         4,164,         1
56C,2016/10/31 23:12:00, 50, 870.95862, 51, 697.82898, 52,-173.12967, 49,        64, 56, 6.2676125, 67, 643.33984, 72, 130.35033, 77, 44.625000, 83,         0,110,         2,116,         4,164,         1
57C,2016/10/31 23:13:00, 50, 440.13617, 51, 615.04480, 52, 174.90863, 49,        64, 56, 6.2676125, 67, 643.33984, 72, 129.66766, 77, 43.968750, 83,         0,110,         1,116,         4,164,         1
55C,2016/10/31 23:14:00, 50, 389.32373, 51, 456.80371, 52, 67.479980, 49,        64, 56, 6.2676125, 67, 643.33984, 72, 129.62015, 77, 43.281250, 83,         0,110,         0,116,         4,164,         1
56C,2016/10/31 23:15:00, 50, 309.18518, 51, 860.15063, 52, 550.96545, 49,        64, 56, 6.2676125, 67, 643.33984, 72, 129.55070, 77, 42.625000, 83,         0,110,         6,116,         4,164,         1
5BC,2016/10/31 23:16:00, 50, 284.58801, 51, 147.91193, 52,-136.67609, 49,        64, 56, 6.2676125, 67, 643.33984, 72, 130.15897, 77, 42.000000, 83,         0,110,         3,116,         4,164,         1
59C,2016/10/31 23:17:00, 50, 227.58490, 51, 276.37479, 52, 48.789902, 49,        64, 56, 6.2676125, 67, 643.33984, 72, 130.08598, 77, 41.468750, 83,         0,110,         2,116,         4,164,         1
56C,2016/10/31 23:18:00, 50, 212.16736, 51, 393.93198, 52, 181.76462, 49,        64, 56, 6.2676125, 67, 643.33984, 72, 129.35989, 77, 40.968750, 83,         0,110,         1,116,         4,164,         1
5FC,2016/10/31 23:19:00, 50, 286.39069, 51, 922.62897, 52, 636.23828, 49,        64, 56, 6.2676125, 67, 643.33984, 72, 129.30945, 77, 40.500000, 83,         0,110,         0,116,         4,164,         1
56C,2016/10/31 23:20:00, 50, 72.361847, 51, 224.76138, 52, 152.39954, 49,        64, 56, 6.2676125, 67, 643.33984, 72, 129.25966, 77, 40.125000, 83,         0,110,         6,116,         4,164,         1
5CC,2016/10/31 23:21:00, 50, 207.83344, 51, 236.07486, 52, 28.241428, 49,        64, 56, 6.2676125, 67, 643.33984, 72, 129.87990, 77, 39.750000, 83,         0,110,         3,116,         4,164,         1
53C,2016/10/31 23:22:00, 50, 48.603989, 51, 147.17120, 52, 98.567215, 49,        64, 56, 6.2676125, 67, 643.33984, 72, 129.84338, 77, 39.437500, 83,         0,110,         2,116,         4,164,         1
58C,2016/10/31 23:23:00, 50, 18.624966, 51, 91.536797, 52, 72.911835, 49,        64, 56, 6.2676125, 67, 643.33984, 72, 129.14349, 77, 39.156250, 83,         0,110,         1,116,         4,164,         1
59C,2016/10/31 23:24:00, 50, 29.995064, 51, 95.086876, 52, 65.091812, 49,        64, 56, 6.2676125, 67, 643.33984, 72, 129.10445, 77, 38.937500, 83,         0,110,         0,116,         4,164,         1
55C,2016/10/31 23:25:00, 50, 19.162979, 51, 92.004913, 52, 72.841934, 49,        64, 56, 6.2676125, 67, 643.33984, 72, 129.07407, 77, 38.718750, 83,         0,110,         6,116,         4,164,         1
53C,2016/10/31 23:26:00, 50, 292.36493, 51, 100.45169, 52,-191.91324, 49,        64, 56, 6.2676125, 67, 643.33984, 72, 129.72104, 77, 38.500000, 83,         0,110,         3,116,         4,164,         1
5BC,2016/10/31 23:27:00, 50, 65.146149, 51, 147.00891, 52, 81.862762, 49,        64, 56, 6.2676125, 67, 643.33984, 72, 129.71101, 77, 38.343750, 83,         0,110,         2,116,         4,164,         1
57C,2016/10/31 23:28:00, 50, 117.49152, 51, 219.57645, 52, 102.08493, 49,        64, 56, 6.2676125, 67, 643.33984, 72, 129.05653, 77, 38.187500, 83,         0,110,         1,116,         4,164,         1
54C,2016/10/31 23:29:00, 50, 39.042068, 51, 119.61659, 52, 80.574524, 49,        64, 56, 6.2676125, 67, 643.33984, 72, 129.03604, 77, 38.062500, 83,         0,110,         0,116,         4,164,         1
5CC,2016/10/31 23:30:00, 50, 117.42699, 51, 388.87546, 52, 271.44849, 49,        64, 56, 6.2676125, 67, 643.33984, 72, 129.01125, 77, 37.937500, 83,         0,110,         6,116,         4,164,         1
5BC,2016/10/31 23:31:00, 50, 353.34448, 51, 676.06000, 52, 322.71552, 49,        64, 56, 6.2676125, 67, 643.33984, 72, 129.65715, 77, 37.843750, 83,         0,110,         3,116,         4,164,         1
50C,2016/10/31 23:32:00, 50, 45.858650, 51, 143.11440, 52, 97.255753, 49,        64, 56, 6.2676125, 67, 643.33984, 72, 129.64114, 77, 37.750000, 83,         0,110,         2,116,         4,164,         1
59C,2016/10/31 23:33:00, 50, 102.62753, 51, 174.59077, 52, 71.963242, 49,        64, 56, 6.2676125, 67, 643.33984, 72, 128.94946, 77, 37.656250, 83,         0,110,         1,116,         4,164,         1
59C,2016/10/31 23:34:00, 50, 99.592224, 51, 164.73053, 52, 65.138306, 49,        64, 56, 6.2676125, 67, 643.33984, 72, 128.92995, 77, 37.593750, 83,         0,110,         0,116,         4,164,         1
5FC,2016/10/31 23:35:00, 50, 239.86505, 51, 166.12204, 52,-73.743011, 49,        64, 56, 6.2676125, 67, 643.33984, 72, 128.94125, 77, 37.500000, 83,         0,110,         6,116,         4,164,         1
54C,2016/10/31 23:36:00, 50, 739.74146, 51, 635.92700, 52,-103.81448, 49,        64, 56, 6.2676125, 67, 643.33984, 72, 129.59708, 77, 37.437500, 83,         0,110,         3,116,         4,164,         1
54C,2016/10/31 23:37:00, 50, 226.91162, 51, 295.81213, 52, 68.900528, 49,        64, 56, 6.2676125, 67, 643.33984, 72, 129.59373, 77, 37.343750, 83,         0,110,         2,116,         4,164,         1
51C,2016/10/31 23:38:00, 50, 70.849457, 51, 117.87129, 52, 47.021835, 49,        64, 56, 6.2676125, 67, 643.33984, 72, 128.92601, 77, 37.312500, 83,         0,110,         1,116,         4,164,         1
51C,2016/10/31 23:39:00, 50, 320.87585, 51, 213.10068, 52,-107.77519, 49,        64, 56, 6.2676125, 67, 643.33984, 72, 128.90918, 77, 37.250000, 83,         0,110,         0,116,         4,164,         1
5FC,2016/10/31 23:40:00, 50, 1206.9875, 51, 922.51050, 52,-284.47711, 49,        64, 56, 6.2676125, 67, 643.33984, 72, 128.89136, 77, 37.187500, 83,         0,110,         6,116,         4,164,         1
5BC,2016/10/31 23:41:00, 50, 340.93878, 51, 1098.6813, 52, 757.74255, 49,        64, 56, 6.2676125, 67, 643.33984, 72, 129.50073, 77, 37.156250, 83,         0,110,         3,116,         4,164,         1
5EC,2016/10/31 23:42:00, 50, 438.48273, 51, 526.63123, 52, 88.148529, 49,        64, 56, 6.2676125, 67, 643.33984, 72, 129.49666, 77, 37.093750, 83,         0,110,         2,116,         4,164,         1
51C,2016/10/31 23:43:00, 50, 637.68359, 51, 624.26562, 52,-13.417969, 49,        64, 56, 6.2676125, 67, 643.33984, 72, 128.84836, 77, 37.062500, 83,         0,110,         1,116,         4,164,         1
5DC,2016/10/31 23:44:00, 50, 872.41370, 51, 1005.4835, 52, 133.06976, 49,        64, 56, 6.2676125, 67, 643.33984, 72, 128.84644, 77, 37.000000, 83,         0,110,         0,116,         4,164,         1
50C,2016/10/31 23:45:00, 50, 295.92712, 51, 622.25970, 52, 326.33258, 49,        64, 56, 6.2676125, 67, 643.33984, 72, 128.82109, 77, 36.937500, 83,         0,110,         6,116,         4,164,         1
5FC,2016/10/31 23:46:00, 50, 246.61600, 51, 481.14499, 52, 234.52899, 49,        64, 56, 6.2676125, 67, 643.33984, 72, 129.42841, 77, 36.937500, 83,         0,110,         3,116,         4,164,         1
53C,2016/10/31 23:47:00, 50, 237.64087, 51, 247.36446, 52, 9.7235966, 49,        64, 56, 6.2676125, 67, 643.33984, 72, 129.42871, 77, 36.875000, 83,         0,110,         2,116,         4,164,         1
52C,2016/10/31 23:48:00, 50, 202.41638, 51, 269.46475, 52, 67.048386, 49,        64, 56, 6.2676125, 67, 643.33984, 72, 128.77190, 77, 36.843750, 83,         0,110,         1,116,         4,164,         1
52C,2016/10/31 23:49:00, 50, 302.94415, 51, 417.79593, 52, 114.85179, 49,        64, 56, 6.2676125, 67, 643.33984, 72, 128.73303, 77, 36.781250, 83,         0,110,         0,116,         4,164,         1
53C,2016/10/31 23:50:00, 50, 742.67834, 51, 1252.0952, 52, 509.41693, 49,        64, 56, 6.2676125, 67, 643.33984, 72, 128.70970, 77, 36.750000, 83,         0,110,         6,116,         4,164,         1
57C,2016/10/31 23:51:00, 50, 185.86435, 51, 236.90671, 52, 51.042366, 49,        64, 56, 6.2676125, 67, 643.33984, 72, 129.34961, 77, 36.718750, 83,         0,110,         3,116,         4,164,         1
5BC,2016/10/31 23:52:00, 50, 137.48068, 51, 165.70781, 52, 28.227131, 49,        64, 56, 6.2676125, 67, 643.33984, 72, 129.35840, 77, 36.687500, 83,         0,110,         2,116,         4,164,         1
58C,2016/10/31 23:53:00, 50, 742.04016, 51, 544.15704, 52,-197.88312, 49,        64, 56, 6.2676125, 67, 643.33984, 72, 128.77846, 77, 36.687500, 83,         0,110,         1,116,         4,164,         1
5EC,2016/10/31 23:54:00, 50, 968.45190, 51, 299.54895, 52,-668.90295, 49,        64, 56, 6.2676125, 67, 643.33984, 72, 128.84354, 77, 36.625000, 83,         0,110,         0,116,         4,164,         1
59C,2016/10/31 23:55:00, 50, 93.886108, 51, 294.71240, 52, 200.82629, 49,        64, 56, 6.2676125, 67, 643.33984, 72, 128.88794, 77, 36.625000, 83,         0,110,         6,116,         4,164,         1
5AC,2016/10/31 23:56:00, 50, 786.54968, 51, 38.537109, 52,-748.01257, 49,        64, 56, 6.2676125, 67, 643.33984, 72, 129.56352, 77, 36.593750, 83,         0,110,         3,116,         4,164,         1
5CC,2016/10/31 23:57:00, 50, 426.36481, 51, 487.63614, 52, 61.271332, 49,        64, 56, 6.2676125, 67, 643.33984, 72, 129.57422, 77, 36.562500, 83,         0,110,         2,116,         4,164,         1
5AC,2016/10/31 23:58:00, 50, 141.15948, 51, 304.41412, 52, 163.25464, 49,        64, 56, 6.2676125, 67, 643.33984, 72, 128.91110, 77, 36.531250, 83,         0,110,         1,116,         4,164,         1
50C,2016/10/31 23:59:00, 50, 407.39526, 51, 579.11469, 52, 171.71942, 49,        64, 56, 6.2676125, 67, 643.33984, 72, 128.89352, 77, 36.562500, 83,         0,110,         0,116,         4,164,         1
