54C,2018/06/25 13:22:00, 50, 0.0000000, 51, 0.0000000, 52, 0.0000000, 49,        64, 56, 10.582877, 67, 648.73950, 72, 218.86560, 77, 12.656250,144, 0.0000000, 84, 0.0000000, 48,       104, 16,       141
59C,2018/06/25 13:23:00, 50, 0.0000000, 51, 0.0000000, 52, 0.0000000, 49,        64, 56, 10.582877, 67, 648.73950, 72, 193.13885, 77, 13.312500,144, 0.0000000, 84, 0.0000000, 48,       104, 16,       141
54C,2018/06/25 13:24:00, 50, 0.0000000, 51, 0.0000000, 52, 0.0000000, 49,        64, 56, 10.582877, 67, 648.73950, 72, 181.30057, 77, 13.875000,144, 0.0000000, 84, 0.0000000, 48,       104, 16,       141
59C,2018/06/25 13:25:00, 50, 0.0000000, 51, 0.0000000, 52, 0.0000000, 49,        64, 56, 10.582877, 67, 648.73950, 72, 178.65091, 77, 14.593750,144, 0.0000000, 84, 0.0000000, 48,       104, 16,       141
5BC,2018/06/25 13:26:00, 50, 0.0000000, 51, 0.0000000, 52, 0.0000000, 49,        64, 56, 10.582877, 67, 648.73950, 72, 176.93817, 77, 14.843750,144, 0.0000000, 84, 0.0000000, 48,       104, 16,       141
5CC,2018/06/25 13:27:00, 50, 0.0000000, 51, 0.0000000, 52, 0.0000000, 49,        64, 56, 10.582877, 67, 648.73950, 72, 175.30219, 77, 15.562500,144, 0.0000000, 84, 0.0000000, 48,       104, 16,       141
5EC,2018/06/25 13:28:00, 50, 0.0000000, 51, 0.0000000, 52, 0.0000000, 49,        64, 56, 10.582877, 67, 648.73950, 72, 173.66245, 77, 16.125000,144, 0.0000000, 84, 0.0000000, 48,       104, 16,       141
54C,2018/06/25 13:29:00, 50, 0.0000000, 51, 0.0000000, 52, 0.0000000, 49,        64, 56, 10.582877, 67, 648.73950, 72, 172.02765, 77, 16.781250,144, 0.0000000, 84, 0.0000000, 48,       104, 16,       141
56C,2018/06/25 13:30:00, 50, 0.0000000, 51, 0.0000000, 52, 0.0000000, 49,        64, 56, 10.582877, 67, 650.08936, 72, 170.71951, 77, 17.468750,144, 0.0000000, 84, 0.0000000, 48,       104, 16,       141
5DC,2018/06/25 13:31:00, 50, 0.0000000, 51, 0.0000000, 52, 0.0000000, 49,        64, 56, 10.582877, 67, 647.38953, 72, 169.49542, 77, 17.781250,144, 0.0000000, 84, 0.0000000, 48,       104, 16,       141
57C,2018/06/25 13:32:00, 50, 0.0000000, 51, 0.0000000, 52, 0.0000000, 49,        64, 56, 10.582877, 67, 647.38953, 72, 168.33463, 77, 18.375000,144, 0.0000000, 84, 0.0000000, 48,       104, 16,       141
55C,2018/06/25 13:33:00, 50, 0.0000000, 51, 0.0000000, 52, 0.0000000, 49,        64, 56, 10.582877, 67, 647.38953, 72, 167.39056, 77, 18.968750,144, 0.0000000, 84, 0.0000000, 48,       104, 16,       141
5CC,2018/06/25 13:34:00, 50, 0.0000000, 51, 0.0000000, 52, 0.0000000, 49,        64, 56, 10.582877, 67, 647.38953, 72, 166.83844, 77, 19.062500,144, 0.0000000, 84, 0.0000000, 48,       104, 16,       141
54C,2018/06/25 13:35:00, 50, 0.0000000, 51, 0.0000000, 52, 0.0000000, 49,        64, 56, 10.582877, 67, 647.38953, 72, 165.76019, 77, 19.375000,144, 0.0000000, 84, 0.0000000, 48,       104, 16,       141
53C,2018/06/25 13:36:00, 50, 0.0000000, 51, 0.0000000, 52, 0.0000000, 49,        64, 56, 10.582877, 67, 647.38953, 72, 165.44608, 77, 19.656250,144, 0.0000000, 84, 0.0000000, 48,       104, 16,       141
5BC,2018/06/25 13:37:00, 50, 0.0000000, 51, 0.0000000, 52, 0.0000000, 49,        64, 56, 10.582877, 67, 647.38953, 72, 165.10327, 77, 20.093750,144, 0.0000000, 84, 0.0000000, 48,       104, 16,       141
57C,2018/06/25 13:38:00, 50, 0.0000000, 51, 0.0000000, 52, 0.0000000, 49,        64, 56, 10.582877, 67, 647.38953, 72, 164.84494, 77, 20.468750,144, 0.0000000, 84, 0.0000000, 48,       104, 16,       141
57C,2018/06/25 13:39:00, 50, 0.0000000, 51, 0.0000000, 52, 0.0000000, 49,        64, 56, 10.582877, 67, 647.38953, 72, 164.31146, 77, 20.843750,144, 0.0000000, 84, 0.0000000, 48,       104, 16,       141
5FC,2018/06/25 13:40:00, 50, 0.0000000, 51, 0.0000000, 52, 0.0000000, 49,        64, 56, 10.582877, 67, 647.38953, 72, 163.67133, 77, 21.281250,144, 0.0000000, 84, 0.0000000, 48,       104, 16,       141
58C,2018/06/25 13:41:00, 50, 0.0000000, 51, 0.0000000, 52, 0.0000000, 49,        64, 56, 10.582877, 67, 647.38953, 72, 163.02454, 77, 21.843750,144, 0.0000000, 84, 0.0000000, 48,       104, 16,       141
58C,2018/06/25 16:06:00, 50, 0.0000000, 51, 0.0000000, 52, 0.0000000, 49,        64, 56, 10.582877, 67, 644.68970, 72, 520.94617, 77, 24.531250,144, 0.0000000, 84, 0.0000000, 48,       104, 16,       141
59C,2018/06/25 16:07:00, 50, 0.0000000, 51, 0.0000000, 52, 0.0000000, 49,        64, 56, 10.582877, 67, 644.68970, 72, 520.77466, 77, 25.093750,144, 0.0000000, 84, 0.0000000, 48,       104, 16,       141
59C,2018/06/25 16:08:00, 50, 0.0000000, 51, 0.0000000, 52, 0.0000000, 49,        64, 56, 10.582877, 67, 644.68970, 72, 520.44031, 77, 25.625000,144, 0.0000000, 84, 0.0000000, 48,       104, 16,       141
58C,2018/06/25 16:09:00, 50, 0.0000000, 51, 0.0000000, 52, 0.0000000, 49,        64, 56, 10.582877, 67, 644.68970, 72, 519.97980, 77, 26.156250,144, 0.0000000, 84, 0.0000000, 48,       104, 16,       141
53C,2018/06/25 16:10:00, 50, 0.0000000, 51, 0.0000000, 52, 0.0000000, 49,        64, 56, 10.582877, 67, 644.68970, 72, 519.38300, 77, 26.625000,144, 0.0000000, 84, 0.0000000, 48,       104, 16,       141
5CC,2018/06/25 16:11:00, 50, 0.0000000, 51, 0.0000000, 52, 0.0000000, 49,        64, 56, 10.582877, 67, 644.68970, 72, 518.75000, 77, 27.156250,144, 0.0000000, 84, 0.0000000, 48,       104, 16,       141
55C,2018/06/25 16:12:00, 50, 0.0000000, 51, 0.0000000, 52, 0.0000000, 49,        64, 56, 10.582877, 67, 643.33984, 72, 518.07959, 77, 27.593750,144, 0.0000000, 84, 0.0000000, 48,       104, 16,       141
5CC,2018/06/25 16:13:00, 50, 0.0000000, 51, 0.0000000, 52, 0.0000000, 49,        64, 56, 10.582877, 67, 643.33984, 72, 517.38409, 77, 28.062500,144, 0.0000000, 84, 0.0000000, 48,       104, 16,       141
50C,2018/06/25 16:14:00, 50, 0.0000000, 51, 0.0000000, 52, 0.0000000, 49,        64, 56, 10.582877, 67, 643.33984, 72, 516.71259, 77, 28.500000,144, 0.0000000, 84, 0.0000000, 48,       104, 16,       141
5EC,2018/06/25 16:15:00, 50, 0.0000000, 51, 0.0000000, 52, 0.0000000, 49,        64, 56, 10.582877, 67, 643.33984, 72, 516.12756, 77, 28.968750,144, 0.0000000, 84, 0.0000000, 48,       104, 16,       141
5FC,2018/06/25 16:16:00, 50, 0.0000000, 51, 0.0000000, 52, 0.0000000, 49,        64, 56, 10.582877, 67, 643.33984, 72, 515.64441, 77, 29.375000,144, 0.0000000, 84, 0.0000000, 48,       104, 16,       141
5FC,2018/06/25 16:17:00, 50, 0.0000000, 51, 0.0000000, 52, 0.0000000, 49,        64, 56, 10.582877, 67, 643.33984, 72, 515.28015, 77, 29.843750,144, 0.0000000, 84, 0.0000000, 48,       104, 16,       141
54C,2018/06/25 16:18:00, 50, 0.0000000, 51, 0.0000000, 52, 0.0000000, 49,        64, 56, 10.582877, 67, 643.33984, 72, 515.04315, 77, 30.281250,144, 0.0000000, 84, 0.0000000, 48,       104, 16,       141
50C,2018/06/25 16:19:00, 50, 0.0000000, 51, 0.0000000, 52, 0.0000000, 49,        64, 56, 10.582877, 67, 643.33984, 72, 514.91327, 77, 30.406250,144, 0.0000000, 84, 0.0000000, 48,       104, 16,       141
5EC,2018/06/25 16:20:00, 50, 0.0000000, 51, 0.0000000, 52, 0.0000000, 49,        64, 56, 10.582877, 67, 643.33984, 72, 514.89264, 77, 30.812500,144, 0.0000000, 84, 0.0000000, 48,       104, 16,       141
5FC,2018/06/25 16:21:00, 50, 0.0000000, 51, 0.0000000, 52, 0.0000000, 49,        64, 56, 10.582877, 67, 644.68970, 72, 514.91791, 77, 31.187500,144, 0.0000000, 84, 0.0000000, 48,       104, 16,       141
5EC,2018/06/25 16:22:00, 50, 0.0000000, 51, 0.0000000, 52, 0.0000000, 49,        64, 56, 10.582877, 67, 644.68970, 72, 515.04218, 77, 31.531250,144, 0.0000000, 84, 0.0000000, 48,       104, 16,       141
5BC,2018/06/25 16:23:00, 50, 0.0000000, 51, 0.0000000, 52, 0.0000000, 49,        64, 56, 10.582877, 67, 644.68970, 72, 515.16644, 77, 31.875000,144, 0.0000000, 84, 0.0000000, 48,       104, 16,       141
5AC,2018/06/25 16:24:00, 50, 0.0000000, 51, 0.0000000, 52, 0.0000000, 49,        64, 56, 10.582877, 67, 644.68970, 72, 515.32141, 77, 32.187500,144, 0.0000000, 84, 0.0000000, 48,       104, 16,       141
56C,2018/06/25 16:25:00, 50, 0.0000000, 51, 0.0000000, 52, 0.0000000, 49,        64, 56, 10.582877, 67, 644.68970, 72, 515.44586, 77, 32.468750,144, 0.0000000, 84, 0.0000000, 48,       104, 16,       141
56C,2018/06/25 16:26:00, 50, 0.0000000, 51, 0.0000000, 52, 0.0000000, 49,        64, 56, 10.582877, 67, 644.68970, 72, 515.58411, 77, 32.781250,144, 0.0000000, 84, 0.0000000, 48,       104, 16,       141
5CC,2018/06/25 16:27:00, 50, 0.0000000, 51, 0.0000000, 52, 0.0000000, 49,        64, 56, 10.582877, 67, 644.68970, 72, 515.68555, 77, 33.062500,144, 0.0000000, 84, 0.0000000, 48,       104, 16,       141
5FC,2018/06/25 16:28:00, 50, 0.0000000, 51, 0.0000000, 52, 0.0000000, 49,        64, 56, 10.582877, 67, 644.68970, 72, 515.77820, 77, 33.281250,144, 0.0000000, 84, 0.0000000, 48,       104, 16,       141
59C,2018/06/25 16:29:00, 50, 0.0000000, 51, 0.0000000, 52, 0.0000000, 49,        64, 56, 10.582877, 67, 644.68970, 72, 515.82825, 77, 33.562500,144, 0.0000000, 84, 0.0000000, 48,       104, 16,       141
57C,2018/06/25 16:30:00, 50, 0.0000000, 51, 0.0000000, 52, 0.0000000, 49,        64, 56, 10.582877, 67, 644.68970, 72, 515.86340, 77, 33.812500,144, 0.0000000, 84, 0.0000000, 48,       104, 16,       141
50C,2018/06/25 16:31:00, 50, 0.0000000, 51, 0.0000000, 52, 0.0000000, 49,        64, 56, 10.582877, 67, 644.68970, 72, 515.88245, 77, 34.031250,144, 0.0000000, 84, 0.0000000, 48,       104, 16,       141
53C,2018/06/25 16:32:00, 50, 0.0000000, 51, 0.0000000, 52, 0.0000000, 49,        64, 56, 10.582877, 67, 644.68970, 72, 515.90009, 77, 34.343750,144, 0.0000000, 84, 0.0000000, 48,       104, 16,       141
50C,2018/06/25 16:33:00, 50, 0.0000000, 51, 0.0000000, 52, 0.0000000, 49,        64, 56, 10.582877, 67, 644.68970, 72, 515.89697, 77, 34.593750,144, 0.0000000, 84, 0.0000000, 48,       104, 16,       141
53C,2018/06/25 16:34:00, 50, 0.0000000, 51, 0.0000000, 52, 0.0000000, 49,        64, 56, 10.582877, 67, 644.68970, 72, 515.88409, 77, 34.843750,144, 0.0000000, 84, 0.0000000, 48,       104, 16,       141
5CC,2018/06/25 16:35:00, 50, 0.0000000, 51, 0.0000000, 52, 0.0000000, 49,        64, 56, 10.582877, 67, 644.68970, 72, 515.85425, 77, 35.062500,144, 0.0000000, 84, 0.0000000, 48,       104, 16,       141
5AC,2018/06/25 16:36:00, 50, 0.0000000, 51, 0.0000000, 52, 0.0000000, 49,        64, 56, 10.582877, 67, 644.68970, 72, 515.82764, 77, 35.312500,144, 0.0000000, 84, 0.0000000, 48,       104, 16,       141
55C,2018/06/25 16:37:00, 50, 0.0000000, 51, 0.0000000, 52, 0.0000000, 49,        64, 56, 10.582877, 67, 644.68970, 72, 515.79846, 77, 35.531250,144, 0.0000000, 84, 0.0000000, 48,       104, 16,       141
5AC,2018/06/25 16:38:00, 50,-9.5798302, 51, 21.637997, 52, 31.217827, 49,        64, 56, 10.582877, 67, 644.68970, 72, 515.79181, 77, 35.781250,144, 0.0000000, 84, 0.0000000, 48,       104, 16,       141
57C,2018/06/25 16:39:00, 50, 5.9469938, 51,-4.8604841, 52,-10.807478, 49,        64, 56, 10.582877, 67, 644.68970, 72, 515.78052, 77, 36.000000,144, 0.0000000, 84, 0.0000000, 48,       104, 16,       141
53C,2018/06/25 16:40:00, 50,-1.6710474, 51, 27.541935, 52, 29.212982, 49,        64, 56, 10.582877, 67, 644.68970, 72, 515.76605, 77, 36.187500,144, 0.0000000, 84, 0.0000000, 48,       104, 16,       141
57C,2018/06/25 16:41:00, 50, 15.398882, 51, 146.08870, 52, 130.68982, 49,        64, 56, 10.582877, 67, 644.68970, 72, 483.06006, 77, 36.406250,144, 0.0000000, 84, 0.0000000, 48,       104, 16,       141
51C,2018/06/25 16:42:00, 50, 308.63062, 51, 420.46558, 52, 111.83496, 49,        64, 56, 10.582877, 67, 644.68970, 72, 369.42145, 77, 36.593750,144, 0.0000000, 84, 0.0000000, 48,       104, 16,       141
51C,2018/06/25 16:43:00, 50, 134.11212, 51, 277.96814, 52, 143.85602, 49,        64, 56, 10.582877, 67, 644.68970, 72, 274.12561, 77, 36.781250,144, 0.0000000, 84, 0.0000000, 48,       104, 16,       141
50C,2018/06/25 16:44:00, 50, 70.938354, 51, 233.53204, 52, 162.59369, 49,        64, 56, 10.582877, 67, 644.68970, 72, 226.56766, 77, 36.968750,144, 0.0000000, 84, 0.0000000, 48,       104, 16,       141
56C,2018/06/25 16:45:00, 50, 43.533684, 51, 78.330658, 52, 34.796974, 49,        64, 56, 10.582877, 67, 644.68970, 72, 195.92874, 77, 37.156250,144, 0.0000000, 84, 0.0000000, 48,       104, 16,       141
5EC,2018/06/25 16:46:00, 50, 61.128685, 51, 40.823689, 52,-20.304996, 49,        64, 56, 10.582877, 67, 644.68970, 72, 183.24374, 77, 37.312500,144, 0.0000000, 84, 0.0000000, 48,       104, 16,       141
5DC,2018/06/25 16:47:00, 50, 124.49855, 51, 162.53157, 52, 38.033028, 49,        64, 56, 10.582877, 67, 644.68970, 72, 179.60147, 77, 37.531250,144, 0.0000000, 84, 0.0000000, 48,       104, 16,       141
5DC,2018/06/25 16:48:00, 50, 86.787430, 51, 137.02805, 52, 50.240616, 49,        64, 56, 10.582877, 67, 644.68970, 72, 176.98993, 77, 37.687500,144, 0.0000000, 84, 0.0000000, 48,       104, 16,       141
53C,2018/06/25 16:49:00, 50, 69.584137, 51, 111.70243, 52, 42.118294, 49,        64, 56, 10.582877, 67, 644.68970, 72, 175.55667, 77, 37.843750,144, 0.0000000, 84, 0.0000000, 48,       104, 16,       141
5CC,2018/06/25 16:50:00, 50, 149.94135, 51, 190.98442, 52, 41.043083, 49,        64, 56, 10.582877, 67, 644.68970, 72, 174.05740, 77, 38.000000,144, 0.0000000, 84, 0.0000000, 48,       104, 16,       141
5BC,2018/06/25 16:51:00, 50, 166.92114, 51, 228.88445, 52, 61.963303, 49,        64, 56, 10.582877, 67, 644.68970, 72, 172.35043, 77, 38.187500,144, 0.0000000, 84, 0.0000000, 48,       104, 16,       141
53C,2018/06/25 16:52:00, 50, 90.733017, 51, 166.50418, 52, 75.771164, 49,        64, 56, 10.582877, 67, 644.68970, 72, 171.78818, 77, 38.312500,144, 0.0000000, 84, 0.0000000, 48,       104, 16,       141
5FC,2018/06/25 16:53:00, 50, 75.659470, 51, 114.67211, 52, 39.012642, 49,        64, 56, 10.582877, 67, 644.68970, 72, 170.98788, 77, 38.437500,144, 0.0000000, 84, 0.0000000, 48,       104, 16,       141
50C,2018/06/25 16:54:00, 50, 176.29266, 51, 670.40228, 52, 494.10962, 49,        64, 56, 10.582877, 67, 644.68970, 72, 170.15125, 77, 38.593750,144, 0.0000000, 84, 0.0000000, 48,       104, 16,       141
50C,2018/06/25 16:55:00, 50, 46.129410, 51, 74.144287, 52, 28.014877, 49,        64, 56, 10.582877, 67, 644.68970, 72, 169.06503, 77, 38.750000,144, 0.0000000, 84, 0.0000000, 48,       104, 16,       141
5DC,2018/06/25 16:56:00, 50, 150.84909, 51, 223.03513, 52, 72.186035, 49,        64, 56, 10.582877, 67, 644.68970, 72, 168.95087, 77, 38.937500,144, 0.0000000, 84, 0.0000000, 48,       104, 16,       141
53C,2018/06/25 16:57:00, 50, 273.04370, 51, 344.85156, 52, 71.807861, 49,        64, 56, 10.582877, 67, 644.68970, 72, 168.41592, 77, 39.062500,144, 0.0000000, 84, 0.0000000, 48,       104, 16,       141
57C,2018/06/25 16:58:00, 50, 1058.2800, 51, 1181.8527, 52, 123.57266, 49,        64, 56, 10.582877, 67, 644.68970, 72, 167.51956, 77, 39.187500,144, 0.0000000, 84, 0.0000000, 48,       104, 16,       141
5AC,2018/06/25 16:59:00, 50, 404.53516, 51, 172.00714, 52,-232.52802, 49,        64, 56, 10.582877, 67, 644.68970, 72, 166.28156, 77, 39.343750,144, 0.0000000, 84, 0.0000000, 48,       104, 16,       141
5AC,2018/06/25 17:00:00, 50, 32.510681, 51, 109.09558, 52, 76.584900, 49,        64, 56, 10.582877, 67, 644.68970, 72, 163.83795, 77, 39.500000,144, 0.0000000, 84, 0.0000000, 48,       104, 16,       141
57C,2018/06/25 17:01:00, 50, 164.44229, 51, 110.04732, 52,-54.394974, 49,        64, 56, 10.582877, 67, 644.68970, 72, 164.93546, 77, 39.625000,144, 0.0000000, 84, 0.0000000, 48,       104, 16,       141
5BC,2018/06/25 17:02:00, 50, 56.228210, 51, 90.392937, 52, 34.164726, 49,        64, 56, 10.582877, 67, 644.68970, 72, 165.51315, 77, 39.750000,144, 0.0000000, 84, 0.0000000, 48,       104, 16,       141
5DC,2018/06/25 17:03:00, 50, 107.59138, 51, 157.68065, 52, 50.089272, 49,        64, 56, 10.582877, 67, 644.68970, 72, 165.10056, 77, 39.875000,144, 0.0000000, 84, 0.0000000, 48,       104, 16,       141
58C,2018/06/25 17:04:00, 50, 134.10239, 51,-13.483978, 52,-147.58636, 49,        64, 56, 10.582877, 67, 644.68970, 72, 165.51849, 77, 40.000000,144, 0.0000000, 84, 0.0000000, 48,       104, 16,       141
54C,2018/06/25 17:05:00, 50, 140.23627, 51, 190.45256, 52, 50.216301, 49,        64, 56, 10.582877, 67, 643.33984, 72, 165.71487, 77, 40.125000,144, 0.0000000, 84, 0.0000000, 48,       104, 16,       141
56C,2018/06/25 17:06:00, 50, 46.338341, 51, 129.72198, 52, 83.383652, 49,        64, 56, 10.582877, 67, 643.33984, 72, 165.86438, 77, 40.250000,144, 0.0000000, 84, 0.0000000, 48,       104, 16,       141
54C,2018/06/25 17:07:00, 50, 132.31317, 51, 172.43083, 52, 40.117668, 49,        64, 56, 10.582877, 67, 643.33984, 72, 165.10004, 77, 40.312500,144, 0.0000000, 84, 0.0000000, 48,       104, 16,       141
5DC,2018/06/25 17:08:00, 50, 124.50597, 51, 155.00763, 52, 30.501663, 49,        64, 56, 10.582877, 67, 643.33984, 72, 164.53482, 77, 40.500000,144, 0.0000000, 84, 0.0000000, 48,       104, 16,       141
56C,2018/06/25 17:14:00, 50, 0.0000000, 51, 0.0000000, 52, 0.0000000, 49,        64, 56, 10.582877, 67, 641.98999, 72, 0.0000000, 77, 41.468750,144, 0.0000000, 84, 0.0000000, 48,       104, 16,       141
53C,2018/06/25 17:15:00, 50, 232.09860, 51, 76.888794, 52,-155.20981, 49,        64, 56, 10.582877, 67, 641.98999, 72, 165.59399, 77, 41.093750,144, 0.0000000, 84, 0.0000000, 48,       104, 16,       141
5DC,2018/06/25 17:16:00, 50, 217.64490, 51, 269.67593, 52, 52.031052, 49,        64, 56, 10.582877, 67, 641.98999, 72, 165.69086, 77, 41.093750,144, 0.0000000, 84, 0.0000000, 48,       104, 16,       141
57C,2018/06/25 17:17:00, 50, 227.57422, 51, 366.13922, 52, 138.56500, 49,        64, 56, 10.582877, 67, 641.98999, 72, 165.57703, 77, 41.187500,144, 0.0000000, 84, 0.0000000, 48,       104, 16,       141
50C,2018/06/25 17:18:00, 50, 237.63898, 51, 275.67114, 52, 38.032173, 49,        64, 56, 10.582877, 67, 641.98999, 72, 165.36884, 77, 41.375000,144, 0.0000000, 84, 0.0000000, 48,       104, 16,       141
5DC,2018/06/25 17:19:00, 50, 115.79288, 51, 140.26770, 52, 24.474831, 49,        64, 56, 10.582877, 67, 641.98999, 72, 165.26251, 77, 41.593750,144, 0.0000000, 84, 0.0000000, 48,       104, 16,       141
56C,2018/06/25 17:20:00, 50, 264.70685, 51, 102.95682, 52,-161.75003, 49,        64, 56, 10.582877, 67, 641.98999, 72, 165.00320, 77, 41.781250,144, 0.0000000, 84, 0.0000000, 48,       104, 16,       141
5FC,2018/06/25 17:21:00, 50, 230.39798, 51, 566.51111, 52, 336.11316, 49,        64, 56, 10.582877, 67, 641.98999, 72, 164.99298, 77, 41.937500,144, 0.0000000, 84, 0.0000000, 48,       104, 16,       141
58C,2018/06/25 17:22:00, 50, 228.39301, 51, 317.57657, 52, 89.183563, 49,        64, 56, 10.582877, 67, 641.98999, 72, 164.65393, 77, 42.062500,144, 0.0000000, 84, 0.0000000, 48,       104, 16,       141
57C,2018/06/25 17:23:00, 50, 96.137146, 51, 168.29648, 52, 72.159332, 49,        64, 56, 10.582877, 67, 641.98999, 72, 163.89609, 77, 42.218750,144, 0.0000000, 84, 0.0000000, 48,       104, 16,       141
53C,2018/06/25 17:24:00, 50, 111.80368, 51, 190.64180, 52, 78.838120, 49,        64, 56, 10.582877, 67, 641.98999, 72, 163.72919, 77, 42.312500,144, 0.0000000, 84, 0.0000000, 48,       104, 16,       141
58C,2018/06/25 17:25:00, 50, 136.21799, 51, 367.81873, 52, 231.60074, 49,        64, 56, 10.582877, 67, 641.98999, 72, 162.87280, 77, 42.406250,144, 0.0000000, 84, 0.0000000, 48,       104, 16,       141
5FC,2018/06/25 17:26:00, 50, 325.70642, 51, 184.11520, 52,-141.59122, 49,        64, 56, 10.582877, 67, 641.98999, 72, 163.42328, 77, 42.500000,144, 0.0000000, 84, 0.0000000, 48,       104, 16,       141
52C,2018/06/25 17:27:00, 50, 176.61044, 51, 280.47549, 52, 103.86507, 49,        64, 56, 10.582877, 67, 641.98999, 72, 163.00403, 77, 42.562500,144, 0.0000000, 84, 0.0000000, 48,       104, 16,       141
5FC,2018/06/25 17:28:00, 50, 141.54794, 51, 328.55432, 52, 187.00638, 49,        64, 56, 10.582877, 67, 641.98999, 72, 162.97433, 77, 42.656250,144, 0.0000000, 84, 0.0000000, 48,       104, 16,       141
5AC,2018/06/25 17:29:00, 50, 362.05035, 51, 495.41455, 52, 133.36420, 49,        64, 56, 10.582877, 67, 641.98999, 72, 163.58850, 77, 42.750000,144, 0.0000000, 84, 0.0000000, 48,       104, 16,       141
57C,2018/06/25 17:30:00, 50, 191.67032, 51, 483.06247, 52, 291.39215, 49,        64, 56, 10.582877, 67, 641.98999, 72, 162.28864, 77, 42.812500,144, 0.0000000, 84, 0.0000000, 48,       104, 16,       141
56C,2018/06/25 17:31:00, 50, 115.11287, 51, 163.44739, 52, 48.334526, 49,        64, 56, 10.582877, 67, 641.98999, 72, 163.60385, 77, 42.906250,144, 0.0000000, 84, 0.0000000, 48,       104, 16,       141
50C,2018/06/25 17:32:00, 50, 140.45087, 51, 101.07143, 52,-39.379448, 49,        64, 56, 10.582877, 67, 641.98999, 72, 164.24261, 77, 43.000000,144, 0.0000000, 84, 0.0000000, 48,       104, 16,       141
58C,2018/06/25 17:33:00, 50, 224.41724, 51, 314.54803, 52, 90.130814, 49,        64, 56, 10.582877, 67, 641.98999, 72, 163.80273, 77, 43.062500,144, 0.0000000, 84, 0.0000000, 48,       104, 16,       141
57C,2018/06/25 17:34:00, 50, 24.773167, 51, 73.899986, 52, 49.126823, 49,        64, 56, 10.582877, 67, 641.98999, 72, 164.29083, 77, 43.156250,144, 0.0000000, 84, 0.0000000, 48,       104, 16,       141
55C,2018/06/25 17:35:00, 50, 298.49200, 51, 335.75040, 52, 37.258415, 49,        64, 56, 10.582877, 67, 641.98999, 72, 163.74295, 77, 43.250000,144, 0.0000000, 84, 0.0000000, 48,       104, 16,       141
5CC,2018/06/25 17:36:00, 50, 93.496048, 51, 263.11615, 52, 169.62012, 49,        64, 56, 10.582877, 67, 641.98999, 72, 164.73056, 77, 43.312500,144, 0.0000000, 84, 0.0000000, 48,       104, 16,       141
58C,2018/06/25 17:37:00, 50, 109.65593, 51, 149.58311, 52, 39.927185, 49,        64, 56, 10.582877, 67, 641.98999, 72, 164.90701, 77, 43.406250,144, 0.0000000, 84, 0.0000000, 48,       104, 16,       141
56C,2018/06/25 17:38:00, 50, 47.863731, 51, 194.11998, 52, 146.25626, 49,        64, 56, 10.582877, 67, 641.98999, 72, 164.53033, 77, 43.468750,144, 0.0000000, 84, 0.0000000, 48,       104, 16,       141
57C,2018/06/25 17:39:00, 50, 97.075516, 51, 155.62206, 52, 58.546547, 49,        64, 56, 10.582877, 67, 641.98999, 72, 164.76221, 77, 43.562500,144, 0.0000000, 84, 0.0000000, 48,       104, 16,       141
55C,2018/06/25 17:40:00, 50, 144.54550, 51, 81.431015, 52,-63.114494, 49,        64, 56, 10.582877, 67, 641.98999, 72, 164.86813, 77, 43.625000,144, 0.0000000, 84, 0.0000000, 48,       104, 16,       141
53C,2018/06/25 17:41:00, 50, 461.94550, 51, 262.84680, 52,-199.09869, 49,        64, 56, 10.582877, 67, 641.98999, 72, 164.47128, 77, 43.687500,144, 0.0000000, 84, 0.0000000, 48,       104, 16,       141
50C,2018/06/25 17:42:00, 50, 125.75403, 51, 221.53059, 52, 95.776566, 49,        64, 56, 10.582877, 67, 641.98999, 72, 164.12051, 77, 43.718750,144, 0.0000000, 84, 0.0000000, 48,       104, 16,       141
5CC,2018/06/25 17:43:00, 50, 159.25119, 51, 223.21063, 52, 63.959450, 49,        64, 56, 10.582877, 67, 641.98999, 72, 164.35626, 77, 43.750000,144, 0.0000000, 84, 0.0000000, 48,       104, 16,       141
52C,2018/06/25 17:44:00, 50, 300.33856, 51, 408.62915, 52, 108.29059, 49,        64, 56, 10.582877, 67, 641.98999, 72, 163.91409, 77, 43.781250,144, 0.0000000, 84, 0.0000000, 48,       104, 16,       141
58C,2018/06/25 17:45:00, 50, 350.58209, 51, 398.29858, 52, 47.716492, 49,        64, 56, 10.582877, 67, 641.98999, 72, 161.95105, 77, 43.812500,144, 0.0000000, 84, 0.0000000, 48,       104, 16,       141
5DC,2018/06/25 17:46:00, 50, 213.89560, 51, 268.85333, 52, 54.957748, 49,        64, 56, 10.582877, 67, 641.98999, 72, 163.58224, 77, 43.875000,144, 0.0000000, 84, 0.0000000, 48,       104, 16,       141
53C,2018/06/25 17:47:00, 50, 197.15601, 51, 259.37735, 52, 62.221359, 49,        64, 56, 10.582877, 67, 641.98999, 72, 164.39676, 77, 43.875000,144, 0.0000000, 84, 0.0000000, 48,       104, 16,       141
50C,2018/06/25 17:48:00, 50, 235.71268, 51, 438.12741, 52, 202.41473, 49,        64, 56, 10.582877, 67, 641.98999, 72, 163.17459, 77, 43.875000,144, 0.0000000, 84, 0.0000000, 48,       104, 16,       141
52C,2018/06/25 17:49:00, 50, 542.48608, 51, 653.00873, 52, 110.52267, 49,        64, 56, 10.582877, 67, 641.98999, 72, 161.61978, 77, 43.906250,144, 0.0000000, 84, 0.0000000, 48,       104, 16,       141
52C,2018/06/25 17:50:00, 50, 193.44580, 51, 199.83867, 52, 6.3928776, 49,        64, 56, 10.582877, 67, 641.98999, 72, 161.19189, 77, 43.968750,144, 0.0000000, 84, 0.0000000, 48,       104, 16,       141
5BC,2018/06/25 17:51:00, 50, 370.51477, 51, 126.46722, 52,-244.04755, 49,        64, 56, 10.582877, 67, 641.98999, 72, 163.93216, 77, 43.968750,144, 0.0000000, 84, 0.0000000, 48,       104, 16,       141
5BC,2018/06/25 17:52:00, 50, 536.90405, 51, 644.85614, 52, 107.95212, 49,        64, 56, 10.582877, 67, 641.98999, 72, 163.50888, 77, 44.000000,144, 0.0000000, 84, 0.0000000, 48,       104, 16,       141
53C,2018/06/25 17:53:00, 50, 273.70972, 51, 335.65344, 52, 61.943748, 49,        64, 56, 10.582877, 67, 641.98999, 72, 161.73978, 77, 44.031250,144, 0.0000000, 84, 0.0000000, 48,       104, 16,       141
56C,2018/06/25 17:54:00, 50, 276.41571, 51, 354.52084, 52, 78.105133, 49,        64, 56, 10.582877, 67, 641.98999, 72, 162.03796, 77, 44.062500,144, 0.0000000, 84, 0.0000000, 48,       104, 16,       141
5EC,2018/06/25 17:55:00, 50, 314.39148, 51, 374.61328, 52, 60.221817, 49,        64, 56, 10.582877, 67, 641.98999, 72, 161.61285, 77, 44.093750,144, 0.0000000, 84, 0.0000000, 48,       104, 16,       141
5EC,2018/06/25 17:56:00, 50, 358.06030, 51, 518.94476, 52, 160.88449, 49,        64, 56, 10.582877, 67, 641.98999, 72, 162.24142, 77, 44.125000,144, 0.0000000, 84, 0.0000000, 48,       104, 16,       141
59C,2018/06/25 17:57:00, 50, 154.09454, 51, 227.44043, 52, 73.345886, 49,        64, 56, 10.582877, 67, 641.98999, 72, 162.73926, 77, 44.156250,144, 0.0000000, 84, 0.0000000, 48,       104, 16,       141
5DC,2018/06/25 17:58:00, 50, 114.42642, 51, 232.43372, 52, 118.00729, 49,        64, 56, 10.582877, 67, 641.98999, 72, 163.27167, 77, 44.187500,144, 0.0000000, 84, 0.0000000, 48,       104, 16,       141
5BC,2018/06/25 17:59:00, 50, 228.65948, 51, 327.61148, 52, 98.951996, 49,        64, 56, 10.582877, 67, 641.98999, 72, 162.95908, 77, 44.218750,144, 0.0000000, 84, 0.0000000, 48,       104, 16,       141
5FC,2018/06/25 18:00:00, 50, 268.50073, 51, 158.28653, 52,-110.21422, 49,        64, 56, 10.582877, 67, 641.98999, 72, 163.85593, 77, 44.218750,144, 0.0000000, 84, 0.0000000, 48,       104, 16,       141
56C,2018/06/25 18:01:00, 50, 244.37924, 51, 253.08536, 52, 8.7061291, 49,        64, 56, 10.582877, 67, 641.98999, 72, 164.44858, 77, 44.250000,144, 0.0000000, 84, 0.0000000, 48,       104, 16,       141
52C,2018/06/25 18:02:00, 50, 226.43420, 51, 301.11075, 52, 74.676559, 49,        64, 56, 10.582877, 67, 641.98999, 72, 164.06442, 77, 44.281250,144, 0.0000000, 84, 0.0000000, 48,       104, 16,       141
5FC,2018/06/25 18:03:00, 50, 321.28992, 51, 382.68927, 52, 61.399361, 49,        64, 56, 10.582877, 67, 641.98999, 72, 163.65927, 77, 44.312500,144, 0.0000000, 84, 0.0000000, 48,       104, 16,       141
5BC,2018/06/25 18:04:00, 50, 95.779251, 51, 199.56514, 52, 103.78589, 49,        64, 56, 10.582877, 67, 641.98999, 72, 163.87329, 77, 44.312500,144, 0.0000000, 84, 0.0000000, 48,       104, 16,       141
5BC,2018/06/25 18:05:00, 50, 149.60556, 51, 231.47000, 52, 81.864441, 49,        64, 56, 10.582877, 67, 641.98999, 72, 164.09692, 77, 44.312500,144, 0.0000000, 84, 0.0000000, 48,       104, 16,       141
57C,2018/06/25 18:06:00, 50, 260.18506, 51, 601.03833, 52, 340.85327, 49,        64, 56, 10.582877, 67, 641.98999, 72, 165.01419, 77, 44.375000,144, 0.0000000, 84, 0.0000000, 48,       104, 16,       141
57C,2018/06/25 18:07:00, 50, 180.95877, 51, 220.45187, 52, 39.493103, 49,        64, 56, 10.582877, 67, 641.98999, 72, 163.44022, 77, 44.375000,144, 0.0000000, 84, 0.0000000, 48,       104, 16,       141
5DC,2018/06/25 18:08:00, 50, 77.340775, 51, 139.20058, 52, 61.859810, 49,        64, 56, 10.582877, 67, 641.98999, 72, 162.97314, 77, 44.406250,144, 0.0000000, 84, 0.0000000, 48,       104, 16,       141
55C,2018/06/25 18:09:00, 50, 192.45697, 51, 331.56012, 52, 139.10315, 49,        64, 56, 10.582877, 67, 641.98999, 72, 164.06604, 77, 44.406250,144, 0.0000000, 84, 0.0000000, 48,       104, 16,       141
5CC,2018/06/25 18:10:00, 50, 233.34393, 51, 544.45752, 52, 311.11359, 49,        64, 56, 10.582877, 67, 641.98999, 72, 162.89786, 77, 44.437500,144, 0.0000000, 84, 0.0000000, 48,       104, 16,       141
5CC,2018/06/25 18:11:00, 50, 293.38507, 51, 194.61124, 52,-98.773834, 49,        64, 56, 10.582877, 67, 641.98999, 72, 163.91589, 77, 44.468750,144, 0.0000000, 84, 0.0000000, 48,       104, 16,       141
51C,2018/06/25 18:12:00, 50, 182.05896, 51, 265.04095, 52, 82.982010, 49,        64, 56, 10.582877, 67, 641.98999, 72, 164.70309, 77, 44.500000,144, 0.0000000, 84, 0.0000000, 48,       104, 16,       141
5FC,2018/06/25 18:13:00, 50, 218.98926, 51, 314.66809, 52, 95.678833, 49,        64, 56, 10.582877, 67, 641.98999, 72, 164.71643, 77, 44.500000,144, 0.0000000, 84, 0.0000000, 48,       104, 16,       141
52C,2018/06/25 18:14:00, 50, 176.91266, 51, 262.09268, 52, 85.180038, 49,        64, 56, 10.582877, 67, 641.98999, 72, 164.37106, 77, 44.531250,144, 0.0000000, 84, 0.0000000, 48,       104, 16,       141
51C,2018/06/25 18:15:00, 50, 294.81622, 51, 315.93942, 52, 21.123226, 49,        64, 56, 10.582877, 67, 641.98999, 72, 162.52914, 77, 44.593750,144, 0.0000000, 84, 0.0000000, 48,       104, 16,       141
56C,2018/06/25 18:16:00, 50, 177.34476, 51, 249.91646, 52, 72.571701, 49,        64, 56, 10.582877, 67, 641.98999, 72, 163.00922, 77, 44.593750,144, 0.0000000, 84, 0.0000000, 48,       104, 16,       141
56C,2018/06/25 18:17:00, 50, 602.07935, 51, 977.74408, 52, 375.66473, 49,        64, 56, 10.582877, 67, 641.98999, 72, 163.50903, 77, 44.625000,144, 0.0000000, 84, 0.0000000, 48,       104, 16,       141
53C,2018/06/25 18:18:00, 50, 327.46729, 51, 465.33151, 52, 137.86423, 49,        64, 56, 10.582877, 67, 641.98999, 72, 161.94360, 77, 44.625000,144, 0.0000000, 84, 0.0000000, 48,       104, 16,       141
51C,2018/06/25 18:19:00, 50, 304.85590, 51, 408.52505, 52, 103.66917, 49,        64, 56, 10.582877, 67, 641.98999, 72, 161.14117, 77, 44.687500,144, 0.0000000, 84, 0.0000000, 48,       104, 16,       141
55C,2018/06/25 18:20:00, 50, 75.591965, 51, 139.34534, 52, 63.753372, 49,        64, 56, 10.582877, 67, 641.98999, 72, 162.80493, 77, 44.687500,144, 0.0000000, 84, 0.0000000, 48,       104, 16,       141
5AC,2018/06/25 18:21:00, 50, 75.854507, 51, 138.13860, 52, 62.284088, 49,        64, 56, 10.582877, 67, 641.98999, 72, 163.96082, 77, 44.718750,144, 0.0000000, 84, 0.0000000, 48,       104, 16,       141
5FC,2018/06/25 18:22:00, 50, 262.84650, 51, 343.57553, 52, 80.729050, 49,        64, 56, 10.582877, 67, 641.98999, 72, 165.18320, 77, 44.781250,144, 0.0000000, 84, 0.0000000, 48,       104, 16,       141
59C,2018/06/25 18:23:00, 50, 81.768295, 51, 180.08792, 52, 98.319626, 49,        64, 56, 10.582877, 67, 641.98999, 72, 165.31830, 77, 44.781250,144, 0.0000000, 84, 0.0000000, 48,       104, 16,       141
51C,2018/06/25 18:24:00, 50, 45.522522, 51, 90.892944, 52, 45.370422, 49,        64, 56, 10.582877, 67, 641.98999, 72, 164.87061, 77, 44.812500,144, 0.0000000, 84, 0.0000000, 48,       104, 16,       141
56C,2018/06/25 18:25:00, 50, 204.43829, 51, 99.422775, 52,-105.01552, 49,        64, 56, 10.582877, 67, 641.98999, 72, 165.11475, 77, 44.843750,144, 0.0000000, 84, 0.0000000, 48,       104, 16,       141
56C,2018/06/25 18:26:00, 50, 58.904892, 51, 174.84673, 52, 115.94183, 49,        64, 56, 10.582877, 67, 641.98999, 72, 165.17667, 77, 44.843750,144, 0.0000000, 84, 0.0000000, 48,       104, 16,       141
58C,2018/06/25 18:27:00, 50, 284.25275, 51, 396.24033, 52, 111.98759, 49,        64, 56, 10.582877, 67, 641.98999, 72, 165.38641, 77, 44.812500,144, 0.0000000, 84, 0.0000000, 48,       104, 16,       141
50C,2018/06/25 18:28:00, 50, 92.672745, 51, 221.82567, 52, 129.15292, 49,        64, 56, 10.582877, 67, 641.98999, 72, 165.37454, 77, 44.812500,144, 0.0000000, 84, 0.0000000, 48,       104, 16,       141
54C,2018/06/25 18:29:00, 50, 20.177521, 51, 64.090553, 52, 43.913033, 49,        64, 56, 10.582877, 67, 641.98999, 72, 165.22415, 77, 44.843750,144, 0.0000000, 84, 0.0000000, 48,       104, 16,       141
50C,2018/06/25 18:30:00, 50, 72.209900, 51, 117.37524, 52, 45.165344, 49,        64, 56, 10.582877, 67, 641.98999, 72, 165.24359, 77, 44.812500,144, 0.0000000, 84, 0.0000000, 48,       104, 16,       141
5DC,2018/06/25 18:31:00, 50, 148.82623, 51, 215.41087, 52, 66.584641, 49,        64, 56, 10.582877, 67, 641.98999, 72, 164.77301, 77, 44.781250,144, 0.0000000, 84, 0.0000000, 48,       104, 16,       141
59C,2018/06/25 18:32:00, 50, 33.140694, 51, 64.512192, 52, 31.371498, 49,        64, 56, 10.582877, 67, 641.98999, 72, 164.90585, 77, 44.781250,144, 0.0000000, 84, 0.0000000, 48,       104, 16,       141
54C,2018/06/25 18:33:00, 50, 72.857758, 51, 206.81934, 52, 133.96158, 49,        64, 56, 10.582877, 67, 641.98999, 72, 165.16418, 77, 44.781250,144, 0.0000000, 84, 0.0000000, 48,       104, 16,       141
58C,2018/06/25 18:34:00, 50, 25.883495, 51, 75.522476, 52, 49.638985, 49,        64, 56, 10.582877, 67, 641.98999, 72, 165.18600, 77, 44.781250,144, 0.0000000, 84, 0.0000000, 48,       104, 16,       141
52C,2018/06/25 18:35:00, 50, 33.299446, 51, 98.523689, 52, 65.224243, 49,        64, 56, 10.582877, 67, 641.98999, 72, 165.26306, 77, 44.750000,144, 0.0000000, 84, 0.0000000, 48,       104, 16,       141
5AC,2018/06/25 18:36:00, 50, 16.688148, 51, 68.113022, 52, 51.424873, 49,        64, 56, 10.582877, 67, 641.98999, 72, 165.27356, 77, 44.750000,144, 0.0000000, 84, 0.0000000, 48,       104, 16,       141
55C,2018/06/25 18:37:00, 50, 5.3503819, 51, 67.883865, 52, 62.533485, 49,        64, 56, 10.582877, 67, 641.98999, 72, 165.43530, 77, 44.750000,144, 0.0000000, 84, 0.0000000, 48,       104, 16,       141
52C,2018/06/25 18:38:00, 50, 13.822226, 51, 47.681072, 52, 33.858849, 49,        64, 56, 10.582877, 67, 641.98999, 72, 165.45590, 77, 44.750000,144, 0.0000000, 84, 0.0000000, 48,       104, 16,       141
57C,2018/06/25 18:39:00, 50,-1.5476723, 51, 42.689655, 52, 44.237328, 49,        64, 56, 10.582877, 67, 641.98999, 72, 165.27621, 77, 44.718750,144, 0.0000000, 84, 0.0000000, 48,       104, 16,       141
5AC,2018/06/25 18:40:00, 50, 8.6505089, 51, 67.250504, 52, 58.599998, 49,        64, 56, 10.582877, 67, 641.98999, 72, 165.29288, 77, 44.718750,144, 0.0000000, 84, 0.0000000, 48,       104, 16,       141
53C,2018/06/25 18:41:00, 50, 29.485924, 51, 62.314240, 52, 32.828316, 49,        64, 56, 10.582877, 67, 641.98999, 72, 165.30334, 77, 44.718750,144, 0.0000000, 84, 0.0000000, 48,       104, 16,       141
5BC,2018/06/25 18:42:00, 50, 130.25803, 51, 213.42033, 52, 83.162308, 49,        64, 56, 10.582877, 67, 641.98999, 72, 165.48245, 77, 44.687500,144, 0.0000000, 84, 0.0000000, 48,       104, 16,       141
5FC,2018/06/25 18:43:00, 50, 71.016129, 51, 158.69998, 52, 87.683853, 49,        64, 56, 10.582877, 67, 641.98999, 72, 165.50842, 77, 44.718750,144, 0.0000000, 84, 0.0000000, 48,       104, 16,       141
57C,2018/06/25 18:44:00, 50, 91.405289, 51, 169.74034, 52, 78.335052, 49,        64, 56, 10.582877, 67, 641.98999, 72, 165.35120, 77, 44.687500,144, 0.0000000, 84, 0.0000000, 48,       104, 16,       141
52C,2018/06/25 18:45:00, 50, 26.523525, 51, 88.588524, 52, 62.065002, 49,        64, 56, 10.582877, 67, 641.98999, 72, 165.34082, 77, 44.687500,144, 0.0000000, 84, 0.0000000, 48,       104, 16,       141
59C,2018/06/25 18:46:00, 50, 21.282829, 51, 44.509789, 52, 23.226959, 49,        64, 56, 10.582877, 67, 641.98999, 72, 165.37088, 77, 44.687500,144, 0.0000000, 84, 0.0000000, 48,       104, 16,       141
5DC,2018/06/25 18:47:00, 50, 21.949085, 51, 67.092651, 52, 45.143570, 49,        64, 56, 10.582877, 67, 641.98999, 72, 165.57352, 77, 44.687500,144, 0.0000000, 84, 0.0000000, 48,       104, 16,       141
51C,2018/06/25 18:48:00, 50, 29.470184, 51, 59.485077, 52, 30.014893, 49,        64, 56, 10.582877, 67, 641.98999, 72, 165.59747, 77, 44.656250,144, 0.0000000, 84, 0.0000000, 48,       104, 16,       141
54C,2018/06/25 18:49:00, 50, 40.994576, 51, 53.547054, 52, 12.552481, 49,        64, 56, 10.582877, 67, 641.98999, 72, 165.48560, 77, 44.687500,144, 0.0000000, 84, 0.0000000, 48,       104, 16,       141
51C,2018/06/25 18:50:00, 50, 87.764450, 51, 140.97853, 52, 53.214081, 49,        64, 56, 10.582877, 67, 641.98999, 72, 165.52499, 77, 44.656250,144, 0.0000000, 84, 0.0000000, 48,       104, 16,       141
58C,2018/06/25 18:51:00, 50, 31.322441, 51, 74.656349, 52, 43.333908, 49,        64, 56, 10.582877, 67, 641.98999, 72, 165.54504, 77, 44.656250,144, 0.0000000, 84, 0.0000000, 48,       104, 16,       141
5FC,2018/06/25 18:52:00, 50, 55.552963, 51, 131.20511, 52, 75.652145, 49,        64, 56, 10.582877, 67, 641.98999, 72, 165.73468, 77, 44.687500,144, 0.0000000, 84, 0.0000000, 48,       104, 16,       141
50C,2018/06/25 18:53:00, 50, 18.025906, 51, 73.704514, 52, 55.678612, 49,        64, 56, 10.582877, 67, 641.98999, 72, 165.74680, 77, 44.656250,144, 0.0000000, 84, 0.0000000, 48,       104, 16,       141
5CC,2018/06/25 18:54:00, 50, 21.122303, 51, 78.046974, 52, 56.924675, 49,        64, 56, 10.582877, 67, 641.98999, 72, 165.55719, 77, 44.687500,144, 0.0000000, 84, 0.0000000, 48,       104, 16,       141
50C,2018/06/25 18:55:00, 50, 57.338356, 51, 94.195229, 52, 36.856873, 49,        64, 56, 10.582877, 67, 641.98999, 72, 165.55563, 77, 44.656250,144, 0.0000000, 84, 0.0000000, 48,       104, 16,       141
52C,2018/06/25 18:56:00, 50, 99.820480, 51, 230.88429, 52, 131.06381, 49,        64, 56, 10.582877, 67, 641.98999, 72, 165.51425, 77, 44.656250,144, 0.0000000, 84, 0.0000000, 48,       104, 16,       141
5DC,2018/06/25 18:57:00, 50, 171.10468, 51, 222.72981, 52, 51.625137, 49,        64, 56, 10.582877, 67, 641.98999, 72, 165.58945, 77, 44.656250,144, 0.0000000, 84, 0.0000000, 48,       104, 16,       141
5BC,2018/06/25 18:58:00, 50, 11.659950, 51, 105.82804, 52, 94.168091, 49,        64, 56, 10.582877, 67, 641.98999, 72, 165.52817, 77, 44.656250,144, 0.0000000, 84, 0.0000000, 48,       104, 16,       141
54C,2018/06/25 18:59:00, 50, 26.350388, 51, 83.394012, 52, 57.043625, 49,        64, 56, 10.582877, 67, 641.98999, 72, 165.34003, 77, 44.687500,144, 0.0000000, 84, 0.0000000, 48,       104, 16,       141
59C,2018/06/25 19:00:00, 50, 47.663834, 51, 141.01442, 52, 93.350586, 49,        64, 56, 10.582877, 67, 641.98999, 72, 165.34348, 77, 44.687500,144, 0.0000000, 84, 0.0000000, 48,       104, 16,       141
52C,2018/06/25 19:01:00, 50, 55.287682, 51, 162.93053, 52, 107.64285, 49,        64, 56, 10.582877, 67, 641.98999, 72, 165.36496, 77, 44.687500,144, 0.0000000, 84, 0.0000000, 48,       104, 16,       141
5BC,2018/06/25 19:02:00, 50, 22.222378, 51, 66.880806, 52, 44.658432, 49,        64, 56, 10.582877, 67, 641.98999, 72, 165.54080, 77, 44.687500,144, 0.0000000, 84, 0.0000000, 48,       104, 16,       141
55C,2018/06/25 19:03:00, 50, 16.624382, 51, 78.359978, 52, 61.735596, 49,        64, 56, 10.582877, 67, 641.98999, 72, 165.58463, 77, 44.687500,144, 0.0000000, 84, 0.0000000, 48,       104, 16,       141
54C,2018/06/25 19:04:00, 50, 2.6564145, 51, 59.292507, 52, 56.636093, 49,        64, 56, 10.582877, 67, 641.98999, 72, 165.46057, 77, 44.687500,144, 0.0000000, 84, 0.0000000, 48,       104, 16,       141
50C,2018/06/25 19:05:00, 50, 9.5810871, 51, 65.036385, 52, 55.455299, 49,        64, 56, 10.582877, 67, 641.98999, 72, 165.47409, 77, 44.718750,144, 0.0000000, 84, 0.0000000, 48,       104, 16,       141
56C,2018/06/25 19:06:00, 50, 21.433533, 51, 62.923920, 52, 41.490387, 49,        64, 56, 10.582877, 67, 641.98999, 72, 165.50912, 77, 44.718750,144, 0.0000000, 84, 0.0000000, 48,       104, 16,       141
5CC,2018/06/25 19:07:00, 50, 27.742607, 51, 75.648186, 52, 47.905579, 49,        64, 56, 10.582877, 67, 641.98999, 72, 165.73373, 77, 44.687500,144, 0.0000000, 84, 0.0000000, 48,       104, 16,       141
5BC,2018/06/25 19:08:00, 50, 46.239578, 51, 109.21967, 52, 62.980087, 49,        64, 56, 10.582877, 67, 641.98999, 72, 165.79956, 77, 44.687500,144, 0.0000000, 84, 0.0000000, 48,       104, 16,       141
5CC,2018/06/25 19:09:00, 50, 105.54504, 51, 168.12041, 52, 62.575363, 49,        64, 56, 10.582877, 67, 641.98999, 72, 165.73373, 77, 44.718750,144, 0.0000000, 84, 0.0000000, 48,       104, 16,       141
55C,2018/06/25 19:10:00, 50, 41.006538, 51, 63.928791, 52, 22.922253, 49,        64, 56, 10.582877, 67, 641.98999, 72, 165.74734, 77, 44.718750,144, 0.0000000, 84, 0.0000000, 48,       104, 16,       141
57C,2018/06/25 19:11:00, 50, 21.509010, 51, 46.548244, 52, 25.039234, 49,        64, 56, 10.582877, 67, 641.98999, 72, 165.72751, 77, 44.718750,144, 0.0000000, 84, 0.0000000, 48,       104, 16,       141
5BC,2018/06/25 19:12:00, 50, 29.198864, 51, 62.886372, 52, 33.687508, 49,        64, 56, 10.582877, 67, 641.98999, 72, 165.81110, 77, 44.750000,144, 0.0000000, 84, 0.0000000, 48,       104, 16,       141
5FC,2018/06/25 19:13:00, 50, 16.620159, 51, 54.587505, 52, 37.967346, 49,        64, 56, 10.582877, 67, 641.98999, 72, 165.73212, 77, 44.750000,144, 0.0000000, 84, 0.0000000, 48,       104, 16,       141
5FC,2018/06/25 19:14:00, 50, 18.656498, 51, 43.878620, 52, 25.222122, 49,        64, 56, 10.582877, 67, 641.98999, 72, 165.51581, 77, 44.781250,144, 0.0000000, 84, 0.0000000, 48,       104, 16,       141
53C,2018/06/25 19:15:00, 50, 34.519768, 51, 62.514503, 52, 27.994736, 49,        64, 56, 10.582877, 67, 641.98999, 72, 165.55835, 77, 44.781250,144, 0.0000000, 84, 0.0000000, 48,       104, 16,       141
51C,2018/06/25 19:16:00, 50, 122.25819, 51, 232.06267, 52, 109.80447, 49,        64, 56, 10.582877, 67, 641.98999, 72, 165.65900, 77, 44.781250,144, 0.0000000, 84, 0.0000000, 48,       104, 16,       141
51C,2018/06/25 19:17:00, 50, 47.185844, 51, 95.495811, 52, 48.309967, 49,        64, 56, 10.582877, 67, 641.98999, 72, 165.90088, 77, 44.781250,144, 0.0000000, 84, 0.0000000, 48,       104, 16,       141
58C,2018/06/25 19:18:00, 50, 53.736679, 51, 104.57933, 52, 50.842651, 49,        64, 56, 10.582877, 67, 641.98999, 72, 165.99643, 77, 44.781250,144, 0.0000000, 84, 0.0000000, 48,       104, 16,       141
58C,2018/06/25 19:19:00, 50, 98.909729, 51, 167.96336, 52, 69.053635, 49,        64, 56, 10.582877, 67, 641.98999, 72, 165.99551, 77, 44.812500,144, 0.0000000, 84, 0.0000000, 48,       104, 16,       141
5AC,2018/06/25 19:20:00, 50, 54.746078, 51, 139.41728, 52, 84.671204, 49,        64, 56, 10.582877, 67, 641.98999, 72, 166.12204, 77, 44.812500,144, 0.0000000, 84, 0.0000000, 48,       104, 16,       141
53C,2018/06/25 19:21:00, 50, 44.733078, 51, 110.26396, 52, 65.530884, 49,        64, 56, 10.582877, 67, 641.98999, 72, 166.20084, 77, 44.812500,144, 0.0000000, 84, 0.0000000, 48,       104, 16,       141
5AC,2018/06/25 19:22:00, 50, 86.562927, 51, 132.82095, 52, 46.258026, 49,        64, 56, 10.582877, 67, 641.98999, 72, 166.39264, 77, 44.843750,144, 0.0000000, 84, 0.0000000, 48,       104, 16,       141
5EC,2018/06/25 19:23:00, 50, 90.709503, 51, 140.11827, 52, 49.408768, 49,        64, 56, 10.582877, 67, 641.98999, 72, 166.46365, 77, 44.843750,144, 0.0000000, 84, 0.0000000, 48,       104, 16,       141
5DC,2018/06/25 19:24:00, 50, 95.871109, 51, 172.23781, 52, 76.366699, 49,        64, 56, 10.582877, 67, 641.98999, 72, 166.36557, 77, 44.843750,144, 0.0000000, 84, 0.0000000, 48,       104, 16,       141
54C,2018/06/25 19:25:00, 50, 112.90302, 51, 173.61397, 52, 60.710953, 49,        64, 56, 10.582877, 67, 641.98999, 72, 166.35535, 77, 44.843750,144, 0.0000000, 84, 0.0000000, 48,       104, 16,       141
5AC,2018/06/25 19:26:00, 50, 140.50510, 51, 143.98372, 52, 3.4786263, 49,        64, 56, 10.582877, 67, 641.98999, 72, 166.38376, 77, 44.875000,144, 0.0000000, 84, 0.0000000, 48,       104, 16,       141
57C,2018/06/25 19:27:00, 50, 167.46521, 51, 137.04543, 52,-30.419792, 49,        64, 56, 10.582877, 67, 641.98999, 72, 166.53897, 77, 44.875000,144, 0.0000000, 84, 0.0000000, 48,       104, 16,       141
52C,2018/06/25 19:28:00, 50, 125.23160, 51, 242.81325, 52, 117.58165, 49,        64, 56, 10.582877, 67, 641.98999, 72, 166.52063, 77, 44.875000,144, 0.0000000, 84, 0.0000000, 48,       104, 16,       141
54C,2018/06/25 19:29:00, 50, 88.952316, 51, 114.83985, 52, 25.887539, 49,        64, 56, 10.582877, 67, 641.98999, 72, 166.41296, 77, 44.906250,144, 0.0000000, 84, 0.0000000, 48,       104, 16,       141
56C,2018/06/25 19:30:00, 50, 51.338287, 51, 121.27899, 52, 69.940704, 49,        64, 56, 10.582877, 67, 641.98999, 72, 166.44122, 77, 44.875000,144, 0.0000000, 84, 0.0000000, 48,       104, 16,       141
5DC,2018/06/25 19:31:00, 50, 62.249268, 51, 121.72385, 52, 59.474586, 49,        64, 56, 10.582877, 67, 641.98999, 72, 166.48026, 77, 44.906250,144, 0.0000000, 84, 0.0000000, 48,       104, 16,       141
56C,2018/06/25 19:32:00, 50, 71.605286, 51, 123.42342, 52, 51.818138, 49,        64, 56, 10.582877, 67, 641.98999, 72, 166.64108, 77, 44.937500,144, 0.0000000, 84, 0.0000000, 48,       104, 16,       141
56C,2018/06/25 19:33:00, 50, 70.293106, 51, 136.67046, 52, 66.377350, 49,        64, 56, 10.582877, 67, 641.98999, 72, 166.66910, 77, 44.968750,144, 0.0000000, 84, 0.0000000, 48,       104, 16,       141
54C,2018/06/25 19:34:00, 50, 67.714050, 51, 133.71175, 52, 65.997696, 49,        64, 56, 10.582877, 67, 641.98999, 72, 166.52640, 77, 44.937500,144, 0.0000000, 84, 0.0000000, 48,       104, 16,       141
5FC,2018/06/25 19:35:00, 50, 49.129227, 51, 105.11709, 52, 55.987862, 49,        64, 56, 10.582877, 67, 641.98999, 72, 166.60547, 77, 44.937500,144, 0.0000000, 84, 0.0000000, 48,       104, 16,       141
5FC,2018/06/25 19:36:00, 50, 37.742027, 51, 91.240982, 52, 53.498955, 49,        64, 56, 10.582877, 67, 641.98999, 72, 166.64975, 77, 44.968750,144, 0.0000000, 84, 0.0000000, 48,       104, 16,       141
58C,2018/06/25 19:37:00, 50, 23.398800, 51, 76.501205, 52, 53.102409, 49,        64, 56, 10.582877, 67, 641.98999, 72, 166.83350, 77, 45.000000,144, 0.0000000, 84, 0.0000000, 48,       104, 16,       141
5DC,2018/06/25 19:38:00, 50, 23.025162, 51, 67.834999, 52, 44.809837, 49,        64, 56, 10.582877, 67, 641.98999, 72, 166.87003, 77, 44.656250,144, 0.0000000, 84, 0.0000000, 48,       104, 16,       141
53C,2018/06/25 19:39:00, 50, 305.94635, 51, 336.24402, 52, 30.297676, 49,        64, 56, 10.582877, 67, 641.98999, 72, 166.81094, 77, 44.218750,144, 0.0000000, 84, 0.0000000, 48,       104, 16,       141
5CC,2018/06/25 19:40:00, 50, 19.430550, 51, 60.740540, 52, 41.309990, 49,        64, 56, 10.582877, 67, 641.98999, 72, 166.93097, 77, 43.812500,144, 0.0000000, 84, 0.0000000, 48,       104, 16,       141
59C,2018/06/25 19:41:00, 50, 76.072021, 51, 183.37149, 52, 107.29947, 49,        64, 56, 10.582877, 67, 641.98999, 72, 166.99368, 77, 43.406250,144, 0.0000000, 84, 0.0000000, 48,       104, 16,       141
50C,2018/06/25 19:42:00, 50, 59.334930, 51, 121.48311, 52, 62.148178, 49,        64, 56, 10.582877, 67, 641.98999, 72, 167.20468, 77, 43.062500,144, 0.0000000, 84, 0.0000000, 48,       104, 16,       141
51C,2018/06/25 19:43:00, 50, 65.168457, 51, 138.92374, 52, 73.755280, 49,        64, 56, 10.582877, 67, 641.98999, 72, 167.22842, 77, 42.687500,144, 0.0000000, 84, 0.0000000, 48,       104, 16,       141
54C,2018/06/25 19:44:00, 50, 35.445000, 51, 100.98916, 52, 65.544159, 49,        64, 56, 10.582877, 67, 641.98999, 72, 167.07126, 77, 42.343750,144, 0.0000000, 84, 0.0000000, 48,       104, 16,       141
5FC,2018/06/25 19:45:00, 50, 28.276791, 51, 75.162727, 52, 46.885941, 49,        64, 56, 10.582877, 67, 641.98999, 72, 167.05545, 77, 42.062500,144, 0.0000000, 84, 0.0000000, 48,       104, 16,       141
58C,2018/06/25 19:46:00, 50, 26.443569, 51, 79.113754, 52, 52.670189, 49,        64, 56, 10.582877, 67, 641.98999, 72, 167.07071, 77, 41.812500,144, 0.0000000, 84, 0.0000000, 48,       104, 16,       141
57C,2018/06/25 19:47:00, 50, 32.842575, 51, 84.018768, 52, 51.176193, 49,        64, 56, 10.582877, 67, 641.98999, 72, 167.19330, 77, 41.656250,144, 0.0000000, 84, 0.0000000, 48,       104, 16,       141
5CC,2018/06/25 19:48:00, 50, 27.969845, 51, 82.715546, 52, 54.745705, 49,        64, 56, 10.582877, 67, 641.98999, 72, 167.13074, 77, 41.500000,144, 0.0000000, 84, 0.0000000, 48,       104, 16,       141
58C,2018/06/25 19:49:00, 50, 41.523758, 51, 99.365646, 52, 57.841888, 49,        64, 56, 10.582877, 67, 641.98999, 72, 166.91315, 77, 41.343750,144, 0.0000000, 84, 0.0000000, 48,       104, 16,       141
53C,2018/06/25 19:50:00, 50, 26.947338, 51, 85.066788, 52, 58.119453, 49,        64, 56, 10.582877, 67, 641.98999, 72, 166.82568, 77, 41.218750,144, 0.0000000, 84, 0.0000000, 48,       104, 16,       141
53C,2018/06/25 19:51:00, 50, 27.794571, 51, 84.689873, 52, 56.895302, 49,        64, 56, 10.582877, 67, 641.98999, 72, 166.84650, 77, 41.062500,144, 0.0000000, 84, 0.0000000, 48,       104, 16,       141
5DC,2018/06/25 19:52:00, 50, 20.988728, 51, 92.181549, 52, 71.192825, 49,        64, 56, 10.582877, 67, 641.98999, 72, 167.02676, 77, 40.968750,144, 0.0000000, 84, 0.0000000, 48,       104, 16,       141
50C,2018/06/25 19:53:00, 50, 24.467617, 51, 77.790634, 52, 53.323021, 49,        64, 56, 10.582877, 67, 641.98999, 72, 167.04272, 77, 40.875000,144, 0.0000000, 84, 0.0000000, 48,       104, 16,       141
52C,2018/06/25 19:54:00, 50, 83.617386, 51, 110.98180, 52, 27.364410, 49,        64, 56, 10.582877, 67, 641.98999, 72, 166.85547, 77, 40.750000,144, 0.0000000, 84, 0.0000000, 48,       104, 16,       141
51C,2018/06/25 19:55:00, 50, 34.035072, 51, 76.732048, 52, 42.696976, 49,        64, 56, 10.582877, 67, 641.98999, 72, 166.80530, 77, 40.656250,144, 0.0000000, 84, 0.0000000, 48,       104, 16,       141
5BC,2018/06/25 19:56:00, 50, 36.213394, 51, 97.478592, 52, 61.265198, 49,        64, 56, 10.582877, 67, 641.98999, 72, 166.85391, 77, 40.593750,144, 0.0000000, 84, 0.0000000, 48,       104, 16,       141
5BC,2018/06/25 19:57:00, 50, 55.357002, 51, 109.78591, 52, 54.428909, 49,        64, 56, 10.582877, 67, 641.98999, 72, 167.06418, 77, 40.531250,144, 0.0000000, 84, 0.0000000, 48,       104, 16,       141
5CC,2018/06/25 19:58:00, 50, 87.100998, 51, 125.23312, 52, 38.132118, 49,        64, 56, 10.582877, 67, 641.98999, 72, 167.10056, 77, 40.437500,144, 0.0000000, 84, 0.0000000, 48,       104, 16,       141
5DC,2018/06/25 19:59:00, 50, 59.145470, 51, 119.50553, 52, 60.360062, 49,        64, 56, 10.582877, 67, 641.98999, 72, 167.02731, 77, 40.406250,144, 0.0000000, 84, 0.0000000, 48,       104, 16,       141
52C,2018/06/25 20:00:00, 50, 109.07224, 51, 119.71312, 52, 10.640888, 49,        64, 56, 10.582877, 67, 641.98999, 72, 167.14236, 77, 40.375000,144, 0.0000000, 84, 0.0000000, 48,       104, 16,       141
51C,2018/06/25 20:01:00, 50, 164.08368, 51, 196.23813, 52, 32.154449, 49,        64, 56, 10.582877, 67, 641.98999, 72, 167.15631, 77, 40.312500,144, 0.0000000, 84, 0.0000000, 48,       104, 16,       141
54C,2018/06/25 20:02:00, 50, 36.521118, 51, 86.758331, 52, 50.237213, 49,        64, 56, 10.582877, 67, 641.98999, 72, 167.33301, 77, 40.250000,144, 0.0000000, 84, 0.0000000, 48,       104, 16,       141
55C,2018/06/25 20:03:00, 50, 60.525879, 51, 176.03856, 52, 115.51268, 49,        64, 56, 10.582877, 67, 641.98999, 72, 167.33240, 77, 40.218750,144, 0.0000000, 84, 0.0000000, 48,       104, 16,       141
57C,2018/06/25 20:04:00, 50, 97.455093, 51, 133.16803, 52, 35.712936, 49,        64, 56, 10.582877, 67, 641.98999, 72, 167.11612, 77, 40.187500,144, 0.0000000, 84, 0.0000000, 48,       104, 16,       141
53C,2018/06/25 20:05:00, 50, 52.577698, 51, 121.66307, 52, 69.085373, 49,        64, 56, 10.582877, 67, 641.98999, 72, 167.04840, 77, 40.125000,144, 0.0000000, 84, 0.0000000, 48,       104, 16,       141
56C,2018/06/25 20:06:00, 50, 43.349869, 51, 98.779419, 52, 55.429550, 49,        64, 56, 10.582877, 67, 641.98999, 72, 167.03195, 77, 40.031250,144, 0.0000000, 84, 0.0000000, 48,       104, 16,       141
52C,2018/06/25 20:07:00, 50, 62.488159, 51, 144.39308, 52, 81.904922, 49,        64, 56, 10.582877, 67, 641.98999, 72, 167.16293, 77, 39.875000,144, 0.0000000, 84, 0.0000000, 48,       104, 16,       141
52C,2018/06/25 20:08:00, 50, 321.50439, 51, 422.31152, 52, 100.80714, 49,        64, 56, 10.582877, 67, 641.98999, 72, 167.15741, 77, 39.718750,144, 0.0000000, 84, 0.0000000, 48,       104, 16,       141
53C,2018/06/25 20:09:00, 50, 14.389166, 51, 3.3017368, 52,-11.087429, 49,        64, 56, 10.582877, 67, 641.98999, 72, 265.82895, 77, 39.500000,144, 0.0000000, 84, 0.0000000, 48,       104, 16,       141
51C,2018/06/25 20:10:00, 50, 375.02521, 51, 316.86853, 52,-58.156677, 49,        64, 56, 10.582877, 67, 641.98999, 72, 271.20432, 77, 39.343750,144, 0.0000000, 84, 0.0000000, 48,       104, 16,       141
56C,2018/06/25 20:11:00, 50, 370.06024, 51, 438.48547, 52, 68.425247, 49,        64, 56, 10.582877, 67, 641.98999, 72, 225.62048, 77, 39.125000,144, 0.0000000, 84, 0.0000000, 48,       104, 16,       141
53C,2018/06/25 20:12:00, 50, 259.14288, 51, 392.07367, 52, 132.93079, 49,        64, 56, 10.582877, 67, 641.98999, 72, 186.08493, 77, 38.937500,144, 0.0000000, 84, 0.0000000, 48,       104, 16,       141
50C,2018/06/25 20:13:00, 50, 125.14183, 51, 198.68054, 52, 73.538712, 49,        64, 56, 10.582877, 67, 641.98999, 72, 175.21112, 77, 38.781250,144, 0.0000000, 84, 0.0000000, 48,       104, 16,       141
56C,2018/06/25 20:14:00, 50, 106.99103, 51, 170.44502, 52, 63.454002, 49,        64, 56, 10.582877, 67, 641.98999, 72, 171.22610, 77, 38.562500,144, 0.0000000, 84, 0.0000000, 48,       104, 16,       141
51C,2018/06/25 20:15:00, 50, 48.915794, 51, 120.13290, 52, 71.217102, 49,        64, 56, 10.582877, 67, 641.98999, 72, 168.74860, 77, 38.343750,144, 0.0000000, 84, 0.0000000, 48,       104, 16,       141
5FC,2018/06/25 20:16:00, 50, 41.459183, 51, 90.219650, 52, 48.760468, 49,        64, 56, 10.582877, 67, 641.98999, 72, 168.39948, 77, 38.218750,144, 0.0000000, 84, 0.0000000, 48,       104, 16,       141
56C,2018/06/25 20:17:00, 50, 52.833694, 51, 101.71054, 52, 48.876846, 49,        64, 56, 10.582877, 67, 641.98999, 72, 168.81482, 77, 38.156250,144, 0.0000000, 84, 0.0000000, 48,       104, 16,       141
50C,2018/06/25 20:18:00, 50, 59.475784, 51, 99.903564, 52, 40.427780, 49,        64, 56, 10.582877, 67, 641.98999, 72, 169.26526, 77, 38.156250,144, 0.0000000, 84, 0.0000000, 48,       104, 16,       141
56C,2018/06/25 20:19:00, 50, 62.462273, 51, 113.15832, 52, 50.696045, 49,        64, 56, 10.582877, 67, 641.98999, 72, 169.40750, 77, 38.125000,144, 0.0000000, 84, 0.0000000, 48,       104, 16,       141
56C,2018/06/25 20:20:00, 50, 70.634872, 51, 142.57143, 52, 71.936554, 49,        64, 56, 10.582877, 67, 641.98999, 72, 169.67456, 77, 38.187500,144, 0.0000000, 84, 0.0000000, 48,       104, 16,       141
55C,2018/06/25 20:21:00, 50, 394.43744, 51, 120.98682, 52,-273.45062, 49,        64, 56, 10.582877, 67, 641.98999, 72, 169.72180, 77, 38.187500,144, 0.0000000, 84, 0.0000000, 48,       104, 16,       141
59C,2018/06/25 20:22:00, 50, 68.503983, 51, 153.40488, 52, 84.900894, 49,        64, 56, 10.582877, 67, 641.98999, 72, 170.01498, 77, 38.250000,144, 0.0000000, 84, 0.0000000, 48,       104, 16,       141
5AC,2018/06/25 20:23:00, 50, 61.584389, 51, 123.54132, 52, 61.956932, 49,        64, 56, 10.582877, 67, 641.98999, 72, 170.21658, 77, 38.281250,144, 0.0000000, 84, 0.0000000, 48,       104, 16,       141
52C,2018/06/25 20:24:00, 50, 33.211418, 51, 80.135757, 52, 46.924339, 49,        64, 56, 10.582877, 67, 641.98999, 72, 170.14133, 77, 38.343750,144, 0.0000000, 84, 0.0000000, 48,       104, 16,       141
5EC,2018/06/25 20:25:00, 50, 25.150768, 51, 76.832939, 52, 51.682175, 49,        64, 56, 10.582877, 67, 641.98999, 72, 170.40753, 77, 38.375000,144, 0.0000000, 84, 0.0000000, 48,       104, 16,       141
5AC,2018/06/25 20:26:00, 50, 26.981445, 51, 95.312256, 52, 68.330811, 49,        64, 56, 10.582877, 67, 641.98999, 72, 170.49649, 77, 38.406250,144, 0.0000000, 84, 0.0000000, 48,       104, 16,       141
5CC,2018/06/25 20:27:00, 50, 221.85614, 51, 330.81296, 52, 108.95683, 49,        64, 56, 10.582877, 67, 641.98999, 72, 170.67422, 77, 38.468750,144, 0.0000000, 84, 0.0000000, 48,       104, 16,       141
59C,2018/06/25 20:28:00, 50, 98.223557, 51, 147.99249, 52, 49.768936, 49,        64, 56, 10.582877, 67, 641.98999, 72, 170.61237, 77, 38.500000,144, 0.0000000, 84, 0.0000000, 48,       104, 16,       141
51C,2018/06/25 20:29:00, 50, 300.13226, 51, 374.85809, 52, 74.725830, 49,        64, 56, 10.582877, 67, 641.98999, 72, 170.36920, 77, 38.531250,144, 0.0000000, 84, 0.0000000, 48,       104, 16,       141
5BC,2018/06/25 20:30:00, 50, 74.355942, 51, 134.48502, 52, 60.129074, 49,        64, 56, 10.582877, 67, 641.98999, 72, 170.10355, 77, 38.531250,144, 0.0000000, 84, 0.0000000, 48,       104, 16,       141
55C,2018/06/25 20:31:00, 50, 88.734634, 51, 139.87148, 52, 51.136841, 49,        64, 56, 10.582877, 67, 641.98999, 72, 169.95764, 77, 38.562500,144, 0.0000000, 84, 0.0000000, 48,       104, 16,       141
54C,2018/06/25 20:32:00, 50, 40.055481, 51, 132.43471, 52, 92.379227, 49,        64, 56, 10.582877, 67, 641.98999, 72, 170.08237, 77, 38.625000,144, 0.0000000, 84, 0.0000000, 48,       104, 16,       141
55C,2018/06/25 20:33:00, 50, 31.829670, 51, 101.19620, 52, 69.366531, 49,        64, 56, 10.582877, 67, 641.98999, 72, 170.13226, 77, 38.625000,144, 0.0000000, 84, 0.0000000, 48,       104, 16,       141
58C,2018/06/25 20:34:00, 50, 44.842384, 51, 110.51849, 52, 65.676102, 49,        64, 56, 10.582877, 67, 641.98999, 72, 170.03638, 77, 38.625000,144, 0.0000000, 84, 0.0000000, 48,       104, 16,       141
50C,2018/06/25 20:35:00, 50, 88.118683, 51, 185.69524, 52, 97.576553, 49,        64, 56, 10.582877, 67, 641.98999, 72, 170.10068, 77, 38.656250,144, 0.0000000, 84, 0.0000000, 48,       104, 16,       141
55C,2018/06/25 20:36:00, 50, 28.674320, 51, 62.552311, 52, 33.877991, 49,        64, 56, 10.582877, 67, 641.98999, 72, 170.16284, 77, 38.687500,144, 0.0000000, 84, 0.0000000, 48,       104, 16,       141
50C,2018/06/25 20:37:00, 50, 199.14307, 51, 188.95143, 52,-10.191635, 49,        64, 56, 10.582877, 67, 641.98999, 72, 170.40894, 77, 38.687500,144, 0.0000000, 84, 0.0000000, 48,       104, 16,       141
5BC,2018/06/25 20:38:00, 50, 68.941177, 51, 145.26447, 52, 76.323288, 49,        64, 56, 10.582877, 67, 641.98999, 72, 170.49887, 77, 38.687500,144, 0.0000000, 84, 0.0000000, 48,       104, 16,       141
50C,2018/06/25 20:39:00, 50, 74.522339, 51, 138.59796, 52, 64.075623, 49,        64, 56, 10.582877, 67, 641.98999, 72, 170.33685, 77, 38.531250,144, 0.0000000, 84, 0.0000000, 48,       104, 16,       141
52C,2018/06/25 20:40:00, 50, 156.22595, 51, 204.26454, 52, 48.038597, 49,        64, 56, 10.582877, 67, 641.98999, 72, 170.27225, 77, 38.375000,144, 0.0000000, 84, 0.0000000, 48,       104, 16,       141
58C,2018/06/25 20:41:00, 50, 66.580627, 51, 124.52769, 52, 57.947060, 49,        64, 56, 10.582877, 67, 641.98999, 72, 170.28220, 77, 38.093750,144, 0.0000000, 84, 0.0000000, 48,       104, 16,       141
5DC,2018/06/25 20:42:00, 50, 242.81726, 51,-29.982971, 52,-272.80023, 49,        64, 56, 10.582877, 67, 641.98999, 72, 170.51190, 77, 37.937500,144, 0.0000000, 84, 0.0000000, 48,       104, 16,       141
5EC,2018/06/25 20:43:00, 50, 44.050980, 51, 136.98367, 52, 92.932693, 49,        64, 56, 10.582877, 67, 641.98999, 72, 170.65747, 77, 37.875000,144, 0.0000000, 84, 0.0000000, 48,       104, 16,       141
55C,2018/06/25 20:44:00, 50, 23.248989, 51, 69.963028, 52, 46.714043, 49,        64, 56, 10.582877, 67, 641.98999, 72, 170.66974, 77, 37.812500,144, 0.0000000, 84, 0.0000000, 48,       104, 16,       141
5BC,2018/06/25 20:45:00, 50, 53.905716, 51, 86.841156, 52, 32.935440, 49,        64, 56, 10.582877, 67, 641.98999, 72, 170.87537, 77, 37.781250,144, 0.0000000, 84, 0.0000000, 48,       104, 16,       141
56C,2018/06/25 20:46:00, 50, 59.094070, 51, 103.88253, 52, 44.788460, 49,        64, 56, 10.582877, 67, 641.98999, 72, 170.93195, 77, 37.812500,144, 0.0000000, 84, 0.0000000, 48,       104, 16,       141
52C,2018/06/25 20:47:00, 50, 19.725887, 51, 62.893291, 52, 43.167404, 49,        64, 56, 10.582877, 67, 641.98999, 72, 171.05884, 77, 37.843750,144, 0.0000000, 84, 0.0000000, 48,       104, 16,       141
58C,2018/06/25 20:48:00, 50, 28.970226, 51, 72.615112, 52, 43.644890, 49,        64, 56, 10.582877, 67, 641.98999, 72, 170.87781, 77, 37.875000,144, 0.0000000, 84, 0.0000000, 48,       104, 16,       141
53C,2018/06/25 20:49:00, 50, 31.648468, 51, 81.231720, 52, 49.583252, 49,        64, 56, 10.582877, 67, 641.98999, 72, 170.64499, 77, 37.906250,144, 0.0000000, 84, 0.0000000, 48,       104, 16,       141
5BC,2018/06/25 20:50:00, 50, 19.483013, 51, 55.794064, 52, 36.311050, 49,        64, 56, 10.582877, 67, 641.98999, 72, 170.69266, 77, 37.968750,144, 0.0000000, 84, 0.0000000, 48,       104, 16,       141
58C,2018/06/25 20:51:00, 50, 17.181808, 51, 59.403679, 52, 42.221870, 49,        64, 56, 10.582877, 67, 641.98999, 72, 170.76965, 77, 38.031250,144, 0.0000000, 84, 0.0000000, 48,       104, 16,       141
5AC,2018/06/25 20:52:00, 50, 15.982038, 51, 45.264477, 52, 29.282440, 49,        64, 56, 10.582877, 67, 641.98999, 72, 171.02750, 77, 38.062500,144, 0.0000000, 84, 0.0000000, 48,       104, 16,       141
5CC,2018/06/25 20:53:00, 50, 12.007225, 51, 47.731392, 52, 35.724167, 49,        64, 56, 10.582877, 67, 641.98999, 72, 171.17664, 77, 38.125000,144, 0.0000000, 84, 0.0000000, 48,       104, 16,       141
5EC,2018/06/25 20:54:00, 50, 11.972160, 51, 44.525604, 52, 32.553444, 49,        64, 56, 10.582877, 67, 641.98999, 72, 171.11203, 77, 38.156250,144, 0.0000000, 84, 0.0000000, 48,       104, 16,       141
52C,2018/06/25 20:55:00, 50, 110.63991, 51, 170.60791, 52, 59.968002, 49,        64, 56, 10.582877, 67, 641.98999, 72, 171.11719, 77, 38.218750,144, 0.0000000, 84, 0.0000000, 48,       104, 16,       141
56C,2018/06/25 20:56:00, 50, 35.749367, 51, 66.261002, 52, 30.511639, 49,        64, 56, 10.582877, 67, 641.98999, 72, 171.17096, 77, 38.218750,144, 0.0000000, 84, 0.0000000, 48,       104, 16,       141
59C,2018/06/25 20:57:00, 50, 18.469608, 51, 57.507145, 52, 39.037537, 49,        64, 56, 10.582877, 67, 641.98999, 72, 171.42554, 77, 38.281250,144, 0.0000000, 84, 0.0000000, 48,       104, 16,       141
5CC,2018/06/25 20:58:00, 50, 4.1979170, 51, 51.338760, 52, 47.140846, 49,        64, 56, 10.582877, 67, 641.98999, 72, 171.55502, 77, 38.312500,144, 0.0000000, 84, 0.0000000, 48,       104, 16,       141
5DC,2018/06/25 20:59:00, 50, 10.625227, 51, 55.894238, 52, 45.269012, 49,        64, 56, 10.582877, 67, 641.98999, 72, 171.53232, 77, 38.343750,144, 0.0000000, 84, 0.0000000, 48,       104, 16,       141
56C,2018/06/25 21:00:00, 50, 8.3344421, 51, 40.392159, 52, 32.057716, 49,        64, 56, 10.582877, 67, 641.98999, 72, 171.69839, 77, 38.375000,144, 0.0000000, 84, 0.0000000, 48,       104, 16,       141
5AC,2018/06/25 21:01:00, 50, 7.7492371, 51, 41.037025, 52, 33.287788, 49,        64, 56, 10.582877, 67, 641.98999, 72, 171.77609, 77, 38.406250,144, 0.0000000, 84, 0.0000000, 48,       104, 16,       141
5AC,2018/06/25 21:02:00, 50, 4.7048206, 51, 39.361412, 52, 34.656593, 49,        64, 56, 10.582877, 67, 641.98999, 72, 171.94989, 77, 38.437500,144, 0.0000000, 84, 0.0000000, 48,       104, 16,       141
53C,2018/06/25 21:03:00, 50,-0.0404312, 51, 36.028603, 52, 36.069031, 49,        64, 56, 10.582877, 67, 641.98999, 72, 172.01031, 77, 38.468750,144, 0.0000000, 84, 0.0000000, 48,       104, 16,       141
54C,2018/06/25 21:04:00, 50, 4.3548813, 51, 24.514923, 52, 20.160042, 49,        64, 56, 10.582877, 67, 641.98999, 72, 171.98291, 77, 38.500000,144, 0.0000000, 84, 0.0000000, 48,       104, 16,       141
5AC,2018/06/25 21:05:00, 50, 3.2266169, 51, 24.026867, 52, 20.800251, 49,        64, 56, 10.582877, 67, 641.98999, 72, 172.06552, 77, 38.500000,144, 0.0000000, 84, 0.0000000, 48,       104, 16,       141
51C,2018/06/25 21:06:00, 50, 2.1711812, 51, 27.630264, 52, 25.459084, 49,        64, 56, 10.582877, 67, 641.98999, 72, 172.05249, 77, 38.437500,144, 0.0000000, 84, 0.0000000, 48,       104, 16,       141
57C,2018/06/25 21:07:00, 50, 5.8882103, 51, 19.171646, 52, 13.283436, 49,        64, 56, 10.582877, 67, 641.98999, 72, 172.17078, 77, 38.375000,144, 0.0000000, 84, 0.0000000, 48,       104, 16,       141
52C,2018/06/25 21:08:00, 50,-0.8142045, 51, 22.882326, 52, 23.696529, 49,        64, 56, 10.582877, 67, 641.98999, 72, 172.18188, 77, 38.343750,144, 0.0000000, 84, 0.0000000, 48,       104, 16,       141
59C,2018/06/25 21:09:00, 50,-4.5598049, 51, 11.903936, 52, 16.463741, 49,        64, 56, 10.582877, 67, 641.98999, 72, 172.10141, 77, 38.343750,144, 0.0000000, 84, 0.0000000, 48,       104, 16,       141
56C,2018/06/25 21:10:00, 50, 0.6694518, 51, 18.567579, 52, 17.898129, 49,        64, 56, 10.582877, 67, 641.98999, 72, 172.22418, 77, 38.281250,144, 0.0000000, 84, 0.0000000, 48,       104, 16,       141
55C,2018/06/25 21:11:00, 50, 8.8250580, 51, 36.096203, 52, 27.271145, 49,        64, 56, 10.582877, 67, 641.98999, 72, 172.35437, 77, 38.250000,144, 0.0000000, 84, 0.0000000, 48,       104, 16,       141
53C,2018/06/25 21:12:00, 50, 11.576859, 51, 43.349560, 52, 31.772701, 49,        64, 56, 10.582877, 67, 641.98999, 72, 172.62231, 77, 38.281250,144, 0.0000000, 84, 0.0000000, 48,       104, 16,       141
5BC,2018/06/25 21:13:00, 50, 11.427954, 51, 49.391117, 52, 37.963165, 49,        64, 56, 10.582877, 67, 641.98999, 72, 172.71948, 77, 38.281250,144, 0.0000000, 84, 0.0000000, 48,       104, 16,       141
5FC,2018/06/25 21:14:00, 50, 29.567066, 51, 93.093620, 52, 63.526558, 49,        64, 56, 10.582877, 67, 641.98999, 72, 172.62573, 77, 38.281250,144, 0.0000000, 84, 0.0000000, 48,       104, 16,       141
5DC,2018/06/25 21:15:00, 50, 43.914146, 51, 85.375923, 52, 41.461777, 49,        64, 56, 10.582877, 67, 641.98999, 72, 172.66556, 77, 38.343750,144, 0.0000000, 84, 0.0000000, 48,       104, 16,       141
53C,2018/06/25 21:16:00, 50, 72.085571, 51, 102.58325, 52, 30.497684, 49,        64, 56, 10.582877, 67, 641.98999, 72, 172.67126, 77, 38.343750,144, 0.0000000, 84, 0.0000000, 48,       104, 16,       141
52C,2018/06/25 21:17:00, 50, 89.713089, 51, 128.24402, 52, 38.530937, 49,        64, 56, 10.582877, 67, 641.98999, 72, 172.82306, 77, 38.375000,144, 0.0000000, 84, 0.0000000, 48,       104, 16,       141
5FC,2018/06/25 21:18:00, 50, 67.883240, 51, 125.66685, 52, 57.783607, 49,        64, 56, 10.582877, 67, 641.98999, 72, 172.90796, 77, 38.406250,144, 0.0000000, 84, 0.0000000, 48,       104, 16,       141
52C,2018/06/25 21:19:00, 50, 70.684265, 51, 116.71975, 52, 46.035484, 49,        64, 56, 10.582877, 67, 641.98999, 72, 172.84396, 77, 38.437500,144, 0.0000000, 84, 0.0000000, 48,       104, 16,       141
5DC,2018/06/25 21:20:00, 50, 100.40536, 51, 154.11513, 52, 53.709763, 49,        64, 56, 10.582877, 67, 641.98999, 72, 172.91592, 77, 38.437500,144, 0.0000000, 84, 0.0000000, 48,       104, 16,       141
5EC,2018/06/25 21:21:00, 50, 48.670547, 51, 102.37998, 52, 53.709435, 49,        64, 56, 10.582877, 67, 641.98999, 72, 172.97369, 77, 38.500000,144, 0.0000000, 84, 0.0000000, 48,       104, 16,       141
56C,2018/06/25 21:22:00, 50, 55.390976, 51, 105.46514, 52, 50.074165, 49,        64, 56, 10.582877, 67, 641.98999, 72, 173.19641, 77, 38.468750,144, 0.0000000, 84, 0.0000000, 48,       104, 16,       141
5CC,2018/06/25 21:23:00, 50, 46.628143, 51, 104.79371, 52, 58.165565, 49,        64, 56, 10.582877, 67, 641.98999, 72, 173.30206, 77, 38.531250,144, 0.0000000, 84, 0.0000000, 48,       104, 16,       141
5FC,2018/06/25 21:24:00, 50, 47.348938, 51, 96.567818, 52, 49.218880, 49,        64, 56, 10.582877, 67, 641.98999, 72, 173.22964, 77, 38.500000,144, 0.0000000, 84, 0.0000000, 48,       104, 16,       141
51C,2018/06/25 21:25:00, 50, 28.369190, 51, 84.177513, 52, 55.808327, 49,        64, 56, 10.582877, 67, 641.98999, 72, 173.25650, 77, 38.500000,144, 0.0000000, 84, 0.0000000, 48,       104, 16,       141
5BC,2018/06/25 21:26:00, 50, 35.685829, 51, 76.435989, 52, 40.750160, 49,        64, 56, 10.582877, 67, 641.98999, 72, 173.25357, 77, 38.468750,144, 0.0000000, 84, 0.0000000, 48,       104, 16,       141
5EC,2018/06/25 21:27:00, 50, 37.937988, 51, 70.560715, 52, 32.622726, 49,        64, 56, 10.582877, 67, 641.98999, 72, 173.38605, 77, 38.437500,144, 0.0000000, 84, 0.0000000, 48,       104, 16,       141
51C,2018/06/25 21:28:00, 50, 28.127682, 51, 75.918922, 52, 47.791245, 49,        64, 56, 10.582877, 67, 641.98999, 72, 173.41998, 77, 38.437500,144, 0.0000000, 84, 0.0000000, 48,       104, 16,       141
52C,2018/06/25 21:29:00, 50, 24.421555, 51, 69.364563, 52, 44.943008, 49,        64, 56, 10.582877, 67, 641.98999, 72, 173.32620, 77, 38.406250,144, 0.0000000, 84, 0.0000000, 48,       104, 16,       141
59C,2018/06/25 21:30:00, 50, 35.905029, 51, 79.507347, 52, 43.602318, 49,        64, 56, 10.582877, 67, 641.98999, 72, 173.39026, 77, 38.437500,144, 0.0000000, 84, 0.0000000, 48,       104, 16,       141
5CC,2018/06/25 21:31:00, 50, 44.615997, 51, 107.92529, 52, 63.309296, 49,        64, 56, 10.582877, 67, 641.98999, 72, 173.39624, 77, 38.437500,144, 0.0000000, 84, 0.0000000, 48,       104, 16,       141
5AC,2018/06/25 21:32:00, 50, 64.394669, 51, 92.604202, 52, 28.209534, 49,        64, 56, 10.582877, 67, 641.98999, 72, 173.50427, 77, 38.437500,144, 0.0000000, 84, 0.0000000, 48,       104, 16,       141
5CC,2018/06/25 21:33:00, 50, 48.329628, 51, 98.200516, 52, 49.870888, 49,        64, 56, 10.582877, 67, 641.98999, 72, 173.38657, 77, 38.437500,144, 0.0000000, 84, 0.0000000, 48,       104, 16,       141
51C,2018/06/25 21:34:00, 50, 30.736996, 51, 64.489632, 52, 33.752640, 49,        64, 56, 10.582877, 67, 641.98999, 72, 173.14957, 77, 38.468750,144, 0.0000000, 84, 0.0000000, 48,       104, 16,       141
57C,2018/06/25 21:35:00, 50, 29.105423, 51, 62.248116, 52, 33.142693, 49,        64, 56, 10.582877, 67, 641.98999, 72, 173.05026, 77, 38.468750,144, 0.0000000, 84, 0.0000000, 48,       104, 16,       141
58C,2018/06/25 21:36:00, 50, 52.055199, 51, 109.29475, 52, 57.239555, 49,        64, 56, 10.582877, 67, 641.98999, 72, 173.05988, 77, 38.468750,144, 0.0000000, 84, 0.0000000, 48,       104, 16,       141
5BC,2018/06/25 21:37:00, 50, 41.614258, 51, 87.515182, 52, 45.900925, 49,        64, 56, 10.582877, 67, 641.98999, 72, 173.23334, 77, 38.500000,144, 0.0000000, 84, 0.0000000, 48,       104, 16,       141
52C,2018/06/25 21:38:00, 50, 47.047249, 51, 68.411377, 52, 21.364128, 49,        64, 56, 10.582877, 67, 641.98999, 72, 173.43985, 77, 38.531250,144, 0.0000000, 84, 0.0000000, 48,       104, 16,       141
5DC,2018/06/25 21:39:00, 50, 79.731735, 51, 131.32539, 52, 51.593658, 49,        64, 56, 10.582877, 67, 641.98999, 72, 173.60623, 77, 38.562500,144, 0.0000000, 84, 0.0000000, 48,       104, 16,       141
5AC,2018/06/25 21:40:00, 50, 88.095367, 51, 118.61471, 52, 30.519344, 49,        64, 56, 10.582877, 67, 641.98999, 72, 173.74570, 77, 38.562500,144, 0.0000000, 84, 0.0000000, 48,       104, 16,       141
5FC,2018/06/25 21:41:00, 50, 112.25125, 51, 145.48170, 52, 33.230461, 49,        64, 56, 10.582877, 67, 641.98999, 72, 173.82355, 77, 38.593750,144, 0.0000000, 84, 0.0000000, 48,       104, 16,       141
5DC,2018/06/25 21:42:00, 50, 101.06975, 51, 208.10782, 52, 107.03807, 49,        64, 56, 10.582877, 67, 641.98999, 72, 174.01697, 77, 38.625000,144, 0.0000000, 84, 0.0000000, 48,       104, 16,       141
5CC,2018/06/25 21:43:00, 50, 59.141411, 51, 127.99204, 52, 68.850632, 49,        64, 56, 10.582877, 67, 641.98999, 72, 174.13605, 77, 38.656250,144, 0.0000000, 84, 0.0000000, 48,       104, 16,       141
56C,2018/06/25 21:44:00, 50, 56.289589, 51, 92.216469, 52, 35.926880, 49,        64, 56, 10.582877, 67, 641.98999, 72, 174.11279, 77, 38.656250,144, 0.0000000, 84, 0.0000000, 48,       104, 16,       141
5AC,2018/06/25 21:45:00, 50, 23.400219, 51, 63.946659, 52, 40.546440, 49,        64, 56, 10.582877, 67, 641.98999, 72, 174.25497, 77, 38.718750,144, 0.0000000, 84, 0.0000000, 48,       104, 16,       141
51C,2018/06/25 21:46:00, 50, 45.752602, 51, 61.031361, 52, 15.278761, 49,        64, 56, 10.582877, 67, 641.98999, 72, 174.05139, 77, 38.750000,144, 0.0000000, 84, 0.0000000, 48,       104, 16,       141
59C,2018/06/25 21:47:00, 50, 32.233452, 51, 71.986969, 52, 39.753517, 49,        64, 56, 10.582877, 67, 641.98999, 72, 173.99103, 77, 38.750000,144, 0.0000000, 84, 0.0000000, 48,       104, 16,       141
5BC,2018/06/25 21:48:00, 50, 51.178024, 51, 100.13439, 52, 48.956367, 49,        64, 56, 10.582877, 67, 641.98999, 72, 173.92603, 77, 38.781250,144, 0.0000000, 84, 0.0000000, 48,       104, 16,       141
58C,2018/06/25 21:49:00, 50, 16.492512, 51, 39.541603, 52, 23.049091, 49,        64, 56, 10.582877, 67, 641.98999, 72, 173.72943, 77, 38.812500,144, 0.0000000, 84, 0.0000000, 48,       104, 16,       141
5EC,2018/06/25 21:50:00, 50, 136.04327, 51, 111.25743, 52,-24.785854, 49,        64, 56, 10.582877, 67, 641.98999, 72, 173.69598, 77, 38.843750,144, 0.0000000, 84, 0.0000000, 48,       104, 16,       141
5BC,2018/06/25 21:51:00, 50, 43.796776, 51, 83.526581, 52, 39.729805, 49,        64, 56, 10.582877, 67, 641.98999, 72, 173.72305, 77, 38.843750,144, 0.0000000, 84, 0.0000000, 48,       104, 16,       141
5CC,2018/06/25 21:52:00, 50, 30.201202, 51, 60.264420, 52, 30.063217, 49,        64, 56, 10.582877, 67, 641.98999, 72, 173.90329, 77, 38.843750,144, 0.0000000, 84, 0.0000000, 48,       104, 16,       141
5BC,2018/06/25 21:53:00, 50, 62.944115, 51, 53.561737, 52,-9.3823795, 49,        64, 56, 10.582877, 67, 641.98999, 72, 173.89493, 77, 38.843750,144, 0.0000000, 84, 0.0000000, 48,       104, 16,       141
5EC,2018/06/25 21:54:00, 50, 37.141228, 51, 84.309174, 52, 47.167946, 49,        64, 56, 10.582877, 67, 641.98999, 72, 173.72006, 77, 38.843750,144, 0.0000000, 84, 0.0000000, 48,       104, 16,       141
54C,2018/06/25 21:55:00, 50, 23.915421, 51, 56.218056, 52, 32.302635, 49,        64, 56, 10.582877, 67, 641.98999, 72, 173.69662, 77, 38.687500,144, 0.0000000, 84, 0.0000000, 48,       104, 16,       141
58C,2018/06/25 21:56:00, 50, 63.482788, 51, 132.95566, 52, 69.472870, 49,        64, 56, 10.582877, 67, 641.98999, 72, 173.65927, 77, 38.500000,144, 0.0000000, 84, 0.0000000, 48,       104, 16,       141
5BC,2018/06/25 21:57:00, 50, 105.10730, 51, 136.47778, 52, 31.370487, 49,        64, 56, 10.582877, 67, 641.98999, 72, 173.79532, 77, 38.312500,144, 0.0000000, 84, 0.0000000, 48,       104, 16,       141
5AC,2018/06/25 21:58:00, 50, 35.094994, 51, 149.15883, 52, 114.06384, 49,        64, 56, 10.582877, 67, 641.98999, 72, 173.80109, 77, 38.187500,144, 0.0000000, 84, 0.0000000, 48,       104, 16,       141
5FC,2018/06/25 21:59:00, 50, 69.014938, 51, 122.95312, 52, 53.938179, 49,        64, 56, 10.582877, 67, 641.98999, 72, 173.66440, 77, 38.093750,144, 0.0000000, 84, 0.0000000, 48,       104, 16,       141
51C,2018/06/25 22:00:00, 50, 52.843719, 51, 109.79393, 52, 56.950211, 49,        64, 56, 10.582877, 67, 641.98999, 72, 173.65176, 77, 38.062500,144, 0.0000000, 84, 0.0000000, 48,       104, 16,       141
53C,2018/06/25 22:01:00, 50, 16.486504, 51, 60.383064, 52, 43.896561, 49,        64, 56, 10.582877, 67, 641.98999, 72, 173.66751, 77, 38.031250,144, 0.0000000, 84, 0.0000000, 48,       104, 16,       141
50C,2018/06/25 22:02:00, 50, 22.747444, 51, 60.156166, 52, 37.408722, 49,        64, 56, 10.582877, 67, 641.98999, 72, 173.82230, 77, 38.031250,144, 0.0000000, 84, 0.0000000, 48,       104, 16,       141
5DC,2018/06/25 22:03:00, 50, 19.861012, 51, 76.062531, 52, 56.201523, 49,        64, 56, 10.582877, 67, 641.98999, 72, 173.86252, 77, 38.062500,144, 0.0000000, 84, 0.0000000, 48,       104, 16,       141
54C,2018/06/25 22:04:00, 50, 34.526894, 51, 54.122383, 52, 19.595490, 49,        64, 56, 10.582877, 67, 641.98999, 72, 173.77563, 77, 38.062500,144, 0.0000000, 84, 0.0000000, 48,       104, 16,       141
56C,2018/06/25 22:05:00, 50, 3.2253757, 51, 52.321541, 52, 49.096169, 49,        64, 56, 10.582877, 67, 641.98999, 72, 173.87292, 77, 38.093750,144, 0.0000000, 84, 0.0000000, 48,       104, 16,       141
5EC,2018/06/25 22:06:00, 50, 6.4869356, 51, 31.405064, 52, 24.918129, 49,        64, 56, 10.582877, 67, 641.98999, 72, 173.96783, 77, 38.156250,144, 0.0000000, 84, 0.0000000, 48,       104, 16,       141
54C,2018/06/25 22:07:00, 50, 5.3292694, 51, 29.714371, 52, 24.385101, 49,        64, 56, 10.582877, 67, 641.98999, 72, 174.20599, 77, 38.156250,144, 0.0000000, 84, 0.0000000, 48,       104, 16,       141
56C,2018/06/25 22:08:00, 50, 16.203796, 51, 33.841473, 52, 17.637676, 49,        64, 56, 10.582877, 67, 641.98999, 72, 174.27838, 77, 38.218750,144, 0.0000000, 84, 0.0000000, 48,       104, 16,       141
56C,2018/06/25 22:09:00, 50, 90.112610, 51, 129.08244, 52, 38.969841, 49,        64, 56, 10.582877, 67, 641.98999, 72, 174.15045, 77, 38.250000,144, 0.0000000, 84, 0.0000000, 48,       104, 16,       141
54C,2018/06/25 22:10:00, 50, 14.725945, 51, 51.414009, 52, 36.688065, 49,        64, 56, 10.582877, 67, 641.98999, 72, 174.17438, 77, 38.281250,144, 0.0000000, 84, 0.0000000, 48,       104, 16,       141
54C,2018/06/25 22:11:00, 50, 28.534286, 51, 75.625732, 52, 47.091446, 49,        64, 56, 10.582877, 67, 641.98999, 72, 174.12268, 77, 38.343750,144, 0.0000000, 84, 0.0000000, 48,       104, 16,       141
52C,2018/06/25 22:12:00, 50, 24.256660, 51, 67.088844, 52, 42.832184, 49,        64, 56, 10.582877, 67, 641.98999, 72, 174.17856, 77, 38.375000,144, 0.0000000, 84, 0.0000000, 48,       104, 16,       141
55C,2018/06/25 22:13:00, 50, 21.519573, 51, 35.070248, 52, 13.550674, 49,        64, 56, 10.582877, 67, 641.98999, 72, 174.16751, 77, 38.437500,144, 0.0000000, 84, 0.0000000, 48,       104, 16,       141
55C,2018/06/25 22:14:00, 50, 16.396164, 51, 45.793922, 52, 29.397758, 49,        64, 56, 10.582877, 67, 641.98999, 72, 174.11948, 77, 38.437500,144, 0.0000000, 84, 0.0000000, 48,       104, 16,       141
59C,2018/06/25 22:15:00, 50, 30.346542, 51, 47.076591, 52, 16.730049, 49,        64, 56, 10.582877, 67, 641.98999, 72, 174.27890, 77, 38.468750,144, 0.0000000, 84, 0.0000000, 48,       104, 16,       141
51C,2018/06/25 22:16:00, 50, 112.64468, 51, 142.26216, 52, 29.617477, 49,        64, 56, 10.582877, 67, 641.98999, 72, 174.31024, 77, 38.531250,144, 0.0000000, 84, 0.0000000, 48,       104, 16,       141
5BC,2018/06/25 22:17:00, 50, 105.10698, 51, 141.27876, 52, 36.171783, 49,        64, 56, 10.582877, 67, 641.98999, 72, 174.38773, 77, 38.531250,144, 0.0000000, 84, 0.0000000, 48,       104, 16,       141
53C,2018/06/25 22:18:00, 50, 91.095123, 51, 152.34125, 52, 61.246124, 49,        64, 56, 10.582877, 67, 641.98999, 72, 174.36292, 77, 38.562500,144, 0.0000000, 84, 0.0000000, 48,       104, 16,       141
52C,2018/06/25 22:19:00, 50, 42.385994, 51, 94.546028, 52, 52.160034, 49,        64, 56, 10.582877, 67, 641.98999, 72, 174.27866, 77, 38.593750,144, 0.0000000, 84, 0.0000000, 48,       104, 16,       141
5EC,2018/06/25 22:20:00, 50, 20.543926, 51, 68.745415, 52, 48.201492, 49,        64, 56, 10.582877, 67, 641.98999, 72, 174.36792, 77, 38.625000,144, 0.0000000, 84, 0.0000000, 48,       104, 16,       141
58C,2018/06/25 22:21:00, 50, 19.178566, 51, 51.375519, 52, 32.196953, 49,        64, 56, 10.582877, 67, 641.98999, 72, 174.45013, 77, 38.656250,144, 0.0000000, 84, 0.0000000, 48,       104, 16,       141
5CC,2018/06/25 22:22:00, 50, 19.368809, 51, 61.351940, 52, 41.983131, 49,        64, 56, 10.582877, 67, 641.98999, 72, 174.70050, 77, 38.656250,144, 0.0000000, 84, 0.0000000, 48,       104, 16,       141
59C,2018/06/25 22:23:00, 50, 19.172493, 51, 66.591438, 52, 47.418945, 49,        64, 56, 10.582877, 67, 641.98999, 72, 174.82922, 77, 38.718750,144, 0.0000000, 84, 0.0000000, 48,       104, 16,       141
56C,2018/06/25 22:24:00, 50, 15.531935, 51, 40.757084, 52, 25.225151, 49,        64, 56, 10.582877, 67, 641.98999, 72, 174.76138, 77, 38.718750,144, 0.0000000, 84, 0.0000000, 48,       104, 16,       141
57C,2018/06/25 22:25:00, 50, 16.107384, 51, 44.323967, 52, 28.216583, 49,        64, 56, 10.582877, 67, 641.98999, 72, 174.77237, 77, 38.750000,144, 0.0000000, 84, 0.0000000, 48,       104, 16,       141
5DC,2018/06/25 22:26:00, 50, 3.5384717, 51, 39.662556, 52, 36.124084, 49,        64, 56, 10.582877, 67, 641.98999, 72, 174.82663, 77, 38.781250,144, 0.0000000, 84, 0.0000000, 48,       104, 16,       141
5EC,2018/06/25 22:27:00, 50, 6.4566832, 51, 24.467905, 52, 18.011223, 49,        64, 56, 10.582877, 67, 641.98999, 72, 175.06348, 77, 38.781250,144, 0.0000000, 84, 0.0000000, 48,       104, 16,       141
58C,2018/06/25 22:28:00, 50,-3.9841614, 51, 25.437317, 52, 29.421478, 49,        64, 56, 10.582877, 67, 641.98999, 72, 175.17413, 77, 38.812500,144, 0.0000000, 84, 0.0000000, 48,       104, 16,       141
56C,2018/06/25 22:29:00, 50,-3.7208185, 51, 25.906963, 52, 29.627781, 49,        64, 56, 10.582877, 67, 641.98999, 72, 175.10843, 77, 38.812500,144, 0.0000000, 84, 0.0000000, 48,       104, 16,       141
57C,2018/06/25 22:30:00, 50, 8.6627674, 51, 27.811007, 52, 19.148239, 49,        64, 56, 10.582877, 67, 641.98999, 72, 175.15570, 77, 38.843750,144, 0.0000000, 84, 0.0000000, 48,       104, 16,       141
56C,2018/06/25 22:31:00, 50, 48.907196, 51, 98.810272, 52, 49.903076, 49,        64, 56, 10.582877, 67, 641.98999, 72, 175.26492, 77, 38.875000,144, 0.0000000, 84, 0.0000000, 48,       104, 16,       141
58C,2018/06/25 22:32:00, 50, 42.764702, 51, 85.893188, 52, 43.128487, 49,        64, 56, 10.582877, 67, 641.98999, 72, 175.53381, 77, 38.875000,144, 0.0000000, 84, 0.0000000, 48,       104, 16,       141
5AC,2018/06/25 22:33:00, 50, 81.914444, 51, 87.853760, 52, 5.9393206, 49,        64, 56, 10.582877, 67, 641.98999, 72, 175.62622, 77, 38.906250,144, 0.0000000, 84, 0.0000000, 48,       104, 16,       141
58C,2018/06/25 22:34:00, 50, 65.704346, 51, 106.48064, 52, 40.776299, 49,        64, 56, 10.582877, 67, 641.98999, 72, 175.50479, 77, 38.937500,144, 0.0000000, 84, 0.0000000, 48,       104, 16,       141
55C,2018/06/25 22:35:00, 50, 38.710991, 51, 87.913055, 52, 49.202065, 49,        64, 56, 10.582877, 67, 641.98999, 72, 175.55505, 77, 38.968750,144, 0.0000000, 84, 0.0000000, 48,       104, 16,       141
52C,2018/06/25 22:36:00, 50, 39.363228, 51, 86.792023, 52, 47.428795, 49,        64, 56, 10.582877, 67, 641.98999, 72, 175.55542, 77, 38.968750,144, 0.0000000, 84, 0.0000000, 48,       104, 16,       141
55C,2018/06/25 22:37:00, 50, 43.915405, 51, 88.474182, 52, 44.558777, 49,        64, 56, 10.582877, 67, 641.98999, 72, 175.69733, 77, 39.000000,144, 0.0000000, 84, 0.0000000, 48,       104, 16,       141
5EC,2018/06/25 22:38:00, 50, 35.373383, 51, 77.656052, 52, 42.282669, 49,        64, 56, 10.582877, 67, 641.98999, 72, 175.74597, 77, 39.000000,144, 0.0000000, 84, 0.0000000, 48,       104, 16,       141
57C,2018/06/25 22:39:00, 50, 31.678463, 51, 73.482597, 52, 41.804138, 49,        64, 56, 10.582877, 67, 641.98999, 72, 175.66809, 77, 39.031250,144, 0.0000000, 84, 0.0000000, 48,       104, 16,       141
54C,2018/06/25 22:40:00, 50, 21.115074, 51, 66.639458, 52, 45.524384, 49,        64, 56, 10.582877, 67, 641.98999, 72, 175.79147, 77, 39.000000,144, 0.0000000, 84, 0.0000000, 48,       104, 16,       141
5DC,2018/06/25 22:41:00, 50, 9.4034443, 51, 47.470146, 52, 38.066704, 49,        64, 56, 10.582877, 67, 641.98999, 72, 175.87747, 77, 39.000000,144, 0.0000000, 84, 0.0000000, 48,       104, 16,       141
53C,2018/06/25 22:42:00, 50, 11.848824, 51, 41.196312, 52, 29.347488, 49,        64, 56, 10.582877, 67, 641.98999, 72, 176.08316, 77, 39.031250,144, 0.0000000, 84, 0.0000000, 48,       104, 16,       141
5EC,2018/06/25 22:43:00, 50, 4.5448618, 51, 42.521011, 52, 37.976151, 49,        64, 56, 10.582877, 67, 641.98999, 72, 176.15463, 77, 39.062500,144, 0.0000000, 84, 0.0000000, 48,       104, 16,       141
5EC,2018/06/25 22:44:00, 50, 4.5551090, 51, 37.855072, 52, 33.299965, 49,        64, 56, 10.582877, 67, 641.98999, 72, 176.03372, 77, 39.062500,144, 0.0000000, 84, 0.0000000, 48,       104, 16,       141
55C,2018/06/25 22:45:00, 50, 4.5043068, 51, 35.863518, 52, 31.359211, 49,        64, 56, 10.582877, 67, 641.98999, 72, 176.05200, 77, 39.062500,144, 0.0000000, 84, 0.0000000, 48,       104, 16,       141
54C,2018/06/25 22:46:00, 50, 5.4671164, 51, 36.859966, 52, 31.392853, 49,        64, 56, 10.582877, 67, 641.98999, 72, 176.03265, 77, 39.093750,144, 0.0000000, 84, 0.0000000, 48,       104, 16,       141
50C,2018/06/25 22:47:00, 50, 4.7659931, 51, 34.832230, 52, 30.066238, 49,        64, 56, 10.582877, 67, 641.98999, 72, 176.21973, 77, 39.093750,144, 0.0000000, 84, 0.0000000, 48,       104, 16,       141
5EC,2018/06/25 22:48:00, 50, 7.8156786, 51, 27.726727, 52, 19.911049, 49,        64, 56, 10.582877, 67, 641.98999, 72, 176.27414, 77, 39.093750,144, 0.0000000, 84, 0.0000000, 48,       104, 16,       141
55C,2018/06/25 22:49:00, 50, 6.4128866, 51, 28.930117, 52, 22.517231, 49,        64, 56, 10.582877, 67, 641.98999, 72, 176.14471, 77, 39.093750,144, 0.0000000, 84, 0.0000000, 48,       104, 16,       141
53C,2018/06/25 22:50:00, 50,-0.7415860, 51, 32.648766, 52, 33.390350, 49,        64, 56, 10.582877, 67, 641.98999, 72, 176.17734, 77, 39.125000,144, 0.0000000, 84, 0.0000000, 48,       104, 16,       141
5CC,2018/06/25 22:51:00, 50, 7.2381840, 51, 28.708021, 52, 21.469837, 49,        64, 56, 10.582877, 67, 641.98999, 72, 176.14139, 77, 39.156250,144, 0.0000000, 84, 0.0000000, 48,       104, 16,       141
56C,2018/06/25 22:52:00, 50, 28.335098, 51, 89.869774, 52, 61.534676, 49,        64, 56, 10.582877, 67, 641.98999, 72, 176.26279, 77, 39.156250,144, 0.0000000, 84, 0.0000000, 48,       104, 16,       141
52C,2018/06/25 22:53:00, 50, 176.21936, 51, 126.97035, 52,-49.249016, 49,        64, 56, 10.582877, 67, 641.98999, 72, 176.25943, 77, 39.156250,144, 0.0000000, 84, 0.0000000, 48,       104, 16,       141
52C,2018/06/25 22:54:00, 50, 188.00208, 51, 251.95612, 52, 63.954041, 49,        64, 56, 10.582877, 67, 641.98999, 72, 176.11273, 77, 39.187500,144, 0.0000000, 84, 0.0000000, 48,       104, 16,       141
54C,2018/06/25 22:55:00, 50, 47.776306, 51, 74.929672, 52, 27.153366, 49,        64, 56, 10.582877, 67, 641.98999, 72, 176.09009, 77, 39.156250,144, 0.0000000, 84, 0.0000000, 48,       104, 16,       141
54C,2018/06/25 22:56:00, 50, 137.25262, 51, 193.51685, 52, 56.264229, 49,        64, 56, 10.582877, 67, 641.98999, 72, 176.08130, 77, 39.156250,144, 0.0000000, 84, 0.0000000, 48,       104, 16,       141
50C,2018/06/25 22:57:00, 50, 36.492966, 51, 79.387009, 52, 42.894043, 49,        64, 56, 10.582877, 67, 641.98999, 72, 176.39175, 77, 39.156250,144, 0.0000000, 84, 0.0000000, 48,       104, 16,       141
51C,2018/06/25 22:58:00, 50, 159.60510, 51, 202.38094, 52, 42.775833, 49,        64, 56, 10.582877, 67, 641.98999, 72, 176.73254, 77, 39.187500,144, 0.0000000, 84, 0.0000000, 48,       104, 16,       141
56C,2018/06/25 22:59:00, 50, 83.260208, 51, 118.70106, 52, 35.440849, 49,        64, 56, 10.582877, 67, 641.98999, 72, 176.72998, 77, 39.187500,144, 0.0000000, 84, 0.0000000, 48,       104, 16,       141
5DC,2018/06/25 23:00:00, 50, 82.001022, 51, 136.21786, 52, 54.216850, 49,        64, 56, 10.582877, 67, 641.98999, 72, 176.78152, 77, 39.187500,144, 0.0000000, 84, 0.0000000, 48,       104, 16,       141
57C,2018/06/25 23:01:00, 50, 40.160896, 51, 95.730209, 52, 55.569313, 49,        64, 56, 10.582877, 67, 641.98999, 72, 176.75275, 77, 39.187500,144, 0.0000000, 84, 0.0000000, 48,       104, 16,       141
5BC,2018/06/25 23:02:00, 50, 50.527161, 51, 75.367187, 52, 24.840031, 49,        64, 56, 10.582877, 67, 641.98999, 72, 176.84143, 77, 39.156250,144, 0.0000000, 84, 0.0000000, 48,       104, 16,       141
5BC,2018/06/25 23:03:00, 50, 28.794483, 51, 81.660751, 52, 52.866272, 49,        64, 56, 10.582877, 67, 641.98999, 72, 176.70657, 77, 39.156250,144, 0.0000000, 84, 0.0000000, 48,       104, 16,       141
52C,2018/06/25 23:04:00, 50, 28.670612, 51, 82.431114, 52, 53.760506, 49,        64, 56, 10.582877, 67, 641.98999, 72, 176.52115, 77, 39.156250,144, 0.0000000, 84, 0.0000000, 48,       104, 16,       141
5FC,2018/06/25 23:05:00, 50, 41.066216, 51, 77.654175, 52, 36.587959, 49,        64, 56, 10.582877, 67, 641.98999, 72, 176.58908, 77, 39.187500,144, 0.0000000, 84, 0.0000000, 48,       104, 16,       141
5DC,2018/06/25 23:06:00, 50, 30.003227, 51, 62.283226, 52, 32.279999, 49,        64, 56, 10.582877, 67, 641.98999, 72, 176.66931, 77, 39.187500,144, 0.0000000, 84, 0.0000000, 48,       104, 16,       141
5CC,2018/06/25 23:07:00, 50, 33.061134, 51, 84.470627, 52, 51.409492, 49,        64, 56, 10.582877, 67, 641.98999, 72, 176.86697, 77, 39.156250,144, 0.0000000, 84, 0.0000000, 48,       104, 16,       141
5EC,2018/06/25 23:08:00, 50, 25.589127, 51, 76.184792, 52, 50.595665, 49,        64, 56, 10.582877, 67, 641.98999, 72, 176.86752, 77, 39.156250,144, 0.0000000, 84, 0.0000000, 48,       104, 16,       141
54C,2018/06/25 23:09:00, 50, 27.084610, 51, 76.481499, 52, 49.396889, 49,        64, 56, 10.582877, 67, 641.98999, 72, 176.69949, 77, 39.187500,144, 0.0000000, 84, 0.0000000, 48,       104, 16,       141
51C,2018/06/25 23:10:00, 50, 30.351292, 51, 71.922348, 52, 41.571060, 49,        64, 56, 10.582877, 67, 641.98999, 72, 176.64700, 77, 39.187500,144, 0.0000000, 84, 0.0000000, 48,       104, 16,       141
50C,2018/06/25 23:11:00, 50, 34.361267, 51, 73.238823, 52, 38.877556, 49,        64, 56, 10.582877, 67, 641.98999, 72, 176.59500, 77, 39.187500,144, 0.0000000, 84, 0.0000000, 48,       104, 16,       141
5DC,2018/06/25 23:12:00, 50, 31.547199, 51, 77.248352, 52, 45.701157, 49,        64, 56, 10.582877, 67, 641.98999, 72, 176.57742, 77, 39.156250,144, 0.0000000, 84, 0.0000000, 48,       104, 16,       141
57C,2018/06/25 23:13:00, 50, 28.996044, 51, 83.416161, 52, 54.420120, 49,        64, 56, 10.582877, 67, 641.98999, 72, 176.75043, 77, 39.156250,144, 0.0000000, 84, 0.0000000, 48,       104, 16,       141
5FC,2018/06/25 23:14:00, 50, 31.289585, 51, 60.646389, 52, 29.356804, 49,        64, 56, 10.582877, 67, 641.98999, 72, 176.76553, 77, 39.156250,144, 0.0000000, 84, 0.0000000, 48,       104, 16,       141
5FC,2018/06/25 23:15:00, 50, 22.963348, 51, 59.351448, 52, 36.388100, 49,        64, 56, 10.582877, 67, 641.98999, 72, 176.66974, 77, 39.156250,144, 0.0000000, 84, 0.0000000, 48,       104, 16,       141
5DC,2018/06/25 23:16:00, 50, 25.195713, 51, 63.101704, 52, 37.905991, 49,        64, 56, 10.582877, 67, 641.98999, 72, 176.73996, 77, 39.187500,144, 0.0000000, 84, 0.0000000, 48,       104, 16,       141
5CC,2018/06/25 23:17:00, 50, 31.545879, 51, 68.571480, 52, 37.025604, 49,        64, 56, 10.582877, 67, 641.98999, 72, 176.77460, 77, 39.187500,144, 0.0000000, 84, 0.0000000, 48,       104, 16,       141
51C,2018/06/25 23:18:00, 50, 83.882446, 51, 112.91720, 52, 29.034756, 49,        64, 56, 10.582877, 67, 641.98999, 72, 176.81186, 77, 39.156250,144, 0.0000000, 84, 0.0000000, 48,       104, 16,       141
5FC,2018/06/25 23:19:00, 50, 68.381561, 51, 101.27220, 52, 32.890640, 49,        64, 56, 10.582877, 67, 641.98999, 72, 176.65762, 77, 39.156250,144, 0.0000000, 84, 0.0000000, 48,       104, 16,       141
5FC,2018/06/25 23:20:00, 50, 15.954165, 51, 47.597263, 52, 31.643101, 49,        64, 56, 10.582877, 67, 641.98999, 72, 176.46371, 77, 39.187500,144, 0.0000000, 84, 0.0000000, 48,       104, 16,       141
5EC,2018/06/25 23:21:00, 50, 3.3221231, 51, 19.670153, 52, 16.348030, 49,        64, 56, 10.582877, 67, 641.98999, 72, 176.56064, 77, 39.187500,144, 0.0000000, 84, 0.0000000, 48,       104, 16,       141
59C,2018/06/25 23:22:00, 50, 6.7478180, 51, 18.391855, 52, 11.644037, 49,        64, 56, 10.582877, 67, 641.98999, 72, 176.66510, 77, 39.156250,144, 0.0000000, 84, 0.0000000, 48,       104, 16,       141
5DC,2018/06/25 23:23:00, 50, 7.5988293, 51, 14.251883, 52, 6.6530533, 49,        64, 56, 10.582877, 67, 641.98999, 72, 176.90210, 77, 39.156250,144, 0.0000000, 84, 0.0000000, 48,       104, 16,       141
5CC,2018/06/25 23:24:00, 50, 4.2786007, 51, 20.389681, 52, 16.111080, 49,        64, 56, 10.582877, 67, 641.98999, 72, 177.02701, 77, 39.156250,144, 0.0000000, 84, 0.0000000, 48,       104, 16,       141
57C,2018/06/25 23:25:00, 50,-0.1325557, 51, 17.980639, 52, 18.113194, 49,        64, 56, 10.582877, 67, 641.98999, 72, 177.06461, 77, 39.156250,144, 0.0000000, 84, 0.0000000, 48,       104, 16,       141
5FC,2018/06/25 23:26:00, 50, 1.1362684, 51, 20.517565, 52, 19.381298, 49,        64, 56, 10.582877, 67, 641.98999, 72, 177.16428, 77, 39.187500,144, 0.0000000, 84, 0.0000000, 48,       104, 16,       141
5FC,2018/06/25 23:27:00, 50, 1.5223086, 51, 16.260723, 52, 14.738415, 49,        64, 56, 10.582877, 67, 641.98999, 72, 177.24619, 77, 39.156250,144, 0.0000000, 84, 0.0000000, 48,       104, 16,       141
5DC,2018/06/25 23:28:00, 50, 0.4807742, 51, 10.525471, 52, 10.044697, 49,        64, 56, 10.582877, 67, 641.98999, 72, 177.45993, 77, 39.156250,144, 0.0000000, 84, 0.0000000, 48,       104, 16,       141
50C,2018/06/25 23:29:00, 50,-6.4061041, 51, 12.024702, 52, 18.430805, 49,        64, 56, 10.582877, 67, 641.98999, 72, 177.49643, 77, 39.187500,144, 0.0000000, 84, 0.0000000, 48,       104, 16,       141
5BC,2018/06/25 23:30:00, 50,-0.5729438, 51, 16.029593, 52, 16.602535, 49,        64, 56, 10.582877, 67, 641.98999, 72, 177.37003, 77, 39.156250,144, 0.0000000, 84, 0.0000000, 48,       104, 16,       141
5CC,2018/06/25 23:31:00, 50, 0.5843801, 51, 17.098204, 52, 16.513824, 49,        64, 56, 10.582877, 67, 641.98999, 72, 177.40247, 77, 39.156250,144, 0.0000000, 84, 0.0000000, 48,       104, 16,       141
54C,2018/06/25 23:32:00, 50, 1.7040794, 51, 17.380852, 52, 15.676773, 49,        64, 56, 10.582877, 67, 641.98999, 72, 177.45108, 77, 39.156250,144, 0.0000000, 84, 0.0000000, 48,       104, 16,       141
5DC,2018/06/25 23:33:00, 50,-1.7499151, 51, 16.123480, 52, 17.873394, 49,        64, 56, 10.582877, 67, 641.98999, 72, 177.60999, 77, 39.156250,144, 0.0000000, 84, 0.0000000, 48,       104, 16,       141
5EC,2018/06/25 23:34:00, 50,-5.4497156, 51, 13.226109, 52, 18.675823, 49,        64, 56, 10.582877, 67, 641.98999, 72, 177.58078, 77, 39.156250,144, 0.0000000, 84, 0.0000000, 48,       104, 16,       141
5DC,2018/06/25 23:35:00, 50, 10.658033, 51, 48.529163, 52, 37.871132, 49,        64, 56, 10.582877, 67, 641.98999, 72, 177.38266, 77, 39.125000,144, 0.0000000, 84, 0.0000000, 48,       104, 16,       141
59C,2018/06/25 23:36:00, 50, 30.150375, 51, 52.220364, 52, 22.069988, 49,        64, 56, 10.582877, 67, 641.98999, 72, 177.34802, 77, 39.156250,144, 0.0000000, 84, 0.0000000, 48,       104, 16,       141
5CC,2018/06/25 23:37:00, 50, 20.161308, 51, 53.433388, 52, 33.272079, 49,        64, 56, 10.582877, 67, 641.98999, 72, 177.50012, 77, 39.187500,144, 0.0000000, 84, 0.0000000, 48,       104, 16,       141
5CC,2018/06/25 23:38:00, 50, 21.736439, 51, 53.342583, 52, 31.606144, 49,        64, 56, 10.582877, 67, 641.98999, 72, 177.56174, 77, 39.156250,144, 0.0000000, 84, 0.0000000, 48,       104, 16,       141
59C,2018/06/25 23:39:00, 50, 14.326912, 51, 54.927879, 52, 40.600967, 49,        64, 56, 10.582877, 67, 641.98999, 72, 177.45862, 77, 39.156250,144, 0.0000000, 84, 0.0000000, 48,       104, 16,       141
54C,2018/06/25 23:40:00, 50, 10.063124, 51, 49.470470, 52, 39.407349, 49,        64, 56, 10.582877, 67, 641.98999, 72, 177.54285, 77, 39.156250,144, 0.0000000, 84, 0.0000000, 48,       104, 16,       141
52C,2018/06/25 23:41:00, 50, 17.732353, 51, 50.342766, 52, 32.610413, 49,        64, 56, 10.582877, 67, 641.98999, 72, 177.62134, 77, 39.156250,144, 0.0000000, 84, 0.0000000, 48,       104, 16,       141
59C,2018/06/25 23:42:00, 50, 10.247013, 51, 54.842449, 52, 44.595436, 49,        64, 56, 10.582877, 67, 641.98999, 72, 177.83258, 77, 39.156250,144, 0.0000000, 84, 0.0000000, 48,       104, 16,       141
53C,2018/06/25 23:43:00, 50, 12.528515, 51, 49.043125, 52, 36.514610, 49,        64, 56, 10.582877, 67, 641.98999, 72, 177.89670, 77, 39.156250,144, 0.0000000, 84, 0.0000000, 48,       104, 16,       141
53C,2018/06/25 23:44:00, 50, 5.6471863, 51, 45.338585, 52, 39.691399, 49,        64, 56, 10.582877, 67, 641.98999, 72, 177.74841, 77, 39.156250,144, 0.0000000, 84, 0.0000000, 48,       104, 16,       141
56C,2018/06/25 23:45:00, 50, 13.961935, 51, 44.272755, 52, 30.310822, 49,        64, 56, 10.582877, 67, 641.98999, 72, 177.72256, 77, 39.187500,144, 0.0000000, 84, 0.0000000, 48,       104, 16,       141
57C,2018/06/25 23:46:00, 50, 13.034788, 51, 50.279118, 52, 37.244331, 49,        64, 56, 10.582877, 67, 641.98999, 72, 177.69180, 77, 39.156250,144, 0.0000000, 84, 0.0000000, 48,       104, 16,       141
51C,2018/06/25 23:47:00, 50, 13.037855, 51, 54.480328, 52, 41.442474, 49,        64, 56, 10.582877, 67, 641.98999, 72, 177.80142, 77, 39.156250,144, 0.0000000, 84, 0.0000000, 48,       104, 16,       141
50C,2018/06/25 23:48:00, 50, 9.4205704, 51, 57.496529, 52, 48.075958, 49,        64, 56, 10.582877, 67, 641.98999, 72, 177.74518, 77, 39.156250,144, 0.0000000, 84, 0.0000000, 48,       104, 16,       141
57C,2018/06/25 23:49:00, 50, 11.316814, 51, 43.341152, 52, 32.024338, 49,        64, 56, 10.582877, 67, 641.98999, 72, 177.58212, 77, 39.156250,144, 0.0000000, 84, 0.0000000, 48,       104, 16,       141
50C,2018/06/25 23:50:00, 50, 16.698578, 51, 56.057137, 52, 39.358559, 49,        64, 56, 10.582877, 67, 641.98999, 72, 177.60272, 77, 39.156250,144, 0.0000000, 84, 0.0000000, 48,       104, 16,       141
51C,2018/06/25 23:51:00, 50, 16.091545, 51, 51.871742, 52, 35.780197, 49,        64, 56, 10.582877, 67, 641.98999, 72, 177.62347, 77, 39.156250,144, 0.0000000, 84, 0.0000000, 48,       104, 16,       141
52C,2018/06/25 23:52:00, 50, 17.139679, 51, 55.614586, 52, 38.474907, 49,        64, 56, 10.582877, 67, 641.98999, 72, 177.77805, 77, 39.156250,144, 0.0000000, 84, 0.0000000, 48,       104, 16,       141
54C,2018/06/25 23:53:00, 50, 12.625151, 51, 49.345455, 52, 36.720306, 49,        64, 56, 10.582877, 67, 641.98999, 72, 177.77972, 77, 39.156250,144, 0.0000000, 84, 0.0000000, 48,       104, 16,       141
57C,2018/06/25 23:54:00, 50, 10.052635, 51, 36.219902, 52, 26.167267, 49,        64, 56, 10.582877, 67, 641.98999, 72, 177.66455, 77, 39.156250,144, 0.0000000, 84, 0.0000000, 48,       104, 16,       141
56C,2018/06/25 23:55:00, 50, 11.916073, 51, 41.941460, 52, 30.025387, 49,        64, 56, 10.582877, 67, 641.98999, 72, 177.69214, 77, 39.156250,144, 0.0000000, 84, 0.0000000, 48,       104, 16,       141
53C,2018/06/25 23:56:00, 50, 31.353062, 51, 61.408337, 52, 30.055275, 49,        64, 56, 10.582877, 67, 641.98999, 72, 177.70590, 77, 39.156250,144, 0.0000000, 84, 0.0000000, 48,       104, 16,       141
5FC,2018/06/25 23:57:00, 50, 7.6701488, 51, 32.869034, 52, 25.198887, 49,        64, 56, 10.582877, 67, 641.98999, 72, 177.90427, 77, 39.156250,144, 0.0000000, 84, 0.0000000, 48,       104, 16,       141
53C,2018/06/25 23:58:00, 50, 3.9886665, 51, 30.014847, 52, 26.026180, 49,        64, 56, 10.582877, 67, 641.98999, 72, 177.92258, 77, 39.156250,144, 0.0000000, 84, 0.0000000, 48,       104, 16,       141
52C,2018/06/25 23:59:00, 50, 4.3395672, 51, 6.9680200, 52, 2.6284528, 49,        64, 56, 10.582877, 67, 641.98999, 72, 177.76151, 77, 39.156250,144, 0.0000000, 84, 0.0000000, 48,       104, 16,       141
