59C,2017/02/17 16:06:00, 50, 0.0000000, 51, 0.0000000, 52, 0.0000000, 49,        64, 56, 8.9075432, 67, 646.03967, 72, 177.99612, 77, 16.843750,144, 0.0000000, 84, 0.0000000, 48,       104, 16,       141
51C,2017/02/17 16:07:00, 50, 0.0000000, 51, 0.0000000, 52, 0.0000000, 49,        64, 56, 8.9075432, 67, 646.03967, 72, 169.82642, 77, 17.437500,144, 0.0000000, 84, 0.0000000, 48,       104, 16,       141
53C,2017/02/17 16:08:00, 50, 0.0000000, 51, 0.0000000, 52, 0.0000000, 49,        64, 56, 8.9075432, 67, 646.03967, 72, 165.35660, 77, 17.906250,144, 0.0000000, 84, 0.0000000, 48,       104, 16,       141
58C,2017/02/17 16:09:00, 50, 0.0000000, 51, 0.0000000, 52, 0.0000000, 49,        64, 56, 8.9075432, 67, 646.03967, 72, 161.87320, 77, 18.375000,144, 0.0000000, 84, 0.0000000, 48,       104, 16,       141
56C,2017/02/17 16:10:00, 50, 0.0000000, 51, 0.0000000, 52, 0.0000000, 49,        64, 56, 8.9075432, 67, 646.03967, 72, 158.59750, 77, 18.843750,144, 0.0000000, 84, 0.0000000, 48,       104, 16,       141
56C,2017/02/17 16:11:00, 50, 0.0000000, 51, 0.0000000, 52, 0.0000000, 49,        64, 56, 8.9075432, 67, 646.03967, 72, 156.56796, 77, 19.343750,144, 0.0000000, 84, 0.0000000, 48,       104, 16,       141
52C,2017/02/17 16:12:00, 50, 0.0000000, 51, 0.0000000, 52, 0.0000000, 49,        64, 56, 8.9075432, 67, 646.03967, 72, 155.51135, 77, 19.875000,144, 0.0000000, 84, 0.0000000, 48,       104, 16,       141
5CC,2017/02/17 16:13:00, 50, 0.0000000, 51, 0.0000000, 52, 0.0000000, 49,        64, 56, 8.9075432, 67, 646.03967, 72, 154.90948, 77, 20.375000,144, 0.0000000, 84, 0.0000000, 48,       104, 16,       141
58C,2017/02/17 16:14:00, 50, 0.0000000, 51, 0.0000000, 52, 0.0000000, 49,        64, 56, 8.9075432, 67, 646.03967, 72, 154.43982, 77, 20.875000,144, 0.0000000, 84, 0.0000000, 48,       104, 16,       141
52C,2017/02/17 16:15:00, 50, 0.0000000, 51, 0.0000000, 52, 0.0000000, 49,        64, 56, 8.9075432, 67, 644.68970, 72, 154.01926, 77, 21.375000,144, 0.0000000, 84, 0.0000000, 48,       104, 16,       141
5EC,2017/02/17 16:16:00, 50, 0.0000000, 51, 0.0000000, 52, 0.0000000, 49,        64, 56, 8.9075432, 67, 646.03967, 72, 153.67276, 77, 21.812500,144, 0.0000000, 84, 0.0000000, 48,       104, 16,       141
51C,2017/02/17 16:17:00, 50, 0.0000000, 51, 0.0000000, 52, 0.0000000, 49,        64, 56, 8.9075432, 67, 646.03967, 72, 153.40393, 77, 22.281250,144, 0.0000000, 84, 0.0000000, 48,       104, 16,       141
52C,2017/02/17 16:18:00, 50, 0.0000000, 51, 0.0000000, 52, 0.0000000, 49,        64, 56, 8.9075432, 67, 646.03967, 72, 153.13287, 77, 22.750000,144, 0.0000000, 84, 0.0000000, 48,       104, 16,       141
59C,2017/02/17 16:19:00, 50, 0.0000000, 51, 0.0000000, 52, 0.0000000, 49,        64, 56, 8.9075432, 67, 647.38953, 72, 152.90234, 77, 23.156250,144, 0.0000000, 84, 0.0000000, 48,       104, 16,       141
59C,2017/02/17 16:20:00, 50, 0.0000000, 51, 0.0000000, 52, 0.0000000, 49,        64, 56, 8.9075432, 67, 646.03967, 72, 152.76901, 77, 23.562500,144, 0.0000000, 84, 0.0000000, 48,       104, 16,       141
52C,2017/02/17 16:21:00, 50, 0.0000000, 51, 0.0000000, 52, 0.0000000, 49,        64, 56, 8.9075432, 67, 646.03967, 72, 152.67111, 77, 24.000000,144, 0.0000000, 84, 0.0000000, 48,       104, 16,       141
56C,2017/02/17 16:22:00, 50, 0.0000000, 51, 0.0000000, 52, 0.0000000, 49,        64, 56, 8.9075432, 67, 646.03967, 72, 152.62701, 77, 24.312500,144, 0.0000000, 84, 0.0000000, 48,       104, 16,       141
50C,2017/02/17 16:23:00, 50, 0.0000000, 51, 0.0000000, 52, 0.0000000, 49,        64, 56, 8.9075432, 67, 646.03967, 72, 152.61380, 77, 24.687500,144, 0.0000000, 84, 0.0000000, 48,       104, 16,       141
5DC,2017/02/17 16:24:00, 50, 0.0000000, 51, 0.0000000, 52, 0.0000000, 49,        64, 56, 8.9075432, 67, 646.03967, 72, 152.60977, 77, 24.968750,144, 0.0000000, 84, 0.0000000, 48,       104, 16,       141
53C,2017/02/17 16:25:00, 50, 0.0000000, 51, 0.0000000, 52, 0.0000000, 49,        64, 56, 8.9075432, 67, 646.03967, 72, 152.63330, 77, 25.375000,144, 0.0000000, 84, 0.0000000, 48,       104, 16,       141
57C,2017/02/17 16:26:00, 50, 0.0000000, 51, 0.0000000, 52, 0.0000000, 49,        64, 56, 8.9075432, 67, 646.03967, 72, 152.68661, 77, 25.687500,144, 0.0000000, 84, 0.0000000, 48,       104, 16,       141
5DC,2017/02/17 16:27:00, 50, 0.0000000, 51, 0.0000000, 52, 0.0000000, 49,        64, 56, 8.9075432, 67, 646.03967, 72, 152.74692, 77, 26.031250,144, 0.0000000, 84, 0.0000000, 48,       104, 16,       141
51C,2017/02/17 16:28:00, 50, 0.0000000, 51, 0.0000000, 52, 0.0000000, 49,        64, 56, 8.9075432, 67, 646.03967, 72, 152.86157, 77, 26.312500,144, 0.0000000, 84, 0.0000000, 48,       104, 16,       141
56C,2017/02/17 16:29:00, 50, 0.0000000, 51, 0.0000000, 52, 0.0000000, 49,        64, 56, 8.9075432, 67, 646.03967, 72, 152.95535, 77, 26.625000,144, 0.0000000, 84, 0.0000000, 48,       104, 16,       141
53C,2017/02/17 16:30:00, 50, 0.0000000, 51, 0.0000000, 52, 0.0000000, 49,        64, 56, 8.9075432, 67, 646.03967, 72, 153.05096, 77, 26.906250,144, 0.0000000, 84, 0.0000000, 48,       104, 16,       141
5EC,2017/02/17 16:31:00, 50, 0.0000000, 51, 0.0000000, 52, 0.0000000, 49,        64, 56, 8.9075432, 67, 646.03967, 72, 153.20657, 77, 27.218750,144, 0.0000000, 84, 0.0000000, 48,       104, 16,       141
56C,2017/02/17 16:32:00, 50, 0.0000000, 51, 0.0000000, 52, 0.0000000, 49,        64, 56, 8.9075432, 67, 646.03967, 72, 153.33212, 77, 27.500000,144, 0.0000000, 84, 0.0000000, 48,       104, 16,       141
58C,2017/02/17 16:33:00, 50, 0.0000000, 51, 0.0000000, 52, 0.0000000, 49,        64, 56, 8.9075432, 67, 646.03967, 72, 153.40311, 77, 27.718750,144, 0.0000000, 84, 0.0000000, 48,       104, 16,       141
5FC,2017/02/17 16:34:00, 50, 0.0000000, 51, 0.0000000, 52, 0.0000000, 49,        64, 56, 8.9075432, 67, 644.68970, 72, 153.53098, 77, 27.968750,144, 0.0000000, 84, 0.0000000, 48,       104, 16,       141
5AC,2017/02/17 16:35:00, 50, 0.0000000, 51, 0.0000000, 52, 0.0000000, 49,        64, 56, 8.9075432, 67, 646.03967, 72, 153.65384, 77, 28.281250,144, 0.0000000, 84, 0.0000000, 48,       104, 16,       141
5BC,2017/02/17 16:36:00, 50, 0.0000000, 51, 0.0000000, 52, 0.0000000, 49,        64, 56, 8.9075432, 67, 646.03967, 72, 153.78018, 77, 28.562500,144, 0.0000000, 84, 0.0000000, 48,       104, 16,       141
58C,2017/02/17 16:37:00, 50, 0.0000000, 51, 0.0000000, 52, 0.0000000, 49,        64, 56, 8.9075432, 67, 646.03967, 72, 153.82532, 77, 28.812500,144, 0.0000000, 84, 0.0000000, 48,       104, 16,       141
50C,2017/02/17 16:38:00, 50, 0.0000000, 51, 0.0000000, 52, 0.0000000, 49,        64, 56, 8.9075432, 67, 646.03967, 72, 153.87967, 77, 29.062500,144, 0.0000000, 84, 0.0000000, 48,       104, 16,       141
5DC,2017/02/17 16:39:00, 50, 0.0000000, 51, 0.0000000, 52, 0.0000000, 49,        64, 56, 8.9075432, 67, 646.03967, 72, 153.99924, 77, 29.312500,144, 0.0000000, 84, 0.0000000, 48,       104, 16,       141
58C,2017/02/17 16:40:00, 50, 0.0000000, 51, 0.0000000, 52, 0.0000000, 49,        64, 56, 8.9075432, 67, 646.03967, 72, 154.04767, 77, 29.562500,144, 0.0000000, 84, 0.0000000, 48,       104, 16,       141
5DC,2017/02/17 16:41:00, 50, 0.0000000, 51, 0.0000000, 52, 0.0000000, 49,        64, 56, 8.9075432, 67, 646.03967, 72, 154.09027, 77, 29.812500,144, 0.0000000, 84, 0.0000000, 48,       104, 16,       141
52C,2017/02/17 16:42:00, 50, 0.0000000, 51, 0.0000000, 52, 0.0000000, 49,        64, 56, 8.9075432, 67, 646.03967, 72, 154.14029, 77, 30.093750,144, 0.0000000, 84, 0.0000000, 48,       104, 16,       141
51C,2017/02/17 16:43:00, 50,-1.6505353, 51, 33.798008, 52, 35.448540, 49,        64, 56, 8.9075432, 67, 646.03967, 72, 154.03851, 77, 30.312500,144, 0.0000000, 84, 0.0000000, 48,       104, 16,       141
5BC,2017/02/17 16:44:00, 50, 2.0719285, 51, 31.778345, 52, 29.706417, 49,        64, 56, 8.9075432, 67, 646.03967, 72, 154.17804, 77, 30.625000,144, 0.0000000, 84, 0.0000000, 48,       104, 16,       141
5DC,2017/02/17 16:45:00, 50, 7.0304947, 51, 60.196915, 52, 53.166420, 49,        64, 56, 8.9075432, 67, 646.03967, 72, 154.08255, 77, 30.875000,144, 0.0000000, 84, 0.0000000, 48,       104, 16,       141
52C,2017/02/17 16:46:00, 50, 14.387508, 51, 61.041775, 52, 46.654266, 49,        64, 56, 8.9075432, 67, 646.03967, 72, 154.22601, 77, 31.000000,144, 0.0000000, 84, 0.0000000, 48,       104, 16,       141
57C,2017/02/17 16:47:00, 50, 33.674339, 51, 52.492325, 52, 18.817986, 49,        64, 56, 8.9075432, 67, 646.03967, 72, 154.10336, 77, 31.000000,144, 0.0000000, 84, 0.0000000, 48,       104, 16,       141
5FC,2017/02/17 16:48:00, 50, 31.973221, 51, 60.676025, 52, 28.702805, 49,        64, 56, 8.9075432, 67, 646.03967, 72, 154.14813, 77, 31.156250,144, 0.0000000, 84, 0.0000000, 48,       104, 16,       141
50C,2017/02/17 16:49:00, 50, 41.153664, 51, 85.609108, 52, 44.455444, 49,        64, 56, 8.9075432, 67, 646.03967, 72, 154.35455, 77, 31.375000,144, 0.0000000, 84, 0.0000000, 48,       104, 16,       141
56C,2017/02/17 16:50:00, 50, 23.389084, 51, 57.328255, 52, 33.939171, 49,        64, 56, 8.9075432, 67, 646.03967, 72, 154.26755, 77, 31.625000,144, 0.0000000, 84, 0.0000000, 48,       104, 16,       141
59C,2017/02/17 16:51:00, 50, 8.4687309, 51, 31.615414, 52, 23.146683, 49,        64, 56, 8.9075432, 67, 646.03967, 72, 154.43454, 77, 31.843750,144, 0.0000000, 84, 0.0000000, 48,       104, 16,       141
55C,2017/02/17 16:52:00, 50, 6.1892385, 51, 32.313343, 52, 26.124107, 49,        64, 56, 8.9075432, 67, 646.03967, 72, 154.30487, 77, 32.062500,144, 0.0000000, 84, 0.0000000, 48,       104, 16,       141
51C,2017/02/17 16:53:00, 50, 6.5718441, 51, 42.758389, 52, 36.186546, 49,        64, 56, 8.9075432, 67, 646.03967, 72, 154.32132, 77, 32.218750,144, 0.0000000, 84, 0.0000000, 48,       104, 16,       141
53C,2017/02/17 16:54:00, 50, 12.442432, 51, 27.144024, 52, 14.701591, 49,        64, 56, 8.9075432, 67, 646.03967, 72, 154.48358, 77, 32.468750,144, 0.0000000, 84, 0.0000000, 48,       104, 16,       141
5AC,2017/02/17 16:55:00, 50, 9.1873894, 51, 57.165455, 52, 47.978065, 49,        64, 56, 8.9075432, 67, 646.03967, 72, 154.39828, 77, 32.625000,144, 0.0000000, 84, 0.0000000, 48,       104, 16,       141
54C,2017/02/17 16:56:00, 50, 7.0932207, 51, 38.512295, 52, 31.419075, 49,        64, 56, 8.9075432, 67, 646.03967, 72, 154.57516, 77, 32.750000,144, 0.0000000, 84, 0.0000000, 48,       104, 16,       141
5BC,2017/02/17 16:57:00, 50, 10.382944, 51, 42.463844, 52, 32.080902, 49,        64, 56, 8.9075432, 67, 644.68970, 72, 154.43860, 77, 32.968750,144, 0.0000000, 84, 0.0000000, 48,       104, 16,       141
54C,2017/02/17 16:58:00, 50, 22.512360, 51, 52.824978, 52, 30.312618, 49,        64, 56, 8.9075432, 67, 644.68970, 72, 154.45432, 77, 33.156250,144, 0.0000000, 84, 0.0000000, 48,       104, 16,       141
58C,2017/02/17 16:59:00, 50, 3.7662797, 51, 37.305477, 52, 33.539200, 49,        64, 56, 8.9075432, 67, 644.68970, 72, 154.63290, 77, 33.343750,144, 0.0000000, 84, 0.0000000, 48,       104, 16,       141
58C,2017/02/17 17:00:00, 50, 21.837708, 51, 28.791059, 52, 6.9533529, 49,        64, 56, 8.9075432, 67, 644.68970, 72, 154.51239, 77, 33.531250,144, 0.0000000, 84, 0.0000000, 48,       104, 16,       141
51C,2017/02/17 17:01:00, 50, 3.7278228, 51, 35.407398, 52, 31.679577, 49,        64, 56, 8.9075432, 67, 644.68970, 72, 154.68417, 77, 33.687500,144, 0.0000000, 84, 0.0000000, 48,       104, 16,       141
52C,2017/02/17 17:02:00, 50, 4.9681120, 51, 35.131409, 52, 30.163300, 49,        64, 56, 8.9075432, 67, 644.68970, 72, 154.54971, 77, 33.875000,144, 0.0000000, 84, 0.0000000, 48,       104, 16,       141
53C,2017/02/17 17:03:00, 50, 10.410255, 51, 31.458408, 52, 21.048153, 49,        64, 56, 8.9075432, 67, 644.68970, 72, 154.55798, 77, 34.062500,144, 0.0000000, 84, 0.0000000, 48,       104, 16,       141
5DC,2017/02/17 17:04:00, 50, 10.140730, 51, 17.595732, 52, 7.4550028, 49,        64, 56, 8.9075432, 67, 644.68970, 72, 154.72931, 77, 34.218750,144, 0.0000000, 84, 0.0000000, 48,       104, 16,       141
53C,2017/02/17 17:05:00, 50, 17.856865, 51, 58.506210, 52, 40.649345, 49,        64, 56, 8.9075432, 67, 644.68970, 72, 154.61459, 77, 34.375000,144, 0.0000000, 84, 0.0000000, 48,       104, 16,       141
58C,2017/02/17 17:06:00, 50, 12.615284, 51, 46.066662, 52, 33.451378, 49,        64, 56, 8.9075432, 67, 644.68970, 72, 154.80496, 77, 34.531250,144, 0.0000000, 84, 0.0000000, 48,       104, 16,       141
59C,2017/02/17 17:07:00, 50, 13.939432, 51, 45.526550, 52, 31.587120, 49,        64, 56, 8.9075432, 67, 644.68970, 72, 154.63547, 77, 34.687500,144, 0.0000000, 84, 0.0000000, 48,       104, 16,       141
5DC,2017/02/17 17:08:00, 50, 24.087540, 51, 67.987259, 52, 43.899719, 49,        64, 56, 8.9075432, 67, 644.68970, 72, 154.63342, 77, 34.875000,144, 0.0000000, 84, 0.0000000, 48,       104, 16,       141
5AC,2017/02/17 17:09:00, 50, 16.373432, 51, 36.561298, 52, 20.187866, 49,        64, 56, 8.9075432, 67, 644.68970, 72, 154.79135, 77, 35.000000,144, 0.0000000, 84, 0.0000000, 48,       104, 16,       141
55C,2017/02/17 17:10:00, 50,-0.1092125, 51, 7.4366517, 52, 7.5458641, 49,        64, 56, 8.9075432, 67, 644.68970, 72, 154.62213, 77, 35.156250,144, 0.0000000, 84, 0.0000000, 48,       104, 16,       141
53C,2017/02/17 17:11:00, 50, 6.9266329, 51, 27.535038, 52, 20.608406, 49,        64, 56, 8.9075432, 67, 644.68970, 72, 154.78696, 77, 35.281250,144, 0.0000000, 84, 0.0000000, 48,       104, 16,       141
50C,2017/02/17 17:12:00, 50, 216.11786, 51,-45.519226, 52,-261.63708, 49,        64, 56, 8.9075432, 67, 644.68970, 72, 154.62009, 77, 35.468750,144, 0.0000000, 84, 0.0000000, 48,       104, 16,       141
5CC,2017/02/17 17:13:00, 50, 16.863129, 51, 23.080511, 52, 6.2173824, 49,        64, 56, 8.9075432, 67, 644.68970, 72, 154.60898, 77, 35.593750,144, 0.0000000, 84, 0.0000000, 48,       104, 16,       141
54C,2017/02/17 17:14:00, 50, 12.339298, 51, 21.629034, 52, 9.2897358, 49,        64, 56, 8.9075432, 67, 644.68970, 72, 154.75726, 77, 35.718750,144, 0.0000000, 84, 0.0000000, 48,       104, 16,       141
51C,2017/02/17 17:15:00, 50, 6.6079674, 51, 28.138653, 52, 21.530685, 49,        64, 56, 8.9075432, 67, 644.68970, 72, 154.61301, 77, 35.875000,144, 0.0000000, 84, 0.0000000, 48,       104, 16,       141
5FC,2017/02/17 17:16:00, 50, 2.3065414, 51, 30.851562, 52, 28.545021, 49,        64, 56, 8.9075432, 67, 644.68970, 72, 154.76489, 77, 36.000000,144, 0.0000000, 84, 0.0000000, 48,       104, 16,       141
52C,2017/02/17 17:17:00, 50, 4.6480064, 51, 10.447439, 52, 5.7994328, 49,        64, 56, 8.9075432, 67, 644.68970, 72, 154.60416, 77, 36.125000,144, 0.0000000, 84, 0.0000000, 48,       104, 16,       141
59C,2017/02/17 17:18:00, 50, 6.4617558, 51, 21.409224, 52, 14.947468, 49,        64, 56, 8.9075432, 67, 644.68970, 72, 154.60181, 77, 36.250000,144, 0.0000000, 84, 0.0000000, 48,       104, 16,       141
50C,2017/02/17 17:19:00, 50, 0.6276157, 51, 43.126362, 52, 42.498749, 49,        64, 56, 8.9075432, 67, 644.68970, 72, 154.76169, 77, 36.375000,144, 0.0000000, 84, 0.0000000, 48,       104, 16,       141
50C,2017/02/17 17:20:00, 50,-5.6152983, 51, 34.047905, 52, 39.663200, 49,        64, 56, 8.9075432, 67, 644.68970, 72, 154.60620, 77, 36.500000,144, 0.0000000, 84, 0.0000000, 48,       104, 16,       141
56C,2017/02/17 17:21:00, 50, 16.811516, 51, 33.030647, 52, 16.219131, 49,        64, 56, 8.9075432, 67, 644.68970, 72, 154.79102, 77, 36.625000,144, 0.0000000, 84, 0.0000000, 48,       104, 16,       141
5FC,2017/02/17 17:22:00, 50, 14.985556, 51, 34.911869, 52, 19.926315, 49,        64, 56, 8.9075432, 67, 644.68970, 72, 154.63800, 77, 36.750000,144, 0.0000000, 84, 0.0000000, 48,       104, 16,       141
57C,2017/02/17 17:23:00, 50, 18.023350, 51, 24.495922, 52, 6.4725723, 49,        64, 56, 8.9075432, 67, 644.68970, 72, 154.62970, 77, 36.843750,144, 0.0000000, 84, 0.0000000, 48,       104, 16,       141
58C,2017/02/17 17:24:00, 50, 12.364437, 51, 29.201462, 52, 16.837025, 49,        64, 56, 8.9075432, 67, 644.68970, 72, 154.79861, 77, 36.968750,144, 0.0000000, 84, 0.0000000, 48,       104, 16,       141
57C,2017/02/17 17:25:00, 50,-10.300093, 51, 17.260630, 52, 27.560722, 49,        64, 56, 8.9075432, 67, 644.68970, 72, 154.63425, 77, 37.093750,144, 0.0000000, 84, 0.0000000, 48,       104, 16,       141
5BC,2017/02/17 17:26:00, 50, 4.9186993, 51, 30.068689, 52, 25.149990, 49,        64, 56, 8.9075432, 67, 644.68970, 72, 154.82245, 77, 37.187500,144, 0.0000000, 84, 0.0000000, 48,       104, 16,       141
5BC,2017/02/17 17:27:00, 50, 10.671934, 51, 20.894876, 52, 10.222942, 49,        64, 56, 8.9075432, 67, 644.68970, 72, 154.66367, 77, 37.281250,144, 0.0000000, 84, 0.0000000, 48,       104, 16,       141
5CC,2017/02/17 17:28:00, 50,-0.2839444, 51, 6.6424456, 52, 6.9263897, 49,        64, 56, 8.9075432, 67, 644.68970, 72, 154.66815, 77, 37.406250,144, 0.0000000, 84, 0.0000000, 48,       104, 16,       141
56C,2017/02/17 17:29:00, 50, 9.3734360, 51, 9.9839344, 52, 0.6104993, 49,        64, 56, 8.9075432, 67, 644.68970, 72, 154.84061, 77, 37.500000,144, 0.0000000, 84, 0.0000000, 48,       104, 16,       141
5AC,2017/02/17 17:30:00, 50,-6.1574030, 51, 21.650959, 52, 27.808361, 49,        64, 56, 8.9075432, 67, 644.68970, 72, 154.66367, 77, 37.593750,144, 0.0000000, 84, 0.0000000, 48,       104, 16,       141
5CC,2017/02/17 17:31:00, 50,-1.4227507, 51, 18.234484, 52, 19.657234, 49,        64, 56, 8.9075432, 67, 644.68970, 72, 154.83994, 77, 37.687500,144, 0.0000000, 84, 0.0000000, 48,       104, 16,       141
56C,2017/02/17 17:32:00, 50, 17.604713, 51, 12.385433, 52,-5.2192802, 49,        64, 56, 8.9075432, 67, 644.68970, 72, 154.67694, 77, 37.750000,144, 0.0000000, 84, 0.0000000, 48,       104, 16,       141
5FC,2017/02/17 17:33:00, 50,-2.2506213, 51, 25.528051, 52, 27.778671, 49,        64, 56, 8.9075432, 67, 644.68970, 72, 154.68790, 77, 37.843750,144, 0.0000000, 84, 0.0000000, 48,       104, 16,       141
56C,2017/02/17 17:34:00, 50, 3.8632350, 51, 10.382125, 52, 6.5188904, 49,        64, 56, 8.9075432, 67, 644.68970, 72, 154.90701, 77, 37.906250,144, 0.0000000, 84, 0.0000000, 48,       104, 16,       141
5CC,2017/02/17 17:35:01, 50, 5.0974369, 51, 56.125168, 52, 51.027733, 49,        64, 56, 8.9075432, 67, 644.68970, 72, 154.71921, 77, 37.968750,144, 0.0000000, 84, 0.0000000, 48,       104, 16,       141
5BC,2017/02/17 17:36:00, 50,-4.9958725, 51, 10.726555, 52, 15.722427, 49,        64, 56, 8.9075432, 67, 644.68970, 72, 154.90717, 77, 38.031250,144, 0.0000000, 84, 0.0000000, 48,       104, 16,       141
53C,2017/02/17 17:37:00, 50, 15.284958, 51, 10.770906, 52,-4.5140514, 49,        64, 56, 8.9075432, 67, 644.68970, 72, 154.69757, 77, 38.125000,144, 0.0000000, 84, 0.0000000, 48,       104, 16,       141
59C,2017/02/17 17:38:00, 50, 4.9613237, 51, 15.406501, 52, 10.445177, 49,        64, 56, 8.9075432, 67, 644.68970, 72, 154.68164, 77, 38.156250,144, 0.0000000, 84, 0.0000000, 48,       104, 16,       141
58C,2017/02/17 17:39:00, 50, 6.8975763, 51, 16.921047, 52, 10.023472, 49,        64, 56, 8.9075432, 67, 644.68970, 72, 154.83884, 77, 38.250000,144, 0.0000000, 84, 0.0000000, 48,       104, 16,       141
55C,2017/02/17 17:40:00, 50, 10.170038, 51, 12.431523, 52, 2.2614851, 49,        64, 56, 8.9075432, 67, 644.68970, 72, 154.67194, 77, 38.281250,144, 0.0000000, 84, 0.0000000, 48,       104, 16,       141
5DC,2017/02/17 17:41:00, 50,-0.1186052, 51, 11.812149, 52, 11.930754, 49,        64, 56, 8.9075432, 67, 644.68970, 72, 154.83249, 77, 38.375000,144, 0.0000000, 84, 0.0000000, 48,       104, 16,       141
5FC,2017/02/17 17:42:00, 50,-3.2351317, 51, 9.9686403, 52, 13.203772, 49,        64, 56, 8.9075432, 67, 644.68970, 72, 154.66907, 77, 38.437500,144, 0.0000000, 84, 0.0000000, 48,       104, 16,       141
53C,2017/02/17 17:43:00, 50, 1.4701736, 51, 36.032764, 52, 34.562592, 49,        64, 56, 8.9075432, 67, 644.68970, 72, 154.66812, 77, 38.500000,144, 0.0000000, 84, 0.0000000, 48,       104, 16,       141
51C,2017/02/17 17:44:00, 50, 12.508429, 51, 17.768398, 52, 5.2599697, 49,        64, 56, 8.9075432, 67, 644.68970, 72, 154.82281, 77, 38.562500,144, 0.0000000, 84, 0.0000000, 48,       104, 16,       141
5BC,2017/02/17 17:45:00, 50, 5.9802485, 51, 17.402708, 52, 11.422461, 49,        64, 56, 8.9075432, 67, 644.68970, 72, 154.65814, 77, 38.625000,144, 0.0000000, 84, 0.0000000, 48,       104, 16,       141
54C,2017/02/17 17:46:00, 50,-10.646008, 51, 13.764191, 52, 24.410198, 49,        64, 56, 8.9075432, 67, 644.68970, 72, 154.83817, 77, 38.687500,144, 0.0000000, 84, 0.0000000, 48,       104, 16,       141
5CC,2017/02/17 17:47:00, 50,-3.5860066, 51, 28.645531, 52, 32.231537, 49,        64, 56, 8.9075432, 67, 644.68970, 72, 154.70474, 77, 38.750000,144, 0.0000000, 84, 0.0000000, 48,       104, 16,       141
53C,2017/02/17 17:48:00, 50, 6.3924274, 51, 20.745531, 52, 14.353104, 49,        64, 56, 8.9075432, 67, 644.68970, 72, 154.74692, 77, 38.812500,144, 0.0000000, 84, 0.0000000, 48,       104, 16,       141
54C,2017/02/17 17:49:00, 50, 5.1086864, 51, 24.116610, 52, 19.007923, 49,        64, 56, 8.9075432, 67, 644.68970, 72, 154.99600, 77, 38.843750,144, 0.0000000, 84, 0.0000000, 48,       104, 16,       141
50C,2017/02/17 17:50:00, 50, 15.059034, 51, 23.872993, 52, 8.8139591, 49,        64, 56, 8.9075432, 67, 644.68970, 72, 154.87134, 77, 38.937500,144, 0.0000000, 84, 0.0000000, 48,       104, 16,       141
59C,2017/02/17 17:51:00, 50, 15.552925, 51, 28.439787, 52, 12.886862, 49,        64, 56, 8.9075432, 67, 644.68970, 72, 154.99512, 77, 39.031250,144, 0.0000000, 84, 0.0000000, 48,       104, 16,       141
53C,2017/02/17 17:52:00, 50,-4.9894257, 51, 3.6788979, 52, 8.6683235, 49,        64, 56, 8.9075432, 67, 644.68970, 72, 154.79694, 77, 39.031250,144, 0.0000000, 84, 0.0000000, 48,       104, 16,       141
57C,2017/02/17 17:53:00, 50, 5.1613045, 51, 26.856972, 52, 21.695667, 49,        64, 56, 8.9075432, 67, 644.68970, 72, 154.76898, 77, 39.125000,144, 0.0000000, 84, 0.0000000, 48,       104, 16,       141
50C,2017/02/17 17:54:00, 50, 6.2526855, 51, 32.123474, 52, 25.870789, 49,        64, 56, 8.9075432, 67, 644.68970, 72, 154.91510, 77, 39.187500,144, 0.0000000, 84, 0.0000000, 48,       104, 16,       141
53C,2017/02/17 17:55:00, 50,-1.2620778, 51, 28.531025, 52, 29.793102, 49,        64, 56, 8.9075432, 67, 644.68970, 72, 154.74911, 77, 39.250000,144, 0.0000000, 84, 0.0000000, 48,       104, 16,       141
52C,2017/02/17 17:56:00, 50,-2.7691755, 51, 22.684786, 52, 25.453960, 49,        64, 56, 8.9075432, 67, 644.68970, 72, 154.93027, 77, 39.312500,144, 0.0000000, 84, 0.0000000, 48,       104, 16,       141
5DC,2017/02/17 17:57:00, 50, 9.8123112, 51, 34.371071, 52, 24.558762, 49,        64, 56, 8.9075432, 67, 644.68970, 72, 154.80807, 77, 39.375000,144, 0.0000000, 84, 0.0000000, 48,       104, 16,       141
55C,2017/02/17 17:58:00, 50, 5.7810755, 51, 31.905102, 52, 26.124027, 49,        64, 56, 8.9075432, 67, 644.68970, 72, 154.85150, 77, 39.437500,144, 0.0000000, 84, 0.0000000, 48,       104, 16,       141
53C,2017/02/17 17:59:00, 50, 9.9295807, 51, 30.131088, 52, 20.201508, 49,        64, 56, 8.9075432, 67, 644.68970, 72, 155.07626, 77, 39.500000,144, 0.0000000, 84, 0.0000000, 48,       104, 16,       141
53C,2017/02/17 18:00:00, 50, 13.261848, 51, 18.138184, 52, 4.8763351, 49,        64, 56, 8.9075432, 67, 644.68970, 72, 154.94565, 77, 39.531250,144, 0.0000000, 84, 0.0000000, 48,       104, 16,       141
5FC,2017/02/17 18:01:00, 50, 17.281456, 51, 34.782330, 52, 17.500874, 49,        64, 56, 8.9075432, 67, 644.68970, 72, 155.12656, 77, 39.593750,144, 0.0000000, 84, 0.0000000, 48,       104, 16,       141
5AC,2017/02/17 18:02:00, 50, 13.026161, 51, 27.424389, 52, 14.398228, 49,        64, 56, 8.9075432, 67, 644.68970, 72, 154.95276, 77, 39.625000,144, 0.0000000, 84, 0.0000000, 48,       104, 16,       141
53C,2017/02/17 18:03:00, 50,-2.8644934, 51, 32.090672, 52, 34.955162, 49,        64, 56, 8.9075432, 67, 644.68970, 72, 154.94211, 77, 39.687500,144, 0.0000000, 84, 0.0000000, 48,       104, 16,       141
5EC,2017/02/17 18:04:00, 50, 0.1649067, 51, 43.312199, 52, 43.147293, 49,        64, 56, 8.9075432, 67, 644.68970, 72, 155.07230, 77, 39.625000,144, 0.0000000, 84, 0.0000000, 48,       104, 16,       141
50C,2017/02/17 18:05:00, 50, 30.179367, 51, 14.521904, 52,-15.657463, 49,        64, 56, 8.9075432, 67, 644.68970, 72, 154.89664, 77, 39.531250,144, 0.0000000, 84, 0.0000000, 48,       104, 16,       141
57C,2017/02/17 18:06:00, 50, 31.278854, 51, 39.728901, 52, 8.4500484, 49,        64, 56, 8.9075432, 67, 644.68970, 72, 155.05325, 77, 39.406250,144, 0.0000000, 84, 0.0000000, 48,       104, 16,       141
5CC,2017/02/17 18:07:00, 50, 19.294132, 51, 42.870651, 52, 23.576519, 49,        64, 56, 8.9075432, 67, 644.68970, 72, 154.89178, 77, 39.281250,144, 0.0000000, 84, 0.0000000, 48,       104, 16,       141
51C,2017/02/17 18:08:00, 50, 10.738346, 51, 28.316280, 52, 17.577934, 49,        64, 56, 8.9075432, 67, 644.68970, 72, 154.88666, 77, 39.125000,144, 0.0000000, 84, 0.0000000, 48,       104, 16,       141
5CC,2017/02/17 18:09:00, 50, 25.303764, 51, 34.699688, 52, 9.3959236, 49,        64, 56, 8.9075432, 67, 644.68970, 72, 155.01959, 77, 39.062500,144, 0.0000000, 84, 0.0000000, 48,       104, 16,       141
5CC,2017/02/17 18:10:00, 50, 19.200726, 51, 38.104267, 52, 18.903542, 49,        64, 56, 8.9075432, 67, 644.68970, 72, 154.81149, 77, 39.000000,144, 0.0000000, 84, 0.0000000, 48,       104, 16,       141
5CC,2017/02/17 18:11:00, 50, 0.9473926, 51, 48.158108, 52, 47.210716, 49,        64, 56, 8.9075432, 67, 644.68970, 72, 154.96957, 77, 38.937500,144, 0.0000000, 84, 0.0000000, 48,       104, 16,       141
5DC,2017/02/17 18:12:00, 50, 20.747803, 51, 37.953999, 52, 17.206196, 49,        64, 56, 8.9075432, 67, 644.68970, 72, 154.80536, 77, 38.906250,144, 0.0000000, 84, 0.0000000, 48,       104, 16,       141
59C,2017/02/17 18:13:00, 50, 4.5201502, 51, 41.914795, 52, 37.394646, 49,        64, 56, 8.9075432, 67, 644.68970, 72, 154.81781, 77, 38.906250,144, 0.0000000, 84, 0.0000000, 48,       104, 16,       141
57C,2017/02/17 18:14:00, 50, 0.8658868, 51, 37.810596, 52, 36.944710, 49,        64, 56, 8.9075432, 67, 644.68970, 72, 155.00583, 77, 38.937500,144, 0.0000000, 84, 0.0000000, 48,       104, 16,       141
55C,2017/02/17 18:15:00, 50, 8.4774704, 51, 31.063202, 52, 22.585732, 49,        64, 56, 8.9075432, 67, 644.68970, 72, 154.88071, 77, 38.937500,144, 0.0000000, 84, 0.0000000, 48,       104, 16,       141
5EC,2017/02/17 18:16:00, 50, 5.9846430, 51, 29.177498, 52, 23.192856, 49,        64, 56, 8.9075432, 67, 644.68970, 72, 155.05847, 77, 38.968750,144, 0.0000000, 84, 0.0000000, 48,       104, 16,       141
57C,2017/02/17 18:17:00, 50, 50.963799, 51, 67.342102, 52, 16.378307, 49,        64, 56, 8.9075432, 67, 644.68970, 72, 154.91443, 77, 39.000000,144, 0.0000000, 84, 0.0000000, 48,       104, 16,       141
50C,2017/02/17 18:18:00, 50, 18.184845, 51, 33.588406, 52, 15.403561, 49,        64, 56, 8.9075432, 67, 644.68970, 72, 154.91672, 77, 39.031250,144, 0.0000000, 84, 0.0000000, 48,       104, 16,       141
56C,2017/02/17 18:19:00, 50, 29.956600, 51, 51.033436, 52, 21.076836, 49,        64, 56, 8.9075432, 67, 644.68970, 72, 155.08456, 77, 39.062500,144, 0.0000000, 84, 0.0000000, 48,       104, 16,       141
5AC,2017/02/17 18:20:00, 50, 24.356827, 51, 52.578400, 52, 28.221573, 49,        64, 56, 8.9075432, 67, 644.68970, 72, 154.89014, 77, 39.093750,144, 0.0000000, 84, 0.0000000, 48,       104, 16,       141
53C,2017/02/17 18:21:00, 50, 26.364624, 51, 45.206882, 52, 18.842258, 49,        64, 56, 8.9075432, 67, 644.68970, 72, 155.06326, 77, 39.125000,144, 0.0000000, 84, 0.0000000, 48,       104, 16,       141
5CC,2017/02/17 18:22:00, 50, 11.576513, 51, 34.406464, 52, 22.829952, 49,        64, 56, 8.9075432, 67, 644.68970, 72, 154.93509, 77, 39.187500,144, 0.0000000, 84, 0.0000000, 48,       104, 16,       141
59C,2017/02/17 18:23:00, 50, 9.3092327, 51, 38.451656, 52, 29.142426, 49,        64, 56, 8.9075432, 67, 644.68970, 72, 154.93277, 77, 39.218750,144, 0.0000000, 84, 0.0000000, 48,       104, 16,       141
5FC,2017/02/17 18:24:00, 50, 21.910648, 51, 40.042557, 52, 18.131908, 49,        64, 56, 8.9075432, 67, 644.68970, 72, 155.08960, 77, 39.281250,144, 0.0000000, 84, 0.0000000, 48,       104, 16,       141
5BC,2017/02/17 18:25:00, 50, 12.025814, 51, 30.506283, 52, 18.480469, 49,        64, 56, 8.9075432, 67, 644.68970, 72, 154.92563, 77, 39.312500,144, 0.0000000, 84, 0.0000000, 48,       104, 16,       141
57C,2017/02/17 18:26:00, 50,-0.8097837, 51, 19.606623, 52, 20.416405, 49,        64, 56, 8.9075432, 67, 644.68970, 72, 155.07645, 77, 39.343750,144, 0.0000000, 84, 0.0000000, 48,       104, 16,       141
5AC,2017/02/17 18:27:00, 50, 3.9156599, 51, 25.283792, 52, 21.368134, 49,        64, 56, 8.9075432, 67, 644.68970, 72, 154.89136, 77, 39.375000,144, 0.0000000, 84, 0.0000000, 48,       104, 16,       141
5BC,2017/02/17 18:28:00, 50, 9.5361385, 51, 16.549974, 52, 7.0138359, 49,        64, 56, 8.9075432, 67, 644.68970, 72, 154.87503, 77, 39.406250,144, 0.0000000, 84, 0.0000000, 48,       104, 16,       141
54C,2017/02/17 18:29:00, 50, 2.7503219, 51, 21.494453, 52, 18.744133, 49,        64, 56, 8.9075432, 67, 644.68970, 72, 155.00867, 77, 39.406250,144, 0.0000000, 84, 0.0000000, 48,       104, 16,       141
5DC,2017/02/17 18:30:00, 50, 8.7776566, 51, 23.840382, 52, 15.062725, 49,        64, 56, 8.9075432, 67, 644.68970, 72, 154.83026, 77, 39.406250,144, 0.0000000, 84, 0.0000000, 48,       104, 16,       141
53C,2017/02/17 18:31:00, 50, 11.822399, 51, 25.066456, 52, 13.244057, 49,        64, 56, 8.9075432, 67, 644.68970, 72, 154.98880, 77, 39.406250,144, 0.0000000, 84, 0.0000000, 48,       104, 16,       141
5DC,2017/02/17 18:32:00, 50, 1.0792172, 51, 32.266731, 52, 31.187515, 49,        64, 56, 8.9075432, 67, 644.68970, 72, 154.82907, 77, 39.343750,144, 0.0000000, 84, 0.0000000, 48,       104, 16,       141
53C,2017/02/17 18:33:00, 50, 9.0516300, 51, 22.623444, 52, 13.571814, 49,        64, 56, 8.9075432, 67, 644.68970, 72, 154.84650, 77, 39.250000,144, 0.0000000, 84, 0.0000000, 48,       104, 16,       141
58C,2017/02/17 18:34:00, 50,-0.9235117, 51, 24.426655, 52, 25.350166, 49,        64, 56, 8.9075432, 67, 644.68970, 72, 155.00909, 77, 39.156250,144, 0.0000000, 84, 0.0000000, 48,       104, 16,       141
50C,2017/02/17 18:35:00, 50, 5.9275503, 51, 28.900709, 52, 22.973160, 49,        64, 56, 8.9075432, 67, 644.68970, 72, 154.84201, 77, 39.093750,144, 0.0000000, 84, 0.0000000, 48,       104, 16,       141
59C,2017/02/17 18:36:00, 50, 4.5842257, 51, 18.799459, 52, 14.215235, 49,        64, 56, 8.9075432, 67, 644.68970, 72, 154.98785, 77, 39.031250,144, 0.0000000, 84, 0.0000000, 48,       104, 16,       141
5DC,2017/02/17 18:37:00, 50, 14.697645, 51, 30.648434, 52, 15.950788, 49,        64, 56, 8.9075432, 67, 644.68970, 72, 154.79202, 77, 38.968750,144, 0.0000000, 84, 0.0000000, 48,       104, 16,       141
58C,2017/02/17 18:38:00, 50, 8.2118111, 51, 21.114010, 52, 12.902199, 49,        64, 56, 8.9075432, 67, 644.68970, 72, 154.78564, 77, 38.875000,144, 0.0000000, 84, 0.0000000, 48,       104, 16,       141
56C,2017/02/17 18:39:00, 50, 31.534737, 51, 366.14941, 52, 334.61469, 49,        64, 56, 8.9075432, 67, 644.68970, 72, 154.95288, 77, 38.812500,144, 0.0000000, 84, 0.0000000, 48,       104, 16,       141
5EC,2017/02/17 18:40:00, 50, 7.1478157, 51, 41.204014, 52, 34.056198, 49,        64, 56, 8.9075432, 67, 644.68970, 72, 154.78836, 77, 38.781250,144, 0.0000000, 84, 0.0000000, 48,       104, 16,       141
56C,2017/02/17 18:41:00, 50, 24.506531, 51, 32.713535, 52, 8.2070045, 49,        64, 56, 8.9075432, 67, 644.68970, 72, 154.96472, 77, 38.781250,144, 0.0000000, 84, 0.0000000, 48,       104, 16,       141
5FC,2017/02/17 18:42:00, 50, 14.231974, 51, 42.533066, 52, 28.301094, 49,        64, 56, 8.9075432, 67, 644.68970, 72, 154.79681, 77, 38.687500,144, 0.0000000, 84, 0.0000000, 48,       104, 16,       141
51C,2017/02/17 18:43:00, 50, 13.573603, 51, 33.862206, 52, 20.288605, 49,        64, 56, 8.9075432, 67, 644.68970, 72, 154.77664, 77, 38.656250,144, 0.0000000, 84, 0.0000000, 48,       104, 16,       141
56C,2017/02/17 18:44:00, 50, 85.940964, 51, 67.260391, 52,-18.680573, 49,        64, 56, 8.9075432, 67, 644.68970, 72, 154.92300, 77, 38.593750,144, 0.0000000, 84, 0.0000000, 48,       104, 16,       141
58C,2017/02/17 18:45:00, 50, 54.704903, 51, 84.621429, 52, 29.916527, 49,        64, 56, 8.9075432, 67, 644.68970, 72, 154.78217, 77, 38.562500,144, 0.0000000, 84, 0.0000000, 48,       104, 16,       141
5CC,2017/02/17 18:46:00, 50, 4.0419626, 51, 26.984211, 52, 22.942249, 49,        64, 56, 8.9075432, 67, 644.68970, 72, 154.95493, 77, 38.468750,144, 0.0000000, 84, 0.0000000, 48,       104, 16,       141
50C,2017/02/17 18:47:00, 50, 76.721756, 51, 62.797890, 52,-13.923870, 49,        64, 56, 8.9075432, 67, 644.68970, 72, 154.79330, 77, 38.437500,144, 0.0000000, 84, 0.0000000, 48,       104, 16,       141
5DC,2017/02/17 18:48:00, 50, 6.1601362, 51, 8.4479704, 52, 2.2878346, 49,        64, 56, 8.9075432, 67, 644.68970, 72, 154.80655, 77, 38.343750,144, 0.0000000, 84, 0.0000000, 48,       104, 16,       141
5EC,2017/02/17 18:49:00, 50,-3.9394884, 51, 2.2171602, 52, 6.1566486, 49,        64, 56, 8.9075432, 67, 644.68970, 72, 154.97067, 77, 38.250000,144, 0.0000000, 84, 0.0000000, 48,       104, 16,       141
55C,2017/02/17 18:50:00, 50, 10.470469, 51, 13.047307, 52, 2.5768390, 49,        64, 56, 8.9075432, 67, 644.68970, 72, 154.80530, 77, 38.187500,144, 0.0000000, 84, 0.0000000, 48,       104, 16,       141
54C,2017/02/17 18:51:00, 50, 33.567863, 51, 84.507484, 52, 50.939621, 49,        64, 56, 8.9075432, 67, 644.68970, 72, 154.96143, 77, 38.093750,144, 0.0000000, 84, 0.0000000, 48,       104, 16,       141
54C,2017/02/17 18:52:00, 50, 17.675804, 51, 36.610138, 52, 18.934334, 49,        64, 56, 8.9075432, 67, 644.68970, 72, 154.79269, 77, 38.093750,144, 0.0000000, 84, 0.0000000, 48,       104, 16,       141
5EC,2017/02/17 18:53:01, 50, 4.7747278, 51, 29.219604, 52, 24.444878, 49,        64, 56, 8.9075432, 67, 644.68970, 72, 154.79407, 77, 38.031250,144, 0.0000000, 84, 0.0000000, 48,       104, 16,       141
58C,2017/02/17 18:54:00, 50, 10.132406, 51,-2.8701916, 52,-13.002598, 49,        64, 56, 8.9075432, 67, 644.68970, 72, 154.94669, 77, 38.031250,144, 0.0000000, 84, 0.0000000, 48,       104, 16,       141
54C,2017/02/17 18:55:00, 50, 41.709991, 51, 33.363590, 52,-8.3464012, 49,        64, 56, 8.9075432, 67, 644.68970, 72, 154.78110, 77, 38.031250,144, 0.0000000, 84, 0.0000000, 48,       104, 16,       141
58C,2017/02/17 18:56:00, 50, 14.325499, 51, 10.329285, 52,-3.9962144, 49,        64, 56, 8.9075432, 67, 644.68970, 72, 154.95737, 77, 38.062500,144, 0.0000000, 84, 0.0000000, 48,       104, 16,       141
5AC,2017/02/17 18:57:00, 50, 7.5095539, 51, 25.236094, 52, 17.726540, 49,        64, 56, 8.9075432, 67, 644.68970, 72, 154.79507, 77, 38.062500,144, 0.0000000, 84, 0.0000000, 48,       104, 16,       141
5EC,2017/02/17 18:58:00, 50, 10.464888, 51, 38.290691, 52, 27.825806, 49,        64, 56, 8.9075432, 67, 644.68970, 72, 154.80038, 77, 38.093750,144, 0.0000000, 84, 0.0000000, 48,       104, 16,       141
54C,2017/02/17 18:59:00, 50, 19.591240, 51, 65.314766, 52, 45.723526, 49,        64, 56, 8.9075432, 67, 644.68970, 72, 154.96674, 77, 38.093750,144, 0.0000000, 84, 0.0000000, 48,       104, 16,       141
59C,2017/02/17 19:00:00, 50, 13.152283, 51, 43.163765, 52, 30.011482, 49,        64, 56, 8.9075432, 67, 644.68970, 72, 154.80255, 77, 38.093750,144, 0.0000000, 84, 0.0000000, 48,       104, 16,       141
5BC,2017/02/17 19:01:00, 50, 0.3556246, 51, 37.132401, 52, 36.776779, 49,        64, 56, 8.9075432, 67, 644.68970, 72, 154.95804, 77, 38.093750,144, 0.0000000, 84, 0.0000000, 48,       104, 16,       141
5AC,2017/02/17 19:02:00, 50, 18.550159, 51, 31.681961, 52, 13.131802, 49,        64, 56, 8.9075432, 67, 644.68970, 72, 154.78336, 77, 38.062500,144, 0.0000000, 84, 0.0000000, 48,       104, 16,       141
50C,2017/02/17 19:03:00, 50, 10.225597, 51, 38.916306, 52, 28.690708, 49,        64, 56, 8.9075432, 67, 644.68970, 72, 154.77618, 77, 38.031250,144, 0.0000000, 84, 0.0000000, 48,       104, 16,       141
5EC,2017/02/17 19:04:00, 50,-3.5335670, 51, 6.0337763, 52, 9.5673428, 49,        64, 56, 8.9075432, 67, 644.68970, 72, 154.92523, 77, 38.031250,144, 0.0000000, 84, 0.0000000, 48,       104, 16,       141
5DC,2017/02/17 19:05:00, 50, 1.5629239, 51, 16.950800, 52, 15.387877, 49,        64, 56, 8.9075432, 67, 644.68970, 72, 154.71426, 77, 38.000000,144, 0.0000000, 84, 0.0000000, 48,       104, 16,       141
59C,2017/02/17 19:06:00, 50, 6.7988548, 51, 17.859037, 52, 11.060183, 49,        64, 56, 8.9075432, 67, 644.68970, 72, 154.87430, 77, 38.000000,144, 0.0000000, 84, 0.0000000, 48,       104, 16,       141
53C,2017/02/17 19:07:00, 50, 4.9753094, 51, 15.968016, 52, 10.992706, 49,        64, 56, 8.9075432, 67, 644.68970, 72, 154.71399, 77, 37.968750,144, 0.0000000, 84, 0.0000000, 48,       104, 16,       141
54C,2017/02/17 19:08:00, 50,-6.5980482, 51, 11.811895, 52, 18.409943, 49,        64, 56, 8.9075432, 67, 644.68970, 72, 154.71964, 77, 37.968750,144, 0.0000000, 84, 0.0000000, 48,       104, 16,       141
50C,2017/02/17 19:09:00, 50,-2.2377601, 51, 20.129139, 52, 22.366898, 49,        64, 56, 8.9075432, 67, 644.68970, 72, 154.89056, 77, 37.937500,144, 0.0000000, 84, 0.0000000, 48,       104, 16,       141
54C,2017/02/17 19:10:00, 50, 1.0601063, 51, 12.641735, 52, 11.581629, 49,        64, 56, 8.9075432, 67, 644.68970, 72, 154.72656, 77, 37.968750,144, 0.0000000, 84, 0.0000000, 48,       104, 16,       141
54C,2017/02/17 19:11:00, 50, 0.7391877, 51, 12.340277, 52, 11.601089, 49,        64, 56, 8.9075432, 67, 644.68970, 72, 154.87631, 77, 37.937500,144, 0.0000000, 84, 0.0000000, 48,       104, 16,       141
58C,2017/02/17 19:12:00, 50,-0.2276740, 51, 21.625019, 52, 21.852692, 49,        64, 56, 8.9075432, 67, 644.68970, 72, 154.70065, 77, 37.906250,144, 0.0000000, 84, 0.0000000, 48,       104, 16,       141
5EC,2017/02/17 19:13:00, 50, 1.6526370, 51, 22.108866, 52, 20.456230, 49,        64, 56, 8.9075432, 67, 644.68970, 72, 154.68927, 77, 37.875000,144, 0.0000000, 84, 0.0000000, 48,       104, 16,       141
5EC,2017/02/17 19:14:00, 50,-1.0578780, 51, 25.702423, 52, 26.760300, 49,        64, 56, 8.9075432, 67, 644.68970, 72, 154.86105, 77, 37.875000,144, 0.0000000, 84, 0.0000000, 48,       104, 16,       141
51C,2017/02/17 19:15:00, 50, 10.694550, 51, 23.741405, 52, 13.046856, 49,        64, 56, 8.9075432, 67, 644.68970, 72, 154.71823, 77, 37.875000,144, 0.0000000, 84, 0.0000000, 48,       104, 16,       141
54C,2017/02/17 19:16:00, 50, 7.3313828, 51, 21.737167, 52, 14.405785, 49,        64, 56, 8.9075432, 67, 644.68970, 72, 154.90945, 77, 37.906250,144, 0.0000000, 84, 0.0000000, 48,       104, 16,       141
50C,2017/02/17 19:17:00, 50, 5.0778036, 51, 9.2964792, 52, 4.2186756, 49,        64, 56, 8.9075432, 67, 644.68970, 72, 154.76752, 77, 37.843750,144, 0.0000000, 84, 0.0000000, 48,       104, 16,       141
5BC,2017/02/17 19:18:00, 50, 5.7288456, 51, 34.262939, 52, 28.534096, 49,        64, 56, 8.9075432, 67, 644.68970, 72, 154.78607, 77, 37.843750,144, 0.0000000, 84, 0.0000000, 48,       104, 16,       141
5EC,2017/02/17 19:19:00, 50, 9.4657993, 51, 28.283293, 52, 18.817493, 49,        64, 56, 8.9075432, 67, 644.68970, 72, 154.95419, 77, 37.843750,144, 0.0000000, 84, 0.0000000, 48,       104, 16,       141
5BC,2017/02/17 19:20:00, 50, 16.080452, 51, 27.688959, 52, 11.608507, 49,        64, 56, 8.9075432, 67, 644.68970, 72, 154.78049, 77, 37.812500,144, 0.0000000, 84, 0.0000000, 48,       104, 16,       141
55C,2017/02/17 19:21:00, 50, 10.282860, 51, 30.852695, 52, 20.569836, 49,        64, 56, 8.9075432, 67, 644.68970, 72, 154.93445, 77, 37.812500,144, 0.0000000, 84, 0.0000000, 48,       104, 16,       141
52C,2017/02/17 19:22:00, 50, 2.8676667, 51, 8.2528057, 52, 5.3851395, 49,        64, 56, 8.9075432, 67, 644.68970, 72, 154.74747, 77, 37.812500,144, 0.0000000, 84, 0.0000000, 48,       104, 16,       141
56C,2017/02/17 19:23:00, 50, 188.39246, 51,-95.587280, 52,-283.97974, 49,        64, 56, 8.9075432, 67, 644.68970, 72, 154.73407, 77, 37.781250,144, 0.0000000, 84, 0.0000000, 48,       104, 16,       141
56C,2017/02/17 19:24:00, 50, 17.403378, 51, 29.692841, 52, 12.289463, 49,        64, 56, 8.9075432, 67, 644.68970, 72, 154.89319, 77, 37.812500,144, 0.0000000, 84, 0.0000000, 48,       104, 16,       141
5CC,2017/02/17 19:25:00, 50, 7.8427105, 51, 22.780657, 52, 14.937946, 49,        64, 56, 8.9075432, 67, 644.68970, 72, 154.73373, 77, 37.781250,144, 0.0000000, 84, 0.0000000, 48,       104, 16,       141
5BC,2017/02/17 19:26:00, 50, 6.7821674, 51, 28.744459, 52, 21.962292, 49,        64, 56, 8.9075432, 67, 644.68970, 72, 154.90472, 77, 37.781250,144, 0.0000000, 84, 0.0000000, 48,       104, 16,       141
53C,2017/02/17 19:27:00, 50, 13.091448, 51, 38.840855, 52, 25.749409, 49,        64, 56, 8.9075432, 67, 644.68970, 72, 154.74615, 77, 37.781250,144, 0.0000000, 84, 0.0000000, 48,       104, 16,       141
59C,2017/02/17 19:28:00, 50, 9.1591549, 51, 30.866274, 52, 21.707119, 49,        64, 56, 8.9075432, 67, 644.68970, 72, 154.76050, 77, 37.781250,144, 0.0000000, 84, 0.0000000, 48,       104, 16,       141
5FC,2017/02/17 19:29:00, 50, 4.3991299, 51, 15.772120, 52, 11.372990, 49,        64, 56, 8.9075432, 67, 644.68970, 72, 154.92673, 77, 37.781250,144, 0.0000000, 84, 0.0000000, 48,       104, 16,       141
5CC,2017/02/17 19:30:00, 50, 11.531960, 51, 32.916180, 52, 21.384220, 49,        64, 56, 8.9075432, 67, 644.68970, 72, 154.76413, 77, 37.781250,144, 0.0000000, 84, 0.0000000, 48,       104, 16,       141
52C,2017/02/17 19:31:00, 50, 16.023483, 51, 40.712963, 52, 24.689480, 49,        64, 56, 8.9075432, 67, 644.68970, 72, 154.93344, 77, 37.750000,144, 0.0000000, 84, 0.0000000, 48,       104, 16,       141
54C,2017/02/17 19:32:00, 50, 13.131630, 51, 34.206669, 52, 21.075039, 49,        64, 56, 8.9075432, 67, 644.68970, 72, 154.76743, 77, 37.750000,144, 0.0000000, 84, 0.0000000, 48,       104, 16,       141
50C,2017/02/17 19:33:00, 50, 4.0838852, 51, 30.036083, 52, 25.952198, 49,        64, 56, 8.9075432, 67, 644.68970, 72, 154.75375, 77, 37.718750,144, 0.0000000, 84, 0.0000000, 48,       104, 16,       141
5AC,2017/02/17 19:34:00, 50, 43.186859, 51,-1.3195038, 52,-44.506363, 49,        64, 56, 8.9075432, 67, 644.68970, 72, 154.91263, 77, 37.718750,144, 0.0000000, 84, 0.0000000, 48,       104, 16,       141
53C,2017/02/17 19:35:00, 50, 16.612503, 51, 30.544735, 52, 13.932232, 49,        64, 56, 8.9075432, 67, 644.68970, 72, 154.76212, 77, 37.718750,144, 0.0000000, 84, 0.0000000, 48,       104, 16,       141
58C,2017/02/17 19:36:00, 50, 11.780363, 51, 34.646992, 52, 22.866631, 49,        64, 56, 8.9075432, 67, 644.68970, 72, 154.93369, 77, 37.687500,144, 0.0000000, 84, 0.0000000, 48,       104, 16,       141
50C,2017/02/17 19:37:00, 50, 13.092436, 51, 28.647923, 52, 15.555487, 49,        64, 56, 8.9075432, 67, 644.68970, 72, 154.76935, 77, 37.687500,144, 0.0000000, 84, 0.0000000, 48,       104, 16,       141
5AC,2017/02/17 19:38:00, 50, 0.4834725, 51, 31.758141, 52, 31.274670, 49,        64, 56, 8.9075432, 67, 644.68970, 72, 154.77795, 77, 37.687500,144, 0.0000000, 84, 0.0000000, 48,       104, 16,       141
53C,2017/02/17 19:39:00, 50, 5.3945770, 51, 21.204275, 52, 15.809698, 49,        64, 56, 8.9075432, 67, 644.68970, 72, 154.92758, 77, 37.656250,144, 0.0000000, 84, 0.0000000, 48,       104, 16,       141
5DC,2017/02/17 19:40:00, 50,-2.1675415, 51, 18.852509, 52, 21.020050, 49,        64, 56, 8.9075432, 67, 644.68970, 72, 154.76187, 77, 37.625000,144, 0.0000000, 84, 0.0000000, 48,       104, 16,       141
5FC,2017/02/17 19:41:00, 50, 7.5127649, 51, 39.149845, 52, 31.637081, 49,        64, 56, 8.9075432, 67, 644.68970, 72, 154.92105, 77, 37.593750,144, 0.0000000, 84, 0.0000000, 48,       104, 16,       141
57C,2017/02/17 19:42:00, 50, 24.281311, 51, 49.838192, 52, 25.556881, 49,        64, 56, 8.9075432, 67, 644.68970, 72, 154.75259, 77, 37.562500,144, 0.0000000, 84, 0.0000000, 48,       104, 16,       141
5BC,2017/02/17 19:43:00, 50, 13.350904, 51, 30.532236, 52, 17.181332, 49,        64, 56, 8.9075432, 67, 644.68970, 72, 154.74872, 77, 37.562500,144, 0.0000000, 84, 0.0000000, 48,       104, 16,       141
50C,2017/02/17 19:44:00, 50, 28.536770, 51, 41.452984, 52, 12.916214, 49,        64, 56, 8.9075432, 67, 644.68970, 72, 154.90863, 77, 37.562500,144, 0.0000000, 84, 0.0000000, 48,       104, 16,       141
55C,2017/02/17 19:45:00, 50, 18.883163, 51, 46.099266, 52, 27.216103, 49,        64, 56, 8.9075432, 67, 644.68970, 72, 154.74423, 77, 37.593750,144, 0.0000000, 84, 0.0000000, 48,       104, 16,       141
5BC,2017/02/17 19:46:00, 50, 30.364861, 51, 54.728504, 52, 24.363644, 49,        64, 56, 8.9075432, 67, 644.68970, 72, 154.91779, 77, 37.593750,144, 0.0000000, 84, 0.0000000, 48,       104, 16,       141
57C,2017/02/17 19:47:00, 50, 6.8433056, 51, 30.713629, 52, 23.870323, 49,        64, 56, 8.9075432, 67, 644.68970, 72, 154.76669, 77, 37.625000,144, 0.0000000, 84, 0.0000000, 48,       104, 16,       141
5BC,2017/02/17 19:48:00, 50, 6.5104494, 51, 27.441433, 52, 20.930984, 49,        64, 56, 8.9075432, 67, 644.68970, 72, 154.77664, 77, 37.656250,144, 0.0000000, 84, 0.0000000, 48,       104, 16,       141
5EC,2017/02/17 19:49:00, 50, 8.9993687, 51, 39.289143, 52, 30.289776, 49,        64, 56, 8.9075432, 67, 644.68970, 72, 154.94254, 77, 37.718750,144, 0.0000000, 84, 0.0000000, 48,       104, 16,       141
5AC,2017/02/17 19:50:00, 50, 12.377626, 51, 40.761227, 52, 28.383602, 49,        64, 56, 8.9075432, 67, 644.68970, 72, 154.78622, 77, 37.750000,144, 0.0000000, 84, 0.0000000, 48,       104, 16,       141
5BC,2017/02/17 19:51:00, 50, 17.314354, 51, 50.731506, 52, 33.417152, 49,        64, 56, 8.9075432, 67, 644.68970, 72, 154.93695, 77, 37.781250,144, 0.0000000, 84, 0.0000000, 48,       104, 16,       141
54C,2017/02/17 19:52:00, 50, 18.989723, 51, 52.916275, 52, 33.926552, 49,        64, 56, 8.9075432, 67, 644.68970, 72, 154.78473, 77, 37.812500,144, 0.0000000, 84, 0.0000000, 48,       104, 16,       141
56C,2017/02/17 19:53:00, 50, 13.919659, 51, 45.189671, 52, 31.270012, 49,        64, 56, 8.9075432, 67, 644.68970, 72, 154.78940, 77, 37.843750,144, 0.0000000, 84, 0.0000000, 48,       104, 16,       141
5CC,2017/02/17 19:54:00, 50, 11.673447, 51, 42.388821, 52, 30.715374, 49,        64, 56, 8.9075432, 67, 644.68970, 72, 154.95450, 77, 37.937500,144, 0.0000000, 84, 0.0000000, 48,       104, 16,       141
54C,2017/02/17 19:55:01, 50, 15.492462, 51, 51.221199, 52, 35.728737, 49,        64, 56, 8.9075432, 67, 644.68970, 72, 154.79596, 77, 37.968750,144, 0.0000000, 84, 0.0000000, 48,       104, 16,       141
5AC,2017/02/17 19:56:00, 50, 19.528999, 51, 48.034809, 52, 28.505810, 49,        64, 56, 8.9075432, 67, 644.68970, 72, 154.95975, 77, 38.031250,144, 0.0000000, 84, 0.0000000, 48,       104, 16,       141
52C,2017/02/17 19:57:00, 50, 17.961544, 51, 50.322712, 52, 32.361168, 49,        64, 56, 8.9075432, 67, 644.68970, 72, 154.94489, 77, 38.062500,144, 0.0000000, 84, 0.0000000, 48,       104, 16,       141
59C,2017/02/17 19:58:00, 50, 10.459509, 51, 51.476147, 52, 41.016640, 49,        64, 56, 8.9075432, 67, 644.68970, 72, 154.78485, 77, 38.093750,144, 0.0000000, 84, 0.0000000, 48,       104, 16,       141
54C,2017/02/17 19:59:00, 50, 17.204075, 51, 48.212151, 52, 31.008076, 49,        64, 56, 8.9075432, 67, 644.68970, 72, 154.80338, 77, 38.156250,144, 0.0000000, 84, 0.0000000, 48,       104, 16,       141
54C,2017/02/17 20:00:00, 50, 13.151857, 51, 42.947266, 52, 29.795410, 49,        64, 56, 8.9075432, 67, 644.68970, 72, 154.80612, 77, 38.218750,144, 0.0000000, 84, 0.0000000, 48,       104, 16,       141
5DC,2017/02/17 20:01:00, 50, 17.628143, 51, 41.974976, 52, 24.346832, 49,        64, 56, 8.9075432, 67, 644.68970, 72, 154.98340, 77, 38.218750,144, 0.0000000, 84, 0.0000000, 48,       104, 16,       141
57C,2017/02/17 20:02:00, 50, 11.741343, 51, 35.756161, 52, 24.014820, 49,        64, 56, 8.9075432, 67, 644.68970, 72, 154.98306, 77, 38.281250,144, 0.0000000, 84, 0.0000000, 48,       104, 16,       141
53C,2017/02/17 20:03:00, 50, 17.535244, 51, 42.119228, 52, 24.583984, 49,        64, 56, 8.9075432, 67, 644.68970, 72, 154.82224, 77, 38.312500,144, 0.0000000, 84, 0.0000000, 48,       104, 16,       141
50C,2017/02/17 20:04:00, 50, 12.770174, 51, 52.378029, 52, 39.607857, 49,        64, 56, 8.9075432, 67, 644.68970, 72, 154.83087, 77, 38.343750,144, 0.0000000, 84, 0.0000000, 48,       104, 16,       141
5BC,2017/02/17 20:05:00, 50, 21.648926, 51, 44.765553, 52, 23.116627, 49,        64, 56, 8.9075432, 67, 644.68970, 72, 154.83713, 77, 38.375000,144, 0.0000000, 84, 0.0000000, 48,       104, 16,       141
5AC,2017/02/17 20:06:00, 50, 23.670952, 51, 53.497154, 52, 29.826202, 49,        64, 56, 8.9075432, 67, 644.68970, 72, 155.00931, 77, 38.437500,144, 0.0000000, 84, 0.0000000, 48,       104, 16,       141
54C,2017/02/17 20:07:00, 50, 10.074295, 51, 34.785347, 52, 24.711052, 49,        64, 56, 8.9075432, 67, 644.68970, 72, 155.01965, 77, 38.468750,144, 0.0000000, 84, 0.0000000, 48,       104, 16,       141
54C,2017/02/17 20:08:00, 50, 12.372782, 51, 29.774553, 52, 17.401772, 49,        64, 56, 8.9075432, 67, 644.68970, 72, 154.86499, 77, 38.500000,144, 0.0000000, 84, 0.0000000, 48,       104, 16,       141
54C,2017/02/17 20:09:00, 50, 9.5832119, 51, 28.825285, 52, 19.242073, 49,        64, 56, 8.9075432, 67, 644.68970, 72, 154.86865, 77, 38.531250,144, 0.0000000, 84, 0.0000000, 48,       104, 16,       141
50C,2017/02/17 20:10:00, 50, 11.742582, 51, 33.265800, 52, 21.523220, 49,        64, 56, 8.9075432, 67, 644.68970, 72, 154.86444, 77, 38.593750,144, 0.0000000, 84, 0.0000000, 48,       104, 16,       141
55C,2017/02/17 20:11:00, 50, 12.626059, 51, 31.870680, 52, 19.244621, 49,        64, 56, 8.9075432, 67, 644.68970, 72, 155.02426, 77, 38.625000,144, 0.0000000, 84, 0.0000000, 48,       104, 16,       141
53C,2017/02/17 20:12:00, 50, 11.712204, 51, 26.007694, 52, 14.295490, 49,        64, 56, 8.9075432, 67, 644.68970, 72, 155.02856, 77, 38.656250,144, 0.0000000, 84, 0.0000000, 48,       104, 16,       141
57C,2017/02/17 20:13:00, 50, 13.270329, 51, 34.364986, 52, 21.094658, 49,        64, 56, 8.9075432, 67, 644.68970, 72, 154.85889, 77, 38.687500,144, 0.0000000, 84, 0.0000000, 48,       104, 16,       141
59C,2017/02/17 20:14:00, 50, 15.888712, 51, 41.696140, 52, 25.807430, 49,        64, 56, 8.9075432, 67, 644.68970, 72, 154.86655, 77, 38.687500,144, 0.0000000, 84, 0.0000000, 48,       104, 16,       141
51C,2017/02/17 20:15:00, 50, 15.177963, 51, 40.724976, 52, 25.547012, 49,        64, 56, 8.9075432, 67, 644.68970, 72, 154.86810, 77, 38.750000,144, 0.0000000, 84, 0.0000000, 48,       104, 16,       141
56C,2017/02/17 20:16:00, 50, 9.6510506, 51, 21.671640, 52, 12.020590, 49,        64, 56, 8.9075432, 67, 644.68970, 72, 155.01947, 77, 38.781250,144, 0.0000000, 84, 0.0000000, 48,       104, 16,       141
5AC,2017/02/17 20:17:00, 50, 6.8920984, 51, 22.862185, 52, 15.970087, 49,        64, 56, 8.9075432, 67, 644.68970, 72, 155.03146, 77, 38.812500,144, 0.0000000, 84, 0.0000000, 48,       104, 16,       141
52C,2017/02/17 20:18:00, 50, 11.825333, 51, 51.988174, 52, 40.162842, 49,        64, 56, 8.9075432, 67, 644.68970, 72, 154.88095, 77, 38.843750,144, 0.0000000, 84, 0.0000000, 48,       104, 16,       141
55C,2017/02/17 20:19:00, 50, 17.991302, 51, 59.038574, 52, 41.047272, 49,        64, 56, 8.9075432, 67, 644.68970, 72, 154.88324, 77, 38.906250,144, 0.0000000, 84, 0.0000000, 48,       104, 16,       141
59C,2017/02/17 20:20:00, 50, 16.924442, 51, 50.527058, 52, 33.602615, 49,        64, 56, 8.9075432, 67, 644.68970, 72, 154.89154, 77, 38.906250,144, 0.0000000, 84, 0.0000000, 48,       104, 16,       141
54C,2017/02/17 20:21:00, 50, 29.788494, 51, 54.036430, 52, 24.247936, 49,        64, 56, 8.9075432, 67, 644.68970, 72, 155.10260, 77, 38.937500,144, 0.0000000, 84, 0.0000000, 48,       104, 16,       141
5EC,2017/02/17 20:22:00, 50, 25.759396, 51, 52.537853, 52, 26.778458, 49,        64, 56, 8.9075432, 67, 644.68970, 72, 155.14523, 77, 38.968750,144, 0.0000000, 84, 0.0000000, 48,       104, 16,       141
51C,2017/02/17 20:23:00, 50, 20.001694, 51, 45.344936, 52, 25.343243, 49,        64, 56, 8.9075432, 67, 644.68970, 72, 155.02145, 77, 38.968750,144, 0.0000000, 84, 0.0000000, 48,       104, 16,       141
53C,2017/02/17 20:24:00, 50, 15.673101, 51, 39.835228, 52, 24.162128, 49,        64, 56, 8.9075432, 67, 644.68970, 72, 155.05472, 77, 39.031250,144, 0.0000000, 84, 0.0000000, 48,       104, 16,       141
59C,2017/02/17 20:25:00, 50, 21.112740, 51, 41.343430, 52, 20.230690, 49,        64, 56, 8.9075432, 67, 644.68970, 72, 155.12622, 77, 39.031250,144, 0.0000000, 84, 0.0000000, 48,       104, 16,       141
59C,2017/02/17 20:26:00, 50, 6.6171284, 51, 39.338211, 52, 32.721085, 49,        64, 56, 8.9075432, 67, 644.68970, 72, 155.38150, 77, 39.031250,144, 0.0000000, 84, 0.0000000, 48,       104, 16,       141
5BC,2017/02/17 20:27:00, 50, 8.1390781, 51, 32.600689, 52, 24.461613, 49,        64, 56, 8.9075432, 67, 644.68970, 72, 155.42175, 77, 39.062500,144, 0.0000000, 84, 0.0000000, 48,       104, 16,       141
5CC,2017/02/17 20:28:00, 50, 5.6278381, 51, 31.753597, 52, 26.125759, 49,        64, 56, 8.9075432, 67, 644.68970, 72, 155.28632, 77, 39.093750,144, 0.0000000, 84, 0.0000000, 48,       104, 16,       141
5AC,2017/02/17 20:29:00, 50, 2.0827036, 51, 27.261864, 52, 25.179161, 49,        64, 56, 8.9075432, 67, 644.68970, 72, 155.31982, 77, 39.093750,144, 0.0000000, 84, 0.0000000, 48,       104, 16,       141
51C,2017/02/17 20:30:00, 50, 16.918152, 51, 40.142052, 52, 23.223900, 49,        64, 56, 8.9075432, 67, 644.68970, 72, 155.28134, 77, 39.125000,144, 0.0000000, 84, 0.0000000, 48,       104, 16,       141
50C,2017/02/17 20:31:00, 50,-0.1081307, 51, 21.595320, 52, 21.703449, 49,        64, 56, 8.9075432, 67, 644.68970, 72, 155.40222, 77, 39.125000,144, 0.0000000, 84, 0.0000000, 48,       104, 16,       141
5FC,2017/02/17 20:32:00, 50, 5.8728561, 51, 21.554581, 52, 15.681725, 49,        64, 56, 8.9075432, 67, 644.68970, 72, 155.40784, 77, 39.156250,144, 0.0000000, 84, 0.0000000, 48,       104, 16,       141
56C,2017/02/17 20:33:00, 50, 4.8984785, 51, 26.445322, 52, 21.546844, 49,        64, 56, 8.9075432, 67, 644.68970, 72, 155.21713, 77, 39.187500,144, 0.0000000, 84, 0.0000000, 48,       104, 16,       141
50C,2017/02/17 20:34:00, 50, 2.6785774, 51, 28.908539, 52, 26.229961, 49,        64, 56, 8.9075432, 67, 644.68970, 72, 155.20261, 77, 39.187500,144, 0.0000000, 84, 0.0000000, 48,       104, 16,       141
5DC,2017/02/17 20:35:00, 50, 10.790812, 51, 28.298914, 52, 17.508102, 49,        64, 56, 8.9075432, 67, 644.68970, 72, 155.13681, 77, 39.218750,144, 0.0000000, 84, 0.0000000, 48,       104, 16,       141
5CC,2017/02/17 20:36:00, 50, 21.359634, 51, 19.460955, 52,-1.8986800, 49,        64, 56, 8.9075432, 67, 644.68970, 72, 155.24487, 77, 39.250000,144, 0.0000000, 84, 0.0000000, 48,       104, 16,       141
5CC,2017/02/17 20:37:00, 50, 13.798389, 51, 35.813797, 52, 22.015408, 49,        64, 56, 8.9075432, 67, 644.68970, 72, 155.23065, 77, 39.250000,144, 0.0000000, 84, 0.0000000, 48,       104, 16,       141
5EC,2017/02/17 20:38:00, 50, 17.713875, 51, 32.438545, 52, 14.724670, 49,        64, 56, 8.9075432, 67, 644.68970, 72, 155.04767, 77, 39.250000,144, 0.0000000, 84, 0.0000000, 48,       104, 16,       141
50C,2017/02/17 20:39:00, 50, 15.283442, 51, 38.804783, 52, 23.521343, 49,        64, 56, 8.9075432, 67, 644.68970, 72, 155.03613, 77, 39.281250,144, 0.0000000, 84, 0.0000000, 48,       104, 16,       141
51C,2017/02/17 20:40:00, 50, 89.006393, 51, 116.54458, 52, 27.538185, 49,        64, 56, 8.9075432, 67, 644.68970, 72, 155.06711, 77, 39.312500,144, 0.0000000, 84, 0.0000000, 48,       104, 16,       141
52C,2017/02/17 20:41:00, 50, 1.8794351, 51, 30.419474, 52, 28.540039, 49,        64, 56, 8.9075432, 67, 644.68970, 72, 155.25970, 77, 39.312500,144, 0.0000000, 84, 0.0000000, 48,       104, 16,       141
53C,2017/02/17 20:42:00, 50,-0.1272618, 51, 26.414255, 52, 26.541515, 49,        64, 56, 8.9075432, 67, 644.68970, 72, 155.24063, 77, 39.343750,144, 0.0000000, 84, 0.0000000, 48,       104, 16,       141
5DC,2017/02/17 20:43:00, 50,-1.7781866, 51, 21.985266, 52, 23.763451, 49,        64, 56, 8.9075432, 67, 644.68970, 72, 155.04498, 77, 39.343750,144, 0.0000000, 84, 0.0000000, 48,       104, 16,       141
56C,2017/02/17 20:44:00, 50, 6.4549580, 51, 12.217543, 52, 5.7625847, 49,        64, 56, 8.9075432, 67, 644.68970, 72, 155.07391, 77, 39.343750,144, 0.0000000, 84, 0.0000000, 48,       104, 16,       141
55C,2017/02/17 20:45:00, 50, 11.325109, 51, 20.669409, 52, 9.3442993, 49,        64, 56, 8.9075432, 67, 644.68970, 72, 155.13330, 77, 39.375000,144, 0.0000000, 84, 0.0000000, 48,       104, 16,       141
51C,2017/02/17 20:46:00, 50, 4.6923685, 51, 26.266262, 52, 21.573895, 49,        64, 56, 8.9075432, 67, 644.68970, 72, 155.35199, 77, 39.406250,144, 0.0000000, 84, 0.0000000, 48,       104, 16,       141
5FC,2017/02/17 20:47:00, 50, 16.400162, 51, 59.984238, 52, 43.584076, 49,        64, 56, 8.9075432, 67, 644.68970, 72, 155.37640, 77, 39.406250,144, 0.0000000, 84, 0.0000000, 48,       104, 16,       141
58C,2017/02/17 20:48:00, 50, 10.130335, 51, 28.469400, 52, 18.339066, 49,        64, 56, 8.9075432, 67, 644.68970, 72, 155.24121, 77, 39.437500,144, 0.0000000, 84, 0.0000000, 48,       104, 16,       141
54C,2017/02/17 20:49:00, 50, 10.183271, 51, 48.864948, 52, 38.681679, 49,        64, 56, 8.9075432, 67, 644.68970, 72, 155.24265, 77, 39.468750,144, 0.0000000, 84, 0.0000000, 48,       104, 16,       141
51C,2017/02/17 20:50:00, 50, 10.750509, 51, 41.898964, 52, 31.148457, 49,        64, 56, 8.9075432, 67, 644.68970, 72, 155.28815, 77, 39.500000,144, 0.0000000, 84, 0.0000000, 48,       104, 16,       141
58C,2017/02/17 20:51:00, 50, 8.0007229, 51, 36.487610, 52, 28.486889, 49,        64, 56, 8.9075432, 67, 644.68970, 72, 155.55548, 77, 39.500000,144, 0.0000000, 84, 0.0000000, 48,       104, 16,       141
5CC,2017/02/17 20:52:00, 50, 9.2836514, 51, 31.741957, 52, 22.458305, 49,        64, 56, 8.9075432, 67, 644.68970, 72, 155.62469, 77, 39.531250,144, 0.0000000, 84, 0.0000000, 48,       104, 16,       141
59C,2017/02/17 20:53:00, 50, 9.4741516, 51, 32.747978, 52, 23.273827, 49,        64, 56, 8.9075432, 67, 644.68970, 72, 155.55508, 77, 39.531250,144, 0.0000000, 84, 0.0000000, 48,       104, 16,       141
53C,2017/02/17 20:54:00, 50, 10.555389, 51, 31.177551, 52, 20.622162, 49,        64, 56, 8.9075432, 67, 644.68970, 72, 155.63889, 77, 39.593750,144, 0.0000000, 84, 0.0000000, 48,       104, 16,       141
59C,2017/02/17 20:55:00, 50, 11.443602, 51, 32.705139, 52, 21.261539, 49,        64, 56, 8.9075432, 67, 644.68970, 72, 155.72375, 77, 39.593750,144, 0.0000000, 84, 0.0000000, 48,       104, 16,       141
57C,2017/02/17 20:56:00, 50, 7.0112982, 51, 37.637352, 52, 30.626057, 49,        64, 56, 8.9075432, 67, 644.68970, 72, 155.92197, 77, 39.625000,144, 0.0000000, 84, 0.0000000, 48,       104, 16,       141
52C,2017/02/17 20:57:00, 50, 10.774500, 51, 38.843746, 52, 28.069248, 49,        64, 56, 8.9075432, 67, 644.68970, 72, 155.95023, 77, 39.625000,144, 0.0000000, 84, 0.0000000, 48,       104, 16,       141
5EC,2017/02/17 20:58:00, 50, 13.635826, 51, 27.689247, 52, 14.053421, 49,        64, 56, 8.9075432, 67, 644.68970, 72, 155.83612, 77, 39.656250,144, 0.0000000, 84, 0.0000000, 48,       104, 16,       141
51C,2017/02/17 20:59:00, 50, 13.515192, 51, 52.762177, 52, 39.246986, 49,        64, 56, 8.9075432, 67, 644.68970, 72, 155.88901, 77, 39.656250,144, 0.0000000, 84, 0.0000000, 48,       104, 16,       141
5FC,2017/02/17 21:00:00, 50, 8.1305676, 51, 39.765747, 52, 31.635181, 49,        64, 56, 8.9075432, 67, 644.68970, 72, 155.92236, 77, 39.687500,144, 0.0000000, 84, 0.0000000, 48,       104, 16,       141
53C,2017/02/17 21:01:00, 50, 5.8289585, 51, 32.272446, 52, 26.443489, 49,        64, 56, 8.9075432, 67, 644.68970, 72, 156.14902, 77, 39.687500,144, 0.0000000, 84, 0.0000000, 48,       104, 16,       141
5EC,2017/02/17 21:02:00, 50, 0.9697498, 51, 32.492542, 52, 31.522793, 49,        64, 56, 8.9075432, 67, 644.68970, 72, 156.14905, 77, 39.750000,144, 0.0000000, 84, 0.0000000, 48,       104, 16,       141
57C,2017/02/17 21:03:00, 50, 2.4396520, 51, 33.739590, 52, 31.299938, 49,        64, 56, 8.9075432, 67, 644.68970, 72, 155.95322, 77, 39.750000,144, 0.0000000, 84, 0.0000000, 48,       104, 16,       141
5CC,2017/02/17 21:04:00, 50, 4.8551073, 51, 23.783577, 52, 18.928471, 49,        64, 56, 8.9075432, 67, 644.68970, 72, 155.90683, 77, 39.750000,144, 0.0000000, 84, 0.0000000, 48,       104, 16,       141
5BC,2017/02/17 21:05:00, 50, 4.7496777, 51, 33.862774, 52, 29.113098, 49,        64, 56, 8.9075432, 67, 644.68970, 72, 155.87616, 77, 39.781250,144, 0.0000000, 84, 0.0000000, 48,       104, 16,       141
51C,2017/02/17 21:06:00, 50, 6.6133356, 51, 39.812180, 52, 33.198845, 49,        64, 56, 8.9075432, 67, 644.68970, 72, 156.03439, 77, 39.812500,144, 0.0000000, 84, 0.0000000, 48,       104, 16,       141
5BC,2017/02/17 21:07:00, 50, 6.5508327, 51, 36.816303, 52, 30.265472, 49,        64, 56, 8.9075432, 67, 644.68970, 72, 155.98511, 77, 39.812500,144, 0.0000000, 84, 0.0000000, 48,       104, 16,       141
50C,2017/02/17 21:08:00, 50, 14.703901, 51, 37.047447, 52, 22.343548, 49,        64, 56, 8.9075432, 67, 644.68970, 72, 155.76465, 77, 39.843750,144, 0.0000000, 84, 0.0000000, 48,       104, 16,       141
5CC,2017/02/17 21:09:00, 50, 14.596367, 51, 38.279198, 52, 23.682831, 49,        64, 56, 8.9075432, 67, 644.68970, 72, 155.76404, 77, 39.812500,144, 0.0000000, 84, 0.0000000, 48,       104, 16,       141
5AC,2017/02/17 21:10:00, 50, 16.687527, 51, 34.542351, 52, 17.854824, 49,        64, 56, 8.9075432, 67, 644.68970, 72, 155.80234, 77, 39.843750,144, 0.0000000, 84, 0.0000000, 48,       104, 16,       141
57C,2017/02/17 21:11:00, 50, 5.1039305, 51, 40.425835, 52, 35.321907, 49,        64, 56, 8.9075432, 67, 644.68970, 72, 156.04114, 77, 39.875000,144, 0.0000000, 84, 0.0000000, 48,       104, 16,       141
5FC,2017/02/17 21:12:00, 50, 63.041992, 51, 77.549156, 52, 14.507170, 49,        64, 56, 8.9075432, 67, 644.68970, 72, 156.09604, 77, 39.875000,144, 0.0000000, 84, 0.0000000, 48,       104, 16,       141
59C,2017/02/17 21:13:00, 50, 20.030586, 51, 45.439358, 52, 25.408772, 49,        64, 56, 8.9075432, 67, 644.68970, 72, 155.95392, 77, 39.875000,144, 0.0000000, 84, 0.0000000, 48,       104, 16,       141
52C,2017/02/17 21:14:00, 50, 24.455734, 51, 42.625057, 52, 18.169323, 49,        64, 56, 8.9075432, 67, 644.68970, 72, 155.84521, 77, 39.906250,144, 0.0000000, 84, 0.0000000, 48,       104, 16,       141
5BC,2017/02/17 21:15:00, 50, 19.211750, 51, 48.162949, 52, 28.951199, 49,        64, 56, 8.9075432, 67, 644.68970, 72, 155.61127, 77, 39.906250,144, 0.0000000, 84, 0.0000000, 48,       104, 16,       141
5BC,2017/02/17 21:16:00, 50, 28.811104, 51, 50.370190, 52, 21.559086, 49,        64, 56, 8.9075432, 67, 644.68970, 72, 155.58774, 77, 39.937500,144, 0.0000000, 84, 0.0000000, 48,       104, 16,       141
56C,2017/02/17 21:17:00, 50, 24.242161, 51, 44.138710, 52, 19.896549, 49,        64, 56, 8.9075432, 67, 644.68970, 72, 155.48590, 77, 39.937500,144, 0.0000000, 84, 0.0000000, 48,       104, 16,       141
50C,2017/02/17 21:18:00, 50, 15.214703, 51, 49.946384, 52, 34.731682, 49,        64, 56, 8.9075432, 67, 644.68970, 72, 155.25067, 77, 39.937500,144, 0.0000000, 84, 0.0000000, 48,       104, 16,       141
59C,2017/02/17 21:19:00, 50, 15.563473, 51, 48.853809, 52, 33.290337, 49,        64, 56, 8.9075432, 67, 644.68970, 72, 155.20468, 77, 39.968750,144, 0.0000000, 84, 0.0000000, 48,       104, 16,       141
5BC,2017/02/17 21:20:00, 50, 66.722214, 51, 101.85275, 52, 35.130539, 49,        64, 56, 8.9075432, 67, 644.68970, 72, 155.19858, 77, 39.968750,144, 0.0000000, 84, 0.0000000, 48,       104, 16,       141
5BC,2017/02/17 21:21:00, 50, 18.745415, 51, 58.521904, 52, 39.776489, 49,        64, 56, 8.9075432, 67, 644.68970, 72, 155.35272, 77, 40.000000,144, 0.0000000, 84, 0.0000000, 48,       104, 16,       141
51C,2017/02/17 21:22:00, 50, 13.205265, 51, 38.516506, 52, 25.311241, 49,        64, 56, 8.9075432, 67, 644.68970, 72, 155.33365, 77, 40.031250,144, 0.0000000, 84, 0.0000000, 48,       104, 16,       141
5BC,2017/02/17 21:23:00, 50, 15.725775, 51, 47.327000, 52, 31.601227, 49,        64, 56, 8.9075432, 67, 644.68970, 72, 155.14630, 77, 40.031250,144, 0.0000000, 84, 0.0000000, 48,       104, 16,       141
55C,2017/02/17 21:24:00, 50, 11.130295, 51, 224.94106, 52, 213.81076, 49,        64, 56, 8.9075432, 67, 644.68970, 72, 155.16147, 77, 40.031250,144, 0.0000000, 84, 0.0000000, 48,       104, 16,       141
5EC,2017/02/17 21:25:00, 50, 12.231161, 51, 36.255817, 52, 24.024658, 49,        64, 56, 8.9075432, 67, 644.68970, 72, 155.19583, 77, 40.062500,144, 0.0000000, 84, 0.0000000, 48,       104, 16,       141
55C,2017/02/17 21:26:00, 50, 138.62012, 51, 41.330734, 52,-97.289383, 49,        64, 56, 8.9075432, 67, 644.68970, 72, 155.36072, 77, 40.093750,144, 0.0000000, 84, 0.0000000, 48,       104, 16,       141
5AC,2017/02/17 21:27:00, 50, 68.870758, 51, 96.890388, 52, 28.019634, 49,        64, 56, 8.9075432, 67, 644.68970, 72, 155.37222, 77, 40.156250,144, 0.0000000, 84, 0.0000000, 48,       104, 16,       141
5DC,2017/02/17 21:28:00, 50, 17.486115, 51, 59.225273, 52, 41.739159, 49,        64, 56, 8.9075432, 67, 644.68970, 72, 155.22260, 77, 40.218750,144, 0.0000000, 84, 0.0000000, 48,       104, 16,       141
50C,2017/02/17 21:29:00, 50, 16.708786, 51, 45.529922, 52, 28.821136, 49,        64, 56, 8.9075432, 67, 644.68970, 72, 155.20557, 77, 40.312500,144, 0.0000000, 84, 0.0000000, 48,       104, 16,       141
5DC,2017/02/17 21:30:00, 50, 31.482571, 51, 46.901421, 52, 15.418850, 49,        64, 56, 8.9075432, 67, 644.68970, 72, 155.20261, 77, 40.343750,144, 0.0000000, 84, 0.0000000, 48,       104, 16,       141
5CC,2017/02/17 21:31:00, 50, 21.758221, 51, 53.546921, 52, 31.788700, 49,        64, 56, 8.9075432, 67, 644.68970, 72, 155.37061, 77, 40.406250,144, 0.0000000, 84, 0.0000000, 48,       104, 16,       141
55C,2017/02/17 21:32:00, 50, 227.63834, 51, 263.21902, 52, 35.580696, 49,        64, 56, 8.9075432, 67, 644.68970, 72, 155.38232, 77, 40.437500,144, 0.0000000, 84, 0.0000000, 48,       104, 16,       141
56C,2017/02/17 21:33:00, 50, 13.891983, 51, 47.043449, 52, 33.151466, 49,        64, 56, 8.9075432, 67, 644.68970, 72, 155.25427, 77, 40.437500,144, 0.0000000, 84, 0.0000000, 48,       104, 16,       141
56C,2017/02/17 21:34:00, 50, 26.565304, 51, 38.224361, 52, 11.659060, 49,        64, 56, 8.9075432, 67, 644.68970, 72, 155.28467, 77, 40.406250,144, 0.0000000, 84, 0.0000000, 48,       104, 16,       141
5BC,2017/02/17 21:35:00, 50, 17.002232, 51, 35.498425, 52, 18.496193, 49,        64, 56, 8.9075432, 67, 644.68970, 72, 155.30936, 77, 40.437500,144, 0.0000000, 84, 0.0000000, 48,       104, 16,       141
51C,2017/02/17 21:36:00, 50, 20.893589, 51, 45.592564, 52, 24.698975, 49,        64, 56, 8.9075432, 67, 644.68970, 72, 155.46616, 77, 40.468750,144, 0.0000000, 84, 0.0000000, 48,       104, 16,       141
56C,2017/02/17 21:37:00, 50, 15.558353, 51, 40.941559, 52, 25.383205, 49,        64, 56, 8.9075432, 67, 644.68970, 72, 155.43518, 77, 40.531250,144, 0.0000000, 84, 0.0000000, 48,       104, 16,       141
57C,2017/02/17 21:38:00, 50, 31.019382, 51, 42.952126, 52, 11.932745, 49,        64, 56, 8.9075432, 67, 644.68970, 72, 155.26041, 77, 40.562500,144, 0.0000000, 84, 0.0000000, 48,       104, 16,       141
58C,2017/02/17 21:39:00, 50, 33.099007, 51, 59.823650, 52, 26.724644, 49,        64, 56, 8.9075432, 67, 644.68970, 72, 155.27951, 77, 40.625000,144, 0.0000000, 84, 0.0000000, 48,       104, 16,       141
5CC,2017/02/17 21:40:00, 50, 21.324020, 51, 47.690937, 52, 26.366917, 49,        64, 56, 8.9075432, 67, 644.68970, 72, 155.31424, 77, 40.687500,144, 0.0000000, 84, 0.0000000, 48,       104, 16,       141
58C,2017/02/17 21:41:00, 50, 10.165148, 51, 40.749393, 52, 30.584248, 49,        64, 56, 8.9075432, 67, 644.68970, 72, 155.50000, 77, 40.718750,144, 0.0000000, 84, 0.0000000, 48,       104, 16,       141
5FC,2017/02/17 21:42:00, 50,-0.9300604, 51, 34.679295, 52, 35.609352, 49,        64, 56, 8.9075432, 67, 644.68970, 72, 155.48856, 77, 40.812500,144, 0.0000000, 84, 0.0000000, 48,       104, 16,       141
50C,2017/02/17 21:43:00, 50,-2.2870064, 51, 24.871853, 52, 27.158859, 49,        64, 56, 8.9075432, 67, 644.68970, 72, 155.31915, 77, 40.875000,144, 0.0000000, 84, 0.0000000, 48,       104, 16,       141
5EC,2017/02/17 21:44:00, 50,-2.8875046, 51, 23.224453, 52, 26.111958, 49,        64, 56, 8.9075432, 67, 644.68970, 72, 155.34265, 77, 40.937500,144, 0.0000000, 84, 0.0000000, 48,       104, 16,       141
58C,2017/02/17 21:45:00, 50, 2.3156924, 51, 27.795904, 52, 25.480213, 49,        64, 56, 8.9075432, 67, 644.68970, 72, 155.33984, 77, 41.000000,144, 0.0000000, 84, 0.0000000, 48,       104, 16,       141
5FC,2017/02/17 21:46:00, 50, 14.741102, 51, 42.087666, 52, 27.346565, 49,        64, 56, 8.9075432, 67, 644.68970, 72, 155.48746, 77, 41.031250,144, 0.0000000, 84, 0.0000000, 48,       104, 16,       141
54C,2017/02/17 21:47:00, 50, 9.3403301, 51, 36.243126, 52, 26.902798, 49,        64, 56, 8.9075432, 67, 644.68970, 72, 155.47086, 77, 41.062500,144, 0.0000000, 84, 0.0000000, 48,       104, 16,       141
59C,2017/02/17 21:48:00, 50, 4.4796143, 51, 35.255608, 52, 30.775993, 49,        64, 56, 8.9075432, 67, 644.68970, 72, 155.28671, 77, 41.125000,144, 0.0000000, 84, 0.0000000, 48,       104, 16,       141
52C,2017/02/17 21:49:00, 50, 2.2213788, 51, 18.712730, 52, 16.491352, 49,        64, 56, 8.9075432, 67, 644.68970, 72, 155.27679, 77, 41.187500,144, 0.0000000, 84, 0.0000000, 48,       104, 16,       141
5AC,2017/02/17 21:50:00, 50,-1.0006411, 51, 12.695389, 52, 13.696030, 49,        64, 56, 8.9075432, 67, 644.68970, 72, 155.27679, 77, 41.250000,144, 0.0000000, 84, 0.0000000, 48,       104, 16,       141
5BC,2017/02/17 21:51:00, 50,-0.9557362, 51, 16.957079, 52, 17.912815, 49,        64, 56, 8.9075432, 67, 644.68970, 72, 155.44037, 77, 41.312500,144, 0.0000000, 84, 0.0000000, 48,       104, 16,       141
5BC,2017/02/17 21:52:00, 50, 85.604568, 51, 106.16806, 52, 20.563496, 49,        64, 56, 8.9075432, 67, 644.68970, 72, 155.44611, 77, 41.375000,144, 0.0000000, 84, 0.0000000, 48,       104, 16,       141
5CC,2017/02/17 21:53:00, 50, 8.0702534, 51, 42.562500, 52, 34.492249, 49,        64, 56, 8.9075432, 67, 644.68970, 72, 155.31168, 77, 41.437500,144, 0.0000000, 84, 0.0000000, 48,       104, 16,       141
50C,2017/02/17 21:54:00, 50, 7.7379665, 51, 22.356983, 52, 14.619017, 49,        64, 56, 8.9075432, 67, 644.68970, 72, 155.36102, 77, 41.468750,144, 0.0000000, 84, 0.0000000, 48,       104, 16,       141
55C,2017/02/17 21:55:00, 50, 17.934105, 51, 36.343479, 52, 18.409374, 49,        64, 56, 8.9075432, 67, 644.68970, 72, 155.35800, 77, 41.531250,144, 0.0000000, 84, 0.0000000, 48,       104, 16,       141
51C,2017/02/17 21:56:00, 50, 13.943401, 51, 42.266487, 52, 28.323086, 49,        64, 56, 8.9075432, 67, 644.68970, 72, 155.47589, 77, 41.593750,144, 0.0000000, 84, 0.0000000, 48,       104, 16,       141
5BC,2017/02/17 21:57:00, 50, 9.1580200, 51, 25.899590, 52, 16.741570, 49,        64, 56, 8.9075432, 67, 644.68970, 72, 155.46634, 77, 41.625000,144, 0.0000000, 84, 0.0000000, 48,       104, 16,       141
59C,2017/02/17 21:58:00, 50, 9.1033936, 51, 25.623920, 52, 16.520527, 49,        64, 56, 8.9075432, 67, 644.68970, 72, 155.30936, 77, 41.718750,144, 0.0000000, 84, 0.0000000, 48,       104, 16,       141
51C,2017/02/17 21:59:00, 50, 1.4458716, 51, 33.718460, 52, 32.272591, 49,        64, 56, 8.9075432, 67, 644.68970, 72, 155.30917, 77, 41.750000,144, 0.0000000, 84, 0.0000000, 48,       104, 16,       141
5BC,2017/02/17 22:00:00, 50, 10.203323, 51, 31.361176, 52, 21.157852, 49,        64, 56, 8.9075432, 67, 644.68970, 72, 155.29428, 77, 41.812500,144, 0.0000000, 84, 0.0000000, 48,       104, 16,       141
50C,2017/02/17 22:01:00, 50, 4.0143785, 51, 29.901440, 52, 25.887062, 49,        64, 56, 8.9075432, 67, 644.68970, 72, 155.46823, 77, 41.812500,144, 0.0000000, 84, 0.0000000, 48,       104, 16,       141
50C,2017/02/17 22:02:00, 50, 5.2308254, 51, 23.391981, 52, 18.161156, 49,        64, 56, 8.9075432, 67, 644.68970, 72, 155.47668, 77, 41.875000,144, 0.0000000, 84, 0.0000000, 48,       104, 16,       141
50C,2017/02/17 22:03:00, 50, 5.8829689, 51, 23.621876, 52, 17.738907, 49,        64, 56, 8.9075432, 67, 644.68970, 72, 155.34061, 77, 41.906250,144, 0.0000000, 84, 0.0000000, 48,       104, 16,       141
52C,2017/02/17 22:04:00, 50, 8.5376053, 51, 22.931356, 52, 14.393751, 49,        64, 56, 8.9075432, 67, 644.68970, 72, 155.36044, 77, 41.968750,144, 0.0000000, 84, 0.0000000, 48,       104, 16,       141
5FC,2017/02/17 22:05:00, 50, 6.4656219, 51, 26.132008, 52, 19.666386, 49,        64, 56, 8.9075432, 67, 644.68970, 72, 155.36353, 77, 42.000000,144, 0.0000000, 84, 0.0000000, 48,       104, 16,       141
55C,2017/02/17 22:06:00, 50, 5.9695444, 51, 25.177639, 52, 19.208096, 49,        64, 56, 8.9075432, 67, 644.68970, 72, 155.52866, 77, 42.062500,144, 0.0000000, 84, 0.0000000, 48,       104, 16,       141
57C,2017/02/17 22:07:00, 50, 3.6816177, 51, 22.989468, 52, 19.307850, 49,        64, 56, 8.9075432, 67, 644.68970, 72, 155.53824, 77, 42.093750,144, 0.0000000, 84, 0.0000000, 48,       104, 16,       141
5BC,2017/02/17 22:08:00, 50, 1.0120242, 51, 26.204651, 52, 25.192627, 49,        64, 56, 8.9075432, 67, 644.68970, 72, 155.38358, 77, 42.125000,144, 0.0000000, 84, 0.0000000, 48,       104, 16,       141
5FC,2017/02/17 22:09:00, 50,-4.2262583, 51, 24.347588, 52, 28.573845, 49,        64, 56, 8.9075432, 67, 644.68970, 72, 155.41525, 77, 42.187500,144, 0.0000000, 84, 0.0000000, 48,       104, 16,       141
5CC,2017/02/17 22:10:00, 50, 3.8067365, 51, 28.284157, 52, 24.477421, 49,        64, 56, 8.9075432, 67, 644.68970, 72, 155.46136, 77, 42.187500,144, 0.0000000, 84, 0.0000000, 48,       104, 16,       141
5DC,2017/02/17 22:11:00, 50, 1.3408687, 51, 24.970366, 52, 23.629498, 49,        64, 56, 8.9075432, 67, 644.68970, 72, 155.65631, 77, 42.250000,144, 0.0000000, 84, 0.0000000, 48,       104, 16,       141
5BC,2017/02/17 22:12:00, 50, 7.0493746, 51, 26.187649, 52, 19.138275, 49,        64, 56, 8.9075432, 67, 644.68970, 72, 155.66470, 77, 42.281250,144, 0.0000000, 84, 0.0000000, 48,       104, 16,       141
59C,2017/02/17 22:13:00, 50,-1.7818599, 51, 24.215029, 52, 25.996887, 49,        64, 56, 8.9075432, 67, 644.68970, 72, 155.50436, 77, 42.312500,144, 0.0000000, 84, 0.0000000, 48,       104, 16,       141
5AC,2017/02/17 22:14:00, 50, 0.2239088, 51, 27.298000, 52, 27.074093, 49,        64, 56, 8.9075432, 67, 644.68970, 72, 155.52405, 77, 42.375000,144, 0.0000000, 84, 0.0000000, 48,       104, 16,       141
54C,2017/02/17 22:15:00, 50,-2.8083768, 51, 23.923546, 52, 26.731922, 49,        64, 56, 8.9075432, 67, 644.68970, 72, 155.54391, 77, 42.375000,144, 0.0000000, 84, 0.0000000, 48,       104, 16,       141
58C,2017/02/17 22:16:00, 50, 2.5148501, 51, 24.540613, 52, 22.025764, 49,        64, 56, 8.9075432, 67, 644.68970, 72, 155.69299, 77, 42.437500,144, 0.0000000, 84, 0.0000000, 48,       104, 16,       141
5DC,2017/02/17 22:17:00, 50, 3.8286452, 51, 31.584015, 52, 27.755371, 49,        64, 56, 8.9075432, 67, 644.68970, 72, 155.69656, 77, 42.437500,144, 0.0000000, 84, 0.0000000, 48,       104, 16,       141
58C,2017/02/17 22:18:00, 50, 5.5777235, 51, 25.844931, 52, 20.267208, 49,        64, 56, 8.9075432, 67, 644.68970, 72, 155.53107, 77, 42.500000,144, 0.0000000, 84, 0.0000000, 48,       104, 16,       141
5BC,2017/02/17 22:19:00, 50, 10.408829, 51, 27.399197, 52, 16.990368, 49,        64, 56, 8.9075432, 67, 644.68970, 72, 155.53671, 77, 42.531250,144, 0.0000000, 84, 0.0000000, 48,       104, 16,       141
5EC,2017/02/17 22:20:00, 50, 9.9616928, 51, 31.719681, 52, 21.757988, 49,        64, 56, 8.9075432, 67, 644.68970, 72, 155.53287, 77, 42.531250,144, 0.0000000, 84, 0.0000000, 48,       104, 16,       141
56C,2017/02/17 22:21:00, 50, 5.1947317, 51, 26.585592, 52, 21.390862, 49,        64, 56, 8.9075432, 67, 644.68970, 72, 155.70920, 77, 42.593750,144, 0.0000000, 84, 0.0000000, 48,       104, 16,       141
55C,2017/02/17 22:22:00, 50, 4.1576910, 51, 23.903276, 52, 19.745586, 49,        64, 56, 8.9075432, 67, 644.68970, 72, 155.71112, 77, 42.593750,144, 0.0000000, 84, 0.0000000, 48,       104, 16,       141
5DC,2017/02/17 22:23:00, 50, 5.7818966, 51, 23.096788, 52, 17.314892, 49,        64, 56, 8.9075432, 67, 644.68970, 72, 155.54623, 77, 42.656250,144, 0.0000000, 84, 0.0000000, 48,       104, 16,       141
55C,2017/02/17 22:24:00, 50, 5.4413452, 51, 23.873661, 52, 18.432316, 49,        64, 56, 8.9075432, 67, 644.68970, 72, 155.53708, 77, 42.656250,144, 0.0000000, 84, 0.0000000, 48,       104, 16,       141
53C,2017/02/17 22:25:00, 50,-1.2296939, 51, 13.622874, 52, 14.852568, 49,        64, 56, 8.9075432, 67, 644.68970, 72, 155.51208, 77, 42.687500,144, 0.0000000, 84, 0.0000000, 48,       104, 16,       141
54C,2017/02/17 22:26:00, 50, 1.1518781, 51, 23.130865, 52, 21.978989, 49,        64, 56, 8.9075432, 67, 644.68970, 72, 155.62393, 77, 42.750000,144, 0.0000000, 84, 0.0000000, 48,       104, 16,       141
51C,2017/02/17 22:27:00, 50, 10.962599, 51, 26.440655, 52, 15.478056, 49,        64, 56, 8.9075432, 67, 644.68970, 72, 155.57123, 77, 42.781250,144, 0.0000000, 84, 0.0000000, 48,       104, 16,       141
53C,2017/02/17 22:28:00, 50, 7.7562857, 51, 31.957758, 52, 24.201473, 49,        64, 56, 8.9075432, 67, 644.68970, 72, 155.37076, 77, 42.781250,144, 0.0000000, 84, 0.0000000, 48,       104, 16,       141
59C,2017/02/17 22:29:00, 50, 7.4842119, 51, 19.272299, 52, 11.788088, 49,        64, 56, 8.9075432, 67, 644.68970, 72, 155.34497, 77, 42.781250,144, 0.0000000, 84, 0.0000000, 48,       104, 16,       141
56C,2017/02/17 22:30:00, 50, 5.0564365, 51, 20.034031, 52, 14.977594, 49,        64, 56, 8.9075432, 67, 644.68970, 72, 155.33023, 77, 42.843750,144, 0.0000000, 84, 0.0000000, 48,       104, 16,       141
5FC,2017/02/17 22:31:00, 50, 4.3713942, 51, 15.477443, 52, 11.106049, 49,        64, 56, 8.9075432, 67, 644.68970, 72, 155.49600, 77, 42.875000,144, 0.0000000, 84, 0.0000000, 48,       104, 16,       141
5DC,2017/02/17 22:32:00, 50, 7.7275648, 51, 17.231768, 52, 9.5042038, 49,        64, 56, 8.9075432, 67, 644.68970, 72, 155.54889, 77, 42.906250,144, 0.0000000, 84, 0.0000000, 48,       104, 16,       141
5DC,2017/02/17 22:33:00, 50, 5.9185514, 51, 28.423918, 52, 22.505367, 49,        64, 56, 8.9075432, 67, 644.68970, 72, 155.44055, 77, 42.937500,144, 0.0000000, 84, 0.0000000, 48,       104, 16,       141
56C,2017/02/17 22:34:00, 50, 8.6226158, 51, 27.657173, 52, 19.034557, 49,        64, 56, 8.9075432, 67, 644.68970, 72, 155.51440, 77, 42.968750,144, 0.0000000, 84, 0.0000000, 48,       104, 16,       141
56C,2017/02/17 22:35:00, 50, 5.6522093, 51, 31.896975, 52, 26.244766, 49,        64, 56, 8.9075432, 67, 644.68970, 72, 155.59622, 77, 43.000000,144, 0.0000000, 84, 0.0000000, 48,       104, 16,       141
57C,2017/02/17 22:36:00, 50, 0.2049956, 51, 18.337227, 52, 18.132233, 49,        64, 56, 8.9075432, 67, 643.33984, 72, 155.87646, 77, 43.031250,144, 0.0000000, 84, 0.0000000, 48,       104, 16,       141
59C,2017/02/17 22:37:00, 50,-0.3534347, 51, 24.865496, 52, 25.218929, 49,        64, 56, 8.9075432, 67, 643.33984, 72, 155.89075, 77, 43.062500,144, 0.0000000, 84, 0.0000000, 48,       104, 16,       141
56C,2017/02/17 22:38:00, 50, 10.784861, 51, 20.178198, 52, 9.3933372, 49,        64, 56, 8.9075432, 67, 643.33984, 72, 155.70410, 77, 43.093750,144, 0.0000000, 84, 0.0000000, 48,       104, 16,       141
5DC,2017/02/17 22:39:00, 50, 9.3367100, 51, 20.993862, 52, 11.657152, 49,        64, 56, 8.9075432, 67, 643.33984, 72, 155.62363, 77, 43.093750,144, 0.0000000, 84, 0.0000000, 48,       104, 16,       141
57C,2017/02/17 22:40:00, 50, 15.547180, 51, 38.173061, 52, 22.625881, 49,        64, 56, 8.9075432, 67, 643.33984, 72, 155.57169, 77, 43.125000,144, 0.0000000, 84, 0.0000000, 48,       104, 16,       141
5DC,2017/02/17 22:41:00, 50, 22.689556, 51, 46.418118, 52, 23.728561, 49,        64, 56, 8.9075432, 67, 643.33984, 72, 155.71558, 77, 43.156250,144, 0.0000000, 84, 0.0000000, 48,       104, 16,       141
56C,2017/02/17 22:42:00, 50, 21.312920, 51, 46.723278, 52, 25.410358, 49,        64, 56, 8.9075432, 67, 643.33984, 72, 155.73502, 77, 43.156250,144, 0.0000000, 84, 0.0000000, 48,       104, 16,       141
58C,2017/02/17 22:43:00, 50, 21.011017, 51, 47.895802, 52, 26.884785, 49,        64, 56, 8.9075432, 67, 643.33984, 72, 155.61578, 77, 43.187500,144, 0.0000000, 84, 0.0000000, 48,       104, 16,       141
5CC,2017/02/17 22:44:00, 50, 18.453827, 51, 45.904099, 52, 27.450272, 49,        64, 56, 8.9075432, 67, 643.33984, 72, 155.68900, 77, 43.218750,144, 0.0000000, 84, 0.0000000, 48,       104, 16,       141
52C,2017/02/17 22:45:00, 50, 10.191061, 51, 50.081165, 52, 39.890106, 49,        64, 56, 8.9075432, 67, 643.33984, 72, 155.72403, 77, 43.250000,144, 0.0000000, 84, 0.0000000, 48,       104, 16,       141
5BC,2017/02/17 22:46:00, 50, 16.776855, 51, 46.862537, 52, 30.085682, 49,        64, 56, 8.9075432, 67, 643.33984, 72, 155.91977, 77, 43.250000,144, 0.0000000, 84, 0.0000000, 48,       104, 16,       141
58C,2017/02/17 22:47:00, 50, 18.276859, 51, 49.307850, 52, 31.030991, 49,        64, 56, 8.9075432, 67, 643.33984, 72, 155.91196, 77, 43.281250,144, 0.0000000, 84, 0.0000000, 48,       104, 16,       141
56C,2017/02/17 22:48:00, 50, 17.529362, 51, 49.653812, 52, 32.124451, 49,        64, 56, 8.9075432, 67, 643.33984, 72, 155.77417, 77, 43.281250,144, 0.0000000, 84, 0.0000000, 48,       104, 16,       141
5CC,2017/02/17 22:49:00, 50, 17.704689, 51, 43.042095, 52, 25.337406, 49,        64, 56, 8.9075432, 67, 643.33984, 72, 155.82190, 77, 43.312500,144, 0.0000000, 84, 0.0000000, 48,       104, 16,       141
59C,2017/02/17 22:50:00, 50, 22.883762, 51, 48.487057, 52, 25.603294, 49,        64, 56, 8.9075432, 67, 643.33984, 72, 155.80771, 77, 43.343750,144, 0.0000000, 84, 0.0000000, 48,       104, 16,       141
51C,2017/02/17 22:51:00, 50, 19.158661, 51, 31.925728, 52, 12.767067, 49,        64, 56, 8.9075432, 67, 643.33984, 72, 155.94507, 77, 43.375000,144, 0.0000000, 84, 0.0000000, 48,       104, 16,       141
5CC,2017/02/17 22:52:00, 50, 13.392511, 51, 41.898556, 52, 28.506046, 49,        64, 56, 8.9075432, 67, 643.33984, 72, 155.95120, 77, 43.375000,144, 0.0000000, 84, 0.0000000, 48,       104, 16,       141
59C,2017/02/17 22:53:00, 50, 13.062733, 51, 39.719124, 52, 26.656391, 49,        64, 56, 8.9075432, 67, 643.33984, 72, 155.74658, 77, 43.406250,144, 0.0000000, 84, 0.0000000, 48,       104, 16,       141
51C,2017/02/17 22:54:00, 50, 8.3330841, 51, 22.941963, 52, 14.608879, 49,        64, 56, 8.9075432, 67, 643.33984, 72, 155.67334, 77, 43.406250,144, 0.0000000, 84, 0.0000000, 48,       104, 16,       141
5AC,2017/02/17 22:55:00, 50, 4.8541708, 51, 27.304426, 52, 22.450256, 49,        64, 56, 8.9075432, 67, 643.33984, 72, 155.57632, 77, 43.437500,144, 0.0000000, 84, 0.0000000, 48,       104, 16,       141
5BC,2017/02/17 22:56:00, 50, 2.6591940, 51, 28.089468, 52, 25.430275, 49,        64, 56, 8.9075432, 67, 643.33984, 72, 155.64346, 77, 43.437500,144, 0.0000000, 84, 0.0000000, 48,       104, 16,       141
5FC,2017/02/17 22:57:00, 50, 0.2365900, 51, 22.953054, 52, 22.716465, 49,        64, 56, 8.9075432, 67, 643.33984, 72, 155.59451, 77, 43.468750,144, 0.0000000, 84, 0.0000000, 48,       104, 16,       141
53C,2017/02/17 22:58:00, 50, 0.0492384, 51, 22.068182, 52, 22.018944, 49,        64, 56, 8.9075432, 67, 643.33984, 72, 155.42358, 77, 43.468750,144, 0.0000000, 84, 0.0000000, 48,       104, 16,       141
57C,2017/02/17 22:59:00, 50, 3.9303689, 51, 17.722536, 52, 13.792168, 49,        64, 56, 8.9075432, 67, 643.33984, 72, 155.41940, 77, 43.500000,144, 0.0000000, 84, 0.0000000, 48,       104, 16,       141
5EC,2017/02/17 23:00:00, 50, 1.9116614, 51, 23.234968, 52, 21.323307, 49,        64, 56, 8.9075432, 67, 643.33984, 72, 155.41483, 77, 43.500000,144, 0.0000000, 84, 0.0000000, 48,       104, 16,       141
5DC,2017/02/17 23:01:00, 50,-4.5848055, 51, 15.382915, 52, 19.967720, 49,        64, 56, 8.9075432, 67, 643.33984, 72, 155.54965, 77, 43.531250,144, 0.0000000, 84, 0.0000000, 48,       104, 16,       141
51C,2017/02/17 23:02:00, 50,-5.7822342, 51, 5.8021011, 52, 11.584335, 49,        64, 56, 8.9075432, 67, 643.33984, 72, 155.53186, 77, 43.531250,144, 0.0000000, 84, 0.0000000, 48,       104, 16,       141
56C,2017/02/17 23:03:00, 50,-5.8293772, 51, 0.8260975, 52, 6.6554747, 49,        64, 56, 8.9075432, 67, 643.33984, 72, 155.37512, 77, 43.531250,144, 0.0000000, 84, 0.0000000, 48,       104, 16,       141
52C,2017/02/17 23:04:00, 50,-1.8009956, 51, 3.6413484, 52, 5.4423437, 49,        64, 56, 8.9075432, 67, 643.33984, 72, 155.38821, 77, 43.562500,144, 0.0000000, 84, 0.0000000, 48,       104, 16,       141
5FC,2017/02/17 23:05:00, 50,-3.1626716, 51, 5.3610754, 52, 8.5237465, 49,        64, 56, 8.9075432, 67, 643.33984, 72, 155.39383, 77, 43.562500,144, 0.0000000, 84, 0.0000000, 48,       104, 16,       141
5AC,2017/02/17 23:06:00, 50,-5.8257265, 51, 7.7510996, 52, 13.576826, 49,        64, 56, 8.9075432, 67, 643.33984, 72, 155.57840, 77, 43.625000,144, 0.0000000, 84, 0.0000000, 48,       104, 16,       141
50C,2017/02/17 23:07:00, 50,-5.6297417, 51, 8.4531116, 52, 14.082853, 49,        64, 56, 8.9075432, 67, 643.33984, 72, 155.55743, 77, 43.625000,144, 0.0000000, 84, 0.0000000, 48,       104, 16,       141
5BC,2017/02/17 23:08:00, 50,-0.7912984, 51, 9.6901970, 52, 10.481495, 49,        64, 56, 8.9075432, 67, 643.33984, 72, 155.37949, 77, 43.625000,144, 0.0000000, 84, 0.0000000, 48,       104, 16,       141
5DC,2017/02/17 23:09:00, 50, 2.2519326, 51, 12.216970, 52, 9.9650383, 49,        64, 56, 8.9075432, 67, 643.33984, 72, 155.36707, 77, 43.656250,144, 0.0000000, 84, 0.0000000, 48,       104, 16,       141
52C,2017/02/17 23:10:00, 50,-2.2452197, 51, 14.863173, 52, 17.108391, 49,        64, 56, 8.9075432, 67, 643.33984, 72, 155.35995, 77, 43.656250,144, 0.0000000, 84, 0.0000000, 48,       104, 16,       141
56C,2017/02/17 23:11:00, 50, 2.7688074, 51, 12.710505, 52, 9.9416981, 49,        64, 56, 8.9075432, 67, 643.33984, 72, 155.52133, 77, 43.687500,144, 0.0000000, 84, 0.0000000, 48,       104, 16,       141
5CC,2017/02/17 23:12:00, 50, 2.5655246, 51, 27.081007, 52, 24.515484, 49,        64, 56, 8.9075432, 67, 643.33984, 72, 155.52432, 77, 43.656250,144, 0.0000000, 84, 0.0000000, 48,       104, 16,       141
51C,2017/02/17 23:13:00, 50, 4.2138758, 51, 9.1727200, 52, 4.9588442, 49,        64, 56, 8.9075432, 67, 643.33984, 72, 155.36105, 77, 43.718750,144, 0.0000000, 84, 0.0000000, 48,       104, 16,       141
52C,2017/02/17 23:14:00, 50,-1.0684407, 51, 7.7680368, 52, 8.8364773, 49,        64, 56, 8.9075432, 67, 643.33984, 72, 155.35333, 77, 43.718750,144, 0.0000000, 84, 0.0000000, 48,       104, 16,       141
5BC,2017/02/17 23:15:00, 50, 1.9719369, 51, 8.4365788, 52, 6.4646425, 49,        64, 56, 8.9075432, 67, 643.33984, 72, 155.35477, 77, 43.750000,144, 0.0000000, 84, 0.0000000, 48,       104, 16,       141
52C,2017/02/17 23:16:00, 50, 4.6958094, 51, 12.975680, 52, 8.2798710, 49,        64, 56, 8.9075432, 67, 643.33984, 72, 155.52148, 77, 43.750000,144, 0.0000000, 84, 0.0000000, 48,       104, 16,       141
52C,2017/02/17 23:17:00, 50, 2.3309226, 51, 11.620814, 52, 9.2898922, 49,        64, 56, 8.9075432, 67, 643.33984, 72, 155.52127, 77, 43.750000,144, 0.0000000, 84, 0.0000000, 48,       104, 16,       141
5DC,2017/02/17 23:18:00, 50,-1.0742719, 51, 10.628631, 52, 11.702902, 49,        64, 56, 8.9075432, 67, 643.33984, 72, 155.35657, 77, 43.781250,144, 0.0000000, 84, 0.0000000, 48,       104, 16,       141
58C,2017/02/17 23:19:00, 50,-3.0752320, 51, 7.5563545, 52, 10.631586, 49,        64, 56, 8.9075432, 67, 643.33984, 72, 155.34012, 77, 43.781250,144, 0.0000000, 84, 0.0000000, 48,       104, 16,       141
57C,2017/02/17 23:20:00, 50,-2.6051173, 51, 6.1333818, 52, 8.7384987, 49,        64, 56, 8.9075432, 67, 643.33984, 72, 155.34857, 77, 43.781250,144, 0.0000000, 84, 0.0000000, 48,       104, 16,       141
5FC,2017/02/17 23:21:00, 50, 1.6260822, 51, 7.2311683, 52, 5.6050863, 49,        64, 56, 8.9075432, 67, 643.33984, 72, 155.54367, 77, 43.812500,144, 0.0000000, 84, 0.0000000, 48,       104, 16,       141
53C,2017/02/17 23:22:00, 50, 1.2164829, 51, 8.8475018, 52, 7.6310196, 49,        64, 56, 8.9075432, 67, 643.33984, 72, 155.54227, 77, 43.812500,144, 0.0000000, 84, 0.0000000, 48,       104, 16,       141
53C,2017/02/17 23:23:00, 50, 1.3484716, 51, 13.214112, 52, 11.865641, 49,        64, 56, 8.9075432, 67, 643.33984, 72, 155.37488, 77, 43.843750,144, 0.0000000, 84, 0.0000000, 48,       104, 16,       141
53C,2017/02/17 23:24:00, 50, 2.6716352, 51, 13.087526, 52, 10.415892, 49,        64, 56, 8.9075432, 67, 643.33984, 72, 155.35596, 77, 43.843750,144, 0.0000000, 84, 0.0000000, 48,       104, 16,       141
53C,2017/02/17 23:25:00, 50, 3.3034658, 51, 8.5165730, 52, 5.2131071, 49,        64, 56, 8.9075432, 67, 643.33984, 72, 155.35205, 77, 43.875000,144, 0.0000000, 84, 0.0000000, 48,       104, 16,       141
58C,2017/02/17 23:26:00, 50,-3.3074574, 51, 6.1729946, 52, 9.4804516, 49,        64, 56, 8.9075432, 67, 643.33984, 72, 155.51636, 77, 43.875000,144, 0.0000000, 84, 0.0000000, 48,       104, 16,       141
5DC,2017/02/17 23:27:00, 50,-5.0436993, 51, 11.309195, 52, 16.352894, 49,        64, 56, 8.9075432, 67, 643.33984, 72, 155.50372, 77, 43.875000,144, 0.0000000, 84, 0.0000000, 48,       104, 16,       141
51C,2017/02/17 23:28:00, 50, 4.5846395, 51, 1.9049730, 52,-2.6796665, 49,        64, 56, 8.9075432, 67, 643.33984, 72, 155.33569, 77, 43.875000,144, 0.0000000, 84, 0.0000000, 48,       104, 16,       141
50C,2017/02/17 23:29:00, 50, 0.1564766, 51, 20.100700, 52, 19.944225, 49,        64, 56, 8.9075432, 67, 643.33984, 72, 155.36539, 77, 43.875000,144, 0.0000000, 84, 0.0000000, 48,       104, 16,       141
57C,2017/02/17 23:30:00, 50, 0.8810818, 51, 22.383854, 52, 21.502773, 49,        64, 56, 8.9075432, 67, 643.33984, 72, 155.37589, 77, 43.906250,144, 0.0000000, 84, 0.0000000, 48,       104, 16,       141
56C,2017/02/17 23:31:00, 50, 3.6618900, 51, 28.768618, 52, 25.106728, 49,        64, 56, 8.9075432, 67, 643.33984, 72, 155.37189, 77, 43.906250,144, 0.0000000, 84, 0.0000000, 48,       104, 16,       141
5FC,2017/02/17 23:32:00, 50, 0.4126577, 51, 21.543211, 52, 21.130554, 49,        64, 56, 8.9075432, 67, 643.33984, 72, 155.54626, 77, 43.968750,144, 0.0000000, 84, 0.0000000, 48,       104, 16,       141
5DC,2017/02/17 23:33:00, 50, 0.9893024, 51, 25.213648, 52, 24.224346, 49,        64, 56, 8.9075432, 67, 643.33984, 72, 155.53979, 77, 43.968750,144, 0.0000000, 84, 0.0000000, 48,       104, 16,       141
5EC,2017/02/17 23:34:00, 50, 0.2854582, 51, 13.957300, 52, 13.671843, 49,        64, 56, 8.9075432, 67, 643.33984, 72, 155.35892, 77, 43.968750,144, 0.0000000, 84, 0.0000000, 48,       104, 16,       141
5EC,2017/02/17 23:35:00, 50, 3.3654618, 51, 23.580576, 52, 20.215115, 49,        64, 56, 8.9075432, 67, 643.33984, 72, 155.35330, 77, 43.968750,144, 0.0000000, 84, 0.0000000, 48,       104, 16,       141
5EC,2017/02/17 23:36:00, 50,-0.3715194, 51, 19.399054, 52, 19.770573, 49,        64, 56, 8.9075432, 67, 643.33984, 72, 155.34201, 77, 44.000000,144, 0.0000000, 84, 0.0000000, 48,       104, 16,       141
5BC,2017/02/17 23:37:00, 50, 2.7335982, 51, 13.245727, 52, 10.512129, 49,        64, 56, 8.9075432, 67, 643.33984, 72, 155.48032, 77, 43.968750,144, 0.0000000, 84, 0.0000000, 48,       104, 16,       141
5DC,2017/02/17 23:38:00, 50, 2.8724833, 51, 8.4646235, 52, 5.5921402, 49,        64, 56, 8.9075432, 67, 643.33984, 72, 155.47916, 77, 44.031250,144, 0.0000000, 84, 0.0000000, 48,       104, 16,       141
51C,2017/02/17 23:39:00, 50,-2.1802793, 51, 8.5980892, 52, 10.778368, 49,        64, 56, 8.9075432, 67, 643.33984, 72, 155.32858, 77, 44.000000,144, 0.0000000, 84, 0.0000000, 48,       104, 16,       141
5DC,2017/02/17 23:40:00, 50,-3.0292149, 51, 3.5592794, 52, 6.5884943, 49,        64, 56, 8.9075432, 67, 643.33984, 72, 155.33221, 77, 44.031250,144, 0.0000000, 84, 0.0000000, 48,       104, 16,       141
55C,2017/02/17 23:41:00, 50,-5.4925289, 51, 2.9152699, 52, 8.4077988, 49,        64, 56, 8.9075432, 67, 643.33984, 72, 155.34451, 77, 44.031250,144, 0.0000000, 84, 0.0000000, 48,       104, 16,       141
55C,2017/02/17 23:42:00, 50, 1.8993592, 51, 6.2926288, 52, 4.3932695, 49,        64, 56, 8.9075432, 67, 643.33984, 72, 155.52240, 77, 44.031250,144, 0.0000000, 84, 0.0000000, 48,       104, 16,       141
5FC,2017/02/17 23:43:00, 50, 0.6469649, 51, 15.841628, 52, 15.194664, 49,        64, 56, 8.9075432, 67, 643.33984, 72, 155.54208, 77, 44.062500,144, 0.0000000, 84, 0.0000000, 48,       104, 16,       141
57C,2017/02/17 23:44:00, 50, 4.5830317, 51, 3.0299091, 52,-1.5531225, 49,        64, 56, 8.9075432, 67, 643.33984, 72, 155.37552, 77, 44.062500,144, 0.0000000, 84, 0.0000000, 48,       104, 16,       141
50C,2017/02/17 23:45:00, 50, 4.7371931, 51, 15.359735, 52, 10.622541, 49,        64, 56, 8.9075432, 67, 643.33984, 72, 155.36670, 77, 44.093750,144, 0.0000000, 84, 0.0000000, 48,       104, 16,       141
53C,2017/02/17 23:46:00, 50, 1.9860282, 51, 12.980084, 52, 10.994057, 49,        64, 56, 8.9075432, 67, 643.33984, 72, 155.36633, 77, 44.093750,144, 0.0000000, 84, 0.0000000, 48,       104, 16,       141
5CC,2017/02/17 23:47:00, 50, 1.7680790, 51, 11.953101, 52, 10.185022, 49,        64, 56, 8.9075432, 67, 643.33984, 72, 155.52869, 77, 44.125000,144, 0.0000000, 84, 0.0000000, 48,       104, 16,       141
5FC,2017/02/17 23:48:00, 50, 2.2197914, 51, 10.850351, 52, 8.6305599, 49,        64, 56, 8.9075432, 67, 643.33984, 72, 155.53128, 77, 44.125000,144, 0.0000000, 84, 0.0000000, 48,       104, 16,       141
58C,2017/02/17 23:49:00, 50, 1.7640350, 51, 6.4989438, 52, 4.7349091, 49,        64, 56, 8.9075432, 67, 643.33984, 72, 155.34579, 77, 44.125000,144, 0.0000000, 84, 0.0000000, 48,       104, 16,       141
50C,2017/02/17 23:50:00, 50, 1.7587204, 51, 12.198896, 52, 10.440176, 49,        64, 56, 8.9075432, 67, 643.33984, 72, 155.34204, 77, 44.125000,144, 0.0000000, 84, 0.0000000, 48,       104, 16,       141
56C,2017/02/17 23:51:00, 50, 0.3524036, 51,-3.2025397, 52,-3.5549431, 49,        64, 56, 8.9075432, 67, 643.33984, 72, 155.35361, 77, 44.187500,144, 0.0000000, 84, 0.0000000, 48,       104, 16,       141
5EC,2017/02/17 23:52:00, 50, 2.9801245, 51, 14.410867, 52, 11.430742, 49,        64, 56, 8.9075432, 67, 643.33984, 72, 155.52585, 77, 44.156250,144, 0.0000000, 84, 0.0000000, 48,       104, 16,       141
5EC,2017/02/17 23:53:00, 50, 2.0093117, 51, 9.1694698, 52, 7.1601582, 49,        64, 56, 8.9075432, 67, 643.33984, 72, 155.54138, 77, 44.187500,144, 0.0000000, 84, 0.0000000, 48,       104, 16,       141
51C,2017/02/17 23:54:00, 50,-3.2236271, 51, 15.536325, 52, 18.759953, 49,        64, 56, 8.9075432, 67, 643.33984, 72, 155.40671, 77, 44.187500,144, 0.0000000, 84, 0.0000000, 48,       104, 16,       141
5BC,2017/02/17 23:55:00, 50,-0.9013345, 51, 12.760011, 52, 13.661345, 49,        64, 56, 8.9075432, 67, 643.33984, 72, 155.38300, 77, 44.218750,144, 0.0000000, 84, 0.0000000, 48,       104, 16,       141
5EC,2017/02/17 23:56:00, 50, 2.0137129, 51, 9.6533890, 52, 7.6396761, 49,        64, 56, 8.9075432, 67, 643.33984, 72, 155.36722, 77, 44.218750,144, 0.0000000, 84, 0.0000000, 48,       104, 16,       141
59C,2017/02/17 23:57:00, 50, 2.9575210, 51, 8.3362255, 52, 5.3787050, 49,        64, 56, 8.9075432, 67, 643.33984, 72, 155.54684, 77, 44.250000,144, 0.0000000, 84, 0.0000000, 48,       104, 16,       141
54C,2017/02/17 23:58:00, 50, 5.0733738, 51, 6.7258816, 52, 1.6525078, 49,        64, 56, 8.9075432, 67, 643.33984, 72, 155.54315, 77, 44.250000,144, 0.0000000, 84, 0.0000000, 48,       104, 16,       141
55C,2017/02/17 23:59:00, 50, 1.7636864, 51, 9.6016502, 52, 7.8379641, 49,        64, 56, 8.9075432, 67, 643.33984, 72, 155.35114, 77, 44.250000,144, 0.0000000, 84, 0.0000000, 48,       104, 16,       141
