5EC,2019/03/27 19:01:00, 50, 0.0000000, 51, 0.0000000, 52, 0.0000000, 49,        64, 56, 10.582877,116,         4, 72, 237.50089, 77, 14.937500,144, 0.0000000, 84, 0.0000000, 48,       104, 16,       141
5CC,2019/03/27 19:02:00, 50, 0.0000000, 51, 0.0000000, 52, 0.0000000, 49,        64, 56, 10.582877,116,         4, 72, 231.80835, 77, 15.687500,144, 0.0000000, 84, 0.0000000, 48,       104, 16,       141
50C,2019/03/27 19:03:00, 50, 0.0000000, 51, 0.0000000, 52, 0.0000000, 49,        64, 56, 10.582877,116,         4, 72, 226.33411, 77, 16.125000,144, 0.0000000, 84, 0.0000000, 48,       104, 16,       141
55C,2019/03/27 19:04:00, 50, 0.0000000, 51, 0.0000000, 52, 0.0000000, 49,        64, 56, 10.582877,116,         4, 72, 221.32068, 77, 16.468750,144, 0.0000000, 84, 0.0000000, 48,       104, 16,       141
5FC,2019/03/27 19:05:00, 50, 0.0000000, 51, 0.0000000, 52, 0.0000000, 49,        64, 56, 10.582877,116,         4, 72, 215.94354, 77, 17.031250,144, 0.0000000, 84, 0.0000000, 48,       104, 16,       141
5AC,2019/03/27 19:06:00, 50, 0.0000000, 51, 0.0000000, 52, 0.0000000, 49,        64, 56, 10.582877,116,         4, 72, 209.83112, 77, 17.468750,144, 0.0000000, 84, 0.0000000, 48,       104, 16,       141
5FC,2019/03/27 19:07:00, 50, 0.0000000, 51, 0.0000000, 52, 0.0000000, 49,        64, 56, 10.582877,116,         4, 72, 204.63181, 77, 17.968750,144, 0.0000000, 84, 0.0000000, 48,       104, 16,       141
53C,2019/03/27 19:08:00, 50, 0.0000000, 51, 0.0000000, 52, 0.0000000, 49,        64, 56, 10.582877,116,         4, 72, 199.56775, 77, 18.437500,144, 0.0000000, 84, 0.0000000, 48,       104, 16,       141
59C,2019/03/27 19:09:00, 50, 0.0000000, 51, 0.0000000, 52, 0.0000000, 49,        64, 56, 10.582877,116,         4, 72, 193.32776, 77, 18.968750,144, 0.0000000, 84, 0.0000000, 48,       104, 16,       141
5AC,2019/03/27 19:10:00, 50, 0.0000000, 51, 0.0000000, 52, 0.0000000, 49,        64, 56, 10.582877,116,         4, 72, 188.84586, 77, 19.312500,144, 0.0000000, 84, 0.0000000, 48,       104, 16,       141
5BC,2019/03/27 19:11:00, 50, 0.0000000, 51, 0.0000000, 52, 0.0000000, 49,        64, 56, 10.582877,116,         4, 72, 185.63327, 77, 19.687500,144, 0.0000000, 84, 0.0000000, 48,       104, 16,       141
58C,2019/03/27 19:12:00, 50, 0.0000000, 51, 0.0000000, 52, 0.0000000, 49,        64, 56, 10.582877,116,         4, 72, 183.15302, 77, 20.125000,144, 0.0000000, 84, 0.0000000, 48,       104, 16,       141
5AC,2019/03/27 19:13:00, 50, 0.0000000, 51, 0.0000000, 52, 0.0000000, 49,        64, 56, 10.582877,116,         4, 72, 181.18842, 77, 20.500000,144, 0.0000000, 84, 0.0000000, 48,       104, 16,       141
5DC,2019/03/27 19:14:00, 50, 0.0000000, 51, 0.0000000, 52, 0.0000000, 49,        64, 56, 10.582877,116,         4, 72, 180.68982, 77, 20.812500,144, 0.0000000, 84, 0.0000000, 48,       104, 16,       141
56C,2019/03/27 19:15:00, 50, 0.0000000, 51, 0.0000000, 52, 0.0000000, 49,        64, 56, 10.582877,116,         4, 72, 179.71704, 77, 21.187500,144, 0.0000000, 84, 0.0000000, 48,       104, 16,       141
5AC,2019/03/27 19:16:00, 50, 0.0000000, 51, 0.0000000, 52, 0.0000000, 49,        64, 56, 10.582877,116,         4, 72, 178.97446, 77, 21.468750,144, 0.0000000, 84, 0.0000000, 48,       104, 16,       141
5AC,2019/03/27 19:17:00, 50, 0.0000000, 51, 0.0000000, 52, 0.0000000, 49,        64, 56, 10.582877,116,         4, 72, 178.20587, 77, 21.781250,144, 0.0000000, 84, 0.0000000, 48,       104, 16,       141
54C,2019/03/27 19:18:00, 50, 0.0000000, 51, 0.0000000, 52, 0.0000000, 49,        64, 56, 10.582877,116,         4, 72, 177.69604, 77, 22.062500,144, 0.0000000, 84, 0.0000000, 48,       104, 16,       141
54C,2019/03/27 19:19:00, 50, 0.0000000, 51, 0.0000000, 52, 0.0000000, 49,        64, 56, 10.582877,116,         4, 72, 177.99387, 77, 22.375000,144, 0.0000000, 84, 0.0000000, 48,       104, 16,       141
5BC,2019/03/27 19:20:00, 50, 0.0000000, 51, 0.0000000, 52, 0.0000000, 49,        64, 56, 10.582877,116,         4, 72, 178.49759, 77, 22.625000,144, 0.0000000, 84, 0.0000000, 48,       104, 16,       141
5EC,2019/03/27 19:21:00, 50, 0.0000000, 51, 0.0000000, 52, 0.0000000, 49,        64, 56, 10.582877,116,         4, 72, 178.50806, 77, 22.906250,144, 0.0000000, 84, 0.0000000, 48,       104, 16,       141
5FC,2019/03/27 19:22:00, 50, 0.0000000, 51, 0.0000000, 52, 0.0000000, 49,        64, 56, 10.582877,116,         4, 72, 178.65622, 77, 23.156250,144, 0.0000000, 84, 0.0000000, 48,       104, 16,       141
52C,2019/03/27 19:23:00, 50, 0.0000000, 51, 0.0000000, 52, 0.0000000, 49,        64, 56, 10.582877,116,         4, 72, 178.40683, 77, 23.406250,144, 0.0000000, 84, 0.0000000, 48,       104, 16,       141
50C,2019/03/27 19:24:00, 50, 0.0000000, 51, 0.0000000, 52, 0.0000000, 49,        64, 56, 10.582877,116,         4, 72, 177.71130, 77, 23.656250,144, 0.0000000, 84, 0.0000000, 48,       104, 16,       141
59C,2019/03/27 19:25:00, 50, 0.0000000, 51, 0.0000000, 52, 0.0000000, 49,        64, 56, 10.582877,116,         4, 72, 177.07300, 77, 23.875000,144, 0.0000000, 84, 0.0000000, 48,       104, 16,       141
5CC,2019/03/27 19:26:00, 50, 0.0000000, 51, 0.0000000, 52, 0.0000000, 49,        64, 56, 10.582877,116,         4, 72, 177.19211, 77, 24.156250,144, 0.0000000, 84, 0.0000000, 48,       104, 16,       141
5FC,2019/03/27 19:27:00, 50, 0.0000000, 51, 0.0000000, 52, 0.0000000, 49,        64, 56, 10.582877,116,         4, 72, 177.20459, 77, 24.250000,144, 0.0000000, 84, 0.0000000, 48,       104, 16,       141
56C,2019/03/27 19:28:00, 50, 0.0000000, 51, 0.0000000, 52, 0.0000000, 49,        64, 56, 10.582877,116,         4, 72, 177.23096, 77, 24.437500,144, 0.0000000, 84, 0.0000000, 48,       104, 16,       141
52C,2019/03/27 19:29:00, 50, 0.0000000, 51, 0.0000000, 52, 0.0000000, 49,        64, 56, 10.582877,116,         4, 72, 176.99951, 77, 24.656250,144, 0.0000000, 84, 0.0000000, 48,       104, 16,       141
5BC,2019/03/27 19:30:00, 50, 0.0000000, 51, 0.0000000, 52, 0.0000000, 49,        64, 56, 10.582877,116,         4, 72, 176.26312, 77, 24.875000,144, 0.0000000, 84, 0.0000000, 48,       104, 16,       141
57C,2019/03/27 19:31:00, 50, 0.0000000, 51, 0.0000000, 52, 0.0000000, 49,        64, 56, 10.582877,116,         4, 72, 176.48932, 77, 25.125000,144, 0.0000000, 84, 0.0000000, 48,       104, 16,       141
5EC,2019/03/27 19:32:00, 50, 0.0000000, 51, 0.0000000, 52, 0.0000000, 49,        64, 56, 10.582877,116,         4, 72, 177.54269, 77, 25.312500,144, 0.0000000, 84, 0.0000000, 48,       104, 16,       141
5EC,2019/03/27 19:33:00, 50, 0.0000000, 51, 0.0000000, 52, 0.0000000, 49,        64, 56, 10.582877,116,         4, 72, 177.92560, 77, 25.531250,144, 0.0000000, 84, 0.0000000, 48,       104, 16,       141
5BC,2019/03/27 19:34:00, 50, 0.0000000, 51, 0.0000000, 52, 0.0000000, 49,        64, 56, 10.582877,116,         4, 72, 177.47913, 77, 25.750000,144, 0.0000000, 84, 0.0000000, 48,       104, 16,       141
5DC,2019/03/27 19:35:00, 50, 0.0000000, 51, 0.0000000, 52, 0.0000000, 49,        64, 56, 10.582877,116,         4, 72, 177.60074, 77, 25.937500,144, 0.0000000, 84, 0.0000000, 48,       104, 16,       141
58C,2019/03/27 19:36:00, 50, 0.0000000, 51, 0.0000000, 52, 0.0000000, 49,        64, 56, 10.582877,116,         4, 72, 178.27362, 77, 26.156250,144, 0.0000000, 84, 0.0000000, 48,       104, 16,       141
55C,2019/03/27 19:37:00, 50, 0.0000000, 51, 0.0000000, 52, 0.0000000, 49,        64, 56, 10.582877,116,         4, 72, 177.20502, 77, 26.375000,144, 0.0000000, 84, 0.0000000, 48,       104, 16,       141
50C,2019/03/27 19:38:00, 50, 1.1372421, 51, 17.092525, 52, 15.955284, 49,        64, 56, 10.582877,116,         4, 72, 176.94772, 77, 26.593750,144, 0.0000000, 84, 0.0000000, 48,       104, 16,       141
53C,2019/03/27 19:39:00, 50, 37.699402, 51, 132.23676, 52, 94.537354, 49,        64, 56, 10.582877,116,         4, 72, 176.94995, 77, 26.781250,144, 0.0000000, 84, 0.0000000, 48,       104, 16,       141
5DC,2019/03/27 19:40:00, 50, 21.101448, 51, 128.32381, 52, 107.22237, 49,        64, 56, 10.582877,116,         4, 72, 176.52765, 77, 26.968750,144, 0.0000000, 84, 0.0000000, 48,       104, 16,       141
58C,2019/03/27 19:41:00, 50, 73.105301, 51, 101.59592, 52, 28.490620, 49,        64, 56, 10.582877,116,         4, 72, 176.28766, 77, 27.125000,144, 0.0000000, 84, 0.0000000, 48,       104, 16,       141
58C,2019/03/27 19:42:00, 50, 72.967773, 51, 125.66471, 52, 52.696938, 49,        64, 56, 10.582877,116,         4, 72, 175.82156, 77, 27.343750,144, 0.0000000, 84, 0.0000000, 48,       104, 16,       141
54C,2019/03/27 19:43:00, 50, 69.809006, 51, 184.84367, 52, 115.03467, 49,        64, 56, 10.582877,116,         4, 72, 175.03308, 77, 27.500000,144, 0.0000000, 84, 0.0000000, 48,       104, 16,       141
5DC,2019/03/27 19:44:00, 50, 66.869400, 51, 118.74008, 52, 51.870682, 49,        64, 56, 10.582877,116,         4, 72, 174.63501, 77, 27.687500,144, 0.0000000, 84, 0.0000000, 48,       104, 16,       141
54C,2019/03/27 19:45:00, 50, 80.723282, 51, 148.77319, 52, 68.049911, 49,        64, 56, 10.582877,116,         4, 72, 174.98322, 77, 27.875000,144, 0.0000000, 84, 0.0000000, 48,       104, 16,       141
56C,2019/03/27 19:46:00, 50, 94.836960, 51, 152.66605, 52, 57.829094, 49,        64, 56, 10.582877,116,         4, 72, 175.45197, 77, 28.031250,144, 0.0000000, 84, 0.0000000, 48,       104, 16,       141
5BC,2019/03/27 19:47:00, 50, 109.98172, 51, 121.47840, 52, 11.496681, 49,        64, 56, 10.582877,116,         4, 72, 175.80811, 77, 28.156250,144, 0.0000000, 84, 0.0000000, 48,       104, 16,       141
55C,2019/03/27 19:48:00, 50, 54.823967, 51, 136.25446, 52, 81.430496, 49,        64, 56, 10.582877,116,         4, 72, 175.95093, 77, 28.343750,144, 0.0000000, 84, 0.0000000, 48,       104, 16,       141
5EC,2019/03/27 19:49:00, 50, 9.7980232, 51, 62.007961, 52, 52.209938, 49,        64, 56, 10.582877,116,         4, 72, 175.77533, 77, 28.531250,144, 0.0000000, 84, 0.0000000, 48,       104, 16,       141
59C,2019/03/27 19:50:00, 50, 87.399002, 51, 114.74148, 52, 27.342480, 49,        64, 56, 10.582877,116,         4, 72, 174.92014, 77, 28.656250,144, 0.0000000, 84, 0.0000000, 48,       104, 16,       141
51C,2019/03/27 19:51:00, 50, 61.536636, 51, 105.01528, 52, 43.478645, 49,        64, 56, 10.582877,116,         4, 72, 174.02567, 77, 28.812500,144, 0.0000000, 84, 0.0000000, 48,       104, 16,       141
53C,2019/03/27 19:52:00, 50, 75.008209, 51, 133.31448, 52, 58.306282, 49,        64, 56, 10.582877,116,         4, 72, 173.40335, 77, 29.062500,144, 0.0000000, 84, 0.0000000, 48,       104, 16,       141
5FC,2019/03/27 19:53:00, 50, 68.076874, 51, 104.32598, 52, 36.249107, 49,        64, 56, 10.582877,116,         4, 72, 173.23401, 77, 29.187500,144, 0.0000000, 84, 0.0000000, 48,       104, 16,       141
53C,2019/03/27 19:54:00, 50, 112.51639, 51, 177.20677, 52, 64.690384, 49,        64, 56, 10.582877,116,         4, 72, 173.78568, 77, 29.312500,144, 0.0000000, 84, 0.0000000, 48,       104, 16,       141
5EC,2019/03/27 19:55:00, 50, 76.225174, 51, 130.49228, 52, 54.267113, 49,        64, 56, 10.582877,116,         4, 72, 173.80728, 77, 29.437500,144, 0.0000000, 84, 0.0000000, 48,       104, 16,       141
52C,2019/03/27 19:56:00, 50, 80.002136, 51, 110.72431, 52, 30.722179, 49,        64, 56, 10.582877,116,         4, 72, 173.29388, 77, 29.625000,144, 0.0000000, 84, 0.0000000, 48,       104, 16,       141
59C,2019/03/27 19:57:00, 50, 66.470657, 51, 101.97949, 52, 35.508835, 49,        64, 56, 10.582877,116,         4, 72, 172.72812, 77, 29.750000,144, 0.0000000, 84, 0.0000000, 48,       104, 16,       141
52C,2019/03/27 19:58:00, 50, 69.493408, 51, 113.52351, 52, 44.030106, 49,        64, 56, 10.582877,116,         4, 72, 172.33365, 77, 29.875000,144, 0.0000000, 84, 0.0000000, 48,       104, 16,       141
52C,2019/03/27 19:59:00, 50, 46.072136, 51, 95.465149, 52, 49.393013, 49,        64, 56, 10.582877,116,         4, 72, 172.29724, 77, 30.062500,144, 0.0000000, 84, 0.0000000, 48,       104, 16,       141
5FC,2019/03/27 20:00:00, 50, 66.826813, 51, 132.52196, 52, 65.695145, 49,        64, 56, 10.582877,116,         4, 72, 172.41080, 77, 30.218750,144, 0.0000000, 84, 0.0000000, 48,       104, 16,       141
58C,2019/03/27 20:01:00, 50, 61.723984, 51, 142.65134, 52, 80.927353, 49,        64, 56, 10.582877,116,         4, 72, 172.57077, 77, 30.375000,144, 0.0000000, 84, 0.0000000, 48,       104, 16,       141
59C,2019/03/27 20:02:00, 50, 78.199631, 51, 109.11875, 52, 30.919125, 49,        64, 56, 10.582877,116,         4, 72, 172.60449, 77, 30.500000,144, 0.0000000, 84, 0.0000000, 48,       104, 16,       141
52C,2019/03/27 20:03:00, 50, 120.79489, 51, 184.12161, 52, 63.326721, 49,        64, 56, 10.582877,116,         4, 72, 172.69455, 77, 30.625000,144, 0.0000000, 84, 0.0000000, 48,       104, 16,       141
5FC,2019/03/27 20:04:00, 50, 71.360001, 51, 118.07582, 52, 46.715820, 49,        64, 56, 10.582877,116,         4, 72, 172.91577, 77, 30.750000,144, 0.0000000, 84, 0.0000000, 48,       104, 16,       141
53C,2019/03/27 20:05:00, 50, 231.83395, 51, 356.10010, 52, 124.26616, 49,        64, 56, 10.582877,116,         4, 72, 172.60144, 77, 30.875000,144, 0.0000000, 84, 0.0000000, 48,       104, 16,       141
51C,2019/03/27 20:06:00, 50, 161.09354, 51, 191.23015, 52, 30.136623, 49,        64, 56, 10.582877,116,         4, 72, 171.97345, 77, 31.031250,144, 0.0000000, 84, 0.0000000, 48,       104, 16,       141
54C,2019/03/27 20:07:00, 50, 83.133072, 51, 96.020973, 52, 12.887903, 49,        64, 56, 10.582877,116,         4, 72, 171.60941, 77, 31.250000,144, 0.0000000, 84, 0.0000000, 48,       104, 16,       141
52C,2019/03/27 20:08:00, 50, 70.577621, 51, 104.65022, 52, 34.072594, 49,        64, 56, 10.582877,116,         4, 72, 171.67169, 77, 31.375000,144, 0.0000000, 84, 0.0000000, 48,       104, 16,       141
56C,2019/03/27 20:09:00, 50, 81.229019, 51, 123.18171, 52, 41.952690, 49,        64, 56, 10.582877,116,         4, 72, 172.10599, 77, 31.406250,144, 0.0000000, 84, 0.0000000, 48,       104, 16,       141
51C,2019/03/27 20:10:00, 50, 84.934830, 51, 98.958298, 52, 14.023474, 49,        64, 56, 10.582877,116,         4, 72, 171.82297, 77, 31.406250,144, 0.0000000, 84, 0.0000000, 48,       104, 16,       141
5FC,2019/03/27 20:11:00, 50, 70.464340, 51, 120.34548, 52, 49.881142, 49,        64, 56, 10.582877,116,         4, 72, 171.34302, 77, 31.343750,144, 0.0000000, 84, 0.0000000, 48,       104, 16,       141
51C,2019/03/27 20:12:00, 50, 59.797623, 51, 110.67424, 52, 50.876617, 49,        64, 56, 10.582877,116,         4, 72, 171.39539, 77, 31.437500,144, 0.0000000, 84, 0.0000000, 48,       104, 16,       141
5CC,2019/03/27 20:13:00, 50, 85.490906, 51, 99.229424, 52, 13.738523, 49,        64, 56, 10.582877,116,         4, 72, 171.77255, 77, 31.593750,144, 0.0000000, 84, 0.0000000, 48,       104, 16,       141
50C,2019/03/27 20:14:00, 50, 47.671463, 51, 100.20004, 52, 52.528580, 49,        64, 56, 10.582877,116,         4, 72, 172.54675, 77, 31.718750,144, 0.0000000, 84, 0.0000000, 48,       104, 16,       141
50C,2019/03/27 20:15:00, 50, 44.773941, 51, 96.604141, 52, 51.830200, 49,        64, 56, 10.582877,116,         4, 72, 172.88385, 77, 31.843750,144, 0.0000000, 84, 0.0000000, 48,       104, 16,       141
59C,2019/03/27 20:16:00, 50, 51.207176, 51, 94.580002, 52, 43.372826, 49,        64, 56, 10.582877,116,         4, 72, 172.67282, 77, 31.968750,144, 0.0000000, 84, 0.0000000, 48,       104, 16,       141
5FC,2019/03/27 20:17:00, 50, 55.226334, 51, 107.16100, 52, 51.934669, 49,        64, 56, 10.582877,116,         4, 72, 172.41672, 77, 32.062500,144, 0.0000000, 84, 0.0000000, 48,       104, 16,       141
56C,2019/03/27 20:18:00, 50, 57.924545, 51, 71.511292, 52, 13.586746, 49,        64, 56, 10.582877,116,         4, 72, 172.37808, 77, 32.187500,144, 0.0000000, 84, 0.0000000, 48,       104, 16,       141
5CC,2019/03/27 20:19:00, 50, 63.106934, 51, 105.88162, 52, 42.774689, 49,        64, 56, 10.582877,116,         4, 72, 172.86166, 77, 32.281250,144, 0.0000000, 84, 0.0000000, 48,       104, 16,       141
5BC,2019/03/27 20:20:00, 50, 52.551292, 51, 98.134392, 52, 45.583099, 49,        64, 56, 10.582877,116,         4, 72, 173.12820, 77, 32.375000,144, 0.0000000, 84, 0.0000000, 48,       104, 16,       141
5EC,2019/03/27 20:21:00, 50, 65.048035, 51, 59.396675, 52,-5.6513643, 49,        64, 56, 10.582877,116,         4, 72, 173.08273, 77, 32.468750,144, 0.0000000, 84, 0.0000000, 48,       104, 16,       141
53C,2019/03/27 20:22:00, 50, 58.646683, 51, 66.692535, 52, 8.0458527, 49,        64, 56, 10.582877,116,         4, 72, 172.52026, 77, 32.562500,144, 0.0000000, 84, 0.0000000, 48,       104, 16,       141
51C,2019/03/27 20:23:00, 50, 68.402176, 51, 99.028847, 52, 30.626675, 49,        64, 56, 10.582877,116,         4, 72, 171.95880, 77, 32.687500,144, 0.0000000, 84, 0.0000000, 48,       104, 16,       141
5CC,2019/03/27 20:24:00, 50, 48.666618, 51, 119.35676, 52, 70.690140, 49,        64, 56, 10.582877,116,         4, 72, 171.80722, 77, 32.781250,144, 0.0000000, 84, 0.0000000, 48,       104, 16,       141
50C,2019/03/27 20:25:00, 50, 50.090584, 51, 86.413322, 52, 36.322739, 49,        64, 56, 10.582877,116,         4, 72, 171.28693, 77, 32.906250,144, 0.0000000, 84, 0.0000000, 48,       104, 16,       141
50C,2019/03/27 20:26:00, 50, 45.339890, 51, 97.168930, 52, 51.829041, 49,        64, 56, 10.582877,116,         4, 72, 170.72058, 77, 33.000000,144, 0.0000000, 84, 0.0000000, 48,       104, 16,       141
52C,2019/03/27 20:27:00, 50, 47.305496, 51, 106.45232, 52, 59.146828, 49,        64, 56, 10.582877,116,         4, 72, 170.25165, 77, 33.093750,144, 0.0000000, 84, 0.0000000, 48,       104, 16,       141
51C,2019/03/27 20:28:00, 50, 69.550354, 51, 100.60393, 52, 31.053574, 49,        64, 56, 10.582877,116,         4, 72, 170.13483, 77, 33.187500,144, 0.0000000, 84, 0.0000000, 48,       104, 16,       141
5CC,2019/03/27 20:29:00, 50, 55.543449, 51, 99.562790, 52, 44.019341, 49,        64, 56, 10.582877,116,         4, 72, 170.70355, 77, 33.312500,144, 0.0000000, 84, 0.0000000, 48,       104, 16,       141
53C,2019/03/27 20:30:00, 50, 86.300369, 51, 143.25600, 52, 56.955635, 49,        64, 56, 10.582877,116,         4, 72, 171.46893, 77, 33.375000,144, 0.0000000, 84, 0.0000000, 48,       104, 16,       141
55C,2019/03/27 20:31:00, 50, 134.30072, 51, 168.92577, 52, 34.625053, 49,        64, 56, 10.582877,116,         4, 72, 172.20020, 77, 33.468750,144, 0.0000000, 84, 0.0000000, 48,       104, 16,       141
5BC,2019/03/27 20:32:00, 50, 113.84967, 51, 163.57104, 52, 49.721382, 49,        64, 56, 10.582877,116,         4, 72, 173.19409, 77, 33.562500,144, 0.0000000, 84, 0.0000000, 48,       104, 16,       141
59C,2019/03/27 20:33:00, 50, 105.47449, 51, 152.66411, 52, 47.189629, 49,        64, 56, 10.582877,116,         4, 72, 173.75043, 77, 33.625000,144, 0.0000000, 84, 0.0000000, 48,       104, 16,       141
50C,2019/03/27 20:34:00, 50, 54.747879, 51, 130.32773, 52, 75.579849, 49,        64, 56, 10.582877,116,         4, 72, 173.80377, 77, 33.718750,144, 0.0000000, 84, 0.0000000, 48,       104, 16,       141
5EC,2019/03/27 20:35:00, 50, 35.061699, 51, 94.257233, 52, 59.195534, 49,        64, 56, 10.582877,116,         4, 72, 173.98605, 77, 33.812500,144, 0.0000000, 84, 0.0000000, 48,       104, 16,       141
56C,2019/03/27 20:36:00, 50, 49.200455, 51, 101.71378, 52, 52.513321, 49,        64, 56, 10.582877,116,         4, 72, 174.14465, 77, 33.906250,144, 0.0000000, 84, 0.0000000, 48,       104, 16,       141
53C,2019/03/27 20:37:00, 50, 84.257202, 51, 150.95195, 52, 66.694748, 49,        64, 56, 10.582877,116,         4, 72, 174.57346, 77, 33.968750,144, 0.0000000, 84, 0.0000000, 48,       104, 16,       141
51C,2019/03/27 20:38:00, 50, 82.723206, 51, 126.26947, 52, 43.546265, 49,        64, 56, 10.582877,116,         4, 72, 174.90384, 77, 34.062500,144, 0.0000000, 84, 0.0000000, 48,       104, 16,       141
51C,2019/03/27 20:39:00, 50, 128.91324, 51, 178.81081, 52, 49.897575, 49,        64, 56, 10.582877,116,         4, 72, 174.99234, 77, 34.156250,144, 0.0000000, 84, 0.0000000, 48,       104, 16,       141
59C,2019/03/27 20:40:00, 50, 70.678574, 51, 129.91486, 52, 59.236282, 49,        64, 56, 10.582877,116,         4, 72, 174.74957, 77, 34.218750,144, 0.0000000, 84, 0.0000000, 48,       104, 16,       141
53C,2019/03/27 20:41:00, 50, 49.838020, 51, 102.74191, 52, 52.903885, 49,        64, 56, 10.582877,116,         4, 72, 174.50940, 77, 34.281250,144, 0.0000000, 84, 0.0000000, 48,       104, 16,       141
59C,2019/03/27 20:42:00, 50, 37.442551, 51, 96.641693, 52, 59.199142, 49,        64, 56, 10.582877,116,         4, 72, 174.95343, 77, 34.406250,144, 0.0000000, 84, 0.0000000, 48,       104, 16,       141
5CC,2019/03/27 20:43:00, 50, 26.175014, 51, 86.113060, 52, 59.938049, 49,        64, 56, 10.582877,116,         4, 72, 175.06274, 77, 34.468750,144, 0.0000000, 84, 0.0000000, 48,       104, 16,       141
56C,2019/03/27 20:44:00, 50, 41.438271, 51, 56.404343, 52, 14.966074, 49,        64, 56, 10.582877,116,         4, 72, 174.59363, 77, 34.500000,144, 0.0000000, 84, 0.0000000, 48,       104, 16,       141
54C,2019/03/27 20:45:00, 50, 37.950470, 51, 64.192909, 52, 26.242439, 49,        64, 56, 10.582877,116,         4, 72, 173.86322, 77, 34.593750,144, 0.0000000, 84, 0.0000000, 48,       104, 16,       141
52C,2019/03/27 20:46:00, 50, 32.564751, 51, 64.156105, 52, 31.591354, 49,        64, 56, 10.582877,116,         4, 72, 173.24506, 77, 34.625000,144, 0.0000000, 84, 0.0000000, 48,       104, 16,       141
50C,2019/03/27 20:47:00, 50, 46.040794, 51, 98.463394, 52, 52.422600, 49,        64, 56, 10.582877,116,         4, 72, 173.10364, 77, 34.718750,144, 0.0000000, 84, 0.0000000, 48,       104, 16,       141
53C,2019/03/27 20:48:00, 50, 40.652115, 51, 83.949608, 52, 43.297493, 49,        64, 56, 10.582877,116,         4, 72, 173.37952, 77, 34.781250,144, 0.0000000, 84, 0.0000000, 48,       104, 16,       141
57C,2019/03/27 20:49:00, 50, 34.361275, 51, 82.175209, 52, 47.813934, 49,        64, 56, 10.582877,116,         4, 72, 173.85352, 77, 34.843750,144, 0.0000000, 84, 0.0000000, 48,       104, 16,       141
5AC,2019/03/27 20:50:00, 50, 29.366619, 51, 63.686665, 52, 34.320045, 49,        64, 56, 10.582877,116,         4, 72, 174.15665, 77, 34.906250,144, 0.0000000, 84, 0.0000000, 48,       104, 16,       141
5EC,2019/03/27 20:51:00, 50, 36.194984, 51, 74.713623, 52, 38.518639, 49,        64, 56, 10.582877,116,         4, 72, 174.15002, 77, 34.968750,144, 0.0000000, 84, 0.0000000, 48,       104, 16,       141
50C,2019/03/27 20:52:00, 50, 32.459106, 51, 106.20087, 52, 73.741760, 49,        64, 56, 10.582877,116,         4, 72, 174.29114, 77, 35.031250,144, 0.0000000, 84, 0.0000000, 48,       104, 16,       141
5DC,2019/03/27 20:53:00, 50, 34.595352, 51, 70.852806, 52, 36.257454, 49,        64, 56, 10.582877,116,         4, 72, 174.75381, 77, 35.062500,144, 0.0000000, 84, 0.0000000, 48,       104, 16,       141
55C,2019/03/27 20:54:00, 50, 24.206303, 51, 62.436390, 52, 38.230087, 49,        64, 56, 10.582877,116,         4, 72, 175.93942, 77, 35.125000,144, 0.0000000, 84, 0.0000000, 48,       104, 16,       141
5AC,2019/03/27 20:55:00, 50, 9.0604839, 51, 76.824059, 52, 67.763580, 49,        64, 56, 10.582877,116,         4, 72, 177.00183, 77, 35.218750,144, 0.0000000, 84, 0.0000000, 48,       104, 16,       141
50C,2019/03/27 20:56:00, 50, 11.945318, 51, 57.374142, 52, 45.428825, 49,        64, 56, 10.582877,116,         4, 72, 177.56897, 77, 35.281250,144, 0.0000000, 84, 0.0000000, 48,       104, 16,       141
57C,2019/03/27 20:57:00, 50, 31.204395, 51, 47.322048, 52, 16.117653, 49,        64, 56, 10.582877,116,         4, 72, 177.89182, 77, 35.312500,144, 0.0000000, 84, 0.0000000, 48,       104, 16,       141
54C,2019/03/27 20:58:00, 50, 57.399666, 51, 96.133636, 52, 38.733971, 49,        64, 56, 10.582877,116,         4, 72, 177.98584, 77, 35.406250,144, 0.0000000, 84, 0.0000000, 48,       104, 16,       141
5BC,2019/03/27 20:59:00, 50, 61.086998, 51, 101.49937, 52, 40.412376, 49,        64, 56, 10.582877,116,         4, 72, 177.88376, 77, 35.468750,144, 0.0000000, 84, 0.0000000, 48,       104, 16,       141
51C,2019/03/27 21:00:00, 50, 34.795189, 51, 79.083794, 52, 44.288605, 49,        64, 56, 10.582877,116,         4, 72, 177.34293, 77, 35.531250,144, 0.0000000, 84, 0.0000000, 48,       104, 16,       141
5FC,2019/03/27 21:01:00, 50, 40.293907, 51, 75.812210, 52, 35.518303, 49,        64, 56, 10.582877,116,         4, 72, 177.03430, 77, 35.562500,144, 0.0000000, 84, 0.0000000, 48,       104, 16,       141
5DC,2019/03/27 21:02:00, 50, 22.198326, 51, 62.102516, 52, 39.904190, 49,        64, 56, 10.582877,116,         4, 72, 176.92969, 77, 35.656250,144, 0.0000000, 84, 0.0000000, 48,       104, 16,       141
5CC,2019/03/27 21:03:00, 50, 43.719200, 51, 86.995811, 52, 43.276611, 49,        64, 56, 10.582877,116,         4, 72, 176.61200, 77, 35.687500,144, 0.0000000, 84, 0.0000000, 48,       104, 16,       141
5AC,2019/03/27 21:04:00, 50, 34.927437, 51, 60.690651, 52, 25.763214, 49,        64, 56, 10.582877,116,         4, 72, 175.85745, 77, 35.781250,144, 0.0000000, 84, 0.0000000, 48,       104, 16,       141
58C,2019/03/27 21:05:00, 50, 47.356873, 51, 65.136734, 52, 17.779865, 49,        64, 56, 10.582877,116,         4, 72, 174.97952, 77, 35.812500,144, 0.0000000, 84, 0.0000000, 48,       104, 16,       141
51C,2019/03/27 21:06:00, 50, 53.762260, 51, 97.449806, 52, 43.687546, 49,        64, 56, 10.582877,116,         4, 72, 174.41107, 77, 35.875000,144, 0.0000000, 84, 0.0000000, 48,       104, 16,       141
55C,2019/03/27 21:07:00, 50, 53.966797, 51, 88.509888, 52, 34.543091, 49,        64, 56, 10.582877,116,         4, 72, 174.35815, 77, 35.906250,144, 0.0000000, 84, 0.0000000, 48,       104, 16,       141
5FC,2019/03/27 21:08:00, 50, 52.106934, 51, 106.22919, 52, 54.122253, 49,        64, 56, 10.582877,116,         4, 72, 174.99326, 77, 36.000000,144, 0.0000000, 84, 0.0000000, 48,       104, 16,       141
54C,2019/03/27 21:09:00, 50, 80.268524, 51, 102.47021, 52, 22.201691, 49,        64, 56, 10.582877,116,         4, 72, 175.78311, 77, 36.031250,144, 0.0000000, 84, 0.0000000, 48,       104, 16,       141
53C,2019/03/27 21:10:00, 50, 93.877411, 51, 144.66997, 52, 50.792564, 49,        64, 56, 10.582877,116,         4, 72, 176.59161, 77, 36.093750,144, 0.0000000, 84, 0.0000000, 48,       104, 16,       141
54C,2019/03/27 21:11:00, 50, 90.666550, 51, 137.72916, 52, 47.062614, 49,        64, 56, 10.582877,116,         4, 72, 176.88235, 77, 36.187500,144, 0.0000000, 84, 0.0000000, 48,       104, 16,       141
5DC,2019/03/27 21:12:00, 50, 70.828033, 51, 140.47842, 52, 69.650391, 49,        64, 56, 10.582877,116,         4, 72, 177.14667, 77, 36.218750,144, 0.0000000, 84, 0.0000000, 48,       104, 16,       141
5EC,2019/03/27 21:13:00, 50, 72.318024, 51, 119.74387, 52, 47.425842, 49,        64, 56, 10.582877,116,         4, 72, 177.14694, 77, 36.281250,144, 0.0000000, 84, 0.0000000, 48,       104, 16,       141
59C,2019/03/27 21:14:00, 50, 98.584595, 51, 159.30945, 52, 60.724854, 49,        64, 56, 10.582877,116,         4, 72, 177.86313, 77, 36.312500,144, 0.0000000, 84, 0.0000000, 48,       104, 16,       141
59C,2019/03/27 21:15:00, 50, 93.355728, 51, 130.85883, 52, 37.503098, 49,        64, 56, 10.582877,116,         4, 72, 178.71890, 77, 36.375000,144, 0.0000000, 84, 0.0000000, 48,       104, 16,       141
56C,2019/03/27 21:16:00, 50, 173.84933, 51, 233.32686, 52, 59.477524, 49,        64, 56, 10.582877,116,         4, 72, 179.06131, 77, 36.406250,144, 0.0000000, 84, 0.0000000, 48,       104, 16,       141
5EC,2019/03/27 21:17:00, 50, 103.91380, 51, 143.41945, 52, 39.505653, 49,        64, 56, 10.582877,116,         4, 72, 178.35446, 77, 36.468750,144, 0.0000000, 84, 0.0000000, 48,       104, 16,       141
5DC,2019/03/27 21:18:00, 50, 123.41624, 51, 149.13197, 52, 25.715736, 49,        64, 56, 10.582877,116,         4, 72, 176.89081, 77, 36.531250,144, 0.0000000, 84, 0.0000000, 48,       104, 16,       141
5DC,2019/03/27 21:19:00, 50, 75.694077, 51, 124.12990, 52, 48.435822, 49,        64, 56, 10.582877,116,         4, 72, 176.58990, 77, 36.593750,144, 0.0000000, 84, 0.0000000, 48,       104, 16,       141
5BC,2019/03/27 21:20:00, 50, 64.320129, 51, 114.40050, 52, 50.080368, 49,        64, 56, 10.582877,116,         4, 72, 177.07870, 77, 36.656250,144, 0.0000000, 84, 0.0000000, 48,       104, 16,       141
5FC,2019/03/27 21:21:00, 50, 135.60318, 51, 178.42072, 52, 42.817543, 49,        64, 56, 10.582877,116,         4, 72, 177.74213, 77, 36.687500,144, 0.0000000, 84, 0.0000000, 48,       104, 16,       141
58C,2019/03/27 21:22:00, 50, 131.64871, 51, 160.96739, 52, 29.318680, 49,        64, 56, 10.582877,116,         4, 72, 178.80191, 77, 36.718750,144, 0.0000000, 84, 0.0000000, 48,       104, 16,       141
59C,2019/03/27 21:23:00, 50, 98.211624, 51, 148.69157, 52, 50.479950, 49,        64, 56, 10.582877,116,         4, 72, 179.35272, 77, 36.781250,144, 0.0000000, 84, 0.0000000, 48,       104, 16,       141
56C,2019/03/27 21:24:00, 50, 76.902557, 51, 129.58739, 52, 52.684830, 49,        64, 56, 10.582877,116,         4, 72, 179.24008, 77, 36.812500,144, 0.0000000, 84, 0.0000000, 48,       104, 16,       141
59C,2019/03/27 21:25:00, 50, 76.724197, 51, 111.92262, 52, 35.198425, 49,        64, 56, 10.582877,116,         4, 72, 178.94861, 77, 36.875000,144, 0.0000000, 84, 0.0000000, 48,       104, 16,       141
51C,2019/03/27 21:26:00, 50, 72.595886, 51, 113.27821, 52, 40.682327, 49,        64, 56, 10.582877,116,         4, 72, 178.58090, 77, 36.906250,144, 0.0000000, 84, 0.0000000, 48,       104, 16,       141
50C,2019/03/27 21:27:00, 50, 82.848755, 51, 116.50101, 52, 33.652260, 49,        64, 56, 10.582877,116,         4, 72, 178.52008, 77, 36.968750,144, 0.0000000, 84, 0.0000000, 48,       104, 16,       141
5FC,2019/03/27 21:28:00, 50, 104.02176, 51, 172.23657, 52, 68.214813, 49,        64, 56, 10.582877,116,         4, 72, 178.32220, 77, 37.000000,144, 0.0000000, 84, 0.0000000, 48,       104, 16,       141
57C,2019/03/27 21:29:00, 50, 107.30675, 51, 142.75809, 52, 35.451340, 49,        64, 56, 10.582877,116,         4, 72, 178.29117, 77, 37.031250,144, 0.0000000, 84, 0.0000000, 48,       104, 16,       141
52C,2019/03/27 21:30:00, 50, 162.52960, 51, 202.56432, 52, 40.034714, 49,        64, 56, 10.582877,116,         4, 72, 178.15723, 77, 37.093750,144, 0.0000000, 84, 0.0000000, 48,       104, 16,       141
55C,2019/03/27 21:31:00, 50, 84.523987, 51, 133.77441, 52, 49.250435, 49,        64, 56, 10.582877,116,         4, 72, 178.37750, 77, 37.125000,144, 0.0000000, 84, 0.0000000, 48,       104, 16,       141
53C,2019/03/27 21:32:00, 50, 88.231995, 51, 129.18144, 52, 40.949448, 49,        64, 56, 10.582877,116,         4, 72, 178.93762, 77, 37.156250,144, 0.0000000, 84, 0.0000000, 48,       104, 16,       141
5EC,2019/03/27 21:33:00, 50, 68.288177, 51, 121.62397, 52, 53.335793, 49,        64, 56, 10.582877,116,         4, 72, 178.88202, 77, 37.250000,144, 0.0000000, 84, 0.0000000, 48,       104, 16,       141
51C,2019/03/27 21:34:00, 50, 60.117386, 51, 175.30418, 52, 115.18680, 49,        64, 56, 10.582877,116,         4, 72, 178.02219, 77, 37.281250,144, 0.0000000, 84, 0.0000000, 48,       104, 16,       141
56C,2019/03/27 21:35:00, 50, 22.841953, 51, 34.840698, 52, 11.998747, 49,        64, 56, 10.582877,116,         4, 72, 177.49136, 77, 37.312500,144, 0.0000000, 84, 0.0000000, 48,       104, 16,       141
50C,2019/03/27 21:36:00, 50, 19.909836, 51, 64.478226, 52, 44.568390, 49,        64, 56, 10.582877,116,         4, 72, 176.95639, 77, 37.375000,144, 0.0000000, 84, 0.0000000, 48,       104, 16,       141
54C,2019/03/27 21:37:00, 50, 19.020397, 51, 61.304424, 52, 42.284027, 49,        64, 56, 10.582877,116,         4, 72, 175.99533, 77, 37.375000,144, 0.0000000, 84, 0.0000000, 48,       104, 16,       141
51C,2019/03/27 21:38:00, 50, 18.635529, 51, 30.249441, 52, 11.613913, 49,        64, 56, 10.582877,116,         4, 72, 175.25809, 77, 37.437500,144, 0.0000000, 84, 0.0000000, 48,       104, 16,       141
57C,2019/03/27 21:39:00, 50, 22.454479, 51, 84.596718, 52, 62.142242, 49,        64, 56, 10.582877,116,         4, 72, 174.57153, 77, 37.437500,144, 0.0000000, 84, 0.0000000, 48,       104, 16,       141
53C,2019/03/27 21:40:00, 50, 29.706032, 51, 51.515045, 52, 21.809013, 49,        64, 56, 10.582877,116,         4, 72, 174.24655, 77, 37.500000,144, 0.0000000, 84, 0.0000000, 48,       104, 16,       141
52C,2019/03/27 21:41:00, 50, 49.130455, 51, 97.538170, 52, 48.407715, 49,        64, 56, 10.582877,116,         4, 72, 173.88901, 77, 37.562500,144, 0.0000000, 84, 0.0000000, 48,       104, 16,       141
53C,2019/03/27 21:42:00, 50, 18.379715, 51, 30.092585, 52, 11.712870, 49,        64, 56, 10.582877,116,         4, 72, 173.24313, 77, 37.562500,144, 0.0000000, 84, 0.0000000, 48,       104, 16,       141
53C,2019/03/27 21:43:00, 50, 22.912056, 51, 34.856308, 52, 11.944252, 49,        64, 56, 10.582877,116,         4, 72, 173.10950, 77, 37.625000,144, 0.0000000, 84, 0.0000000, 48,       104, 16,       141
56C,2019/03/27 21:44:00, 50, 15.241611, 51, 44.887787, 52, 29.646175, 49,        64, 56, 10.582877,116,         4, 72, 173.12128, 77, 37.656250,144, 0.0000000, 84, 0.0000000, 48,       104, 16,       141
57C,2019/03/27 21:45:00, 50, 11.017649, 51, 33.923199, 52, 22.905552, 49,        64, 56, 10.582877,116,         4, 72, 172.99139, 77, 37.687500,144, 0.0000000, 84, 0.0000000, 48,       104, 16,       141
5CC,2019/03/27 21:46:00, 50,-4.3601589, 51, 32.366085, 52, 36.726242, 49,        64, 56, 10.582877,116,         4, 72, 172.69156, 77, 37.687500,144, 0.0000000, 84, 0.0000000, 48,       104, 16,       141
5DC,2019/03/27 21:47:00, 50, 27.999950, 51, 48.681293, 52, 20.681343, 49,        64, 56, 10.582877,116,         4, 72, 172.30475, 77, 37.750000,144, 0.0000000, 84, 0.0000000, 48,       104, 16,       141
5CC,2019/03/27 21:48:00, 50, 25.431572, 51, 46.606079, 52, 21.174507, 49,        64, 56, 10.582877,116,         4, 72, 172.52066, 77, 37.750000,144, 0.0000000, 84, 0.0000000, 48,       104, 16,       141
5FC,2019/03/27 21:49:00, 50, 4.9980717, 51, 40.767441, 52, 35.769371, 49,        64, 56, 10.582877,116,         4, 72, 172.71848, 77, 37.812500,144, 0.0000000, 84, 0.0000000, 48,       104, 16,       141
5FC,2019/03/27 21:50:00, 50,-0.7516629, 51, 17.788179, 52, 18.539841, 49,        64, 56, 10.582877,116,         4, 72, 172.94727, 77, 37.812500,144, 0.0000000, 84, 0.0000000, 48,       104, 16,       141
5FC,2019/03/27 21:51:00, 50, 4.0083818, 51, 23.691154, 52, 19.682774, 49,        64, 56, 10.582877,116,         4, 72, 172.72595, 77, 37.843750,144, 0.0000000, 84, 0.0000000, 48,       104, 16,       141
5EC,2019/03/27 21:52:00, 50,-1.7226360, 51, 12.757177, 52, 14.479813, 49,        64, 56, 10.582877,116,         4, 72, 172.37753, 77, 37.843750,144, 0.0000000, 84, 0.0000000, 48,       104, 16,       141
51C,2019/03/27 21:53:00, 50, 32.645393, 51, 39.508659, 52, 6.8632669, 49,        64, 56, 10.582877,116,         4, 72, 172.29843, 77, 37.875000,144, 0.0000000, 84, 0.0000000, 48,       104, 16,       141
53C,2019/03/27 21:54:00, 50, 9.7225914, 51, 23.857628, 52, 14.135036, 49,        64, 56, 10.582877,116,         4, 72, 172.23489, 77, 37.875000,144, 0.0000000, 84, 0.0000000, 48,       104, 16,       141
54C,2019/03/27 21:55:00, 50, 18.135620, 51, 22.135454, 52, 3.9998350, 49,        64, 56, 10.582877,116,         4, 72, 172.24805, 77, 37.906250,144, 0.0000000, 84, 0.0000000, 48,       104, 16,       141
53C,2019/03/27 21:56:00, 50,-0.2248360, 51, 24.358810, 52, 24.583645, 49,        64, 56, 10.582877,116,         4, 72, 172.29266, 77, 37.906250,144, 0.0000000, 84, 0.0000000, 48,       104, 16,       141
51C,2019/03/27 21:57:00, 50, 12.362284, 51, 7.7757130, 52,-4.5865707, 49,        64, 56, 10.582877,116,         4, 72, 172.30191, 77, 37.937500,144, 0.0000000, 84, 0.0000000, 48,       104, 16,       141
5AC,2019/03/27 21:58:00, 50, 0.4993954, 51, 16.094429, 52, 15.595034, 49,        64, 56, 10.582877,116,         4, 72, 172.38147, 77, 37.968750,144, 0.0000000, 84, 0.0000000, 48,       104, 16,       141
58C,2019/03/27 21:59:00, 50, 57.656288, 51, 123.48347, 52, 65.827179, 49,        64, 56, 10.582877,116,         4, 72, 172.31918, 77, 37.968750,144, 0.0000000, 84, 0.0000000, 48,       104, 16,       141
55C,2019/03/27 22:00:00, 50,-0.3095532, 51, 37.356457, 52, 37.666008, 49,        64, 56, 10.582877,116,         4, 72, 172.20062, 77, 37.968750,144, 0.0000000, 84, 0.0000000, 48,       104, 16,       141
55C,2019/03/27 22:01:00, 50, 20.675549, 51, 25.162210, 52, 4.4866619, 49,        64, 56, 10.582877,116,         4, 72, 171.85620, 77, 38.000000,144, 0.0000000, 84, 0.0000000, 48,       104, 16,       141
50C,2019/03/27 22:02:00, 50, 12.077425, 51, 29.023741, 52, 16.946316, 49,        64, 56, 10.582877,116,         4, 72, 171.56198, 77, 38.031250,144, 0.0000000, 84, 0.0000000, 48,       104, 16,       141
5FC,2019/03/27 22:03:00, 50,-0.4163790, 51, 9.5214396, 52, 9.9378185, 49,        64, 56, 10.582877,116,         4, 72, 171.58786, 77, 38.093750,144, 0.0000000, 84, 0.0000000, 48,       104, 16,       141
5CC,2019/03/27 22:04:00, 50, 3.5187001, 51, 23.052944, 52, 19.534245, 49,        64, 56, 10.582877,116,         4, 72, 171.81570, 77, 38.093750,144, 0.0000000, 84, 0.0000000, 48,       104, 16,       141
5EC,2019/03/27 22:05:00, 50, 38.967133, 51, 30.458496, 52,-8.5086365, 49,        64, 56, 10.582877,116,         4, 72, 172.16916, 77, 38.093750,144, 0.0000000, 84, 0.0000000, 48,       104, 16,       141
57C,2019/03/27 22:06:00, 50, 4.5300808, 51, 34.128887, 52, 29.598808, 49,        64, 56, 10.582877,116,         4, 72, 172.27982, 77, 38.125000,144, 0.0000000, 84, 0.0000000, 48,       104, 16,       141
5EC,2019/03/27 22:07:00, 50, 3.1074553, 51, 39.886795, 52, 36.779343, 49,        64, 56, 10.582877,116,         4, 72, 172.21216, 77, 38.156250,144, 0.0000000, 84, 0.0000000, 48,       104, 16,       141
57C,2019/03/27 22:08:00, 50,-5.0832901, 51, 12.989040, 52, 18.072330, 49,        64, 56, 10.582877,116,         4, 72, 172.32565, 77, 38.156250,144, 0.0000000, 84, 0.0000000, 48,       104, 16,       141
52C,2019/03/27 22:09:00, 50, 21.747772, 51, 21.030216, 52,-0.7175577, 49,        64, 56, 10.582877,116,         4, 72, 172.34299, 77, 38.156250,144, 0.0000000, 84, 0.0000000, 48,       104, 16,       141
57C,2019/03/27 22:10:00, 50, 9.8904991, 51, 11.344586, 52, 1.4540877, 49,        64, 56, 10.582877,116,         4, 72, 172.38745, 77, 38.156250,144, 0.0000000, 84, 0.0000000, 48,       104, 16,       141
52C,2019/03/27 22:11:00, 50, 14.450590, 51, 28.508728, 52, 14.058138, 49,        64, 56, 10.582877,116,         4, 72, 172.17273, 77, 38.156250,144, 0.0000000, 84, 0.0000000, 48,       104, 16,       141
5CC,2019/03/27 22:12:00, 50, 12.988638, 51, 44.711147, 52, 31.722511, 49,        64, 56, 10.582877,116,         4, 72, 171.93091, 77, 38.187500,144, 0.0000000, 84, 0.0000000, 48,       104, 16,       141
5CC,2019/03/27 22:13:00, 50, 26.031860, 51, 19.515165, 52,-6.5166960, 49,        64, 56, 10.582877,116,         4, 72, 171.72601, 77, 38.187500,144, 0.0000000, 84, 0.0000000, 48,       104, 16,       141
50C,2019/03/27 22:14:00, 50, 6.4179974, 51, 31.068571, 52, 24.650574, 49,        64, 56, 10.582877,116,         4, 72, 171.43732, 77, 38.187500,144, 0.0000000, 84, 0.0000000, 48,       104, 16,       141
50C,2019/03/27 22:15:00, 50,-7.9943953, 51, 30.663300, 52, 38.657692, 49,        64, 56, 10.582877,116,         4, 72, 171.42426, 77, 38.156250,144, 0.0000000, 84, 0.0000000, 48,       104, 16,       141
58C,2019/03/27 22:16:00, 50, 16.127129, 51, 31.496187, 52, 15.369059, 49,        64, 56, 10.582877,116,         4, 72, 171.33093, 77, 38.187500,144, 0.0000000, 84, 0.0000000, 48,       104, 16,       141
55C,2019/03/27 22:17:00, 50, 2.3186197, 51, 13.689109, 52, 11.370489, 49,        64, 56, 10.582877,116,         4, 72, 171.06018, 77, 38.156250,144, 0.0000000, 84, 0.0000000, 48,       104, 16,       141
51C,2019/03/27 22:18:00, 50, 40.567375, 51, 18.702179, 52,-21.865196, 49,        64, 56, 10.582877,116,         4, 72, 171.14731, 77, 38.156250,144, 0.0000000, 84, 0.0000000, 48,       104, 16,       141
5FC,2019/03/27 22:19:00, 50, 15.803869, 51, 36.556679, 52, 20.752811, 49,        64, 56, 10.582877,116,         4, 72, 171.48761, 77, 38.125000,144, 0.0000000, 84, 0.0000000, 48,       104, 16,       141
56C,2019/03/27 22:20:00, 50, 11.069971, 51, 37.344341, 52, 26.274372, 49,        64, 56, 10.582877,116,         4, 72, 171.73993, 77, 38.156250,144, 0.0000000, 84, 0.0000000, 48,       104, 16,       141
5EC,2019/03/27 22:21:00, 50, 8.5425415, 51, 36.396736, 52, 27.854195, 49,        64, 56, 10.582877,116,         4, 72, 171.73862, 77, 38.156250,144, 0.0000000, 84, 0.0000000, 48,       104, 16,       141
57C,2019/03/27 22:22:00, 50, 12.861128, 51, 36.884388, 52, 24.023262, 49,        64, 56, 10.582877,116,         4, 72, 171.32571, 77, 38.156250,144, 0.0000000, 84, 0.0000000, 48,       104, 16,       141
5FC,2019/03/27 22:23:00, 50, 10.581987, 51, 45.838387, 52, 35.256401, 49,        64, 56, 10.582877,116,         4, 72, 171.11008, 77, 38.156250,144, 0.0000000, 84, 0.0000000, 48,       104, 16,       141
56C,2019/03/27 22:24:00, 50, 10.543304, 51, 54.233253, 52, 43.689949, 49,        64, 56, 10.582877,116,         4, 72, 171.19806, 77, 38.156250,144, 0.0000000, 84, 0.0000000, 48,       104, 16,       141
5DC,2019/03/27 22:25:00, 50, 7.0193310, 51, 22.927801, 52, 15.908470, 49,        64, 56, 10.582877,116,         4, 72, 171.63058, 77, 38.187500,144, 0.0000000, 84, 0.0000000, 48,       104, 16,       141
51C,2019/03/27 22:26:00, 50, 7.3190231, 51, 25.484604, 52, 18.165581, 49,        64, 56, 10.582877,116,         4, 72, 171.94067, 77, 38.187500,144, 0.0000000, 84, 0.0000000, 48,       104, 16,       141
5AC,2019/03/27 22:27:00, 50, 5.7956982, 51, 13.196684, 52, 7.4009857, 49,        64, 56, 10.582877,116,         4, 72, 172.31079, 77, 38.218750,144, 0.0000000, 84, 0.0000000, 48,       104, 16,       141
55C,2019/03/27 22:28:00, 50, 43.461533, 51, 78.851189, 52, 35.389656, 49,        64, 56, 10.582877,116,         4, 72, 172.83997, 77, 38.250000,144, 0.0000000, 84, 0.0000000, 48,       104, 16,       141
5AC,2019/03/27 22:29:00, 50, 29.720108, 51, 42.266830, 52, 12.546724, 49,        64, 56, 10.582877,116,         4, 72, 173.09906, 77, 38.281250,144, 0.0000000, 84, 0.0000000, 48,       104, 16,       141
59C,2019/03/27 22:30:00, 50, 13.008955, 51, 47.832554, 52, 34.823601, 49,        64, 56, 10.582877,116,         4, 72, 173.34219, 77, 38.312500,144, 0.0000000, 84, 0.0000000, 48,       104, 16,       141
5DC,2019/03/27 22:31:00, 50, 4.7711792, 51, 41.303741, 52, 36.532562, 49,        64, 56, 10.582877,116,         4, 72, 173.73602, 77, 38.343750,144, 0.0000000, 84, 0.0000000, 48,       104, 16,       141
5CC,2019/03/27 22:32:00, 50, 19.232315, 51, 35.047173, 52, 15.814859, 49,        64, 56, 10.582877,116,         4, 72, 173.93472, 77, 38.375000,144, 0.0000000, 84, 0.0000000, 48,       104, 16,       141
5FC,2019/03/27 22:33:00, 50, 27.143642, 51, 46.784405, 52, 19.640762, 49,        64, 56, 10.582877,116,         4, 72, 173.87607, 77, 38.406250,144, 0.0000000, 84, 0.0000000, 48,       104, 16,       141
5AC,2019/03/27 22:34:00, 50, 52.167305, 51, 92.795479, 52, 40.628174, 49,        64, 56, 10.582877,116,         4, 72, 173.28140, 77, 38.437500,144, 0.0000000, 84, 0.0000000, 48,       104, 16,       141
53C,2019/03/27 22:35:00, 50, 28.924747, 51, 73.776619, 52, 44.851875, 49,        64, 56, 10.582877,116,         4, 72, 172.75388, 77, 38.468750,144, 0.0000000, 84, 0.0000000, 48,       104, 16,       141
58C,2019/03/27 22:36:00, 50, 28.444275, 51, 59.232944, 52, 30.788670, 49,        64, 56, 10.582877,116,         4, 72, 172.30991, 77, 38.500000,144, 0.0000000, 84, 0.0000000, 48,       104, 16,       141
55C,2019/03/27 22:37:00, 50, 30.016666, 51, 53.156754, 52, 23.140087, 49,        64, 56, 10.582877,116,         4, 72, 171.78848, 77, 38.500000,144, 0.0000000, 84, 0.0000000, 48,       104, 16,       141
52C,2019/03/27 22:38:00, 50, 28.858013, 51, 62.303257, 52, 33.445244, 49,        64, 56, 10.582877,116,         4, 72, 171.66254, 77, 38.531250,144, 0.0000000, 84, 0.0000000, 48,       104, 16,       141
59C,2019/03/27 22:39:00, 50, 10.955391, 51, 58.035622, 52, 47.080231, 49,        64, 56, 10.582877,116,         4, 72, 171.79190, 77, 38.562500,144, 0.0000000, 84, 0.0000000, 48,       104, 16,       141
5FC,2019/03/27 22:40:00, 50, 23.007763, 51, 48.183949, 52, 25.176186, 49,        64, 56, 10.582877,116,         4, 72, 172.23196, 77, 38.593750,144, 0.0000000, 84, 0.0000000, 48,       104, 16,       141
5CC,2019/03/27 22:41:00, 50, 20.781025, 51, 59.066563, 52, 38.285538, 49,        64, 56, 10.582877,116,         4, 72, 172.37503, 77, 38.625000,144, 0.0000000, 84, 0.0000000, 48,       104, 16,       141
52C,2019/03/27 22:42:00, 50, 23.341576, 51, 66.930367, 52, 43.588791, 49,        64, 56, 10.582877,116,         4, 72, 172.26074, 77, 38.656250,144, 0.0000000, 84, 0.0000000, 48,       104, 16,       141
56C,2019/03/27 22:43:00, 50, 28.377625, 51, 72.189346, 52, 43.811722, 49,        64, 56, 10.582877,116,         4, 72, 172.29041, 77, 38.687500,144, 0.0000000, 84, 0.0000000, 48,       104, 16,       141
5CC,2019/03/27 22:44:00, 50, 43.065399, 51, 64.191032, 52, 21.125633, 49,        64, 56, 10.582877,116,         4, 72, 172.52097, 77, 38.718750,144, 0.0000000, 84, 0.0000000, 48,       104, 16,       141
58C,2019/03/27 22:45:00, 50, 30.092964, 51, 55.759716, 52, 25.666752, 49,        64, 56, 10.582877,116,         4, 72, 173.16388, 77, 38.750000,144, 0.0000000, 84, 0.0000000, 48,       104, 16,       141
51C,2019/03/27 22:46:00, 50, 98.470139, 51, 125.73982, 52, 27.269684, 49,        64, 56, 10.582877,116,         4, 72, 173.45557, 77, 38.781250,144, 0.0000000, 84, 0.0000000, 48,       104, 16,       141
52C,2019/03/27 22:47:00, 50, 48.318542, 51, 100.78502, 52, 52.466476, 49,        64, 56, 10.582877,116,         4, 72, 173.63562, 77, 38.781250,144, 0.0000000, 84, 0.0000000, 48,       104, 16,       141
5AC,2019/03/27 22:48:00, 50, 43.427437, 51, 85.982605, 52, 42.555168, 49,        64, 56, 10.582877,116,         4, 72, 173.68979, 77, 38.812500,144, 0.0000000, 84, 0.0000000, 48,       104, 16,       141
54C,2019/03/27 22:49:00, 50, 20.928444, 51, 49.297691, 52, 28.369247, 49,        64, 56, 10.582877,116,         4, 72, 173.52811, 77, 38.843750,144, 0.0000000, 84, 0.0000000, 48,       104, 16,       141
5BC,2019/03/27 22:50:00, 50, 38.635193, 51, 79.320190, 52, 40.684998, 49,        64, 56, 10.582877,116,         4, 72, 173.53656, 77, 38.875000,144, 0.0000000, 84, 0.0000000, 48,       104, 16,       141
5AC,2019/03/27 22:51:00, 50, 14.675570, 51, 68.856117, 52, 54.180550, 49,        64, 56, 10.582877,116,         4, 72, 173.49402, 77, 38.875000,144, 0.0000000, 84, 0.0000000, 48,       104, 16,       141
52C,2019/03/27 22:52:00, 50, 12.533274, 51, 36.145805, 52, 23.612534, 49,        64, 56, 10.582877,116,         4, 72, 173.00299, 77, 38.906250,144, 0.0000000, 84, 0.0000000, 48,       104, 16,       141
55C,2019/03/27 22:53:00, 50, 19.869308, 51, 44.086246, 52, 24.216938, 49,        64, 56, 10.582877,116,         4, 72, 172.40524, 77, 38.906250,144, 0.0000000, 84, 0.0000000, 48,       104, 16,       141
5AC,2019/03/27 22:54:00, 50, 20.721001, 51, 34.831623, 52, 14.110624, 49,        64, 56, 10.582877,116,         4, 72, 172.30078, 77, 38.937500,144, 0.0000000, 84, 0.0000000, 48,       104, 16,       141
5CC,2019/03/27 22:55:00, 50, 26.978146, 51, 48.364521, 52, 21.386375, 49,        64, 56, 10.582877,116,         4, 72, 172.64774, 77, 38.937500,144, 0.0000000, 84, 0.0000000, 48,       104, 16,       141
5FC,2019/03/27 22:56:00, 50, 14.161665, 51, 57.825405, 52, 43.663742, 49,        64, 56, 10.582877,116,         4, 72, 172.79471, 77, 38.937500,144, 0.0000000, 84, 0.0000000, 48,       104, 16,       141
54C,2019/03/27 22:57:00, 50, 17.320477, 51, 42.868374, 52, 25.547897, 49,        64, 56, 10.582877,116,         4, 72, 172.57013, 77, 38.968750,144, 0.0000000, 84, 0.0000000, 48,       104, 16,       141
56C,2019/03/27 22:58:00, 50, 29.513420, 51, 52.281597, 52, 22.768177, 49,        64, 56, 10.582877,116,         4, 72, 172.28363, 77, 38.968750,144, 0.0000000, 84, 0.0000000, 48,       104, 16,       141
55C,2019/03/27 22:59:00, 50, 15.939396, 51, 60.148792, 52, 44.209396, 49,        64, 56, 10.582877,116,         4, 72, 171.95825, 77, 38.968750,144, 0.0000000, 84, 0.0000000, 48,       104, 16,       141
51C,2019/03/27 23:00:00, 50, 17.479694, 51, 45.979889, 52, 28.500195, 49,        64, 56, 10.582877,116,         4, 72, 171.87051, 77, 38.968750,144, 0.0000000, 84, 0.0000000, 48,       104, 16,       141
59C,2019/03/27 23:01:00, 50,-5.4522943, 51, 24.426651, 52, 29.878944, 49,        64, 56, 10.582877,116,         4, 72, 171.72803, 77, 38.968750,144, 0.0000000, 84, 0.0000000, 48,       104, 16,       141
5CC,2019/03/27 23:02:00, 50, 7.9680061, 51, 37.663197, 52, 29.695190, 49,        64, 56, 10.582877,116,         4, 72, 171.41891, 77, 38.937500,144, 0.0000000, 84, 0.0000000, 48,       104, 16,       141
56C,2019/03/27 23:03:00, 50, 16.031227, 51, 44.347385, 52, 28.316158, 49,        64, 56, 10.582877,116,         4, 72, 171.47665, 77, 38.937500,144, 0.0000000, 84, 0.0000000, 48,       104, 16,       141
58C,2019/03/27 23:04:00, 50, 19.164959, 51, 43.576706, 52, 24.411747, 49,        64, 56, 10.582877,116,         4, 72, 171.49701, 77, 38.937500,144, 0.0000000, 84, 0.0000000, 48,       104, 16,       141
58C,2019/03/27 23:05:00, 50, 4.7803392, 51, 40.796970, 52, 36.016632, 49,        64, 56, 10.582877,116,         4, 72, 171.73892, 77, 38.937500,144, 0.0000000, 84, 0.0000000, 48,       104, 16,       141
5DC,2019/03/27 23:06:00, 50, 5.0827494, 51, 26.725559, 52, 21.642811, 49,        64, 56, 10.582877,116,         4, 72, 171.77472, 77, 38.937500,144, 0.0000000, 84, 0.0000000, 48,       104, 16,       141
53C,2019/03/27 23:07:00, 50, 12.840862, 51, 24.250067, 52, 11.409204, 49,        64, 56, 10.582877,116,         4, 72, 171.45374, 77, 38.937500,144, 0.0000000, 84, 0.0000000, 48,       104, 16,       141
55C,2019/03/27 23:08:00, 50,-1.2453687, 51, 36.625813, 52, 37.871178, 49,        64, 56, 10.582877,116,         4, 72, 171.11942, 77, 38.937500,144, 0.0000000, 84, 0.0000000, 48,       104, 16,       141
5BC,2019/03/27 23:09:00, 50, 5.2046480, 51, 36.577312, 52, 31.372665, 49,        64, 56, 10.582877,116,         4, 72, 170.78458, 77, 38.906250,144, 0.0000000, 84, 0.0000000, 48,       104, 16,       141
52C,2019/03/27 23:10:00, 50, 6.6340599, 51, 37.061844, 52, 30.427784, 49,        64, 56, 10.582877,116,         4, 72, 170.94516, 77, 38.906250,144, 0.0000000, 84, 0.0000000, 48,       104, 16,       141
5DC,2019/03/27 23:11:00, 50, 1.3876176, 51, 30.259317, 52, 28.871700, 49,        64, 56, 10.582877,116,         4, 72, 170.86197, 77, 38.906250,144, 0.0000000, 84, 0.0000000, 48,       104, 16,       141
58C,2019/03/27 23:12:00, 50, 8.6171131, 51, 30.019476, 52, 21.402363, 49,        64, 56, 10.582877,116,         4, 72, 170.74634, 77, 38.875000,144, 0.0000000, 84, 0.0000000, 48,       104, 16,       141
56C,2019/03/27 23:13:00, 50, 3.7085900, 51, 29.918020, 52, 26.209431, 49,        64, 56, 10.582877,116,         4, 72, 170.78445, 77, 38.875000,144, 0.0000000, 84, 0.0000000, 48,       104, 16,       141
58C,2019/03/27 23:14:00, 50, 5.4271622, 51, 31.778831, 52, 26.351669, 49,        64, 56, 10.582877,116,         4, 72, 170.93536, 77, 38.875000,144, 0.0000000, 84, 0.0000000, 48,       104, 16,       141
58C,2019/03/27 23:15:00, 50, 14.370554, 51, 23.696611, 52, 9.3260574, 49,        64, 56, 10.582877,116,         4, 72, 171.14630, 77, 38.875000,144, 0.0000000, 84, 0.0000000, 48,       104, 16,       141
5EC,2019/03/27 23:16:00, 50, 16.886192, 51, 27.016836, 52, 10.130644, 49,        64, 56, 10.582877,116,         4, 72, 171.33743, 77, 38.843750,144, 0.0000000, 84, 0.0000000, 48,       104, 16,       141
51C,2019/03/27 23:17:00, 50, 22.011448, 51, 19.533278, 52,-2.4781704, 49,        64, 56, 10.582877,116,         4, 72, 171.59940, 77, 38.843750,144, 0.0000000, 84, 0.0000000, 48,       104, 16,       141
5AC,2019/03/27 23:18:00, 50, 20.233681, 51, 29.896875, 52, 9.6631947, 49,        64, 56, 10.582877,116,         4, 72, 171.84998, 77, 38.875000,144, 0.0000000, 84, 0.0000000, 48,       104, 16,       141
5CC,2019/03/27 23:19:00, 50, 18.639050, 51, 37.527203, 52, 18.888153, 49,        64, 56, 10.582877,116,         4, 72, 172.28607, 77, 38.875000,144, 0.0000000, 84, 0.0000000, 48,       104, 16,       141
59C,2019/03/27 23:20:00, 50, 27.231289, 51, 47.577644, 52, 20.346355, 49,        64, 56, 10.582877,116,         4, 72, 172.58783, 77, 38.875000,144, 0.0000000, 84, 0.0000000, 48,       104, 16,       141
55C,2019/03/27 23:21:00, 50, 25.120316, 51, 66.086586, 52, 40.966270, 49,        64, 56, 10.582877,116,         4, 72, 172.64755, 77, 38.906250,144, 0.0000000, 84, 0.0000000, 48,       104, 16,       141
57C,2019/03/27 23:22:00, 50, 48.352188, 51, 46.376930, 52,-1.9752595, 49,        64, 56, 10.582877,116,         4, 72, 172.58694, 77, 38.906250,144, 0.0000000, 84, 0.0000000, 48,       104, 16,       141
5DC,2019/03/27 23:23:00, 50, 61.286980, 51, 80.979675, 52, 19.692696, 49,        64, 56, 10.582877,116,         4, 72, 172.74783, 77, 38.937500,144, 0.0000000, 84, 0.0000000, 48,       104, 16,       141
54C,2019/03/27 23:24:00, 50, 21.859547, 51, 38.165306, 52, 16.305759, 49,        64, 56, 10.582877,116,         4, 72, 172.84744, 77, 38.937500,144, 0.0000000, 84, 0.0000000, 48,       104, 16,       141
57C,2019/03/27 23:25:00, 50, 15.086437, 51, 40.750957, 52, 25.664520, 49,        64, 56, 10.582877,116,         4, 72, 172.73669, 77, 38.937500,144, 0.0000000, 84, 0.0000000, 48,       104, 16,       141
52C,2019/03/27 23:26:00, 50, 11.017097, 51, 52.695732, 52, 41.678635, 49,        64, 56, 10.582877,116,         4, 72, 172.46558, 77, 38.968750,144, 0.0000000, 84, 0.0000000, 48,       104, 16,       141
5DC,2019/03/27 23:27:00, 50, 21.544163, 51, 39.947781, 52, 18.403618, 49,        64, 56, 10.582877,116,         4, 72, 172.24545, 77, 39.000000,144, 0.0000000, 84, 0.0000000, 48,       104, 16,       141
59C,2019/03/27 23:28:00, 50, 10.790314, 51, 40.380882, 52, 29.590569, 49,        64, 56, 10.582877,116,         4, 72, 172.49426, 77, 39.000000,144, 0.0000000, 84, 0.0000000, 48,       104, 16,       141
53C,2019/03/27 23:29:00, 50, 27.862709, 51, 25.269938, 52,-2.5927725, 49,        64, 56, 10.582877,116,         4, 72, 172.61133, 77, 39.000000,144, 0.0000000, 84, 0.0000000, 48,       104, 16,       141
5CC,2019/03/27 23:30:00, 50, 7.5837421, 51, 33.336292, 52, 25.752552, 49,        64, 56, 10.582877,116,         4, 72, 172.59741, 77, 39.031250,144, 0.0000000, 84, 0.0000000, 48,       104, 16,       141
5EC,2019/03/27 23:31:00, 50, 4.0647354, 51, 22.575340, 52, 18.510605, 49,        64, 56, 10.582877,116,         4, 72, 172.35770, 77, 39.000000,144, 0.0000000, 84, 0.0000000, 48,       104, 16,       141
5AC,2019/03/27 23:32:00, 50, 0.5142984, 51, 22.940613, 52, 22.426315, 49,        64, 56, 10.582877,116,         4, 72, 172.02277, 77, 39.031250,144, 0.0000000, 84, 0.0000000, 48,       104, 16,       141
5AC,2019/03/27 23:33:00, 50, 2.2871227, 51, 28.253271, 52, 25.966148, 49,        64, 56, 10.582877,116,         4, 72, 171.84106, 77, 39.031250,144, 0.0000000, 84, 0.0000000, 48,       104, 16,       141
57C,2019/03/27 23:34:00, 50, 5.2055683, 51, 29.297720, 52, 24.092152, 49,        64, 56, 10.582877,116,         4, 72, 171.76251, 77, 39.000000,144, 0.0000000, 84, 0.0000000, 48,       104, 16,       141
5EC,2019/03/27 23:35:00, 50, 18.370174, 51, 39.413414, 52, 21.043240, 49,        64, 56, 10.582877,116,         4, 72, 172.03494, 77, 39.031250,144, 0.0000000, 84, 0.0000000, 48,       104, 16,       141
51C,2019/03/27 23:36:00, 50, 11.565825, 51, 37.475285, 52, 25.909462, 49,        64, 56, 10.582877,116,         4, 72, 172.11243, 77, 39.031250,144, 0.0000000, 84, 0.0000000, 48,       104, 16,       141
5CC,2019/03/27 23:37:00, 50, 24.379196, 51, 42.738380, 52, 18.359184, 49,        64, 56, 10.582877,116,         4, 72, 172.15256, 77, 39.031250,144, 0.0000000, 84, 0.0000000, 48,       104, 16,       141
52C,2019/03/27 23:38:00, 50, 3.5059271, 51, 21.194475, 52, 17.688549, 49,        64, 56, 10.582877,116,         4, 72, 172.40909, 77, 39.031250,144, 0.0000000, 84, 0.0000000, 48,       104, 16,       141
52C,2019/03/27 23:39:00, 50, 6.3033466, 51, 34.515652, 52, 28.212307, 49,        64, 56, 10.582877,116,         4, 72, 172.37326, 77, 39.031250,144, 0.0000000, 84, 0.0000000, 48,       104, 16,       141
5CC,2019/03/27 23:40:00, 50, 2.1199985, 51, 28.758924, 52, 26.638927, 49,        64, 56, 10.582877,116,         4, 72, 172.60501, 77, 39.062500,144, 0.0000000, 84, 0.0000000, 48,       104, 16,       141
5CC,2019/03/27 23:41:00, 50, 7.6836061, 51, 20.423428, 52, 12.739822, 49,        64, 56, 10.582877,116,         4, 72, 172.92770, 77, 39.062500,144, 0.0000000, 84, 0.0000000, 48,       104, 16,       141
59C,2019/03/27 23:42:00, 50, 12.360180, 51, 19.414000, 52, 7.0538197, 49,        64, 56, 10.582877,116,         4, 72, 173.11282, 77, 39.062500,144, 0.0000000, 84, 0.0000000, 48,       104, 16,       141
5CC,2019/03/27 23:43:00, 50, 0.0094093, 51, 37.590256, 52, 37.580849, 49,        64, 56, 10.582877,116,         4, 72, 172.99701, 77, 39.093750,144, 0.0000000, 84, 0.0000000, 48,       104, 16,       141
54C,2019/03/27 23:44:00, 50,-11.538483, 51, 15.511398, 52, 27.049881, 49,        64, 56, 10.582877,116,         4, 72, 172.83273, 77, 39.093750,144, 0.0000000, 84, 0.0000000, 48,       104, 16,       141
5EC,2019/03/27 23:45:00, 50, 3.8708191, 51, 16.912952, 52, 13.042133, 49,        64, 56, 10.582877,116,         4, 72, 173.11206, 77, 39.125000,144, 0.0000000, 84, 0.0000000, 48,       104, 16,       141
56C,2019/03/27 23:46:00, 50, 10.198856, 51, 24.512850, 52, 14.313993, 49,        64, 56, 10.582877,116,         4, 72, 173.26819, 77, 39.125000,144, 0.0000000, 84, 0.0000000, 48,       104, 16,       141
56C,2019/03/27 23:47:00, 50, 8.1494160, 51, 40.862328, 52, 32.712914, 49,        64, 56, 10.582877,116,         4, 72, 173.51773, 77, 39.187500,144, 0.0000000, 84, 0.0000000, 48,       104, 16,       141
54C,2019/03/27 23:48:00, 50, 1.6043508, 51, 41.908447, 52, 40.304100, 49,        64, 56, 10.582877,116,         4, 72, 173.80023, 77, 39.187500,144, 0.0000000, 84, 0.0000000, 48,       104, 16,       141
52C,2019/03/27 23:49:00, 50, 1.6712708, 51, 8.8180342, 52, 7.1467638, 49,        64, 56, 10.582877,116,         4, 72, 174.28131, 77, 39.218750,144, 0.0000000, 84, 0.0000000, 48,       104, 16,       141
5BC,2019/03/27 23:50:00, 50, 3.1587381, 51, 30.050781, 52, 26.892044, 49,        64, 56, 10.582877,116,         4, 72, 174.79391, 77, 39.250000,144, 0.0000000, 84, 0.0000000, 48,       104, 16,       141
56C,2019/03/27 23:51:00, 50, 6.9335041, 51, 13.220093, 52, 6.2865887, 49,        64, 56, 10.582877,116,         4, 72, 174.99139, 77, 39.250000,144, 0.0000000, 84, 0.0000000, 48,       104, 16,       141
5CC,2019/03/27 23:52:00, 50,-0.1302907, 51, 23.880976, 52, 24.011265, 49,        64, 56, 10.582877,116,         4, 72, 175.01038, 77, 39.281250,144, 0.0000000, 84, 0.0000000, 48,       104, 16,       141
59C,2019/03/27 23:53:00, 50, 15.111851, 51, 26.810886, 52, 11.699036, 49,        64, 56, 10.582877,116,         4, 72, 175.23093, 77, 39.312500,144, 0.0000000, 84, 0.0000000, 48,       104, 16,       141
5CC,2019/03/27 23:54:00, 50, 15.932194, 51, 26.751612, 52, 10.819418, 49,        64, 56, 10.582877,116,         4, 72, 175.21237, 77, 39.343750,144, 0.0000000, 84, 0.0000000, 48,       104, 16,       141
57C,2019/03/27 23:55:00, 50, 6.7178688, 51, 15.182505, 52, 8.4646358, 49,        64, 56, 10.582877,116,         4, 72, 175.44745, 77, 39.375000,144, 0.0000000, 84, 0.0000000, 48,       104, 16,       141
5EC,2019/03/27 23:56:00, 50, 12.411291, 51, 31.123583, 52, 18.712292, 49,        64, 56, 10.582877,116,         4, 72, 175.71179, 77, 39.375000,144, 0.0000000, 84, 0.0000000, 48,       104, 16,       141
58C,2019/03/27 23:57:00, 50, 14.226660, 51, 44.917686, 52, 30.691029, 49,        64, 56, 10.582877,116,         4, 72, 175.67419, 77, 39.406250,144, 0.0000000, 84, 0.0000000, 48,       104, 16,       141
5CC,2019/03/27 23:58:00, 50, 20.011642, 51, 43.570034, 52, 23.558392, 49,        64, 56, 10.582877,116,         4, 72, 175.35535, 77, 39.437500,144, 0.0000000, 84, 0.0000000, 48,       104, 16,       141
52C,2019/03/27 23:59:00, 50, 10.410257, 51, 44.967117, 52, 34.556862, 49,        64, 56, 10.582877,116,         4, 72, 174.62360, 77, 39.468750,144, 0.0000000, 84, 0.0000000, 48,       104, 16,       141
