5DC,2018/06/24 10:39:00, 50, 0.0000000, 13,         0, 49,        64, 56, 0.9947273, 72, 486.50049, 73, 516.00006, 77, 11.312500, 79, 1.2542226, 83,     43777,110,        29,116,         4, 71, 0.6923511
44C,2018/06/24 10:40:00, 50, 0.0000000, 13,       254, 49,         1, 56, 0.9947273, 72, 488.90967, 73, 517.72534, 77, 12.062500, 79, 1.2639453, 83,     43777,110,        29,116,         4, 71, 0.6949137
46C,2018/06/24 10:41:00, 50, 0.0000000, 13,       134, 49,         4, 56, 0.9947273, 72, 489.16553, 73, 517.05280, 77, 12.375000, 79, 1.2542226, 83,     43777,110,        29,116,         4, 71, 0.6951239
56C,2018/06/24 10:43:00, 50, 0.0000000, 13,        22, 49,         1, 56, 0.9947273, 72, 488.98834, 73, 518.66107, 77, 13.656250, 79, 1.2347773, 83,     43777,110,        29,116,         4, 71, 0.6950818
58C,2018/06/24 10:44:00, 50, 0.0000000, 13,        36, 49,         1, 56, 0.9947273, 72, 489.11639, 73, 518.92426, 77, 14.218750, 79, 1.2444999, 83,     43777,110,        29,116,         4, 71, 0.6950818
53C,2018/06/24 10:45:00, 50, 0.0000000, 13,        46, 49,         1, 56, 0.9947273, 72, 489.16754, 73, 519.12897, 77, 14.718750, 79, 1.2444999, 83,     43777,110,        29,116,         4, 71, 0.6951659
5BC,2018/06/24 10:46:00, 50, 0.0000000, 13,        67, 49,         1, 56, 0.9947273, 72, 489.18951, 73, 519.30444, 77, 15.281250, 79, 1.2347773, 83,     43777,110,        29,116,         4, 71, 0.6951659
59C,2018/06/24 10:47:00, 50, 0.0000000, 13,        85, 49,         1, 56, 0.9947273, 72, 489.19690, 73, 519.45062, 77, 15.750000, 79, 1.2347773, 83,     43777,110,        29,116,         4, 71, 0.6951659
51C,2018/06/24 10:48:00, 50, 0.0000000, 13,        93, 49,         1, 56, 0.9947273, 72, 489.21228, 73, 519.59686, 77, 16.218750, 79, 1.2250546, 83,     43777,110,        29,116,         4, 71, 0.6952078
53C,2018/06/24 10:49:00, 50, 0.0000000, 13,        99, 49,         1, 56, 0.9947273, 72, 489.22870, 73, 519.74304, 77, 16.687500, 79, 1.2347773, 83,     43777,110,        29,116,         4, 71, 0.6952499
47C,2018/06/24 10:50:00, 50, 0.0000000, 13,       107, 49,         1, 56, 0.9947273, 72, 489.25000, 73, 519.80151, 77, 17.093750, 79, 1.2444999, 83,     43777,110,        29,116,         4, 71, 0.6952499
49C,2018/06/24 10:51:00, 50, 0.0000000, 13,       116, 49,         1, 56, 0.9947273, 72, 489.19061, 73, 519.91852, 77, 17.437500, 79, 1.2396387, 83,     43777,110,        29,116,         4, 71, 0.6951659
4BC,2018/06/24 10:52:00, 50, 0.0000000, 13,       116, 49,         2, 56, 0.9947273, 72, 489.25928, 73, 518.69031, 77, 17.875000, 79, 1.2299160, 83,     43777,110,        29,116,         4, 71, 0.6952919
5EC,2018/06/24 10:53:00, 50, 0.0000000, 13,       119, 49,        64, 56, 0.9947273, 72, 489.20428, 73, 518.77808, 77, 18.343750, 79, 1.2396387, 83,     43777,110,        29,116,         4, 71, 0.6951659
55C,2018/06/24 10:54:00, 50, 0.0000000, 13,       121, 49,        32, 56, 0.9947273, 72, 489.15930, 73, 518.86578, 77, 18.750000, 79, 1.2396387, 83,     43777,110,        29,116,         4, 71, 0.6950397
40C,2018/06/24 10:55:00, 50, 0.0000000, 13,       124, 49,         4, 56, 0.9947273, 72, 489.03918, 73, 519.01202, 77, 19.125000, 79, 1.2396387, 83,     43777,110,        29,116,         4, 71, 0.6948297
5CC,2018/06/24 10:56:00, 50, 0.0000000, 13,       124, 49,        16, 56, 0.9947273, 72, 489.03278, 73, 519.01202, 77, 19.593750, 79, 1.2396387, 83,     43777,110,        29,116,         4, 71, 0.6949557
4BC,2018/06/24 10:57:00, 50, 0.0000000, 13,       129, 49,         4, 56, 0.9947273, 72, 488.93335, 73, 519.09973, 77, 20.000000, 79, 1.2299160, 83,     43777,110,        29,116,         4, 71, 0.6947457
4DC,2018/06/24 10:58:00, 50, 0.0000000, 13,       132, 49,         4, 56, 0.9947273, 72, 488.87213, 73, 519.18744, 77, 20.468750, 79, 1.2347773, 83,     43777,110,        29,116,         4, 71, 0.6946617
4BC,2018/06/24 10:59:00, 50, 0.0000000, 13,       134, 49,         4, 56, 0.9947273, 72, 488.68939, 73, 519.24591, 77, 20.875000, 79, 1.2299160, 83,     43777,110,        29,116,         4, 71, 0.6940316
4FC,2018/06/24 11:00:00, 50, 0.0000000, 13,       137, 49,         4, 56, 0.9947273, 72, 487.71844, 73, 519.33368, 77, 21.343750, 79, 1.2299160, 83,     43777,110,        29,116,         4, 71, 0.6925192
4AC,2018/06/24 11:01:00, 50, 0.0000000, 13,       139, 49,         4, 56, 0.9947273, 72, 486.17719, 73, 519.47986, 77, 21.781250, 79, 1.2347773, 83,     43777,110,        29,116,         4, 71, 0.6893684
48C,2018/06/24 11:02:00, 50, 0.0000000, 13,       139, 49,         2, 56, 0.9947273, 72, 482.10834, 73, 519.50909, 77, 22.218750, 79, 1.2299160, 83,     41729,110,        29,116,         4, 71, 0.6828146
41C,2018/06/24 11:03:00, 50, 0.0000000, 13,       139, 49,         4, 56, 0.9947273, 72, 477.24042, 73, 519.65533, 77, 22.687500, 79, 1.2347773, 83,     41729,110,        29,116,         4, 71, 0.6762190
4DC,2018/06/24 11:04:00, 50, 0.0000000, 13,       139, 49,         4, 56, 0.9947273, 72, 473.56775, 73, 520.50336, 77, 23.062500, 79, 1.2347773, 83,     41729,110,        29,116,         4, 71, 0.6716818
4AC,2018/06/24 11:05:00, 50, 0.0000000, 13,       141, 49,         2, 56, 0.9947273, 72, 471.69434, 73, 519.83075, 77, 23.468750, 79, 1.2299160, 83,     41729,110,        29,116,         4, 71, 0.6699593
5FC,2018/06/24 11:06:00, 50, 0.0000000, 13,       143, 49,        16, 56, 0.9947273, 72, 471.34235, 73, 519.94775, 77, 23.843750, 79, 1.2299160, 83,     41729,110,        29,116,         4, 71, 0.6700433
4BC,2018/06/24 11:07:00, 50, 0.0000000, 13,       144, 49,         8, 56, 0.9947273, 72, 472.88446, 73, 520.26941, 77, 24.187500, 79, 1.2250546, 83,     41729,110,        29,116,         4, 71, 0.6735722
42C,2018/06/24 11:08:00, 50, 0.0000000, 13,       145, 49,         8, 56, 0.9947273, 72, 478.61670, 73, 520.12317, 77, 24.562500, 79, 1.2299160, 83,     41729,110,        29,116,         4, 71, 0.6855034
56C,2018/06/24 11:09:00, 50, 0.0000000, 13,       146, 49,        32, 56, 0.9947273, 72, 487.94666, 73, 520.29865, 77, 24.843750, 79, 1.2299160, 83,     41729,110,        29,116,         4, 71, 0.6949978
56C,2018/06/24 11:10:00, 50, 0.0000000, 13,       147, 49,        16, 56, 0.9947273, 72, 489.46295, 73, 520.41559, 77, 25.187500, 79, 1.2201934, 83,     41729,110,        29,116,         4, 71, 0.6955860
4AC,2018/06/24 11:11:00, 50, 0.0000000, 13,       147, 49,       128, 56, 0.9947273, 72, 489.72357, 73, 520.67877, 77, 25.468750, 79, 1.2201934, 83,     41729,110,        29,116,         4, 71, 0.6960061
47C,2018/06/24 11:12:00, 50, 0.0000000, 13,       149, 49,         8, 56, 0.9947273, 72, 489.78986, 73, 520.44489, 77, 25.718750, 79, 1.2299160, 83,     41729,110,        29,116,         4, 71, 0.6960901
5CC,2018/06/24 11:13:00, 50, 0.0000000, 13,       151, 49,        64, 56, 0.9947273, 72, 489.88940, 73, 520.56183, 77, 25.968750, 79, 1.2250546, 83,     41729,110,        29,116,         4, 71, 0.6962161
4BC,2018/06/24 11:14:00, 50, 0.0000000, 13,       154, 49,         4, 56, 0.9947273, 72, 489.98486, 73, 520.62030, 77, 26.250000, 79, 1.2250546, 83,     41729,110,        29,116,         4, 71, 0.6963841
49C,2018/06/24 11:15:00, 50, 0.0000000, 13,       154, 49,       128, 56, 0.9947273, 72, 490.00970, 73, 520.67877, 77, 26.468750, 79, 1.2250546, 83,     41729,110,        29,116,         4, 71, 0.6962581
59C,2018/06/24 11:16:00, 50, 0.0000000, 13,       154, 49,        32, 56, 0.9947273, 72, 490.01929, 73, 520.79578, 77, 26.718750, 79, 1.2299160, 83,     41729,110,        29,116,         4, 71, 0.6965102
44C,2018/06/24 11:17:00, 50, 0.0000000, 13,       154, 49,       128, 56, 0.9947273, 72, 489.97699, 73, 520.97119, 77, 26.968750, 79, 1.2250546, 83,     41729,110,        29,116,         4, 71, 0.6960480
5FC,2018/06/24 11:18:00, 50, 0.0000000, 13,       154, 49,        64, 56, 0.9947273, 72, 489.93091, 73, 521.67303, 77, 27.218750, 79, 1.2250546, 83,     41729,110,        29,116,         4, 71, 0.6961321
4CC,2018/06/24 11:19:00, 50, 0.0000000, 13,       154, 49,       128, 56, 0.9947273, 72, 489.85034, 73, 521.00043, 77, 27.437500, 79, 1.2250546, 83,     41729,110,        29,116,         4, 71, 0.6960901
53C,2018/06/24 11:20:00, 50, 0.0000000, 13,       157, 49,        64, 56, 0.9947273, 72, 489.82349, 73, 520.97119, 77, 27.656250, 79, 1.2299160, 83,     41729,110,        29,116,         4, 71, 0.6959220
45C,2018/06/24 11:21:00, 50, 0.0000000, 13,       158, 49,        16, 56, 0.9947273, 72, 489.81293, 73, 521.08820, 77, 27.937500, 79, 1.2250546, 83,         4,110,         6,116,         4, 71, 0.6959641
56C,2018/06/24 11:22:00, 50, 0.0000000, 13,       158, 49,         8, 56, 0.9947273, 72, 489.81293, 73, 521.17590, 77, 28.187500, 79, 1.2299160, 83,         4,110,         6,116,         4, 71, 0.6960061
5FC,2018/06/24 11:23:00, 50, 0.0000000, 13,       158, 49,         8, 56, 0.9947273, 72, 489.81293, 73, 521.17590, 77, 28.406250, 79, 1.2299160, 83,         4,110,         6,116,         4, 71, 0.6957959
5BC,2018/06/24 11:24:00, 50, 0.0000000, 13,       158, 49,         8, 56, 0.9947273, 72, 489.81293, 73, 521.20514, 77, 28.593750, 79, 1.2250546, 83,         4,110,         6,116,         4, 71, 0.6957120
57C,2018/06/24 11:25:00, 50, 0.0000000, 13,       158, 49,         4, 56, 0.9947273, 72, 489.81293, 73, 521.35138, 77, 28.843750, 79, 1.2250546, 83,         4,110,         6,116,         4, 71, 0.6955860
43C,2018/06/24 11:26:00, 50, 0.0000000, 13,       158, 49,        16, 56, 0.9947273, 72, 489.81293, 73, 521.32214, 77, 29.031250, 79, 1.2250546, 83,         4,110,         7,116,         4, 71, 0.6955019
48C,2018/06/24 11:27:00, 50, 0.0000000, 13,       158, 49,        16, 56, 0.9947273, 72, 489.81293, 73, 521.35138, 77, 29.218750, 79, 1.2201934, 83,         0,110,         0,116,         4, 71, 0.6915529
4CC,2018/06/24 11:28:00, 50, 0.0000000, 13,       159, 49,        16, 56, 0.9947273, 72, 489.81293, 73, 521.43909, 77, 29.468750, 79, 1.2201934, 83,         0,110,         0,116,         4, 71, 0.6915529
46C,2018/06/24 11:29:00, 50, 0.0000000, 13,       159, 49,        16, 56, 0.9947273, 72, 489.81293, 73, 521.46832, 77, 29.718750, 79, 1.2201934, 83,         0,110,         0,116,         4, 71, 0.6916790
49C,2018/06/24 11:30:00, 50,-11734.164, 13,       159, 49,        16, 56, 0.9947273, 72, 486.87750, 73, 521.52679, 77, 29.843750, 79, 1.2250546, 83,         0,110,         1,116,         4, 71, 0.6915529
52C,2018/06/24 11:31:00, 50,-28421.844, 13,       159, 49,         4, 56, 0.9947273, 72, 486.76434, 73, 522.46259, 77, 30.093750, 79, 1.2201934, 83,         0,110,         1,116,         4, 71, 0.6915529
40C,2018/06/24 11:32:00, 50,-10030.834, 13,       162, 49,        16, 56, 0.9947273, 72, 486.70770, 73, 521.70227, 77, 30.250000, 79, 1.2299160, 83,         0,110,         1,116,         4, 71, 0.6917210
54C,2018/06/24 11:33:00, 50, 21703.465, 13,       165, 49,         4, 56, 0.9947273, 72, 486.78992, 73, 521.67303, 77, 30.406250, 79, 1.2250546, 83,         0,110,         1,116,         4, 71, 0.6918890
51C,2018/06/24 11:34:00, 50, 18115.453, 13,       165, 49,         4, 56, 0.9947273, 72, 486.72919, 73, 521.78998, 77, 30.468750, 79, 1.2201934, 83,         0,110,         1,116,         4, 71, 0.6917629
4BC,2018/06/24 11:35:00, 50,-17772.934, 13,       165, 49,        64, 56, 0.9947273, 72, 486.67743, 73, 521.81921, 77, 30.718750, 79, 1.2201934, 83,         0,110,         1,116,         4, 71, 0.6915529
5DC,2018/06/24 11:36:00, 50,-84559.781, 13,       165, 49,         2, 56, 0.9947273, 72, 486.67407, 73, 522.69647, 77, 30.968750, 79, 1.2201934, 83,     33024,110,         1,116,         4, 71, 0.6915950
56C,2018/06/24 11:37:00, 50,-68254.234, 13,       165, 49,         1, 56, 0.9947273, 72, 486.60541, 73, 522.05316, 77, 31.156250, 79, 1.2104707, 83,     32768,110,         1,116,         4, 71, 0.6915529
56C,2018/06/24 11:38:00, 50, 26504.051, 13,       165, 49,         4, 56, 0.9947273, 72, 486.57019, 73, 521.96545, 77, 31.312500, 79, 1.2153320, 83,         0,110,         1,116,         4, 71, 0.6914690
4FC,2018/06/24 11:39:00, 50,-15656.918, 13,       165, 49,        32, 56, 0.9947273, 72, 486.61011, 73, 521.99469, 77, 31.468750, 79, 1.2250546, 83,         0,110,         1,116,         4, 71, 0.6915109
56C,2018/06/24 11:40:00, 50, 15422.045, 13,       163, 49,         8, 56, 0.9947273, 72, 486.57153, 73, 521.96545, 77, 31.593750, 79, 1.2153320, 83,         0,110,         1,116,         4, 71, 0.6915950
50C,2018/06/24 11:41:00, 50,-7418.8574, 13,       162, 49,         8, 56, 0.9947273, 72, 486.50781, 73, 521.87775, 77, 31.687500, 79, 1.2250546, 83,         0,110,         1,116,         4, 71, 0.6909227
5CC,2018/06/24 11:42:00, 50, 7579.6562, 13,       162, 49,         4, 56, 0.9947273, 72, 486.49054, 73, 521.99469, 77, 31.812500, 79, 1.2153320, 83,     33024,110,         1,116,         4, 71, 0.6913009
5EC,2018/06/24 11:43:00, 50, 1106.6990, 13,       161, 49,         8, 56, 0.9947273, 72, 486.48267, 73, 521.93622, 77, 32.000000, 79, 1.2201934, 83,         0,110,         1,116,         4, 71, 0.6914269
50C,2018/06/24 11:44:00, 50,-1136.2754, 13,       160, 49,         8, 56, 0.9947273, 72, 486.44653, 73, 521.96545, 77, 32.156250, 79, 1.2250546, 83,         0,110,         1,116,         4, 71, 0.6913428
5BC,2018/06/24 11:45:00, 50, 25389.051, 13,       158, 49,         8, 56, 0.9947273, 72, 486.40063, 73, 522.05316, 77, 32.250000, 79, 1.2104707, 83,     33024,110,         1,116,         4, 71, 0.6911328
55C,2018/06/24 11:46:00, 50, 16555.723, 13,       158, 49,         4, 56, 0.9947273, 72, 486.28619, 73, 521.99469, 77, 32.281250, 79, 1.2201934, 83,         0,110,         1,116,         4, 71, 0.6908387
4CC,2018/06/24 11:47:00, 50,-14526.111, 13,       158, 49,        16, 56, 0.9947273, 72, 486.26770, 73, 522.08240, 77, 32.343750, 79, 1.2153320, 83,         0,110,         1,116,         4, 71, 0.6908387
59C,2018/06/24 11:48:00, 50,-314.49048, 13,       158, 49,         8, 56, 0.9947273, 72, 486.21741, 73, 522.05316, 77, 32.437500, 79, 1.2104707, 83,         0,110,         1,116,         4, 71, 0.6911328
50C,2018/06/24 11:49:00, 50,-1309.7148, 13,       158, 49,         8, 56, 0.9947273, 72, 486.18866, 73, 522.05316, 77, 32.500000, 79, 1.2153320, 83,         0,110,         1,116,         4, 71, 0.6910489
52C,2018/06/24 11:50:00, 50, 44361.664, 13,       158, 49,         4, 56, 0.9947273, 72, 486.14233, 73, 522.05316, 77, 32.593750, 79, 1.2153320, 83,         0,110,         1,116,         4, 71, 0.6910908
40C,2018/06/24 11:51:00, 50,-2078.7749, 13,       158, 49,        16, 56, 0.9947273, 72, 486.10223, 73, 522.11163, 77, 32.687500, 79, 1.2153320, 83,         0,110,         1,116,         4, 71, 0.6909647
51C,2018/06/24 11:52:00, 50,-27637.086, 13,       158, 49,         4, 56, 0.9947273, 72, 486.05060, 73, 522.90118, 77, 32.750000, 79, 1.2201934, 83,         0,110,         1,116,         4, 71, 0.6904607
5CC,2018/06/24 11:53:00, 50, 25678.543, 13,       158, 49,         4, 56, 0.9947273, 72, 486.06482, 73, 522.11163, 77, 32.843750, 79, 1.2104707, 83,     33024,110,         1,116,         4, 71, 0.6907548
52C,2018/06/24 11:54:00, 50,-2348.9976, 13,       158, 49,         8, 56, 0.9947273, 72, 486.03925, 73, 522.05316, 77, 32.843750, 79, 1.2153320, 83,         0,110,         1,116,         4, 71, 0.6907127
53C,2018/06/24 11:55:00, 50, 2205.5845, 13,       158, 49,         8, 56, 0.9947273, 72, 486.02014, 73, 522.08240, 77, 32.937500, 79, 1.2153320, 83,         0,110,         1,116,         4, 71, 0.6904186
5BC,2018/06/24 11:56:00, 50, 8519.5996, 13,       158, 49,         8, 56, 0.9947273, 72, 485.98346, 73, 522.11163, 77, 32.968750, 79, 1.2250546, 83,         0,110,         1,116,         4, 71, 0.6906286
5AC,2018/06/24 11:57:00, 50,-32518.012, 13,       158, 49,         2, 56, 0.9947273, 72, 485.95398, 73, 522.78424, 77, 33.031250, 79, 1.2153320, 83,     33024,110,         1,116,         4, 71, 0.6903347
4CC,2018/06/24 11:58:00, 50,-20371.988, 13,       158, 49,        64, 56, 0.9947273, 72, 485.90875, 73, 522.11163, 77, 33.156250, 79, 1.2201934, 83,         0,110,         1,116,         4, 71, 0.6905446
58C,2018/06/24 11:59:00, 50,-20371.988, 13,       158, 49,         4, 56, 0.9947273, 72, 485.90875, 73, 522.19940, 77, 33.218750, 79, 1.2201934, 83,         4,110,         6,116,         4, 71, 0.6939895
52C,2018/06/24 12:00:00, 50,-20371.988, 13,       158, 49,         4, 56, 0.9947273, 72, 485.90875, 73, 522.14087, 77, 33.281250, 79, 1.2153320, 83,         4,110,         6,116,         4, 71, 0.6939055
4EC,2018/06/24 12:01:00, 50,-20371.988, 13,       158, 49,        32, 56, 0.9947273, 72, 485.90875, 73, 522.11163, 77, 33.281250, 79, 1.2201934, 83,         4,110,         7,116,         4, 71, 0.6936535
41C,2018/06/24 12:02:00, 50,-20371.988, 13,       158, 49,        16, 56, 0.9947273, 72, 485.90875, 73, 522.17017, 77, 33.312500, 79, 1.2250546, 83,         0,110,         0,116,         4, 71, 0.6939476
5AC,2018/06/24 12:03:00, 50,-20371.988, 13,       158, 49,         8, 56, 0.9947273, 72, 485.90875, 73, 522.14087, 77, 33.343750, 79, 1.2153320, 83,         0,110,         0,116,         4, 71, 0.6904607
53C,2018/06/24 12:04:00, 50,-20371.988, 13,       158, 49,         8, 56, 0.9947273, 72, 485.90875, 73, 522.14087, 77, 33.437500, 79, 1.2201934, 83,         0,110,         0,116,         4, 71, 0.6905446
50C,2018/06/24 12:05:00, 50,-20371.988, 13,       158, 49,         8, 56, 0.9947273, 72, 485.90875, 73, 522.19940, 77, 33.500000, 79, 1.2201934, 83,         0,110,         1,116,         4, 71, 0.6902926
57C,2018/06/24 12:06:00, 50,-7204.7021, 13,       158, 49,         8, 56, 0.9947273, 72, 485.79242, 73, 522.14087, 77, 33.593750, 79, 1.2153320, 83,         0,110,         1,116,         4, 71, 0.6904607
56C,2018/06/24 12:07:00, 50, 68474.672, 13,       158, 49,         4, 56, 0.9947273, 72, 485.83704, 73, 522.25787, 77, 33.687500, 79, 1.2201934, 83,         0,110,         1,116,         4, 71, 0.6906707
50C,2018/06/24 12:08:00, 50,-3086.1543, 13,       158, 49,         8, 56, 0.9947273, 72, 485.85199, 73, 522.19940, 77, 33.750000, 79, 1.2153320, 83,         0,110,         1,116,         4, 71, 0.6905026
5CC,2018/06/24 12:09:00, 50, 3712.2485, 13,       158, 49,         4, 56, 0.9947273, 72, 485.88202, 73, 522.17017, 77, 33.812500, 79, 1.2201934, 83,         0,110,         1,116,         4, 71, 0.6902506
56C,2018/06/24 12:10:00, 50, 6779.1514, 13,       158, 49,         4, 56, 0.9947273, 72, 485.83081, 73, 522.14087, 77, 33.906250, 79, 1.2153320, 83,         0,110,         1,116,         4, 71, 0.6903766
5DC,2018/06/24 12:11:00, 50,-5391.7793, 13,       158, 49,         8, 56, 0.9947273, 72, 485.80878, 73, 522.19940, 77, 34.000000, 79, 1.2201934, 83,         0,110,         1,116,         4, 71, 0.6903347
51C,2018/06/24 12:12:00, 50,-2729.0806, 13,       158, 49,         8, 56, 0.9947273, 72, 485.79266, 73, 522.22864, 77, 34.031250, 79, 1.2201934, 83,         0,110,         1,116,         4, 71, 0.6902506
41C,2018/06/24 12:13:00, 50,-3648.3926, 13,       158, 49,        16, 56, 0.9947273, 72, 485.78992, 73, 522.25787, 77, 34.125000, 79, 1.2201934, 83,         0,110,         1,116,         4, 71, 0.6902926
5CC,2018/06/24 12:14:00, 50,-3209.9980, 13,       158, 49,         8, 56, 0.9947273, 72, 485.77576, 73, 522.19940, 77, 34.250000, 79, 1.2153320, 83,         0,110,         1,116,         4, 71, 0.6903766
4CC,2018/06/24 12:15:00, 50,-15351.119, 13,       158, 49,        32, 56, 0.9947273, 72, 485.77429, 73, 522.22864, 77, 34.312500, 79, 1.2201934, 83,         0,110,         1,116,         4, 71, 0.6904186
4AC,2018/06/24 12:16:00, 50,-7475.2373, 13,       158, 49,        16, 56, 0.9947273, 72, 485.78516, 73, 522.25787, 77, 34.406250, 79, 1.2201934, 83,         0,110,         1,116,         4, 71, 0.6902506
57C,2018/06/24 12:17:00, 50, 14714.484, 13,       158, 49,         4, 56, 0.9947273, 72, 485.78186, 73, 522.25787, 77, 34.468750, 79, 1.2153320, 83,         0,110,         1,116,         4, 71, 0.6903347
44C,2018/06/24 12:18:00, 50,-7397.9424, 13,       158, 49,        16, 56, 0.9947273, 72, 485.73969, 73, 522.31635, 77, 34.562500, 79, 1.2153320, 83,         0,110,         1,116,         4, 71, 0.6905867
58C,2018/06/24 12:19:00, 50,-624.69324, 13,       158, 49,         8, 56, 0.9947273, 72, 485.74750, 73, 522.28711, 77, 34.625000, 79, 1.2153320, 83,         0,110,         1,116,         4, 71, 0.6902086
47C,2018/06/24 12:20:00, 50,-12893.205, 13,       158, 49,        16, 56, 0.9947273, 72, 485.70367, 73, 522.22864, 77, 34.656250, 79, 1.2201934, 83,         0,110,         1,116,         4, 71, 0.6902506
53C,2018/06/24 12:21:00, 50, 12359.437, 13,       158, 49,         4, 56, 0.9947273, 72, 485.66675, 73, 522.31635, 77, 34.718750, 79, 1.2201934, 83,         0,110,         1,116,         4, 71, 0.6901666
5EC,2018/06/24 12:22:00, 50, 43653.156, 13,       158, 49,         4, 56, 0.9947273, 72, 485.63220, 73, 522.34558, 77, 34.781250, 79, 1.2153320, 83,         0,110,         1,116,         4, 71, 0.6901245
55C,2018/06/24 12:23:00, 50,-5779.8672, 13,       158, 49,         8, 56, 0.9947273, 72, 485.60718, 73, 522.31635, 77, 34.812500, 79, 1.2201934, 83,         0,110,         1,116,         4, 71, 0.6901666
57C,2018/06/24 12:24:00, 50, 1504.6072, 13,       158, 49,         8, 56, 0.9947273, 72, 485.62830, 73, 522.31635, 77, 34.937500, 79, 1.2153320, 83,         0,110,         1,116,         4, 71, 0.6900405
47C,2018/06/24 12:25:00, 50,-20708.625, 13,       158, 49,        32, 56, 0.9947273, 72, 485.60425, 73, 522.25787, 77, 34.968750, 79, 1.2153320, 83,         0,110,         1,116,         4, 71, 0.6902506
5EC,2018/06/24 12:26:00, 50, 9768.8633, 13,       158, 49,         8, 56, 0.9947273, 72, 485.54706, 73, 522.34558, 77, 35.000000, 79, 1.2201934, 83,         0,110,         1,116,         4, 71, 0.6899565
5CC,2018/06/24 12:27:00, 50,-6945.1621, 13,       158, 49,         8, 56, 0.9947273, 72, 485.52850, 73, 522.22864, 77, 35.031250, 79, 1.2250546, 83,         0,110,         1,116,         4, 71, 0.6897885
5AC,2018/06/24 12:28:00, 50,-3971.7485, 13,       158, 49,         8, 56, 0.9947273, 72, 485.48877, 73, 522.22864, 77, 35.093750, 79, 1.2201934, 83,         0,110,         1,116,         4, 71, 0.6899985
52C,2018/06/24 12:29:00, 50,-3367.3545, 13,       158, 49,         8, 56, 0.9947273, 72, 485.48199, 73, 522.25787, 77, 35.156250, 79, 1.2201934, 83,         0,110,         1,116,         4, 71, 0.6897464
59C,2018/06/24 12:30:00, 50,-6995.5635, 13,       158, 49,         8, 56, 0.9947273, 72, 485.40643, 73, 522.25787, 77, 35.187500, 79, 1.2153320, 83,         0,110,         1,116,         4, 71, 0.6898304
57C,2018/06/24 12:31:00, 50,-4351.2305, 13,       158, 49,         8, 56, 0.9947273, 72, 485.40405, 73, 522.31635, 77, 35.187500, 79, 1.2201934, 83,         0,110,         1,116,         4, 71, 0.6896625
5EC,2018/06/24 12:32:00, 50,-6606.0449, 13,       158, 49,         8, 56, 0.9947273, 72, 485.37311, 73, 522.28711, 77, 35.281250, 79, 1.2201934, 83,         0,110,         1,116,         4, 71, 0.6898304
54C,2018/06/24 12:33:00, 50,-4238.0596, 13,       158, 49,         8, 56, 0.9947273, 72, 485.37317, 73, 522.28711, 77, 35.281250, 79, 1.2153320, 83,         0,110,         1,116,         4, 71, 0.6897464
52C,2018/06/24 12:34:00, 50,-7657.1895, 13,       158, 49,         8, 56, 0.9947273, 72, 485.32239, 73, 522.31635, 77, 35.343750, 79, 1.2201934, 83,         0,110,         1,116,         4, 71, 0.6896625
5DC,2018/06/24 12:35:00, 50, 13277.346, 13,       158, 49,         8, 56, 0.9947273, 72, 485.35248, 73, 522.37482, 77, 35.406250, 79, 1.2153320, 83,         0,110,         1,116,         4, 71, 0.6897885
5FC,2018/06/24 12:36:00, 50, 8111.2842, 13,       158, 49,         8, 56, 0.9947273, 72, 485.29950, 73, 522.43329, 77, 35.468750, 79, 1.2153320, 83,         0,110,         1,116,         4, 71, 0.6896204
54C,2018/06/24 12:37:00, 50,-5340.9707, 13,       158, 49,         8, 56, 0.9947273, 72, 485.29376, 73, 522.28711, 77, 35.562500, 79, 1.2153320, 83,         0,110,         1,116,         4, 71, 0.6893684
54C,2018/06/24 12:38:00, 50, 2635.9937, 13,       158, 49,         8, 56, 0.9947273, 72, 485.24323, 73, 522.31635, 77, 35.625000, 79, 1.2250546, 83,         0,110,         1,116,         4, 71, 0.6896625
5DC,2018/06/24 12:39:00, 50,-4736.4150, 13,       158, 49,         8, 56, 0.9947273, 72, 485.21552, 73, 522.28711, 77, 35.625000, 79, 1.2201934, 83,         0,110,         1,116,         4, 71, 0.6895365
5BC,2018/06/24 12:40:00, 50, 2773.6958, 13,       158, 49,         8, 56, 0.9947273, 72, 485.17950, 73, 522.28711, 77, 35.656250, 79, 1.2153320, 83,         0,110,         1,116,         4, 71, 0.6894103
50C,2018/06/24 12:41:00, 50, 17921.961, 13,       158, 49,         4, 56, 0.9947273, 72, 485.13330, 73, 522.40405, 77, 35.687500, 79, 1.2201934, 83,         0,110,         1,116,         4, 71, 0.6893263
48C,2018/06/24 12:42:00, 50,-6146.3262, 13,       158, 49,        16, 56, 0.9947273, 72, 485.15729, 73, 522.37482, 77, 35.781250, 79, 1.2250546, 83,         0,110,         1,116,         4, 71, 0.6895784
5BC,2018/06/24 12:43:00, 50, 18601.801, 13,       158, 49,         4, 56, 0.9947273, 72, 485.08002, 73, 522.25787, 77, 35.843750, 79, 1.2153320, 83,         0,110,         1,116,         4, 71, 0.6892424
47C,2018/06/24 12:44:00, 50,-6125.8145, 13,       158, 49,        16, 56, 0.9947273, 72, 485.04071, 73, 522.31635, 77, 35.843750, 79, 1.2201934, 83,         0,110,         1,116,         4, 71, 0.6893263
5CC,2018/06/24 12:45:00, 50,-3322.0669, 13,       158, 49,         8, 56, 0.9947273, 72, 484.97955, 73, 522.25787, 77, 35.687500, 79, 1.2153320, 83,         0,110,         1,116,         4, 71, 0.6890322
53C,2018/06/24 12:46:00, 50,-6418.6406, 13,       158, 49,         8, 56, 0.9947273, 72, 484.95544, 73, 522.25787, 77, 35.906250, 79, 1.2153320, 83,         0,110,         1,116,         4, 71, 0.6890322
5EC,2018/06/24 12:47:00, 50, 1899.5015, 13,       158, 49,         8, 56, 0.9947273, 72, 484.92065, 73, 522.25787, 77, 35.906250, 79, 1.2104707, 83,         0,110,         1,116,         4, 71, 0.6889483
5CC,2018/06/24 12:48:00, 50,-4362.6641, 13,       158, 49,         8, 56, 0.9947273, 72, 484.92285, 73, 522.25787, 77, 36.000000, 79, 1.2153320, 83,         0,110,         1,116,         4, 71, 0.6892843
5FC,2018/06/24 12:49:00, 50, 7244.5830, 13,       158, 49,         8, 56, 0.9947273, 72, 484.90277, 73, 522.31635, 77, 35.843750, 79, 1.2153320, 83,         0,110,         1,116,         4, 71, 0.6889902
5DC,2018/06/24 12:50:00, 50, 1498.5840, 13,       158, 49,         8, 56, 0.9947273, 72, 484.89819, 73, 522.31635, 77, 36.000000, 79, 1.2201934, 83,         0,110,         1,116,         4, 71, 0.6892424
56C,2018/06/24 12:51:00, 50,-5266.8340, 13,       158, 49,         8, 56, 0.9947273, 72, 484.83362, 73, 522.25787, 77, 36.156250, 79, 1.2201934, 83,         0,110,         1,116,         4, 71, 0.6889483
5DC,2018/06/24 12:52:00, 50, 70060.875, 13,       158, 49,         4, 56, 0.9947273, 72, 484.81433, 73, 522.34558, 77, 36.062500, 79, 1.2153320, 83,         0,110,         1,116,         4, 71, 0.6889902
43C,2018/06/24 12:53:00, 50,-7036.6172, 13,       158, 49,        16, 56, 0.9947273, 72, 484.79791, 73, 522.34558, 77, 36.187500, 79, 1.2201934, 83,         0,110,         1,116,         4, 71, 0.6891162
4DC,2018/06/24 12:54:00, 50,-4941.4941, 13,       158, 49,        16, 56, 0.9947273, 72, 484.76123, 73, 522.37482, 77, 36.093750, 79, 1.2104707, 83,         0,110,         1,116,         4, 71, 0.6889902
52C,2018/06/24 12:55:00, 50, 2848.2173, 13,       158, 49,         8, 56, 0.9947273, 72, 484.74860, 73, 522.31635, 77, 36.375000, 79, 1.2201934, 83,         0,110,         1,116,         4, 71, 0.6888222
58C,2018/06/24 12:56:00, 50,-5020.9951, 13,       158, 49,         8, 56, 0.9947273, 72, 484.70038, 73, 522.28711, 77, 36.218750, 79, 1.2201934, 83,         0,110,         1,116,         4, 71, 0.6888222
5CC,2018/06/24 12:57:00, 50,-5841.3857, 13,       158, 49,         8, 56, 0.9947273, 72, 484.70203, 73, 522.31635, 77, 36.375000, 79, 1.2104707, 83,         0,110,         1,116,         4, 71, 0.6886961
5EC,2018/06/24 12:58:00, 50,-5441.8408, 13,       158, 49,         8, 56, 0.9947273, 72, 484.63458, 73, 522.28711, 77, 36.375000, 79, 1.2250546, 83,         0,110,         1,116,         4, 71, 0.6886121
57C,2018/06/24 12:59:00, 50,-6847.6201, 13,       158, 49,         8, 56, 0.9947273, 72, 484.62958, 73, 522.31635, 77, 36.406250, 79, 1.2153320, 83,         0,110,         1,116,         4, 71, 0.6886542
5EC,2018/06/24 13:00:00, 50,-6145.7705, 13,       158, 49,         8, 56, 0.9947273, 72, 484.62964, 73, 522.28711, 77, 36.562500, 79, 1.2056093, 83,         0,110,         1,116,         4, 71, 0.6886121
40C,2018/06/24 13:01:00, 50,-6459.5547, 13,       158, 49,        16, 56, 0.9947273, 72, 484.61896, 73, 522.34558, 77, 36.562500, 79, 1.2153320, 83,         0,110,         1,116,         4, 71, 0.6886961
4CC,2018/06/24 13:02:00, 50,-19151.254, 13,       158, 49,        16, 56, 0.9947273, 72, 484.63275, 73, 522.28711, 77, 36.656250, 79, 1.2153320, 83,         0,110,         1,116,         4, 71, 0.6886542
56C,2018/06/24 13:03:00, 50,-5049.1025, 13,       158, 49,         8, 56, 0.9947273, 72, 484.58105, 73, 522.31635, 77, 36.593750, 79, 1.2153320, 83,         0,110,         1,116,         4, 71, 0.6887802
5AC,2018/06/24 13:04:00, 50, 795.04004, 13,       158, 49,         8, 56, 0.9947273, 72, 484.52515, 73, 522.37482, 77, 36.687500, 79, 1.2153320, 83,         0,110,         1,116,         4, 71, 0.6886961
5AC,2018/06/24 13:05:00, 50,-1950.8181, 13,       158, 49,         8, 56, 0.9947273, 72, 484.53192, 73, 522.28711, 77, 36.687500, 79, 1.2201934, 83,         0,110,         1,116,         4, 71, 0.6881500
5CC,2018/06/24 13:06:00, 50,-4808.3877, 13,       158, 49,         8, 56, 0.9947273, 72, 484.47809, 73, 522.34558, 77, 36.718750, 79, 1.2153320, 83,         0,110,         1,116,         4, 71, 0.6886121
5EC,2018/06/24 13:07:00, 50, 18231.637, 13,       158, 49,         4, 56, 0.9947273, 72, 484.43750, 73, 522.34558, 77, 36.687500, 79, 1.2153320, 83,         0,110,         1,116,         4, 71, 0.6886542
5BC,2018/06/24 13:08:00, 50,-2050.6870, 13,       158, 49,         8, 56, 0.9947273, 72, 484.41663, 73, 522.31635, 77, 36.781250, 79, 1.2201934, 83,         0,110,         1,116,         4, 71, 0.6883181
57C,2018/06/24 13:09:00, 50,-4725.2363, 13,       159, 49,         8, 56, 0.9947273, 72, 484.40601, 73, 522.28711, 77, 36.781250, 79, 1.2104707, 83,         0,110,         1,116,         4, 71, 0.6883181
51C,2018/06/24 13:10:00, 50,-7550.9814, 13,       159, 49,         8, 56, 0.9947273, 72, 484.36432, 73, 522.37482, 77, 36.750000, 79, 1.2153320, 83,         0,110,         1,116,         4, 71, 0.6881920
51C,2018/06/24 13:11:00, 50, 54163.797, 13,       159, 49,         4, 56, 0.9947273, 72, 484.32611, 73, 522.37482, 77, 36.781250, 79, 1.2104707, 83,         0,110,         1,116,         4, 71, 0.6881920
57C,2018/06/24 13:12:00, 50,-5938.0791, 13,       161, 49,         8, 56, 0.9947273, 72, 484.31683, 73, 522.37482, 77, 36.843750, 79, 1.2201934, 83,         0,110,         1,116,         4, 71, 0.6882340
46C,2018/06/24 13:13:00, 50,-7045.6035, 13,       161, 49,        16, 56, 0.9947273, 72, 484.30261, 73, 522.37482, 77, 36.843750, 79, 1.2104707, 83,         0,110,         1,116,         4, 71, 0.6882340
43C,2018/06/24 13:14:00, 50,-5231.4883, 13,       161, 49,        16, 56, 0.9947273, 72, 484.26483, 73, 522.37482, 77, 36.906250, 79, 1.2104707, 83,         0,110,         1,116,         4, 71, 0.6883181
56C,2018/06/24 13:15:00, 50,-6459.2412, 13,       161, 49,         8, 56, 0.9947273, 72, 484.26111, 73, 522.31635, 77, 36.937500, 79, 1.2153320, 83,         0,110,         1,116,         4, 71, 0.6879820
5AC,2018/06/24 13:16:00, 50,-6270.2510, 13,       161, 49,         8, 56, 0.9947273, 72, 484.19141, 73, 522.31635, 77, 36.937500, 79, 1.2153320, 83,         0,110,         1,116,         4, 71, 0.6881500
59C,2018/06/24 13:17:00, 50, 9176.6074, 13,       161, 49,         8, 56, 0.9947273, 72, 484.18781, 73, 522.34558, 77, 36.968750, 79, 1.2153320, 83,         0,110,         1,116,         4, 71, 0.6881080
4CC,2018/06/24 13:18:00, 50,-11986.729, 13,       161, 49,        16, 56, 0.9947273, 72, 484.18848, 73, 522.28711, 77, 37.031250, 79, 1.2104707, 83,         0,110,         1,116,         4, 71, 0.6878139
57C,2018/06/24 13:19:00, 50,-5373.5635, 13,       161, 49,         8, 56, 0.9947273, 72, 484.10516, 73, 522.37482, 77, 37.031250, 79, 1.2104707, 83,         0,110,         1,116,         4, 71, 0.6879820
5FC,2018/06/24 13:20:00, 50,-6170.2979, 13,       161, 49,         8, 56, 0.9947273, 72, 484.06445, 73, 522.28711, 77, 37.062500, 79, 1.2153320, 83,         0,110,         1,116,         4, 71, 0.6878139
51C,2018/06/24 13:21:00, 50,-6594.7344, 13,       161, 49,         8, 56, 0.9947273, 72, 484.08331, 73, 522.25787, 77, 37.125000, 79, 1.2104707, 83,         0,110,         1,116,         4, 71, 0.6880660
4CC,2018/06/24 13:22:00, 50,-5983.7969, 13,       161, 49,        16, 56, 0.9947273, 72, 484.04669, 73, 522.34558, 77, 37.093750, 79, 1.2153320, 83,         0,110,         1,116,         4, 71, 0.6878560
56C,2018/06/24 13:23:00, 50,-3816.2441, 13,       161, 49,         8, 56, 0.9947273, 72, 484.02075, 73, 522.25787, 77, 37.093750, 79, 1.2153320, 83,         0,110,         1,116,         4, 71, 0.6878560
43C,2018/06/24 13:24:00, 50,-25181.891, 13,       161, 49,        16, 56, 0.9947273, 72, 483.98987, 73, 522.28711, 77, 37.093750, 79, 1.2153320, 83,         0,110,         1,116,         4, 71, 0.6877298
52C,2018/06/24 13:25:00, 50,-1397.0522, 13,       161, 49,         8, 56, 0.9947273, 72, 483.95685, 73, 522.28711, 77, 37.062500, 79, 1.2056093, 83,         0,110,         1,116,         4, 71, 0.6878560
58C,2018/06/24 13:26:00, 50,-4537.3965, 13,       161, 49,         8, 56, 0.9947273, 72, 484.00073, 73, 522.31635, 77, 37.062500, 79, 1.2201934, 83,         0,110,         1,116,         4, 71, 0.6877719
4CC,2018/06/24 13:27:00, 50,-5388.9482, 13,       161, 49,        16, 56, 0.9947273, 72, 483.96881, 73, 522.34558, 77, 37.031250, 79, 1.2201934, 83,         0,110,         1,116,         4, 71, 0.6878560
41C,2018/06/24 13:28:00, 50,-7041.4121, 13,       161, 49,        16, 56, 0.9947273, 72, 483.87933, 73, 522.25787, 77, 37.062500, 79, 1.2153320, 83,     33024,110,         1,116,         4, 71, 0.6876038
5BC,2018/06/24 13:29:00, 50, 44763.602, 13,       162, 49,         4, 56, 0.9947273, 72, 483.90143, 73, 522.28711, 77, 37.031250, 79, 1.2153320, 83,         0,110,         1,116,         4, 71, 0.6876879
52C,2018/06/24 13:30:00, 50,-6176.6631, 13,       162, 49,         8, 56, 0.9947273, 72, 483.88177, 73, 522.22864, 77, 37.000000, 79, 1.2201934, 83,         0,110,         1,116,         4, 71, 0.6874357
57C,2018/06/24 13:31:00, 50, 24630.047, 13,       162, 49,         4, 56, 0.9947273, 72, 483.85797, 73, 522.22864, 77, 37.031250, 79, 1.2104707, 83,         0,110,         1,116,         4, 71, 0.6874778
5EC,2018/06/24 13:32:00, 50,-3926.6738, 13,       162, 49,         8, 56, 0.9947273, 72, 483.81409, 73, 522.25787, 77, 37.031250, 79, 1.2153320, 83,         0,110,         1,116,         4, 71, 0.6874357
51C,2018/06/24 13:33:00, 50,-5938.7822, 13,       162, 49,         8, 56, 0.9947273, 72, 483.79340, 73, 522.31635, 77, 37.031250, 79, 1.2201934, 83,         0,110,         1,116,         4, 71, 0.6874778
5CC,2018/06/24 13:34:00, 50, 4003.7246, 13,       162, 49,         8, 56, 0.9947273, 72, 483.83160, 73, 522.19940, 77, 37.062500, 79, 1.2104707, 83,         0,110,         1,116,         4, 71, 0.6873097
50C,2018/06/24 13:35:00, 50,-1937.5371, 13,       162, 49,         8, 56, 0.9947273, 72, 483.79413, 73, 522.25787, 77, 37.093750, 79, 1.2153320, 83,         0,110,         1,116,         4, 71, 0.6874357
50C,2018/06/24 13:36:00, 50, 20078.145, 13,       162, 49,         4, 56, 0.9947273, 72, 483.69617, 73, 522.37482, 77, 37.093750, 79, 1.2153320, 83,         0,110,         1,116,         4, 71, 0.6875199
44C,2018/06/24 13:37:00, 50,-19506.750, 13,       162, 49,        32, 56, 0.9947273, 72, 483.69763, 73, 522.17017, 77, 37.093750, 79, 1.2153320, 83,         0,110,         1,116,         4, 71, 0.6874357
59C,2018/06/24 13:38:00, 50,-4310.5312, 13,       162, 49,         8, 56, 0.9947273, 72, 483.70129, 73, 522.19940, 77, 37.125000, 79, 1.2201934, 83,         0,110,         1,116,         4, 71, 0.6875199
4AC,2018/06/24 13:39:00, 50,-8711.7305, 13,       162, 49,        32, 56, 0.9947273, 72, 483.66803, 73, 522.25787, 77, 37.125000, 79, 1.2153320, 83,         0,110,         1,116,         4, 71, 0.6874357
5BC,2018/06/24 13:40:00, 50,-3618.8301, 13,       162, 49,         8, 56, 0.9947273, 72, 483.69495, 73, 522.19940, 77, 37.156250, 79, 1.2104707, 83,         0,110,         1,116,         4, 71, 0.6872258
5FC,2018/06/24 13:41:00, 50,-6020.7627, 13,       162, 49,         8, 56, 0.9947273, 72, 483.59314, 73, 522.19940, 77, 37.187500, 79, 1.2250546, 83,         0,110,         1,116,         4, 71, 0.6870998
5BC,2018/06/24 13:42:00, 50, 9765.0000, 13,       162, 49,         4, 56, 0.9947273, 72, 483.57465, 73, 522.17017, 77, 37.218750, 79, 1.2153320, 83,         0,110,         1,116,         4, 71, 0.6872258
51C,2018/06/24 13:43:00, 50, 4906.6992, 13,       162, 49,         4, 56, 0.9947273, 72, 483.56738, 73, 522.19940, 77, 37.218750, 79, 1.2104707, 83,         0,110,         1,116,         4, 71, 0.6870998
50C,2018/06/24 13:44:00, 50,-6597.3320, 13,       162, 49,         8, 56, 0.9947273, 72, 483.49725, 73, 522.17017, 77, 37.281250, 79, 1.2104707, 83,         0,110,         1,116,         4, 71, 0.6871837
50C,2018/06/24 13:45:00, 50, 11773.836, 13,       162, 49,         8, 56, 0.9947273, 72, 483.51416, 73, 522.22864, 77, 37.281250, 79, 1.2056093, 83,         0,110,         1,116,         4, 71, 0.6871418
50C,2018/06/24 13:46:00, 50, 3181.4858, 13,       162, 49,         4, 56, 0.9947273, 72, 483.49652, 73, 522.28711, 77, 37.312500, 79, 1.2153320, 83,         0,110,         1,116,         4, 71, 0.6873097
5EC,2018/06/24 13:47:00, 50,-7154.7920, 13,       162, 49,         8, 56, 0.9947273, 72, 483.47144, 73, 522.11163, 77, 37.343750, 79, 1.2201934, 83,         0,110,         1,116,         4, 71, 0.6869317
58C,2018/06/24 13:48:00, 50,-7154.7920, 13,       162, 49,         8, 56, 0.9947273, 72, 483.47144, 73, 522.14087, 77, 37.375000, 79, 1.2153320, 83,         4,110,         6,116,         4, 71, 0.6905446
50C,2018/06/24 13:49:00, 50,-7154.7920, 13,       162, 49,         4, 56, 0.9947273, 72, 483.47144, 73, 522.19940, 77, 37.375000, 79, 1.2104707, 83,         4,110,         6,116,         4, 71, 0.6906286
58C,2018/06/24 13:50:00, 50,-7154.7920, 13,       163, 49,         4, 56, 0.9947273, 72, 483.47144, 73, 522.17017, 77, 37.437500, 79, 1.2201934, 83,         4,110,         7,116,         4, 71, 0.6905446
5FC,2018/06/24 13:51:00, 50,-7154.7920, 13,       163, 49,         4, 56, 0.9947273, 72, 483.47144, 73, 522.17017, 77, 37.468750, 79, 1.2104707, 83,         0,110,         0,116,         4, 71, 0.6905446
53C,2018/06/24 13:52:00, 50,-7154.7920, 13,       163, 49,         8, 56, 0.9947273, 72, 483.47144, 73, 522.17017, 77, 37.468750, 79, 1.2153320, 83,         0,110,         0,116,         4, 71, 0.6867636
5AC,2018/06/24 13:53:00, 50,-7154.7920, 13,       163, 49,         8, 56, 0.9947273, 72, 483.47144, 73, 522.11163, 77, 37.562500, 79, 1.2153320, 83,         0,110,         0,116,         4, 71, 0.6866376
59C,2018/06/24 13:54:00, 50,-7154.7920, 13,       163, 49,         8, 56, 0.9947273, 72, 483.47144, 73, 522.11163, 77, 37.531250, 79, 1.2153320, 83,         0,110,         1,116,         4, 71, 0.6865536
5FC,2018/06/24 13:55:00, 50,-3025.0371, 13,       163, 49,         8, 56, 0.9947273, 72, 483.23328, 73, 522.11163, 77, 37.593750, 79, 1.2153320, 83,         0,110,         1,116,         4, 71, 0.6865956
5CC,2018/06/24 13:56:00, 50,-6972.2187, 13,       163, 49,         8, 56, 0.9947273, 72, 483.16235, 73, 522.08240, 77, 37.625000, 79, 1.2153320, 83,         0,110,         1,116,         4, 71, 0.6865536
5AC,2018/06/24 13:57:00, 50,-3673.3794, 13,       163, 49,         8, 56, 0.9947273, 72, 483.14240, 73, 522.05316, 77, 37.656250, 79, 1.2104707, 83,         0,110,         1,116,         4, 71, 0.6865116
52C,2018/06/24 13:58:00, 50,-10628.189, 13,       163, 49,         8, 56, 0.9947273, 72, 483.16656, 73, 522.05316, 77, 37.687500, 79, 1.2104707, 83,         0,110,         1,116,         4, 71, 0.6866796
54C,2018/06/24 13:59:00, 50,-7912.1738, 13,       163, 49,         8, 56, 0.9947273, 72, 483.14606, 73, 522.05316, 77, 37.687500, 79, 1.2104707, 83,         0,110,         1,116,         4, 71, 0.6865116
4AC,2018/06/24 14:00:00, 50,-11845.654, 13,       163, 49,        16, 56, 0.9947273, 72, 483.13409, 73, 522.17017, 77, 37.718750, 79, 1.2201934, 83,         0,110,         1,116,         4, 71, 0.6866376
57C,2018/06/24 14:01:00, 50, 61163.992, 13,       165, 49,         4, 56, 0.9947273, 72, 483.09351, 73, 522.11163, 77, 37.781250, 79, 1.2153320, 83,         0,110,         1,116,         4, 71, 0.6866376
59C,2018/06/24 14:02:00, 50,-19692.801, 13,       165, 49,         8, 56, 0.9947273, 72, 483.12762, 73, 522.14087, 77, 37.750000, 79, 1.2201934, 83,         0,110,         1,116,         4, 71, 0.6865536
58C,2018/06/24 14:03:00, 50,-4717.3174, 13,       165, 49,         8, 56, 0.9947273, 72, 483.16119, 73, 522.11163, 77, 37.781250, 79, 1.2104707, 83,         0,110,         1,116,         4, 71, 0.6866796
5CC,2018/06/24 14:04:00, 50, 5545.6602, 13,       165, 49,         8, 56, 0.9947273, 72, 483.13208, 73, 522.22864, 77, 37.781250, 79, 1.2104707, 83,         0,110,         1,116,         4, 71, 0.6868896
57C,2018/06/24 14:05:00, 50, 15409.736, 13,       165, 49,         4, 56, 0.9947273, 72, 483.13733, 73, 522.22864, 77, 37.750000, 79, 1.2104707, 83,         0,110,         1,116,         4, 71, 0.6864276
48C,2018/06/24 14:06:00, 50,-7308.9004, 13,       165, 49,        16, 56, 0.9947273, 72, 483.29834, 73, 522.14087, 77, 37.812500, 79, 1.2201934, 83,         0,110,         1,116,         4, 71, 0.6869737
4AC,2018/06/24 14:07:00, 50,-16840.504, 13,       165, 49,        16, 56, 0.9947273, 72, 483.27979, 73, 522.22864, 77, 37.843750, 79, 1.2104707, 83,         0,110,         1,116,         4, 71, 0.6868896
52C,2018/06/24 14:08:00, 50,-4096.5420, 13,       165, 49,         8, 56, 0.9947273, 72, 483.31647, 73, 522.17017, 77, 37.875000, 79, 1.2153320, 83,         0,110,         1,116,         4, 71, 0.6866796
45C,2018/06/24 14:09:00, 50,-9718.1270, 13,       165, 49,        16, 56, 0.9947273, 72, 483.27734, 73, 522.14087, 77, 37.875000, 79, 1.2153320, 83,         0,110,         1,116,         4, 71, 0.6867636
4FC,2018/06/24 14:10:00, 50,-8782.2832, 13,       165, 49,        16, 56, 0.9947273, 72, 483.30719, 73, 522.17017, 77, 37.875000, 79, 1.2104707, 83,         0,110,         1,116,         4, 71, 0.6868056
56C,2018/06/24 14:11:00, 50,-9051.4746, 13,       165, 49,         8, 56, 0.9947273, 72, 483.25922, 73, 522.14087, 77, 37.875000, 79, 1.2153320, 83,         0,110,         1,116,         4, 71, 0.6865536
48C,2018/06/24 14:12:00, 50,-21055.461, 13,       165, 49,        32, 56, 0.9947273, 72, 483.22394, 73, 522.08240, 77, 37.906250, 79, 1.2153320, 83,         0,110,         1,116,         4, 71, 0.6868056
50C,2018/06/24 14:13:00, 50,-2572.0571, 13,       165, 49,         8, 56, 0.9947273, 72, 483.20703, 73, 522.31635, 77, 37.906250, 79, 1.2153320, 83,         0,110,         1,116,         4, 71, 0.6866796
51C,2018/06/24 14:14:00, 50,-5433.0010, 13,       165, 49,         8, 56, 0.9947273, 72, 483.21185, 73, 522.19940, 77, 37.906250, 79, 1.2104707, 83,         0,110,         1,116,         4, 71, 0.6866376
59C,2018/06/24 14:15:00, 50,-7274.7354, 13,       165, 49,         8, 56, 0.9947273, 72, 483.20111, 73, 522.17017, 77, 37.937500, 79, 1.2153320, 83,         0,110,         1,116,         4, 71, 0.6866376
53C,2018/06/24 14:16:00, 50,-9653.4531, 13,       165, 49,         8, 56, 0.9947273, 72, 483.18213, 73, 522.08240, 77, 38.000000, 79, 1.2104707, 83,         0,110,         1,116,         4, 71, 0.6866376
5CC,2018/06/24 14:17:00, 50,-7041.5303, 13,       165, 49,         8, 56, 0.9947273, 72, 483.17352, 73, 522.14087, 77, 38.031250, 79, 1.2153320, 83,         0,110,         1,116,         4, 71, 0.6866796
5AC,2018/06/24 14:18:00, 50,-6234.9189, 13,       165, 49,         8, 56, 0.9947273, 72, 483.19720, 73, 522.19940, 77, 38.000000, 79, 1.2104707, 83,         0,110,         1,116,         4, 71, 0.6868477
5DC,2018/06/24 14:19:00, 50,-7765.2744, 13,       165, 49,         8, 56, 0.9947273, 72, 483.22235, 73, 522.17017, 77, 38.062500, 79, 1.2201934, 83,         0,110,         1,116,         4, 71, 0.6865116
5DC,2018/06/24 14:20:00, 50,-7394.5264, 13,       165, 49,         8, 56, 0.9947273, 72, 483.16058, 73, 522.14087, 77, 38.125000, 79, 1.2153320, 83,         0,110,         1,116,         4, 71, 0.6868056
53C,2018/06/24 14:21:00, 50, 19493.207, 13,       165, 49,         4, 56, 0.9947273, 72, 483.17847, 73, 522.28711, 77, 38.093750, 79, 1.2201934, 83,         0,110,         1,116,         4, 71, 0.6865956
4FC,2018/06/24 14:22:00, 50,-22518.102, 13,       165, 49,        16, 56, 0.9947273, 72, 483.12866, 73, 522.25787, 77, 38.156250, 79, 1.2104707, 83,         0,110,         1,116,         4, 71, 0.6865116
44C,2018/06/24 14:23:00, 50,-10046.014, 13,       165, 49,        16, 56, 0.9947273, 72, 483.15820, 73, 522.22864, 77, 38.156250, 79, 1.2153320, 83,         0,110,         1,116,         4, 71, 0.6867217
5FC,2018/06/24 14:24:00, 50,-5661.1846, 13,       165, 49,         8, 56, 0.9947273, 72, 483.16205, 73, 522.19940, 77, 38.156250, 79, 1.2201934, 83,         0,110,         1,116,         4, 71, 0.6865116
4CC,2018/06/24 14:25:00, 50,-8138.1650, 13,       165, 49,        16, 56, 0.9947273, 72, 483.13391, 73, 522.22864, 77, 38.156250, 79, 1.2104707, 83,         0,110,         1,116,         4, 71, 0.6865956
5FC,2018/06/24 14:26:00, 50,-3731.9902, 13,       165, 49,         8, 56, 0.9947273, 72, 483.10913, 73, 522.17017, 77, 38.187500, 79, 1.2104707, 83,         0,110,         1,116,         4, 71, 0.6865116
5BC,2018/06/24 14:27:00, 50,-6920.5049, 13,       165, 49,         8, 56, 0.9947273, 72, 483.11279, 73, 522.22864, 77, 38.187500, 79, 1.2104707, 83,         0,110,         1,116,         4, 71, 0.6863855
56C,2018/06/24 14:28:00, 50,-6280.7891, 13,       165, 49,         8, 56, 0.9947273, 72, 483.12030, 73, 522.25787, 77, 38.218750, 79, 1.2104707, 83,         0,110,         1,116,         4, 71, 0.6864697
57C,2018/06/24 14:29:00, 50,-7522.7793, 13,       165, 49,         8, 56, 0.9947273, 72, 483.10309, 73, 522.17017, 77, 38.218750, 79, 1.2104707, 83,         0,110,         1,116,         4, 71, 0.6863855
55C,2018/06/24 14:30:00, 50,-113.01114, 13,       165, 49,         8, 56, 0.9947273, 72, 483.08447, 73, 522.22864, 77, 38.250000, 79, 1.2056093, 83,         0,110,         1,116,         4, 71, 0.6865116
58C,2018/06/24 14:31:00, 50,-7708.8477, 13,       165, 49,         8, 56, 0.9947273, 72, 483.09460, 73, 522.22864, 77, 38.218750, 79, 1.2104707, 83,         0,110,         1,116,         4, 71, 0.6863855
47C,2018/06/24 14:32:00, 50,-11984.105, 13,       165, 49,        16, 56, 0.9947273, 72, 483.06329, 73, 522.25787, 77, 38.281250, 79, 1.2153320, 83,         0,110,         1,116,         4, 71, 0.6863855
4FC,2018/06/24 14:33:00, 50,-7966.8623, 13,       165, 49,        16, 56, 0.9947273, 72, 483.08203, 73, 522.25787, 77, 38.312500, 79, 1.2104707, 83,         0,110,         1,116,         4, 71, 0.6865956
54C,2018/06/24 14:34:00, 50,-7997.9668, 13,       165, 49,         8, 56, 0.9947273, 72, 483.01855, 73, 522.19940, 77, 38.250000, 79, 1.2056093, 83,         0,110,         1,116,         4, 71, 0.6862596
48C,2018/06/24 14:35:00, 50,-10137.330, 13,       165, 49,        16, 56, 0.9947273, 72, 483.02399, 73, 522.28711, 77, 38.281250, 79, 1.2104707, 83,         0,110,         1,116,         4, 71, 0.6862596
5AC,2018/06/24 14:36:00, 50,-9006.4395, 13,       165, 49,         8, 56, 0.9947273, 72, 483.00507, 73, 522.17017, 77, 38.281250, 79, 1.2104707, 83,         0,110,         1,116,         4, 71, 0.6862596
59C,2018/06/24 14:37:00, 50,-8773.8066, 13,       165, 49,         8, 56, 0.9947273, 72, 483.01636, 73, 522.19940, 77, 38.312500, 79, 1.2153320, 83,         0,110,         1,116,         4, 71, 0.6863436
48C,2018/06/24 14:38:00, 50,-8945.0840, 13,       165, 49,        16, 56, 0.9947273, 72, 483.01849, 73, 522.22864, 77, 38.312500, 79, 1.2153320, 83,         0,110,         1,116,         4, 71, 0.6865536
5AC,2018/06/24 14:39:00, 50,-649.97070, 13,       165, 49,         8, 56, 0.9947273, 72, 482.99713, 73, 522.19940, 77, 38.343750, 79, 1.2153320, 83,         0,110,         1,116,         4, 71, 0.6863855
54C,2018/06/24 14:40:00, 50,-8324.8633, 13,       165, 49,         8, 56, 0.9947273, 72, 483.00867, 73, 522.17017, 77, 38.343750, 79, 1.2153320, 83,         0,110,         1,116,         4, 71, 0.6863436
52C,2018/06/24 14:41:00, 50,-8242.0312, 13,       165, 49,         8, 56, 0.9947273, 72, 482.95319, 73, 522.14087, 77, 38.375000, 79, 1.2104707, 83,         0,110,         1,116,         4, 71, 0.6863855
5DC,2018/06/24 14:42:00, 50,-6973.9346, 13,       165, 49,         8, 56, 0.9947273, 72, 482.96582, 73, 522.17017, 77, 38.375000, 79, 1.2153320, 83,         0,110,         1,116,         4, 71, 0.6861755
5FC,2018/06/24 14:43:00, 50, 7123.3555, 13,       165, 49,         8, 56, 0.9947273, 72, 482.94446, 73, 522.22864, 77, 38.406250, 79, 1.2056093, 83,         0,110,         1,116,         4, 71, 0.6862174
58C,2018/06/24 14:44:00, 50, 2170.8560, 13,       165, 49,         4, 56, 0.9947273, 72, 482.99371, 73, 522.28711, 77, 38.406250, 79, 1.2104707, 83,         0,110,         1,116,         4, 71, 0.6864276
5AC,2018/06/24 14:45:00, 50,-5285.4336, 13,       165, 49,         8, 56, 0.9947273, 72, 482.93341, 73, 522.19940, 77, 38.406250, 79, 1.2153320, 83,         0,110,         1,116,         4, 71, 0.6862174
50C,2018/06/24 14:46:00, 50,-6979.9326, 13,       165, 49,         8, 56, 0.9947273, 72, 482.93268, 73, 522.19940, 77, 38.437500, 79, 1.2104707, 83,         0,110,         1,116,         4, 71, 0.6864276
5BC,2018/06/24 14:47:00, 50,-7511.6826, 13,       165, 49,         8, 56, 0.9947273, 72, 482.95654, 73, 522.19940, 77, 38.406250, 79, 1.2104707, 83,         0,110,         1,116,         4, 71, 0.6864276
5EC,2018/06/24 14:48:00, 50, 797.71033, 13,       165, 49,         8, 56, 0.9947273, 72, 482.95209, 73, 522.19940, 77, 38.468750, 79, 1.2104707, 83,         0,110,         1,116,         4, 71, 0.6861755
5DC,2018/06/24 14:49:00, 50, 13558.150, 13,       165, 49,         8, 56, 0.9947273, 72, 482.91431, 73, 522.28711, 77, 38.468750, 79, 1.2104707, 83,         0,110,         1,116,         4, 71, 0.6863016
5FC,2018/06/24 14:50:00, 50,-7475.1035, 13,       165, 49,         8, 56, 0.9947273, 72, 482.86035, 73, 522.25787, 77, 38.437500, 79, 1.2104707, 83,         0,110,         1,116,         4, 71, 0.6860075
5BC,2018/06/24 14:51:00, 50,-8785.9590, 13,       165, 49,         8, 56, 0.9947273, 72, 482.89185, 73, 522.22864, 77, 38.406250, 79, 1.2104707, 83,         0,110,         1,116,         4, 71, 0.6861755
5FC,2018/06/24 14:52:00, 50,-1845.1069, 13,       165, 49,         8, 56, 0.9947273, 72, 482.86340, 73, 522.19940, 77, 38.437500, 79, 1.2153320, 83,         0,110,         1,116,         4, 71, 0.6860495
5FC,2018/06/24 14:53:00, 50,-8364.0078, 13,       165, 49,         8, 56, 0.9947273, 72, 482.83521, 73, 522.22864, 77, 38.375000, 79, 1.2153320, 83,         0,110,         1,116,         4, 71, 0.6861755
43C,2018/06/24 14:54:00, 50,-7969.6699, 13,       165, 49,        16, 56, 0.9947273, 72, 482.82465, 73, 522.25787, 77, 38.406250, 79, 1.2153320, 83,         0,110,         1,116,         4, 71, 0.6861335
54C,2018/06/24 14:55:00, 50,-5149.8428, 13,       165, 49,         8, 56, 0.9947273, 72, 482.77374, 73, 522.19940, 77, 38.375000, 79, 1.2153320, 83,         0,110,         1,116,         4, 71, 0.6862174
5EC,2018/06/24 14:56:00, 50,-8946.1309, 13,       165, 49,         8, 56, 0.9947273, 72, 482.75964, 73, 522.19940, 77, 38.406250, 79, 1.2104707, 83,         0,110,         1,116,         4, 71, 0.6862174
42C,2018/06/24 14:57:00, 50,-8082.2695, 13,       165, 49,        16, 56, 0.9947273, 72, 482.76843, 73, 522.25787, 77, 38.406250, 79, 1.2104707, 83,         0,110,         1,116,         4, 71, 0.6860915
4CC,2018/06/24 14:58:00, 50,-9275.4062, 13,       165, 49,        16, 56, 0.9947273, 72, 482.76831, 73, 522.31635, 77, 38.375000, 79, 1.2153320, 83,         0,110,         1,116,         4, 71, 0.6862174
5CC,2018/06/24 14:59:00, 50,-7386.8652, 13,       165, 49,         8, 56, 0.9947273, 72, 482.74701, 73, 522.31635, 77, 38.406250, 79, 1.2104707, 83,         0,110,         1,116,         4, 71, 0.6859654
5CC,2018/06/24 15:00:00, 50,-7835.5781, 13,       165, 49,         8, 56, 0.9947273, 72, 482.73022, 73, 522.25787, 77, 38.437500, 79, 1.2153320, 83,         0,110,         1,116,         4, 71, 0.6859235
4FC,2018/06/24 15:01:00, 50,-7841.7227, 13,       165, 49,        16, 56, 0.9947273, 72, 482.73364, 73, 522.31635, 77, 38.375000, 79, 1.2104707, 83,         0,110,         1,116,         4, 71, 0.6862174
5DC,2018/06/24 15:02:00, 50,-7257.4805, 13,       165, 49,         8, 56, 0.9947273, 72, 482.75562, 73, 522.28711, 77, 38.406250, 79, 1.2153320, 83,         0,110,         1,116,         4, 71, 0.6858395
5DC,2018/06/24 15:03:00, 50,-7358.5664, 13,       165, 49,         8, 56, 0.9947273, 72, 482.71973, 73, 522.31635, 77, 38.406250, 79, 1.2153320, 83,         0,110,         1,116,         4, 71, 0.6861335
5EC,2018/06/24 15:04:00, 50, 33309.695, 13,       165, 49,         4, 56, 0.9947273, 72, 482.72473, 73, 522.31635, 77, 38.406250, 79, 1.2104707, 83,         0,110,         1,116,         4, 71, 0.6858395
5EC,2018/06/24 15:05:00, 50,-6693.9902, 13,       165, 49,         8, 56, 0.9947273, 72, 482.68695, 73, 522.25787, 77, 38.437500, 79, 1.2104707, 83,         0,110,         1,116,         4, 71, 0.6857554
54C,2018/06/24 15:06:00, 50,-7258.2910, 13,       165, 49,         8, 56, 0.9947273, 72, 482.67523, 73, 522.28711, 77, 38.437500, 79, 1.2104707, 83,         0,110,         1,116,         4, 71, 0.6857554
5BC,2018/06/24 15:07:00, 50,-8169.5615, 13,       165, 49,         8, 56, 0.9947273, 72, 482.70105, 73, 522.25787, 77, 38.468750, 79, 1.2104707, 83,         0,110,         1,116,         4, 71, 0.6858395
48C,2018/06/24 15:08:00, 50,-9405.2441, 13,       165, 49,        16, 56, 0.9947273, 72, 482.67859, 73, 522.28711, 77, 38.437500, 79, 1.2153320, 83,         0,110,         1,116,         4, 71, 0.6858815
5AC,2018/06/24 15:09:00, 50,-6924.2725, 13,       165, 49,         8, 56, 0.9947273, 72, 482.64514, 73, 522.25787, 77, 38.437500, 79, 1.2153320, 83,         0,110,         1,116,         4, 71, 0.6859235
5BC,2018/06/24 15:10:00, 50,-4109.3848, 13,       165, 49,         8, 56, 0.9947273, 72, 482.67218, 73, 522.28711, 77, 38.437500, 79, 1.2153320, 83,         0,110,         1,116,         4, 71, 0.6859654
5DC,2018/06/24 15:11:00, 50,-8689.2812, 13,       165, 49,         8, 56, 0.9947273, 72, 482.65143, 73, 522.25787, 77, 38.468750, 79, 1.2153320, 83,         0,110,         1,116,         4, 71, 0.6856714
48C,2018/06/24 15:12:00, 50,-7799.3984, 13,       165, 49,        16, 56, 0.9947273, 72, 482.64276, 73, 522.37482, 77, 38.500000, 79, 1.2153320, 83,         0,110,         1,116,         4, 71, 0.6860075
45C,2018/06/24 15:13:00, 50,-11223.234, 13,       165, 49,        16, 56, 0.9947273, 72, 482.63385, 73, 522.31635, 77, 38.531250, 79, 1.2104707, 83,         0,110,         1,116,         4, 71, 0.6855873
49C,2018/06/24 15:14:00, 50,-9404.7480, 13,       165, 49,        16, 56, 0.9947273, 72, 482.67950, 73, 522.28711, 77, 38.468750, 79, 1.2104707, 83,         0,110,         1,116,         4, 71, 0.6858395
43C,2018/06/24 15:15:00, 50,-9133.3398, 13,       165, 49,        16, 56, 0.9947273, 72, 482.60486, 73, 522.37482, 77, 38.531250, 79, 1.2153320, 83,         0,110,         1,116,         4, 71, 0.6857973
5FC,2018/06/24 15:16:00, 50,-7621.0146, 13,       165, 49,         8, 56, 0.9947273, 72, 482.58905, 73, 522.31635, 77, 38.531250, 79, 1.2153320, 83,         0,110,         1,116,         4, 71, 0.6858395
54C,2018/06/24 15:17:00, 50,-6184.8652, 13,       165, 49,         8, 56, 0.9947273, 72, 482.56860, 73, 522.28711, 77, 38.562500, 79, 1.2104707, 83,         0,110,         1,116,         4, 71, 0.6857973
40C,2018/06/24 15:18:00, 50,-8091.0791, 13,       165, 49,        16, 56, 0.9947273, 72, 482.61206, 73, 522.31635, 77, 38.593750, 79, 1.2056093, 83,         0,110,         1,116,         4, 71, 0.6858395
44C,2018/06/24 15:19:00, 50,-7595.7441, 13,       165, 49,        16, 56, 0.9947273, 72, 482.57214, 73, 522.34558, 77, 38.593750, 79, 1.2153320, 83,         0,110,         1,116,         4, 71, 0.6860075
5AC,2018/06/24 15:20:00, 50,-7588.3525, 13,       165, 49,         8, 56, 0.9947273, 72, 482.60364, 73, 522.25787, 77, 38.593750, 79, 1.2153320, 83,         0,110,         1,116,         4, 71, 0.6857554
54C,2018/06/24 15:21:00, 50,-7019.6133, 13,       165, 49,         8, 56, 0.9947273, 72, 482.56281, 73, 522.31635, 77, 38.625000, 79, 1.2104707, 83,         0,110,         1,116,         4, 71, 0.6857973
55C,2018/06/24 15:22:00, 50,-7062.6084, 13,       165, 49,         8, 56, 0.9947273, 72, 482.55328, 73, 522.25787, 77, 38.593750, 79, 1.2104707, 83,         0,110,         1,116,         4, 71, 0.6856294
51C,2018/06/24 15:23:00, 50, 461.46149, 13,       165, 49,         8, 56, 0.9947273, 72, 482.54547, 73, 522.25787, 77, 38.625000, 79, 1.2104707, 83,         0,110,         1,116,         4, 71, 0.6858395
44C,2018/06/24 15:24:00, 50,-14436.973, 13,       165, 49,        16, 56, 0.9947273, 72, 482.51843, 73, 522.31635, 77, 38.625000, 79, 1.2104707, 83,         0,110,         1,116,         4, 71, 0.6855034
41C,2018/06/24 15:25:00, 50,-7848.9619, 13,       165, 49,        16, 56, 0.9947273, 72, 482.52313, 73, 522.34558, 77, 38.718750, 79, 1.2056093, 83,         0,110,         1,116,         4, 71, 0.6857973
44C,2018/06/24 15:26:00, 50,-7368.9658, 13,       165, 49,        16, 56, 0.9947273, 72, 482.50586, 73, 522.34558, 77, 38.687500, 79, 1.2104707, 83,         0,110,         1,116,         4, 71, 0.6858815
5DC,2018/06/24 15:27:00, 50,-8016.5937, 13,       165, 49,         8, 56, 0.9947273, 72, 482.49054, 73, 522.28711, 77, 38.625000, 79, 1.2104707, 83,         0,110,         1,116,         4, 71, 0.6857134
52C,2018/06/24 15:28:00, 50, 12366.402, 13,       165, 49,         8, 56, 0.9947273, 72, 482.50708, 73, 522.31635, 77, 38.656250, 79, 1.2153320, 83,         0,110,         1,116,         4, 71, 0.6858815
52C,2018/06/24 15:29:00, 50,-6486.6729, 13,       165, 49,         8, 56, 0.9947273, 72, 482.50507, 73, 522.28711, 77, 38.625000, 79, 1.2153320, 83,         0,110,         1,116,         4, 71, 0.6855873
49C,2018/06/24 15:30:00, 50,-7165.5820, 13,       165, 49,        16, 56, 0.9947273, 72, 482.55469, 73, 522.31635, 77, 38.687500, 79, 1.2153320, 83,         0,110,         1,116,         4, 71, 0.6858395
56C,2018/06/24 15:31:00, 50,-6020.0635, 13,       165, 49,         8, 56, 0.9947273, 72, 482.53241, 73, 522.31635, 77, 38.687500, 79, 1.2104707, 83,         0,110,         1,116,         4, 71, 0.6857134
59C,2018/06/24 15:32:00, 50, 22121.035, 13,       165, 49,         4, 56, 0.9947273, 72, 482.55994, 73, 522.31635, 77, 38.687500, 79, 1.2201934, 83,         0,110,         1,116,         4, 71, 0.6857134
47C,2018/06/24 15:33:00, 50,-7492.3633, 13,       165, 49,        16, 56, 0.9947273, 72, 482.58368, 73, 522.40405, 77, 38.718750, 79, 1.2153320, 83,         0,110,         1,116,         4, 71, 0.6860075
5AC,2018/06/24 15:34:00, 50,-6958.2041, 13,       165, 49,         8, 56, 0.9947273, 72, 482.52240, 73, 522.31635, 77, 38.750000, 79, 1.2104707, 83,         0,110,         1,116,         4, 71, 0.6854614
53C,2018/06/24 15:35:00, 50,-7473.3018, 13,       165, 49,         8, 56, 0.9947273, 72, 482.46405, 73, 522.28711, 77, 38.781250, 79, 1.2153320, 83,         0,110,         1,116,         4, 71, 0.6855034
5BC,2018/06/24 15:36:00, 50, 490.23328, 13,       165, 49,         8, 56, 0.9947273, 72, 482.52087, 73, 522.34558, 77, 38.843750, 79, 1.2153320, 83,         0,110,         1,116,         4, 71, 0.6857134
50C,2018/06/24 15:37:00, 50,-7208.9434, 13,       165, 49,         8, 56, 0.9947273, 72, 482.47314, 73, 522.31635, 77, 38.812500, 79, 1.2153320, 83,         0,110,         1,116,         4, 71, 0.6855453
5EC,2018/06/24 15:38:00, 50,-7456.0908, 13,       165, 49,         8, 56, 0.9947273, 72, 482.45734, 73, 522.34558, 77, 38.843750, 79, 1.2104707, 83,         0,110,         1,116,         4, 71, 0.6855873
5FC,2018/06/24 15:39:00, 50,-7787.7031, 13,       165, 49,         8, 56, 0.9947273, 72, 482.50427, 73, 522.34558, 77, 38.812500, 79, 1.2153320, 83,         0,110,         1,116,         4, 71, 0.6855453
4CC,2018/06/24 15:40:00, 50,-7713.9443, 13,       165, 49,        16, 56, 0.9947273, 72, 482.46588, 73, 522.43329, 77, 38.843750, 79, 1.2104707, 83,         0,110,         1,116,         4, 71, 0.6856714
59C,2018/06/24 15:41:00, 50,-7861.4590, 13,       165, 49,         8, 56, 0.9947273, 72, 482.47772, 73, 522.37482, 77, 38.843750, 79, 1.2153320, 83,         0,110,         1,116,         4, 71, 0.6855453
57C,2018/06/24 15:42:00, 50,-8442.9258, 13,       165, 49,         8, 56, 0.9947273, 72, 482.48993, 73, 522.34558, 77, 38.875000, 79, 1.2104707, 83,         0,110,         1,116,         4, 71, 0.6855873
5EC,2018/06/24 15:43:00, 50,-7092.1904, 13,       165, 49,         8, 56, 0.9947273, 72, 482.45013, 73, 522.34558, 77, 38.875000, 79, 1.2201934, 83,         0,110,         1,116,         4, 71, 0.6855873
58C,2018/06/24 15:44:00, 50,-4788.0264, 13,       165, 49,         8, 56, 0.9947273, 72, 482.46906, 73, 522.37482, 77, 38.937500, 79, 1.2153320, 83,         0,110,         1,116,         4, 71, 0.6855873
59C,2018/06/24 15:45:00, 50,-8503.8652, 13,       165, 49,         8, 56, 0.9947273, 72, 482.44812, 73, 522.37482, 77, 39.031250, 79, 1.2153320, 83,         0,110,         1,116,         4, 71, 0.6854614
42C,2018/06/24 15:46:00, 50,-12644.055, 13,       165, 49,        16, 56, 0.9947273, 72, 482.45929, 73, 522.46259, 77, 39.093750, 79, 1.2201934, 83,         0,110,         1,116,         4, 71, 0.6857973
56C,2018/06/24 15:47:00, 50,-7757.1768, 13,       165, 49,         8, 56, 0.9947273, 72, 482.46722, 73, 522.37482, 77, 39.093750, 79, 1.2104707, 83,         0,110,         1,116,         4, 71, 0.6855453
5CC,2018/06/24 15:48:00, 50, 15363.930, 13,       165, 49,         4, 56, 0.9947273, 72, 482.42548, 73, 522.40405, 77, 39.125000, 79, 1.2153320, 83,         0,110,         1,116,         4, 71, 0.6855873
5BC,2018/06/24 15:49:00, 50,-7774.1260, 13,       165, 49,         8, 56, 0.9947273, 72, 482.44287, 73, 522.40405, 77, 39.187500, 79, 1.2201934, 83,         0,110,         1,116,         4, 71, 0.6856714
5FC,2018/06/24 15:50:00, 50,-7045.0215, 13,       165, 49,         8, 56, 0.9947273, 72, 482.41248, 73, 522.40405, 77, 39.250000, 79, 1.2153320, 83,         0,110,         1,116,         4, 71, 0.6854193
58C,2018/06/24 15:51:00, 50, 1297.8130, 13,       165, 49,         8, 56, 0.9947273, 72, 482.37122, 73, 522.40405, 77, 39.281250, 79, 1.2056093, 83,         0,110,         1,116,         4, 71, 0.6856294
46C,2018/06/24 15:52:00, 50,-14498.338, 13,       165, 49,        16, 56, 0.9947273, 72, 482.37091, 73, 522.37482, 77, 39.312500, 79, 1.2153320, 83,         0,110,         1,116,         4, 71, 0.6856294
53C,2018/06/24 15:53:00, 50,-4936.0127, 13,       165, 49,         8, 56, 0.9947273, 72, 482.42224, 73, 522.43329, 77, 39.375000, 79, 1.2056093, 83,         0,110,         1,116,         4, 71, 0.6853353
5EC,2018/06/24 15:54:00, 50,-5395.4404, 13,       165, 49,         8, 56, 0.9947273, 72, 482.36243, 73, 522.37482, 77, 39.406250, 79, 1.2104707, 83,         0,110,         1,116,         4, 71, 0.6853772
5DC,2018/06/24 15:55:00, 50, 517.99890, 13,       165, 49,         8, 56, 0.9947273, 72, 482.34802, 73, 522.37482, 77, 39.437500, 79, 1.2104707, 83,         0,110,         1,116,         4, 71, 0.6854193
57C,2018/06/24 15:56:00, 50,-7307.6162, 13,       165, 49,         8, 56, 0.9947273, 72, 482.34698, 73, 522.40405, 77, 39.468750, 79, 1.2104707, 83,         0,110,         1,116,         4, 71, 0.6853353
5BC,2018/06/24 15:57:00, 50,-8870.4199, 13,       165, 49,         8, 56, 0.9947273, 72, 482.34058, 73, 522.40405, 77, 39.531250, 79, 1.2104707, 83,         0,110,         1,116,         4, 71, 0.6852933
4BC,2018/06/24 15:58:00, 50,-7091.0811, 13,       165, 49,        16, 56, 0.9947273, 72, 482.37360, 73, 522.49182, 77, 39.562500, 79, 1.2104707, 83,         0,110,         1,116,         4, 71, 0.6855034
5CC,2018/06/24 15:59:00, 50,-10333.811, 13,       165, 49,         8, 56, 0.9947273, 72, 482.28302, 73, 522.43329, 77, 39.562500, 79, 1.2153320, 83,         0,110,         1,116,         4, 71, 0.6853353
54C,2018/06/24 16:00:00, 50,-7979.9932, 13,       165, 49,         8, 56, 0.9947273, 72, 482.30823, 73, 522.43329, 77, 39.593750, 79, 1.2104707, 83,         0,110,         1,116,         4, 71, 0.6853772
4EC,2018/06/24 16:01:00, 50,-26662.922, 13,       165, 49,        16, 56, 0.9947273, 72, 482.27399, 73, 523.39832, 77, 39.625000, 79, 1.2104707, 83,         0,110,         1,116,         4, 71, 0.6853353
4DC,2018/06/24 16:02:00, 50,-10000.717, 13,       165, 49,        16, 56, 0.9947273, 72, 482.29431, 73, 522.49182, 77, 39.625000, 79, 1.2104707, 83,         0,110,         1,116,         4, 71, 0.6853353
56C,2018/06/24 16:03:00, 50, 13167.854, 13,       165, 49,         8, 56, 0.9947273, 72, 482.31909, 73, 522.52106, 77, 39.656250, 79, 1.2104707, 83,         0,110,         1,116,         4, 71, 0.6854193
42C,2018/06/24 16:04:00, 50,-7820.9434, 13,       165, 49,        16, 56, 0.9947273, 72, 482.36285, 73, 522.55029, 77, 39.656250, 79, 1.2153320, 83,         0,110,         1,116,         4, 71, 0.6855034
54C,2018/06/24 16:05:00, 50,-6527.9639, 13,       165, 49,         8, 56, 0.9947273, 72, 482.29730, 73, 522.46259, 77, 39.625000, 79, 1.2153320, 83,         0,110,         1,116,         4, 71, 0.6854193
59C,2018/06/24 16:06:00, 50, 6903.7383, 13,       166, 49,         8, 56, 0.9947273, 72, 482.30511, 73, 522.55029, 77, 39.687500, 79, 1.2104707, 83,         0,110,         1,116,         4, 71, 0.6854193
57C,2018/06/24 16:07:00, 50,-6880.0654, 13,       166, 49,         8, 56, 0.9947273, 72, 482.26141, 73, 522.52106, 77, 39.718750, 79, 1.2153320, 83,         0,110,         1,116,         4, 71, 0.6853772
40C,2018/06/24 16:08:00, 50,-7750.8564, 13,       166, 49,        16, 56, 0.9947273, 72, 482.27606, 73, 522.60876, 77, 39.687500, 79, 1.2153320, 83,         0,110,         1,116,         4, 71, 0.6854614
57C,2018/06/24 16:09:00, 50,-7767.8086, 13,       166, 49,         8, 56, 0.9947273, 72, 482.23145, 73, 522.52106, 77, 39.750000, 79, 1.2153320, 83,         0,110,         1,116,         4, 71, 0.6853353
5FC,2018/06/24 16:10:00, 50,-7879.4883, 13,       166, 49,         8, 56, 0.9947273, 72, 482.25757, 73, 522.49182, 77, 39.750000, 79, 1.2104707, 83,         0,110,         1,116,         4, 71, 0.6853772
58C,2018/06/24 16:11:00, 50,-2166.5347, 13,       166, 49,         8, 56, 0.9947273, 72, 482.21893, 73, 522.57953, 77, 39.750000, 79, 1.2104707, 83,         0,110,         1,116,         4, 71, 0.6854193
52C,2018/06/24 16:12:00, 50,-7231.3096, 13,       166, 49,         8, 56, 0.9947273, 72, 482.23450, 73, 522.55029, 77, 39.718750, 79, 1.2104707, 83,         0,110,         1,116,         4, 71, 0.6852514
56C,2018/06/24 16:13:00, 50,-6863.5654, 13,       166, 49,         8, 56, 0.9947273, 72, 482.23956, 73, 522.55029, 77, 39.781250, 79, 1.2104707, 83,         0,110,         1,116,         4, 71, 0.6852933
4DC,2018/06/24 16:14:00, 50,-6737.3984, 13,       166, 49,        16, 56, 0.9947273, 72, 482.24182, 73, 522.60876, 77, 39.812500, 79, 1.2104707, 83,         0,110,         1,116,         4, 71, 0.6855453
55C,2018/06/24 16:15:00, 50,-9156.6113, 13,       166, 49,         8, 56, 0.9947273, 72, 482.27985, 73, 522.57953, 77, 39.812500, 79, 1.2104707, 83,         0,110,         1,116,         4, 71, 0.6851672
55C,2018/06/24 16:16:00, 50,-6376.5303, 13,       166, 49,         8, 56, 0.9947273, 72, 482.24683, 73, 522.55029, 77, 39.843750, 79, 1.2153320, 83,         0,110,         1,116,         4, 71, 0.6851672
42C,2018/06/24 16:17:00, 50,-9434.9922, 13,       166, 49,        32, 56, 0.9947273, 72, 482.27185, 73, 522.63800, 77, 39.812500, 79, 1.2104707, 83,         0,110,         1,116,         4, 71, 0.6855034
56C,2018/06/24 16:18:00, 50,-12941.984, 13,       166, 49,         8, 56, 0.9947273, 72, 482.24945, 73, 523.33984, 77, 39.843750, 79, 1.2153320, 83,     33024,110,         1,116,         4, 71, 0.6852093
5FC,2018/06/24 16:19:00, 50,-8026.7734, 13,       166, 49,         8, 56, 0.9947273, 72, 482.22400, 73, 522.60876, 77, 39.812500, 79, 1.2104707, 83,         0,110,         1,116,         4, 71, 0.6853353
5DC,2018/06/24 16:20:00, 50,-4721.4180, 13,       166, 49,         8, 56, 0.9947273, 72, 482.23407, 73, 522.57953, 77, 39.875000, 79, 1.2153320, 83,         0,110,         1,116,         4, 71, 0.6852933
51C,2018/06/24 16:21:00, 50,-9211.7363, 13,       166, 49,         8, 56, 0.9947273, 72, 482.26459, 73, 522.63800, 77, 39.906250, 79, 1.2056093, 83,         0,110,         1,116,         4, 71, 0.6852514
58C,2018/06/24 16:22:00, 50,-3308.9687, 13,       166, 49,         8, 56, 0.9947273, 72, 482.21179, 73, 522.63800, 77, 39.968750, 79, 1.2153320, 83,         0,110,         1,116,         4, 71, 0.6852093
5CC,2018/06/24 16:23:00, 50,-7590.4346, 13,       166, 49,         8, 56, 0.9947273, 72, 482.20648, 73, 522.63800, 77, 39.937500, 79, 1.2153320, 83,         0,110,         1,116,         4, 71, 0.6851672
50C,2018/06/24 16:24:00, 50,-6406.8965, 13,       166, 49,         8, 56, 0.9947273, 72, 482.20496, 73, 522.69647, 77, 39.937500, 79, 1.2104707, 83,         0,110,         1,116,         4, 71, 0.6851252
51C,2018/06/24 16:25:00, 50,-7675.8193, 13,       166, 49,         8, 56, 0.9947273, 72, 482.18616, 73, 522.66724, 77, 39.906250, 79, 1.2104707, 83,         0,110,         1,116,         4, 71, 0.6852093
55C,2018/06/24 16:26:00, 50,-210.00653, 13,       166, 49,         8, 56, 0.9947273, 72, 482.16968, 73, 522.72577, 77, 39.968750, 79, 1.2104707, 83,         0,110,         1,116,         4, 71, 0.6852093
4DC,2018/06/24 16:27:00, 50,-8657.5391, 13,       166, 49,        16, 56, 0.9947273, 72, 482.22003, 73, 522.72577, 77, 39.968750, 79, 1.2153320, 83,         0,110,         1,116,         4, 71, 0.6854193
55C,2018/06/24 16:28:00, 50,-8070.9697, 13,       166, 49,         8, 56, 0.9947273, 72, 482.17877, 73, 522.60876, 77, 40.031250, 79, 1.2056093, 83,         0,110,         1,116,         4, 71, 0.6852093
5FC,2018/06/24 16:29:00, 50,-9334.5840, 13,       166, 49,         8, 56, 0.9947273, 72, 482.19666, 73, 522.66724, 77, 40.031250, 79, 1.2104707, 83,         0,110,         1,116,         4, 71, 0.6852933
4BC,2018/06/24 16:30:00, 50,-8625.0723, 13,       166, 49,        16, 56, 0.9947273, 72, 482.24323, 73, 522.75500, 77, 39.968750, 79, 1.2153320, 83,         0,110,         1,116,         4, 71, 0.6852514
53C,2018/06/24 16:31:00, 50,-8181.0957, 13,       166, 49,         8, 56, 0.9947273, 72, 482.21893, 73, 522.72577, 77, 40.000000, 79, 1.2201934, 83,         0,110,         1,116,         4, 71, 0.6851672
55C,2018/06/24 16:32:00, 50,-6373.2559, 13,       166, 49,         8, 56, 0.9947273, 72, 482.18530, 73, 522.72577, 77, 40.093750, 79, 1.2104707, 83,         0,110,         1,116,         4, 71, 0.6850833
5DC,2018/06/24 16:33:00, 50,-8158.8135, 13,       166, 49,         8, 56, 0.9947273, 72, 482.20251, 73, 522.69647, 77, 40.062500, 79, 1.2104707, 83,         0,110,         1,116,         4, 71, 0.6852093
40C,2018/06/24 16:34:00, 50,-8090.5898, 13,       166, 49,        16, 56, 0.9947273, 72, 482.21796, 73, 522.81348, 77, 40.062500, 79, 1.2104707, 83,         0,110,         1,116,         4, 71, 0.6852093
5CC,2018/06/24 16:35:00, 50,-4620.8066, 13,       166, 49,         8, 56, 0.9947273, 72, 482.22632, 73, 522.78424, 77, 40.093750, 79, 1.2104707, 83,         0,110,         1,116,         4, 71, 0.6853772
5AC,2018/06/24 16:36:00, 50,-4287.2432, 13,       166, 49,         8, 56, 0.9947273, 72, 482.16687, 73, 522.75500, 77, 40.187500, 79, 1.2104707, 83,         0,110,         1,116,         4, 71, 0.6852514
53C,2018/06/24 16:37:00, 50, 9958.6055, 13,       166, 49,         8, 56, 0.9947273, 72, 482.17120, 73, 522.84271, 77, 40.125000, 79, 1.2104707, 83,         0,110,         1,116,         4, 71, 0.6852933
4EC,2018/06/24 16:38:00, 50,-15948.529, 13,       166, 49,        32, 56, 0.9947273, 72, 482.20569, 73, 522.75500, 77, 40.093750, 79, 1.2153320, 83,         0,110,         1,116,         4, 71, 0.6850413
55C,2018/06/24 16:39:00, 50,-6521.9492, 13,       166, 49,         8, 56, 0.9947273, 72, 482.18933, 73, 522.81348, 77, 40.125000, 79, 1.2153320, 83,         0,110,         1,116,         4, 71, 0.6852933
5CC,2018/06/24 16:40:00, 50, 4201.0527, 13,       168, 49,         8, 56, 0.9947273, 72, 482.20746, 73, 522.87195, 77, 40.000000, 79, 1.2153320, 83,         0,110,         1,116,         4, 71, 0.6852933
5BC,2018/06/24 16:41:00, 50,-8249.2129, 13,       168, 49,         8, 56, 0.9947273, 72, 482.15784, 73, 522.81348, 77, 40.062500, 79, 1.2104707, 83,         0,110,         1,116,         4, 71, 0.6850413
50C,2018/06/24 16:42:00, 50,-11087.191, 13,       168, 49,         8, 56, 0.9947273, 72, 482.19421, 73, 522.84271, 77, 40.125000, 79, 1.2056093, 83,         0,110,         1,116,         4, 71, 0.6852514
5CC,2018/06/24 16:43:00, 50,-8480.0977, 13,       168, 49,         8, 56, 0.9947273, 72, 482.22314, 73, 522.87195, 77, 40.312500, 79, 1.2104707, 83,         0,110,         1,116,         4, 71, 0.6850833
48C,2018/06/24 16:44:00, 50,-7436.0029, 13,       168, 49,        16, 56, 0.9947273, 72, 482.21332, 73, 522.90118, 77, 40.250000, 79, 1.2104707, 83,         0,110,         1,116,         4, 71, 0.6852514
53C,2018/06/24 16:45:00, 50,-6761.4502, 13,       168, 49,         8, 56, 0.9947273, 72, 482.18323, 73, 522.87195, 77, 40.218750, 79, 1.2104707, 83,         0,110,         1,116,         4, 71, 0.6850833
56C,2018/06/24 16:46:00, 50,-7213.1963, 13,       168, 49,         8, 56, 0.9947273, 72, 482.18829, 73, 522.87195, 77, 40.250000, 79, 1.2201934, 83,         0,110,         1,116,         4, 71, 0.6853353
5FC,2018/06/24 16:47:00, 50,-7000.4473, 13,       168, 49,         8, 56, 0.9947273, 72, 482.20477, 73, 522.90118, 77, 40.281250, 79, 1.2104707, 83,         0,110,         1,116,         4, 71, 0.6852933
58C,2018/06/24 16:48:00, 50, 8784.6328, 13,       168, 49,         4, 56, 0.9947273, 72, 482.19598, 73, 522.90118, 77, 40.218750, 79, 1.2104707, 83,         0,110,         1,116,         4, 71, 0.6851672
4DC,2018/06/24 16:49:00, 50,-17999.324, 13,       168, 49,        32, 56, 0.9947273, 72, 482.18188, 73, 522.93042, 77, 40.281250, 79, 1.2056093, 83,         0,110,         1,116,         4, 71, 0.6852093
42C,2018/06/24 16:50:00, 50,-9603.5156, 13,       168, 49,        16, 56, 0.9947273, 72, 482.21716, 73, 522.93042, 77, 40.093750, 79, 1.2104707, 83,         0,110,         1,116,         4, 71, 0.6852933
58C,2018/06/24 16:51:00, 50,-12325.752, 13,       168, 49,         8, 56, 0.9947273, 72, 482.24347, 73, 522.93042, 77, 40.281250, 79, 1.2153320, 83,         0,110,         1,116,         4, 71, 0.6853772
43C,2018/06/24 16:52:00, 50,-7260.9209, 13,       168, 49,        16, 56, 0.9947273, 72, 482.22089, 73, 523.01819, 77, 40.343750, 79, 1.2153320, 83,         0,110,         1,116,         4, 71, 0.6853772
5CC,2018/06/24 16:53:00, 50,-6408.2871, 13,       168, 49,         8, 56, 0.9947273, 72, 482.21985, 73, 523.10590, 77, 40.218750, 79, 1.2104707, 83,         0,110,         1,116,         4, 71, 0.6853772
59C,2018/06/24 16:54:00, 50,-8956.2500, 13,       168, 49,         8, 56, 0.9947273, 72, 482.23669, 73, 522.98889, 77, 40.312500, 79, 1.2056093, 83,         0,110,         1,116,         4, 71, 0.6852933
5FC,2018/06/24 16:55:00, 50, 37669.234, 13,       168, 49,         4, 56, 0.9947273, 72, 482.20294, 73, 523.04742, 77, 40.312500, 79, 1.2153320, 83,         0,110,         1,116,         4, 71, 0.6853353
59C,2018/06/24 16:56:00, 50,-7447.2900, 13,       169, 49,         8, 56, 0.9947273, 72, 482.19196, 73, 522.98889, 77, 40.156250, 79, 1.2104707, 83,         0,110,         1,116,         4, 71, 0.6851252
4FC,2018/06/24 16:57:00, 50,-15233.965, 13,       169, 49,        16, 56, 0.9947273, 72, 482.20544, 73, 523.07666, 77, 40.312500, 79, 1.2153320, 83,         0,110,         1,116,         4, 71, 0.6853772
55C,2018/06/24 16:58:00, 50,-5084.8936, 13,       169, 49,         8, 56, 0.9947273, 72, 482.21307, 73, 522.98889, 77, 40.281250, 79, 1.2104707, 83,         0,110,         1,116,         4, 71, 0.6852093
46C,2018/06/24 16:59:00, 50,-11446.750, 13,       169, 49,        16, 56, 0.9947273, 72, 482.19434, 73, 522.95966, 77, 40.312500, 79, 1.2104707, 83,     33024,110,         1,116,         4, 71, 0.6851672
55C,2018/06/24 17:00:00, 50,-5138.8633, 13,       169, 49,         8, 56, 0.9947273, 72, 482.20435, 73, 523.01819, 77, 40.281250, 79, 1.2250546, 83,         0,110,         1,116,         4, 71, 0.6851672
5BC,2018/06/24 17:01:00, 50,-6563.5869, 13,       169, 49,         8, 56, 0.9947273, 72, 482.20752, 73, 523.04742, 77, 40.343750, 79, 1.2153320, 83,         0,110,         1,116,         4, 71, 0.6852514
5FC,2018/06/24 17:02:00, 50,-4164.9170, 13,       169, 49,         8, 56, 0.9947273, 72, 482.15485, 73, 523.04742, 77, 40.343750, 79, 1.2153320, 83,         0,110,         1,116,         4, 71, 0.6850413
4CC,2018/06/24 17:03:00, 50,-4739.2598, 13,       169, 49,        16, 56, 0.9947273, 72, 482.12836, 73, 523.07666, 77, 40.281250, 79, 1.2104707, 83,         0,110,         1,116,         4, 71, 0.6852514
51C,2018/06/24 17:04:00, 50,-1172.1670, 13,       169, 49,         8, 56, 0.9947273, 72, 482.13739, 73, 523.01819, 77, 40.406250, 79, 1.2153320, 83,         0,110,         1,116,         4, 71, 0.6850413
54C,2018/06/24 17:05:00, 50,-2082.6675, 13,       169, 49,         8, 56, 0.9947273, 72, 482.15955, 73, 523.04742, 77, 40.343750, 79, 1.2153320, 83,         0,110,         1,116,         4, 71, 0.6852093
5AC,2018/06/24 17:06:00, 50,-6104.1855, 13,       169, 49,         8, 56, 0.9947273, 72, 482.15015, 73, 523.04742, 77, 40.343750, 79, 1.2153320, 83,         0,110,         1,116,         4, 71, 0.6850833
51C,2018/06/24 17:07:00, 50,-6606.9902, 13,       169, 49,         8, 56, 0.9947273, 72, 482.11810, 73, 523.04742, 77, 40.375000, 79, 1.2153320, 83,         0,110,         1,116,         4, 71, 0.6852514
50C,2018/06/24 17:08:00, 50,-7118.0195, 13,       169, 49,         8, 56, 0.9947273, 72, 482.13690, 73, 523.07666, 77, 40.406250, 79, 1.2007481, 83,         0,110,         1,116,         4, 71, 0.6851672
45C,2018/06/24 17:09:00, 50,-4400.0049, 13,       169, 49,        16, 56, 0.9947273, 72, 482.11835, 73, 523.10590, 77, 40.375000, 79, 1.2104707, 83,         0,110,         1,116,         4, 71, 0.6851672
4EC,2018/06/24 17:10:00, 50,-9556.1367, 13,       169, 49,        16, 56, 0.9947273, 72, 482.09412, 73, 523.10590, 77, 40.437500, 79, 1.2104707, 83,         0,110,         1,116,         4, 71, 0.6851252
48C,2018/06/24 17:11:00, 50,-8047.5498, 13,       169, 49,        16, 56, 0.9947273, 72, 482.07867, 73, 523.13513, 77, 40.375000, 79, 1.2104707, 83,         0,110,         1,116,         4, 71, 0.6852093
57C,2018/06/24 17:12:00, 50,-4165.3350, 13,       169, 49,         8, 56, 0.9947273, 72, 482.06805, 73, 523.19360, 77, 40.468750, 79, 1.2153320, 83,         0,110,         1,116,         4, 71, 0.6851252
58C,2018/06/24 17:13:00, 50,-4609.6162, 13,       169, 49,         8, 56, 0.9947273, 72, 482.03711, 73, 523.13513, 77, 40.406250, 79, 1.2153320, 83,         0,110,         1,116,         4, 71, 0.6849571
5CC,2018/06/24 17:14:00, 50,-7416.2197, 13,       169, 49,         8, 56, 0.9947273, 72, 482.06958, 73, 523.10590, 77, 40.437500, 79, 1.2104707, 83,         0,110,         1,116,         4, 71, 0.6851252
57C,2018/06/24 17:15:00, 50,-9122.0547, 13,       169, 49,         8, 56, 0.9947273, 72, 482.07257, 73, 523.13513, 77, 40.406250, 79, 1.2104707, 83,         0,110,         1,116,         4, 71, 0.6851252
4BC,2018/06/24 17:16:00, 50,-8064.4170, 13,       169, 49,        16, 56, 0.9947273, 72, 482.07233, 73, 523.19360, 77, 40.343750, 79, 1.2153320, 83,         0,110,         1,116,         4, 71, 0.6852093
4AC,2018/06/24 17:17:00, 50,-8390.5605, 13,       169, 49,        16, 56, 0.9947273, 72, 482.14618, 73, 523.19360, 77, 40.437500, 79, 1.2153320, 83,         0,110,         1,116,         4, 71, 0.6850833
54C,2018/06/24 17:18:00, 50,-7058.7441, 13,       169, 49,         8, 56, 0.9947273, 72, 482.09644, 73, 523.19360, 77, 40.468750, 79, 1.2153320, 83,         0,110,         1,116,         4, 71, 0.6850413
4AC,2018/06/24 17:19:00, 50,-7832.5889, 13,       169, 49,        16, 56, 0.9947273, 72, 482.13806, 73, 523.25208, 77, 40.468750, 79, 1.2104707, 83,         0,110,         1,116,         4, 71, 0.6850833
53C,2018/06/24 17:20:00, 50,-8234.2812, 13,       169, 49,         8, 56, 0.9947273, 72, 482.17206, 73, 523.19360, 77, 40.531250, 79, 1.2104707, 83,         0,110,         1,116,         4, 71, 0.6851252
52C,2018/06/24 17:21:00, 50,-7627.0420, 13,       169, 49,         8, 56, 0.9947273, 72, 482.14612, 73, 523.22284, 77, 40.468750, 79, 1.2104707, 83,         0,110,         1,116,         4, 71, 0.6849571
45C,2018/06/24 17:22:00, 50,-5296.5361, 13,       169, 49,        16, 56, 0.9947273, 72, 482.15405, 73, 523.28131, 77, 40.531250, 79, 1.2153320, 83,         0,110,         1,116,         4, 71, 0.6851672
50C,2018/06/24 17:23:00, 50,-7295.5820, 13,       169, 49,         8, 56, 0.9947273, 72, 482.12360, 73, 523.22284, 77, 40.500000, 79, 1.2104707, 83,         0,110,         1,116,         4, 71, 0.6851252
51C,2018/06/24 17:24:00, 50, 3863.2139, 13,       169, 49,         8, 56, 0.9947273, 72, 482.11548, 73, 523.28131, 77, 40.468750, 79, 1.2153320, 83,         0,110,         1,116,         4, 71, 0.6852093
51C,2018/06/24 17:25:00, 50,-6787.5176, 13,       169, 49,         8, 56, 0.9947273, 72, 482.10345, 73, 523.25208, 77, 40.500000, 79, 1.2104707, 83,         0,110,         1,116,         4, 71, 0.6850833
55C,2018/06/24 17:26:00, 50,-7606.8525, 13,       169, 49,         8, 56, 0.9947273, 72, 482.09198, 73, 523.31061, 77, 40.562500, 79, 1.2104707, 83,         0,110,         1,116,         4, 71, 0.6849992
5DC,2018/06/24 17:27:00, 50,-7368.0439, 13,       169, 49,         8, 56, 0.9947273, 72, 482.11664, 73, 523.31061, 77, 40.593750, 79, 1.2056093, 83,         0,110,         1,116,         4, 71, 0.6851672
5AC,2018/06/24 17:28:00, 50,-7509.1621, 13,       169, 49,         8, 56, 0.9947273, 72, 482.13037, 73, 523.31061, 77, 40.562500, 79, 1.2104707, 83,         0,110,         1,116,         4, 71, 0.6850413
54C,2018/06/24 17:29:00, 50,-8039.9258, 13,       169, 49,         8, 56, 0.9947273, 72, 482.14581, 73, 523.33984, 77, 40.593750, 79, 1.2104707, 83,         0,110,         1,116,         4, 71, 0.6851252
5EC,2018/06/24 17:30:00, 50,-5037.0068, 13,       169, 49,         8, 56, 0.9947273, 72, 482.12439, 73, 523.36908, 77, 40.625000, 79, 1.2104707, 83,         0,110,         1,116,         4, 71, 0.6851252
50C,2018/06/24 17:31:00, 50,-4525.5918, 13,       169, 49,         8, 56, 0.9947273, 72, 482.14056, 73, 523.39832, 77, 40.625000, 79, 1.2007481, 83,         0,110,         1,116,         4, 71, 0.6851252
5AC,2018/06/24 17:32:00, 50,-4747.5518, 13,       169, 49,         8, 56, 0.9947273, 72, 482.16492, 73, 523.42755, 77, 40.593750, 79, 1.2104707, 83,         0,110,         1,116,         4, 71, 0.6852093
5CC,2018/06/24 17:33:00, 50,-7438.1758, 13,       169, 49,         8, 56, 0.9947273, 72, 482.16394, 73, 523.42755, 77, 40.656250, 79, 1.2153320, 83,         0,110,         1,116,         4, 71, 0.6852093
