45C,2016/05/10 17:39:00, 50, 0.0000000, 13,        22, 49,        64, 56, 1.0037853, 72, 502.78027, 73, 507.73068, 77, 21.843750, 79, 1.2493613, 83,     43777,110,        29,116,         4, 84,-0.0001526
4FC,2016/05/10 17:40:00, 50, 0.0000000, 13,       254, 49,         4, 56, 1.0037853, 72, 502.74445, 73, 508.25702, 77, 22.468750, 79, 1.2396387, 83,     43777,110,        29,116,         4, 84, 3.7533569
4AC,2016/05/10 17:41:00, 50, 0.0000000, 13,       254, 49,         4, 56, 1.0037853, 72, 502.82819, 73, 508.57867, 77, 22.875000, 79, 1.2347773, 83,     43777,110,        29,116,         4, 84, 3.7533569
45C,2016/05/10 17:42:00, 50, 0.0000000, 13,       254, 49,         4, 56, 1.0037853, 72, 502.85065, 73, 508.81262, 77, 23.250000, 79, 1.2347773, 83,     43777,110,        29,116,         4, 84, 3.7533569
45C,2016/05/10 17:43:00, 50, 0.0000000, 13,       254, 49,         4, 56, 1.0037853, 72, 502.81506, 73, 508.92963, 77, 23.687500, 79, 1.2299160, 83,     43777,110,        29,116,         4, 84, 3.7533569
44C,2016/05/10 17:44:00, 50, 0.0000000, 13,       254, 49,         4, 56, 1.0037853, 72, 502.77026, 73, 509.10504, 77, 24.000000, 79, 1.2250546, 83,     43777,110,        29,116,         4, 84, 3.7533569
4FC,2016/05/10 17:45:00, 50, 0.0000000, 13,       254, 49,         4, 56, 1.0037853, 72, 502.72095, 73, 509.22205, 77, 24.406250, 79, 1.2299160, 83,     43777,110,        29,116,         4, 84, 3.7533569
44C,2016/05/10 17:46:00, 50, 0.0000000, 13,       254, 49,         4, 56, 1.0037853, 72, 502.66791, 73, 509.33899, 77, 24.750000, 79, 1.2347773, 83,     43777,110,        29,116,         4, 84, 3.7533569
4FC,2016/05/10 17:47:00, 50, 0.0000000, 13,       254, 49,         4, 56, 1.0037853, 72, 502.60205, 73, 509.42670, 77, 25.093750, 79, 1.2347773, 83,     43777,110,        29,116,         4, 84, 3.7533569
4DC,2016/05/10 17:48:00, 50, 0.0000000, 13,       254, 49,         4, 56, 1.0037853, 72, 502.55151, 73, 509.54370, 77, 25.406250, 79, 1.2299160, 83,     43777,110,        29,116,         4, 84, 3.7533569
4EC,2016/05/10 17:49:00, 50, 0.0000000, 13,       254, 49,         4, 56, 1.0037853, 72, 502.48157, 73, 509.66064, 77, 25.781250, 79, 1.2153320, 83,     43777,110,        29,116,         4, 84, 3.7533569
4CC,2016/05/10 17:50:00, 50, 0.0000000, 13,       254, 49,         4, 56, 1.0037853, 72, 502.41046, 73, 509.74841, 77, 26.062500, 79, 1.2347773, 83,     43777,110,        29,116,         4, 84, 3.7533569
44C,2016/05/10 17:51:00, 50, 0.0000000, 13,       254, 49,         4, 56, 1.0037853, 72, 502.35010, 73, 509.92383, 77, 26.312500, 79, 1.2347773, 83,     43777,110,        29,116,         4, 84, 3.7533569
4DC,2016/05/10 17:52:00, 50, 0.0000000, 13,       254, 49,         4, 56, 1.0037853, 72, 502.30249, 73, 509.98230, 77, 26.562500, 79, 1.2250546, 83,     43777,110,        29,116,         4, 84, 3.7533569
43C,2016/05/10 17:53:00, 50, 0.0000000, 13,       254, 49,         4, 56, 1.0037853, 72, 502.26404, 73, 510.09930, 77, 26.843750, 79, 1.2299160, 83,     43777,110,        29,116,         4, 84, 3.7533569
40C,2016/05/10 17:54:00, 50, 0.0000000, 13,       254, 49,         4, 56, 1.0037853, 72, 502.24054, 73, 510.15778, 77, 27.062500, 79, 1.2250546, 83,     43777,110,        29,116,         4, 84, 3.7533569
4FC,2016/05/10 17:55:00, 50, 0.0000000, 13,       254, 49,         4, 56, 1.0037853, 72, 502.20380, 73, 510.27472, 77, 27.281250, 79, 1.2299160, 83,     43777,110,        29,116,         4, 84, 3.7533569
45C,2016/05/10 17:56:00, 50, 0.0000000, 13,       254, 49,         4, 56, 1.0037853, 72, 502.21045, 73, 510.30396, 77, 27.531250, 79, 1.2250546, 83,     43777,110,        29,116,         4, 84, 3.7533569
42C,2016/05/10 17:57:00, 50, 0.0000000, 13,       254, 49,         4, 56, 1.0037853, 72, 502.22296, 73, 510.33325, 77, 27.812500, 79, 1.2299160, 83,     41729,110,        29,116,         4, 84, 3.7533569
45C,2016/05/10 17:58:00, 50, 0.0000000, 13,       254, 49,         4, 56, 1.0037853, 72, 502.27875, 73, 510.39172, 77, 28.062500, 79, 1.2299160, 83,     41729,110,        29,116,         4, 84, 3.7533569
4AC,2016/05/10 17:59:00, 50, 0.0000000, 13,       254, 49,         4, 56, 1.0037853, 72, 502.32147, 73, 510.47943, 77, 28.312500, 79, 1.2250546, 83,     41729,110,        29,116,         4, 84, 3.7533569
4CC,2016/05/10 18:00:00, 50, 0.0000000, 13,       254, 49,         4, 56, 1.0037853, 72, 502.28656, 73, 510.50867, 77, 28.593750, 79, 1.2250546, 83,     41729,110,        29,116,         4, 84, 3.7533569
44C,2016/05/10 18:01:00, 50, 0.0000000, 13,       254, 49,         4, 56, 1.0037853, 72, 502.25610, 73, 510.59637, 77, 28.875000, 79, 1.2347773, 83,     41729,110,        29,116,         4, 84, 3.7533569
4AC,2016/05/10 18:02:00, 50, 0.0000000, 13,       254, 49,         4, 56, 1.0037853, 72, 502.25305, 73, 510.65491, 77, 29.156250, 79, 1.2250546, 83,     41729,110,        29,116,         4, 84, 3.7533569
4FC,2016/05/10 18:03:00, 50, 0.0000000, 13,       254, 49,         4, 56, 1.0037853, 72, 502.26489, 73, 510.74261, 77, 29.406250, 79, 1.2201934, 83,     41729,110,        29,116,         4, 84, 3.7533569
48C,2016/05/10 18:04:00, 50, 0.0000000, 13,       254, 49,         4, 56, 1.0037853, 72, 502.21161, 73, 510.80109, 77, 29.687500, 79, 1.2153320, 83,     41729,110,        29,116,         4, 84, 3.7533569
4BC,2016/05/10 18:05:00, 50, 0.0000000, 13,       254, 49,         4, 56, 1.0037853, 72, 502.20105, 73, 510.88879, 77, 29.937500, 79, 1.2299160, 83,     41729,110,        29,116,         4, 84, 3.7533569
42C,2016/05/10 18:06:00, 50, 0.0000000, 13,       254, 49,         4, 56, 1.0037853, 72, 502.11646, 73, 510.94733, 77, 30.218750, 79, 1.2250546, 83,     41217,110,        29,116,         4, 84, 3.7533569
48C,2016/05/10 18:07:00, 50, 0.0000000, 13,       254, 49,         4, 56, 1.0037853, 72, 502.09735, 73, 511.00580, 77, 30.437500, 79, 1.2201934, 83,     41217,110,        29,116,         4, 84, 3.7533569
4DC,2016/05/10 18:08:00, 50, 0.0000000, 13,       254, 49,         4, 56, 1.0037853, 72, 502.05548, 73, 511.06427, 77, 30.718750, 79, 1.2250546, 83,     41217,110,        29,116,         4, 84, 3.7533569
4DC,2016/05/10 18:09:00, 50, 0.0000000, 13,       254, 49,         4, 56, 1.0037853, 72, 502.01239, 73, 511.12274, 77, 30.937500, 79, 1.2299160, 83,     41217,110,        29,116,         4, 84, 3.7533569
4EC,2016/05/10 18:10:00, 50, 0.0000000, 13,       254, 49,         4, 56, 1.0037853, 72, 501.97388, 73, 511.21051, 77, 31.156250, 79, 1.2250546, 83,     41217,110,        29,116,         4, 84, 3.7533569
4BC,2016/05/10 18:11:00, 50, 0.0000000, 13,       254, 49,         4, 56, 1.0037853, 72, 501.94629, 73, 511.26898, 77, 31.343750, 79, 1.2250546, 83,     41217,110,        29,116,         4, 84, 3.7533569
40C,2016/05/10 18:12:00, 50, 0.0000000, 13,       254, 49,         4, 56, 1.0037853, 72, 501.89008, 73, 511.35669, 77, 31.437500, 79, 1.2250546, 83,     41217,110,        29,116,         4, 84, 3.7533569
4DC,2016/05/10 18:13:00, 50, 0.0000000, 13,       254, 49,         4, 56, 1.0037853, 72, 501.86908, 73, 511.38593, 77, 31.625000, 79, 1.2299160, 83,     41217,110,        29,116,         4, 84, 3.7533569
44C,2016/05/10 18:14:00, 50, 0.0000000, 13,       254, 49,         4, 56, 1.0037853, 72, 501.87799, 73, 511.44440, 77, 31.781250, 79, 1.2250546, 83,     41217,110,        29,116,         4, 84, 3.7533569
43C,2016/05/10 18:15:00, 50, 0.0000000, 13,       254, 49,         4, 56, 1.0037853, 72, 501.79071, 73, 511.47369, 77, 31.843750, 79, 1.2201934, 83,     41217,110,        29,116,         4, 84, 3.7533569
43C,2016/05/10 18:16:00, 50, 0.0000000, 13,       254, 49,         4, 56, 1.0037853, 72, 501.80548, 73, 511.53217, 77, 31.875000, 79, 1.2201934, 83,     41217,110,        29,116,         4, 84, 3.7533569
4DC,2016/05/10 18:17:00, 50, 0.0000000, 13,       254, 49,         4, 56, 1.0037853, 72, 501.73834, 73, 511.59064, 77, 32.000000, 79, 1.2201934, 83,     41217,110,        29,116,         4, 84, 3.7533569
43C,2016/05/10 18:18:00, 50, 0.0000000, 13,       254, 49,         4, 56, 1.0037853, 72, 501.75360, 73, 511.64911, 77, 32.156250, 79, 1.2250546, 83,     41217,110,        29,116,         4, 84, 3.7533569
4FC,2016/05/10 18:19:00, 50, 0.0000000, 13,       254, 49,         4, 56, 1.0037853, 72, 501.73401, 73, 511.67834, 77, 32.343750, 79, 1.2201934, 83,     41217,110,        29,116,         4, 84, 3.7533569
46C,2016/05/10 18:20:00, 50, 0.0000000, 13,       254, 49,         4, 56, 1.0037853, 72, 501.73407, 73, 511.73682, 77, 32.437500, 79, 1.2201934, 83,     41217,110,        29,116,         4, 84, 3.7533569
4BC,2016/05/10 18:21:00, 50, 0.0000000, 13,       254, 49,         4, 56, 1.0037853, 72, 501.75952, 73, 511.82458, 77, 32.562500, 79, 1.2250546, 83,     41217,110,        29,116,         4, 84, 3.7533569
41C,2016/05/10 18:22:00, 50, 0.0000000, 13,       254, 49,         4, 56, 1.0037853, 72, 501.77332, 73, 511.91229, 77, 32.687500, 79, 1.2201934, 83,     41217,110,        29,116,         4, 84, 3.7533569
40C,2016/05/10 18:23:00, 50, 0.0000000, 13,       254, 49,         4, 56, 1.0037853, 72, 501.74103, 73, 511.94153, 77, 32.781250, 79, 1.2250546, 83,     41217,110,        29,116,         4, 84, 3.7533569
41C,2016/05/10 18:24:00, 50, 0.0000000, 13,       254, 49,         4, 56, 1.0037853, 72, 501.70367, 73, 511.97076, 77, 32.843750, 79, 1.2347773, 83,     41217,110,        29,116,         4, 84, 3.7533569
42C,2016/05/10 18:25:00, 50, 0.0000000, 13,       254, 49,         4, 56, 1.0037853, 72, 501.71338, 73, 512.00000, 77, 32.906250, 79, 1.2347773, 83,     41217,110,        29,116,         4, 84, 3.7533569
4FC,2016/05/10 18:26:00, 50, 0.0000000, 13,       254, 49,         4, 56, 1.0037853, 72, 501.75000, 73, 512.02924, 77, 33.000000, 79, 1.2299160, 83,     41217,110,        29,116,         4, 84, 3.7533569
48C,2016/05/10 18:27:00, 50, 0.0000000, 13,       254, 49,         4, 56, 1.0037853, 72, 501.78705, 73, 512.00000, 77, 33.062500, 79, 1.2250546, 83,     41217,110,        29,116,         4, 84, 3.7533569
43C,2016/05/10 18:28:00, 50, 0.0000000, 13,       254, 49,         4, 56, 1.0037853, 72, 501.71686, 73, 512.00000, 77, 33.125000, 79, 1.2250546, 83,     41217,110,        29,116,         4, 84, 3.7533569
42C,2016/05/10 18:29:00, 50, 0.0000000, 13,       254, 49,         4, 56, 1.0037853, 72, 501.76282, 73, 512.08777, 77, 33.187500, 79, 1.2299160, 83,     41217,110,        29,116,         4, 84, 3.7533569
4DC,2016/05/10 18:30:00, 50, 0.0000000, 13,       254, 49,         4, 56, 1.0037853, 72, 501.74280, 73, 512.11700, 77, 33.250000, 79, 1.2153320, 83,     41217,110,        29,116,         4, 84, 3.7533569
45C,2016/05/10 18:31:00, 50, 0.0000000, 13,       254, 49,         4, 56, 1.0037853, 72, 501.75183, 73, 512.11700, 77, 33.281250, 79, 1.2299160, 83,     41217,110,        29,116,         4, 84, 3.7533569
4DC,2016/05/10 18:32:00, 50, 0.0000000, 13,       254, 49,         4, 56, 1.0037853, 72, 501.76166, 73, 512.14624, 77, 33.312500, 79, 1.2201934, 83,     41217,110,        29,116,         4, 84, 3.7533569
4AC,2016/05/10 18:33:00, 50, 0.0000000, 13,       254, 49,         4, 56, 1.0037853, 72, 501.74316, 73, 512.20471, 77, 33.375000, 79, 1.2201934, 83,     41217,110,        29,116,         4, 84, 3.7533569
41C,2016/05/10 18:34:00, 50, 0.0000000, 13,       254, 49,         4, 56, 1.0037853, 72, 501.72662, 73, 512.20471, 77, 33.343750, 79, 1.2153320, 83,     41217,110,        29,116,         4, 84, 3.7533569
41C,2016/05/10 18:35:00, 50, 0.0000000, 13,       254, 49,         4, 56, 1.0037853, 72, 501.74481, 73, 512.20471, 77, 33.312500, 79, 1.2201934, 83,     41217,110,        29,116,         4, 84, 3.7533569
41C,2016/05/10 18:36:00, 50, 0.0000000, 13,       254, 49,         4, 56, 1.0037853, 72, 501.71539, 73, 512.20471, 77, 33.281250, 79, 1.2250546, 83,     41217,110,        29,116,         4, 84, 3.7533569
45C,2016/05/10 18:37:00, 50, 0.0000000, 13,       254, 49,         4, 56, 1.0037853, 72, 501.72174, 73, 512.20471, 77, 33.250000, 79, 1.2250546, 83,     41217,110,        29,116,         4, 84, 3.7533569
45C,2016/05/10 18:38:00, 50, 0.0000000, 13,       254, 49,         4, 56, 1.0037853, 72, 501.70111, 73, 512.26318, 77, 33.250000, 79, 1.2250546, 83,     41217,110,        29,116,         4, 84, 3.7533569
4EC,2016/05/10 18:39:00, 50, 0.0000000, 13,       254, 49,         4, 56, 1.0037853, 72, 501.75714, 73, 512.26318, 77, 33.125000, 79, 1.2201934, 83,     41217,110,        29,116,         4, 84, 3.7533569
4AC,2016/05/10 18:40:00, 50, 0.0000000, 13,       254, 49,         4, 56, 1.0037853, 72, 501.74652, 73, 512.23395, 77, 33.125000, 79, 1.2299160, 83,     41217,110,        29,116,         4, 84, 3.7533569
48C,2016/05/10 18:41:00, 50, 0.0000000, 13,       254, 49,         4, 56, 1.0037853, 72, 501.80072, 73, 512.20471, 77, 33.062500, 79, 1.2250546, 83,     41217,110,        29,116,         4, 84, 3.7533569
43C,2016/05/10 18:42:00, 50, 0.0000000, 13,       254, 49,         4, 56, 1.0037853, 72, 501.79694, 73, 512.20471, 77, 33.062500, 79, 1.2250546, 83,     41217,110,        29,116,         4, 84, 3.7533569
4BC,2016/05/10 18:43:00, 50, 0.0000000, 13,       254, 49,         4, 56, 1.0037853, 72, 501.84204, 73, 512.17548, 77, 33.031250, 79, 1.2201934, 83,     41217,110,        29,116,         4, 84, 3.7533569
45C,2016/05/10 18:44:00, 50, 0.0000000, 13,       254, 49,         4, 56, 1.0037853, 72, 501.82867, 73, 512.23395, 77, 32.968750, 79, 1.2201934, 83,     41217,110,        29,116,         4, 84, 3.7533569
42C,2016/05/10 18:45:00, 50, 0.0000000, 13,       254, 49,         4, 56, 1.0037853, 72, 501.82483, 73, 512.23395, 77, 32.937500, 79, 1.2250546, 83,     41217,110,        29,116,         4, 84, 3.7533569
4FC,2016/05/10 18:46:00, 50, 0.0000000, 13,       254, 49,         4, 56, 1.0037853, 72, 501.86560, 73, 512.14624, 77, 32.937500, 79, 1.2201934, 83,     41217,110,        29,116,         4, 84, 3.7533569
46C,2016/05/10 18:47:00, 50, 0.0000000, 13,       254, 49,         4, 56, 1.0037853, 72, 501.83484, 73, 512.23395, 77, 32.906250, 79, 1.2250546, 83,     41217,110,        29,116,         4, 84, 3.7533569
40C,2016/05/10 18:48:00, 50, 0.0000000, 13,       254, 49,         4, 56, 1.0037853, 72, 501.90222, 73, 512.17548, 77, 32.937500, 79, 1.2250546, 83,     41217,110,        29,116,         4, 84, 3.7533569
49C,2016/05/10 18:49:00, 50, 0.0000000, 13,       254, 49,         4, 56, 1.0037853, 72, 501.87793, 73, 512.23395, 77, 32.906250, 79, 1.2250546, 83,     41217,110,        29,116,         4, 84, 3.7533569
43C,2016/05/10 18:50:00, 50, 0.0000000, 13,       254, 49,         4, 56, 1.0037853, 72, 501.87628, 73, 512.23395, 77, 32.843750, 79, 1.2153320, 83,     41217,110,        29,116,         4, 84, 3.7533569
42C,2016/05/10 18:51:00, 50, 0.0000000, 13,       254, 49,         4, 56, 1.0037853, 72, 501.92493, 73, 512.20471, 77, 32.812500, 79, 1.2201934, 83,     41217,110,        29,116,         4, 84, 3.7533569
44C,2016/05/10 18:52:00, 50, 0.0000000, 13,       254, 49,         4, 56, 1.0037853, 72, 501.92969, 73, 512.20471, 77, 32.812500, 79, 1.2250546, 83,     41217,110,        29,116,         4, 84, 3.7533569
4BC,2016/05/10 18:53:00, 50, 0.0000000, 13,       254, 49,         4, 56, 1.0037853, 72, 501.94916, 73, 512.23395, 77, 32.843750, 79, 1.2201934, 83,     41217,110,        29,116,         4, 84, 3.7533569
4FC,2016/05/10 18:54:00, 50, 0.0000000, 13,       254, 49,         4, 56, 1.0037853, 72, 501.99548, 73, 512.20471, 77, 32.875000, 79, 1.2201934, 83,     41217,110,        29,116,         4, 84, 3.7533569
44C,2016/05/10 18:55:00, 50, 0.0000000, 13,       254, 49,         4, 56, 1.0037853, 72, 501.99915, 73, 512.26318, 77, 32.875000, 79, 1.2201934, 83,     41217,110,        29,116,         4, 84, 3.7533569
49C,2016/05/10 18:56:00, 50, 0.0000000, 13,       254, 49,         4, 56, 1.0037853, 72, 501.98096, 73, 512.23395, 77, 32.875000, 79, 1.2250546, 83,     41217,110,        29,116,         4, 84, 3.7533569
40C,2016/05/10 18:57:00, 50, 0.0000000, 13,       254, 49,         4, 56, 1.0037853, 72, 502.01617, 73, 512.29242, 77, 32.875000, 79, 1.2299160, 83,     41217,110,        29,116,         4, 84, 3.7533569
47C,2016/05/10 18:58:00, 50, 0.0000000, 13,       254, 49,         4, 56, 1.0037853, 72, 501.99561, 73, 512.32166, 77, 32.906250, 79, 1.2250546, 83,     41217,110,        29,116,         4, 84, 3.7533569
4DC,2016/05/10 18:59:00, 50, 0.0000000, 13,       254, 49,         4, 56, 1.0037853, 72, 502.02954, 73, 512.32166, 77, 32.906250, 79, 1.2250546, 83,     41217,110,        29,116,         4, 84, 3.7533569
4EC,2016/05/10 19:00:00, 50, 0.0000000, 13,       254, 49,         4, 56, 1.0037853, 72, 502.03674, 73, 512.29242, 77, 32.968750, 79, 1.2250546, 83,     41217,110,        29,116,         4, 84, 3.7533569
40C,2016/05/10 19:01:00, 50, 0.0000000, 13,       254, 49,         4, 56, 1.0037853, 72, 502.05328, 73, 512.29242, 77, 32.843750, 79, 1.2201934, 83,     41217,110,        29,116,         4, 84, 3.7533569
46C,2016/05/10 19:02:00, 50, 0.0000000, 13,       254, 49,         4, 56, 1.0037853, 72, 502.01337, 73, 512.35095, 77, 32.875000, 79, 1.2250546, 83,     41217,110,        29,116,         4, 84, 3.7533569
44C,2016/05/10 19:03:00, 50, 0.0000000, 13,       254, 49,         4, 56, 1.0037853, 72, 501.98138, 73, 512.32166, 77, 32.843750, 79, 1.2250546, 83,     41217,110,        29,116,         4, 84, 3.7533569
4EC,2016/05/10 19:04:00, 50, 0.0000000, 13,       254, 49,         4, 56, 1.0037853, 72, 502.01178, 73, 512.32166, 77, 32.875000, 79, 1.2201934, 83,     41217,110,        29,116,         4, 84, 3.7533569
4AC,2016/05/10 19:05:00, 50, 0.0000000, 13,       254, 49,         4, 56, 1.0037853, 72, 502.03845, 73, 512.32166, 77, 32.875000, 79, 1.2201934, 83,     41217,110,        29,116,         4, 84, 3.7533569
44C,2016/05/10 19:06:00, 50, 0.0000000, 13,       254, 49,         4, 56, 1.0037853, 72, 501.97852, 73, 512.35095, 77, 32.968750, 79, 1.2201934, 83,     41217,110,        29,116,         4, 84, 3.7533569
43C,2016/05/10 19:07:00, 50, 0.0000000, 13,       254, 49,         4, 56, 1.0037853, 72, 502.05603, 73, 512.35095, 77, 33.000000, 79, 1.2201934, 83,     41217,110,        29,116,         4, 84, 3.7533569
48C,2016/05/10 19:08:00, 50, 0.0000000, 13,       254, 49,         4, 56, 1.0037853, 72, 501.99103, 73, 512.38019, 77, 33.062500, 79, 1.2250546, 83,     41217,110,        29,116,         4, 84, 3.7533569
42C,2016/05/10 19:09:00, 50, 0.0000000, 13,       254, 49,         4, 56, 1.0037853, 72, 502.01465, 73, 512.43866, 77, 33.062500, 79, 1.2250546, 83,     41217,110,        29,116,         4, 84, 3.7533569
43C,2016/05/10 19:10:00, 50, 0.0000000, 13,       254, 49,         4, 56, 1.0037853, 72, 501.97443, 73, 512.38019, 77, 33.062500, 79, 1.2201934, 83,     41217,110,        29,116,         4, 84, 3.7533569
48C,2016/05/10 19:11:00, 50, 0.0000000, 13,       254, 49,         4, 56, 1.0037853, 72, 502.04364, 73, 512.40942, 77, 33.093750, 79, 1.2201934, 83,     41217,110,        29,116,         4, 84, 3.7533569
42C,2016/05/10 19:12:00, 50, 0.0000000, 13,       254, 49,         4, 56, 1.0037853, 72, 502.05872, 73, 512.43866, 77, 33.156250, 79, 1.2250546, 83,     41217,110,        29,116,         4, 84, 3.7533569
42C,2016/05/10 19:13:00, 50, 0.0000000, 13,       254, 49,         4, 56, 1.0037853, 72, 502.04169, 73, 512.46790, 77, 33.156250, 79, 1.2250546, 83,     41217,110,        29,116,         4, 84, 3.7533569
48C,2016/05/10 19:14:00, 50, 0.0000000, 13,       254, 49,         4, 56, 1.0037853, 72, 501.99939, 73, 512.49713, 77, 33.187500, 79, 1.2201934, 83,     41217,110,        29,116,         4, 84, 3.7533569
43C,2016/05/10 19:15:00, 50, 0.0000000, 13,       254, 49,         4, 56, 1.0037853, 72, 502.06189, 73, 512.49713, 77, 33.250000, 79, 1.2201934, 83,     41217,110,        29,116,         4, 84, 3.7533569
4EC,2016/05/10 19:16:00, 50, 0.0000000, 13,       254, 49,         4, 56, 1.0037853, 72, 502.08856, 73, 512.52637, 77, 33.375000, 79, 1.2201934, 83,     41217,110,        29,116,         4, 84, 3.7533569
4EC,2016/05/10 19:17:00, 50, 0.0000000, 13,       254, 49,         4, 56, 1.0037853, 72, 502.06879, 73, 512.55560, 77, 33.406250, 79, 1.2201934, 83,     41217,110,        29,116,         4, 84, 3.7533569
47C,2016/05/10 19:18:00, 50, 0.0000000, 13,       254, 49,         4, 56, 1.0037853, 72, 502.06586, 73, 512.58484, 77, 33.468750, 79, 1.2201934, 83,     41217,110,        29,116,         4, 84, 3.7533569
4EC,2016/05/10 19:19:00, 50, 0.0000000, 13,       254, 49,         4, 56, 1.0037853, 72, 502.06641, 73, 512.64337, 77, 33.500000, 79, 1.2250546, 83,     41217,110,        29,116,         4, 84, 3.7533569
41C,2016/05/10 19:20:00, 50, 0.0000000, 13,       254, 49,         4, 56, 1.0037853, 72, 502.05603, 73, 512.61407, 77, 33.562500, 79, 1.2250546, 83,     41217,110,        29,116,         4, 84, 3.7533569
45C,2016/05/10 19:21:00, 50, 0.0000000, 13,       254, 49,         4, 56, 1.0037853, 72, 502.03644, 73, 512.67261, 77, 33.625000, 79, 1.2299160, 83,     41217,110,        29,116,         4, 84, 3.7533569
42C,2016/05/10 19:22:00, 50, 0.0000000, 13,       254, 49,         4, 56, 1.0037853, 72, 502.08636, 73, 512.73108, 77, 33.750000, 79, 1.2299160, 83,     41217,110,        29,116,         4, 84, 3.7533569
4AC,2016/05/10 19:23:00, 50, 0.0000000, 13,       254, 49,         4, 56, 1.0037853, 72, 502.13849, 73, 512.76031, 77, 33.718750, 79, 1.2250546, 83,     41217,110,        29,116,         4, 84, 3.7533569
44C,2016/05/10 19:24:00, 50, 0.0000000, 13,       254, 49,         4, 56, 1.0037853, 72, 502.12317, 73, 512.76031, 77, 33.781250, 79, 1.2201934, 83,     41217,110,        29,116,         4, 84, 3.7533569
4FC,2016/05/10 19:25:00, 50, 0.0000000, 13,       254, 49,         4, 56, 1.0037853, 72, 502.13141, 73, 512.73108, 77, 33.843750, 79, 1.2201934, 83,     41217,110,        29,116,         4, 84, 3.7533569
4BC,2016/05/10 19:26:00, 50, 0.0000000, 13,       254, 49,         4, 56, 1.0037853, 72, 502.12744, 73, 512.78955, 77, 33.812500, 79, 1.2250546, 83,     41217,110,        29,116,         4, 84, 3.7533569
45C,2016/05/10 19:27:00, 50, 0.0000000, 13,       254, 49,         4, 56, 1.0037853, 72, 502.18909, 73, 512.84802, 77, 33.875000, 79, 1.2153320, 83,     41217,110,        29,116,         4, 84, 3.7533569
45C,2016/05/10 19:28:00, 50, 0.0000000, 13,       254, 49,         4, 56, 1.0037853, 72, 502.17853, 73, 512.90656, 77, 33.906250, 79, 1.2250546, 83,     41217,110,        29,116,         4, 84, 3.7533569
45C,2016/05/10 19:29:00, 50, 0.0000000, 13,       254, 49,         4, 56, 1.0037853, 72, 502.17078, 73, 512.96503, 77, 33.937500, 79, 1.2299160, 83,     41217,110,        29,116,         4, 84, 3.7533569
42C,2016/05/10 19:30:00, 50, 0.0000000, 13,       254, 49,         4, 56, 1.0037853, 72, 502.19672, 73, 512.90656, 77, 33.968750, 79, 1.2250546, 83,     41217,110,        29,116,         4, 84, 3.7533569
4CC,2016/05/10 19:31:00, 50, 0.0000000, 13,       254, 49,         4, 56, 1.0037853, 72, 502.21191, 73, 512.99426, 77, 34.031250, 79, 1.2299160, 83,     41217,110,        29,116,         4, 84, 3.7533569
42C,2016/05/10 19:32:00, 50, 0.0000000, 13,       254, 49,         4, 56, 1.0037853, 72, 502.24304, 73, 513.02350, 77, 34.125000, 79, 1.2299160, 83,     41217,110,        29,116,         4, 84, 3.7533569
40C,2016/05/10 19:33:00, 50, 0.0000000, 13,       254, 49,         4, 56, 1.0037853, 72, 502.26483, 73, 513.05273, 77, 34.187500, 79, 1.2153320, 83,     41217,110,        29,116,         4, 84, 3.7533569
4DC,2016/05/10 19:34:00, 50, 0.0000000, 13,       254, 49,         4, 56, 1.0037853, 72, 502.27600, 73, 513.08197, 77, 34.187500, 79, 1.2250546, 83,     41217,110,        29,116,         4, 84, 3.7533569
42C,2016/05/10 19:35:00, 50, 0.0000000, 13,       254, 49,         4, 56, 1.0037853, 72, 502.27557, 73, 513.11121, 77, 34.281250, 79, 1.2201934, 83,     41217,110,        29,116,         4, 84, 3.7533569
47C,2016/05/10 19:36:00, 50, 0.0000000, 13,       254, 49,         4, 56, 1.0037853, 72, 502.28418, 73, 513.14044, 77, 34.343750, 79, 1.2347773, 83,     41217,110,        29,116,         4, 84, 3.7533569
4BC,2016/05/10 19:37:00, 50, 0.0000000, 13,       254, 49,         4, 56, 1.0037853, 72, 502.32379, 73, 513.16968, 77, 34.406250, 79, 1.2347773, 83,     41217,110,        29,116,         4, 84, 3.7533569
4BC,2016/05/10 19:38:00, 50, 0.0000000, 13,       254, 49,         4, 56, 1.0037853, 72, 502.31616, 73, 513.19897, 77, 34.437500, 79, 1.2201934, 83,     41217,110,        29,116,         4, 84, 3.7533569
47C,2016/05/10 19:39:00, 50, 0.0000000, 13,       254, 49,         4, 56, 1.0037853, 72, 502.37274, 73, 513.22821, 77, 34.531250, 79, 1.2153320, 83,     41217,110,        29,116,         4, 84, 3.7533569
41C,2016/05/10 19:40:00, 50, 0.0000000, 13,       254, 49,         4, 56, 1.0037853, 72, 502.37964, 73, 513.28668, 77, 34.531250, 79, 1.2201934, 83,     41217,110,        29,116,         4, 84, 3.7533569
4EC,2016/05/10 19:41:00, 50, 0.0000000, 13,       254, 49,         4, 56, 1.0037853, 72, 502.36017, 73, 513.34515, 77, 34.593750, 79, 1.2153320, 83,     41217,110,        29,116,         4, 84, 3.7533569
40C,2016/05/10 19:42:00, 50, 0.0000000, 13,       254, 49,         4, 56, 1.0037853, 72, 502.37299, 73, 513.37439, 77, 34.656250, 79, 1.2201934, 83,     41217,110,        29,116,         4, 84, 3.7533569
48C,2016/05/10 19:43:00, 50, 0.0000000, 13,       254, 49,         4, 56, 1.0037853, 72, 502.36237, 73, 513.34515, 77, 34.781250, 79, 1.2153320, 83,     41217,110,        29,116,         4, 84, 3.7533569
46C,2016/05/10 19:44:00, 50, 0.0000000, 13,       254, 49,         4, 56, 1.0037853, 72, 502.37982, 73, 513.37439, 77, 34.812500, 79, 1.2250546, 83,     41217,110,        29,116,         4, 84, 3.7533569
40C,2016/05/10 19:45:00, 50, 0.0000000, 13,       254, 49,         4, 56, 1.0037853, 72, 502.35181, 73, 513.40363, 77, 34.843750, 79, 1.2104707, 83,     41217,110,        29,116,         4, 84, 3.7533569
48C,2016/05/10 19:46:00, 50, 0.0000000, 13,       254, 49,         4, 56, 1.0037853, 72, 502.37183, 73, 513.49139, 77, 34.875000, 79, 1.2201934, 83,     41217,110,        29,116,         4, 84, 3.7533569
46C,2016/05/10 19:47:00, 50, 0.0000000, 13,       254, 49,         4, 56, 1.0037853, 72, 502.41565, 73, 513.49139, 77, 34.906250, 79, 1.2201934, 83,     41217,110,        29,116,         4, 84, 3.7533569
4FC,2016/05/10 19:48:00, 50, 0.0000000, 13,       254, 49,         4, 56, 1.0037853, 72, 502.40863, 73, 513.52063, 77, 34.937500, 79, 1.2104707, 83,     41217,110,        29,116,         4, 84, 3.7533569
46C,2016/05/10 19:49:00, 50, 0.0000000, 13,       254, 49,         4, 56, 1.0037853, 72, 502.42279, 73, 513.49139, 77, 35.031250, 79, 1.2153320, 83,     41217,110,        29,116,         4, 84, 3.7533569
48C,2016/05/10 19:50:00, 50, 0.0000000, 13,       254, 49,         4, 56, 1.0037853, 72, 502.44611, 73, 513.52063, 77, 35.000000, 79, 1.2201934, 83,     41217,110,        29,116,         4, 84, 3.7533569
49C,2016/05/10 19:51:00, 50, 0.0000000, 13,       254, 49,         4, 56, 1.0037853, 72, 502.38000, 73, 513.54987, 77, 35.093750, 79, 1.2201934, 83,     41217,110,        29,116,         4, 84, 3.7533569
40C,2016/05/10 19:52:00, 50, 0.0000000, 13,       254, 49,         4, 56, 1.0037853, 72, 502.36914, 73, 513.54987, 77, 35.187500, 79, 1.2153320, 83,     41217,110,        29,116,         4, 84, 3.7533569
44C,2016/05/10 19:53:00, 50, 0.0000000, 13,       254, 49,         4, 56, 1.0037853, 72, 502.40179, 73, 513.60834, 77, 35.218750, 79, 1.2201934, 83,     41217,110,        29,116,         4, 84, 3.7533569
44C,2016/05/10 19:54:00, 50, 0.0000000, 13,       254, 49,         4, 56, 1.0037853, 72, 502.43115, 73, 513.60834, 77, 35.250000, 79, 1.2201934, 83,     41217,110,        29,116,         4, 84, 3.7533569
4EC,2016/05/10 19:55:00, 50, 0.0000000, 13,       254, 49,         4, 56, 1.0037853, 72, 502.45056, 73, 513.63757, 77, 35.312500, 79, 1.2201934, 83,     41217,110,        29,116,         4, 84, 3.7533569
4AC,2016/05/10 19:56:00, 50, 0.0000000, 13,       254, 49,         4, 56, 1.0037853, 72, 502.41870, 73, 513.66681, 77, 35.312500, 79, 1.2201934, 83,     41217,110,        29,116,         4, 84, 3.7533569
44C,2016/05/10 19:57:00, 50, 0.0000000, 13,       254, 49,         4, 56, 1.0037853, 72, 502.47095, 73, 513.72528, 77, 35.375000, 79, 1.2153320, 83,     41217,110,        29,116,         4, 84, 3.7533569
4DC,2016/05/10 19:58:00, 50, 0.0000000, 13,       254, 49,         4, 56, 1.0037853, 72, 502.43481, 73, 513.69604, 77, 35.406250, 79, 1.2153320, 83,     41217,110,        29,116,         4, 84, 3.7533569
48C,2016/05/10 19:59:00, 50, 0.0000000, 13,       254, 49,         4, 56, 1.0037853, 72, 502.46716, 73, 513.72528, 77, 35.437500, 79, 1.2201934, 83,     41217,110,        29,116,         4, 84, 3.7533569
44C,2016/05/10 20:00:00, 50, 0.0000000, 13,       254, 49,         4, 56, 1.0037853, 72, 502.49377, 73, 513.75452, 77, 35.500000, 79, 1.2250546, 83,     41217,110,        29,116,         4, 84, 3.7533569
42C,2016/05/10 20:01:00, 50, 0.0000000, 13,       254, 49,         4, 56, 1.0037853, 72, 502.46362, 73, 513.78381, 77, 35.531250, 79, 1.2201934, 83,     41217,110,        29,116,         4, 84, 3.7533569
4FC,2016/05/10 20:02:00, 50, 0.0000000, 13,       254, 49,         4, 56, 1.0037853, 72, 502.46985, 73, 513.78381, 77, 35.593750, 79, 1.2201934, 83,     41217,110,        29,116,         4, 84, 3.7533569
4EC,2016/05/10 20:03:00, 50, 0.0000000, 13,       254, 49,         4, 56, 1.0037853, 72, 502.47443, 73, 513.81305, 77, 35.625000, 79, 1.2201934, 83,     41217,110,        29,116,         4, 84, 3.7533569
4EC,2016/05/10 20:04:00, 50, 0.0000000, 13,       254, 49,         4, 56, 1.0037853, 72, 502.50909, 73, 513.84229, 77, 35.656250, 79, 1.2153320, 83,     41217,110,        29,116,         4, 84, 3.7533569
4FC,2016/05/10 20:05:00, 50, 0.0000000, 13,       254, 49,         4, 56, 1.0037853, 72, 502.52496, 73, 513.87152, 77, 35.687500, 79, 1.2201934, 83,     41217,110,        29,116,         4, 84, 3.7533569
43C,2016/05/10 20:06:00, 50, 0.0000000, 13,       254, 49,         4, 56, 1.0037853, 72, 502.54816, 73, 513.87152, 77, 35.718750, 79, 1.2250546, 83,     41217,110,        29,116,         4, 84, 3.7533569
49C,2016/05/10 20:07:00, 50, 0.0000000, 13,       254, 49,         4, 56, 1.0037853, 72, 502.53497, 73, 513.90076, 77, 35.781250, 79, 1.2201934, 83,     41217,110,        29,116,         4, 84, 3.7533569
40C,2016/05/10 20:08:00, 50, 0.0000000, 13,       254, 49,         4, 56, 1.0037853, 72, 502.56787, 73, 513.92999, 77, 35.750000, 79, 1.2201934, 83,     41217,110,        29,116,         4, 84, 3.7533569
4CC,2016/05/10 20:09:00, 50, 0.0000000, 13,       254, 49,         4, 56, 1.0037853, 72, 502.58698, 73, 513.92999, 77, 35.812500, 79, 1.2201934, 83,     41217,110,        29,116,         4, 84, 3.7533569
43C,2016/05/10 20:10:00, 50, 0.0000000, 13,       254, 49,         4, 56, 1.0037853, 72, 502.58197, 73, 513.95923, 77, 35.875000, 79, 1.2250546, 83,     41217,110,        29,116,         4, 84, 3.7533569
4FC,2016/05/10 20:11:00, 50, 0.0000000, 13,       254, 49,         4, 56, 1.0037853, 72, 502.58350, 73, 514.01770, 77, 35.875000, 79, 1.2153320, 83,     41217,110,        29,116,         4, 84, 3.7533569
47C,2016/05/10 20:12:00, 50, 0.0000000, 13,       254, 49,         4, 56, 1.0037853, 72, 502.60736, 73, 514.01770, 77, 35.937500, 79, 1.2250546, 83,     41217,110,        29,116,         4, 84, 3.7533569
40C,2016/05/10 20:13:00, 50, 0.0000000, 13,       254, 49,         4, 56, 1.0037853, 72, 502.62738, 73, 514.07623, 77, 35.968750, 79, 1.2153320, 83,     41217,110,        29,116,         4, 84, 3.7533569
4FC,2016/05/10 20:14:00, 50, 0.0000000, 13,       254, 49,         4, 56, 1.0037853, 72, 502.62085, 73, 514.04694, 77, 36.000000, 79, 1.2153320, 83,     41217,110,        29,116,         4, 84, 3.7533569
49C,2016/05/10 20:15:00, 50, 0.0000000, 13,       254, 49,         4, 56, 1.0037853, 72, 502.64246, 73, 514.07623, 77, 36.031250, 79, 1.2250546, 83,     41217,110,        29,116,         4, 84, 3.7533569
48C,2016/05/10 20:16:00, 50, 0.0000000, 13,       254, 49,         4, 56, 1.0037853, 72, 502.69672, 73, 514.13470, 77, 36.031250, 79, 1.2201934, 83,     41217,110,        29,116,         4, 84, 3.7533569
48C,2016/05/10 20:17:00, 50, 0.0000000, 13,       254, 49,         4, 56, 1.0037853, 72, 502.64435, 73, 514.13470, 77, 36.093750, 79, 1.2201934, 83,     41217,110,        29,116,         4, 84, 3.7533569
4AC,2016/05/10 20:18:00, 50, 0.0000000, 13,       254, 49,         4, 56, 1.0037853, 72, 502.63440, 73, 514.10547, 77, 36.125000, 79, 1.2201934, 83,     41217,110,        29,116,         4, 84, 3.7533569
42C,2016/05/10 20:19:00, 50, 0.0000000, 13,       254, 49,         4, 56, 1.0037853, 72, 502.64343, 73, 514.07623, 77, 36.125000, 79, 1.2250546, 83,     41217,110,        29,116,         4, 84, 3.7533569
44C,2016/05/10 20:20:00, 50, 0.0000000, 13,       254, 49,         4, 56, 1.0037853, 72, 502.62231, 73, 514.07623, 77, 36.156250, 79, 1.2201934, 83,     41217,110,        29,116,         4, 84, 3.7533569
44C,2016/05/10 20:21:00, 50, 0.0000000, 13,       254, 49,         4, 56, 1.0037853, 72, 502.62549, 73, 514.10547, 77, 36.187500, 79, 1.2201934, 83,     41217,110,        29,116,         4, 84, 3.7533569
45C,2016/05/10 20:22:00, 50, 0.0000000, 13,       254, 49,         4, 56, 1.0037853, 72, 502.61072, 73, 514.16394, 77, 36.218750, 79, 1.2201934, 83,     41217,110,        29,116,         4, 84, 3.7533569
4CC,2016/05/10 20:23:00, 50, 0.0000000, 13,       254, 49,         4, 56, 1.0037853, 72, 502.57916, 73, 514.13470, 77, 36.250000, 79, 1.2201934, 83,     41217,110,        29,116,         4, 84, 3.7533569
49C,2016/05/10 20:24:00, 50, 0.0000000, 13,       254, 49,         4, 56, 1.0037853, 72, 502.60120, 73, 514.13470, 77, 36.281250, 79, 1.2201934, 83,     41217,110,        29,116,         4, 84, 3.7533569
49C,2016/05/10 20:25:00, 50, 0.0000000, 13,       254, 49,         4, 56, 1.0037853, 72, 502.61139, 73, 514.16394, 77, 36.281250, 79, 1.2201934, 83,     41217,110,        29,116,         4, 84, 3.7533569
40C,2016/05/10 20:26:00, 50, 0.0000000, 13,       254, 49,         4, 56, 1.0037853, 72, 502.63898, 73, 514.19318, 77, 36.343750, 79, 1.2153320, 83,     41217,110,        29,116,         4, 84, 3.7533569
40C,2016/05/10 20:27:00, 50, 0.0000000, 13,       254, 49,         4, 56, 1.0037853, 72, 502.57532, 73, 514.16394, 77, 36.343750, 79, 1.2153320, 83,     41217,110,        29,116,         4, 84, 3.7533569
48C,2016/05/10 20:28:00, 50, 0.0000000, 13,       254, 49,         4, 56, 1.0037853, 72, 502.56592, 73, 514.19318, 77, 36.375000, 79, 1.2153320, 83,     41217,110,        29,116,         4, 84, 3.7533569
4BC,2016/05/10 20:29:00, 50, 0.0000000, 13,       254, 49,         4, 56, 1.0037853, 72, 502.59619, 73, 514.16394, 77, 36.375000, 79, 1.2250546, 83,     41217,110,        29,116,         4, 84, 3.7533569
40C,2016/05/10 20:30:00, 50, 0.0000000, 13,       254, 49,         4, 56, 1.0037853, 72, 502.56805, 73, 514.19318, 77, 36.406250, 79, 1.2250546, 83,     41217,110,        29,116,         4, 84, 3.7533569
48C,2016/05/10 20:31:00, 50, 0.0000000, 13,       254, 49,         4, 56, 1.0037853, 72, 502.56354, 73, 514.16394, 77, 36.406250, 79, 1.2201934, 83,     41217,110,        29,116,         4, 84, 3.7533569
4BC,2016/05/10 20:32:00, 50, 0.0000000, 13,       254, 49,         4, 56, 1.0037853, 72, 502.53662, 73, 514.22241, 77, 36.437500, 79, 1.2153320, 83,     41217,110,        29,116,         4, 84, 3.7533569
44C,2016/05/10 20:33:00, 50, 0.0000000, 13,       254, 49,         4, 56, 1.0037853, 72, 502.53839, 73, 514.19318, 77, 36.437500, 79, 1.2201934, 83,     41217,110,        29,116,         4, 84, 3.7533569
40C,2016/05/10 20:34:00, 50, 0.0000000, 13,       254, 49,         4, 56, 1.0037853, 72, 502.53381, 73, 514.19318, 77, 36.500000, 79, 1.2153320, 83,     41217,110,        29,116,         4, 84, 3.7533569
47C,2016/05/10 20:35:00, 50, 0.0000000, 13,       254, 49,         4, 56, 1.0037853, 72, 502.53400, 73, 514.22241, 77, 36.468750, 79, 1.2153320, 83,     41217,110,        29,116,         4, 84, 3.7533569
4FC,2016/05/10 20:36:00, 50, 0.0000000, 13,       254, 49,         4, 56, 1.0037853, 72, 502.56824, 73, 514.25165, 77, 36.500000, 79, 1.2201934, 83,     41217,110,        29,116,         4, 84, 3.7533569
4AC,2016/05/10 20:37:00, 50, 0.0000000, 13,       254, 49,         4, 56, 1.0037853, 72, 502.58313, 73, 514.25165, 77, 36.531250, 79, 1.2201934, 83,     41217,110,        29,116,         4, 84, 3.7533569
40C,2016/05/10 20:38:00, 50, 0.0000000, 13,       254, 49,         4, 56, 1.0037853, 72, 502.54700, 73, 514.25165, 77, 36.562500, 79, 1.2153320, 83,     41217,110,        29,116,         4, 84, 3.7533569
42C,2016/05/10 20:39:00, 50, 0.0000000, 13,       254, 49,         4, 56, 1.0037853, 72, 502.59589, 73, 514.28088, 77, 36.593750, 79, 1.2201934, 83,     41217,110,        29,116,         4, 84, 3.7533569
41C,2016/05/10 20:40:00, 50, 0.0000000, 13,       254, 49,         4, 56, 1.0037853, 72, 502.59875, 73, 514.31012, 77, 36.593750, 79, 1.2299160, 83,     41217,110,        29,116,         4, 84, 3.7533569
4DC,2016/05/10 20:41:00, 50, 0.0000000, 13,       254, 49,         4, 56, 1.0037853, 72, 502.57739, 73, 514.31012, 77, 36.625000, 79, 1.2201934, 83,     41217,110,        29,116,         4, 84, 3.7533569
40C,2016/05/10 20:42:00, 50, 0.0000000, 13,       254, 49,         4, 56, 1.0037853, 72, 502.58026, 73, 514.31012, 77, 36.625000, 79, 1.2104707, 83,     41217,110,        29,116,         4, 84, 3.7533569
42C,2016/05/10 20:43:00, 50, 0.0000000, 13,       254, 49,         4, 56, 1.0037853, 72, 502.57159, 73, 514.33942, 77, 36.656250, 79, 1.2201934, 83,     41217,110,        29,116,         4, 84, 3.7533569
4EC,2016/05/10 20:44:00, 50, 0.0000000, 13,       254, 49,         4, 56, 1.0037853, 72, 502.57251, 73, 514.31012, 77, 36.687500, 79, 1.2201934, 83,     41217,110,        29,116,         4, 84, 3.7533569
4CC,2016/05/10 20:45:00, 50, 0.0000000, 13,       254, 49,         4, 56, 1.0037853, 72, 502.58325, 73, 514.33942, 77, 36.687500, 79, 1.2201934, 83,     41217,110,        29,116,         4, 84, 3.7533569
43C,2016/05/10 20:46:00, 50, 0.0000000, 13,       254, 49,         4, 56, 1.0037853, 72, 502.56134, 73, 514.33942, 77, 36.718750, 79, 1.2201934, 83,     41217,110,        29,116,         4, 84, 3.7533569
4FC,2016/05/10 20:47:00, 50, 0.0000000, 13,       254, 49,         4, 56, 1.0037853, 72, 502.56891, 73, 514.33942, 77, 36.718750, 79, 1.2153320, 83,     41217,110,        29,116,         4, 84, 3.7533569
4DC,2016/05/10 20:48:00, 50, 0.0000000, 13,       254, 49,         4, 56, 1.0037853, 72, 502.56006, 73, 514.33942, 77, 36.718750, 79, 1.2201934, 83,     41217,110,        29,116,         4, 84, 3.7533569
4BC,2016/05/10 20:49:00, 50, 0.0000000, 13,       254, 49,         4, 56, 1.0037853, 72, 502.58929, 73, 514.39789, 77, 36.781250, 79, 1.2153320, 83,     41217,110,        29,116,         4, 84, 3.7533569
48C,2016/05/10 20:50:00, 50, 0.0000000, 13,       254, 49,         4, 56, 1.0037853, 72, 502.58081, 73, 514.39789, 77, 36.781250, 79, 1.2153320, 83,     41217,110,        29,116,         4, 84, 3.7533569
4BC,2016/05/10 20:51:00, 50, 0.0000000, 13,       254, 49,         4, 56, 1.0037853, 72, 502.61530, 73, 514.39789, 77, 36.812500, 79, 1.2153320, 83,     41217,110,        29,116,         4, 84, 3.7533569
40C,2016/05/10 20:52:00, 50, 0.0000000, 13,       254, 49,         4, 56, 1.0037853, 72, 502.61993, 73, 514.42712, 77, 36.812500, 79, 1.2104707, 83,     41217,110,        29,116,         4, 84, 3.7533569
43C,2016/05/10 20:53:00, 50, 0.0000000, 13,       254, 49,         4, 56, 1.0037853, 72, 502.64105, 73, 514.45636, 77, 36.843750, 79, 1.2153320, 83,     41217,110,        29,116,         4, 84, 3.7533569
41C,2016/05/10 20:54:00, 50, 0.0000000, 13,       254, 49,         4, 56, 1.0037853, 72, 502.62701, 73, 514.48560, 77, 36.875000, 79, 1.2201934, 83,     41217,110,        29,116,         4, 84, 3.7533569
41C,2016/05/10 20:55:00, 50, 0.0000000, 13,       254, 49,         4, 56, 1.0037853, 72, 502.64581, 73, 514.45636, 77, 36.875000, 79, 1.2201934, 83,     41217,110,        29,116,         4, 84, 3.7533569
44C,2016/05/10 20:56:00, 50, 0.0000000, 13,       254, 49,         4, 56, 1.0037853, 72, 502.61456, 73, 514.45636, 77, 36.875000, 79, 1.2104707, 83,     41217,110,        29,116,         4, 84, 3.7533569
40C,2016/05/10 20:57:00, 50, 0.0000000, 13,       254, 49,         4, 56, 1.0037853, 72, 502.64496, 73, 514.48560, 77, 36.906250, 79, 1.2153320, 83,     41217,110,        29,116,         4, 84, 3.7533569
4DC,2016/05/10 20:58:00, 50, 0.0000000, 13,       254, 49,         4, 56, 1.0037853, 72, 502.64496, 73, 514.51483, 77, 36.937500, 79, 1.2250546, 83,     41217,110,        29,116,         4, 84, 3.7533569
45C,2016/05/10 20:59:00, 50, 0.0000000, 13,       254, 49,         4, 56, 1.0037853, 72, 502.63696, 73, 514.54407, 77, 36.937500, 79, 1.2104707, 83,     41217,110,        29,116,         4, 84, 3.7533569
41C,2016/05/10 21:00:00, 50, 0.0000000, 13,       254, 49,         4, 56, 1.0037853, 72, 502.64648, 73, 514.54407, 77, 36.968750, 79, 1.2104707, 83,     41217,110,        29,116,         4, 84, 3.7533569
46C,2016/05/10 21:01:00, 50, 0.0000000, 13,       254, 49,         4, 56, 1.0037853, 72, 502.69031, 73, 514.57330, 77, 36.968750, 79, 1.2153320, 83,     41217,110,        29,116,         4, 84, 3.7533569
44C,2016/05/10 21:02:00, 50, 0.0000000, 13,       254, 49,         4, 56, 1.0037853, 72, 502.68060, 73, 514.54407, 77, 37.000000, 79, 1.2153320, 83,     41217,110,        29,116,         4, 84, 3.7533569
4CC,2016/05/10 21:03:00, 50, 0.0000000, 13,       254, 49,         4, 56, 1.0037853, 72, 502.68408, 73, 514.54407, 77, 37.000000, 79, 1.2104707, 83,     41217,110,        29,116,         4, 84, 3.7533569
45C,2016/05/10 21:04:00, 50, 0.0000000, 13,       254, 49,         4, 56, 1.0037853, 72, 502.65002, 73, 514.54407, 77, 37.031250, 79, 1.2201934, 83,     41217,110,        29,116,         4, 84, 3.7533569
49C,2016/05/10 21:05:00, 50, 0.0000000, 13,       254, 49,         4, 56, 1.0037853, 72, 502.64746, 73, 514.54407, 77, 37.031250, 79, 1.2153320, 83,     41217,110,        29,116,         4, 84, 3.7533569
45C,2016/05/10 21:06:00, 50, 0.0000000, 13,       254, 49,         4, 56, 1.0037853, 72, 502.65906, 73, 514.54407, 77, 37.062500, 79, 1.2153320, 83,     41217,110,        29,116,         4, 84, 3.7533569
41C,2016/05/10 21:07:00, 50, 0.0000000, 13,       254, 49,         4, 56, 1.0037853, 72, 502.67102, 73, 514.54407, 77, 37.062500, 79, 1.2201934, 83,     41217,110,        29,116,         4, 84, 3.7533569
43C,2016/05/10 21:08:00, 50, 0.0000000, 13,       254, 49,         4, 56, 1.0037853, 72, 502.64490, 73, 514.54407, 77, 37.062500, 79, 1.2201934, 83,     41217,110,        29,116,         4, 84, 3.7533569
4BC,2016/05/10 21:09:00, 50, 0.0000000, 13,       254, 49,         4, 56, 1.0037853, 72, 502.67871, 73, 514.57330, 77, 37.093750, 79, 1.2201934, 83,     41217,110,        29,116,         4, 84, 3.7533569
4AC,2016/05/10 21:10:00, 50, 0.0000000, 13,       254, 49,         4, 56, 1.0037853, 72, 502.68903, 73, 514.60254, 77, 37.125000, 79, 1.2153320, 83,     41217,110,        29,116,         4, 84, 3.7533569
41C,2016/05/10 21:11:00, 50, 0.0000000, 13,       254, 49,         4, 56, 1.0037853, 72, 502.70929, 73, 514.60254, 77, 37.125000, 79, 1.2201934, 83,     41217,110,        29,116,         4, 84, 3.7533569
41C,2016/05/10 21:12:00, 50, 0.0000000, 13,       254, 49,         4, 56, 1.0037853, 72, 502.68201, 73, 514.60254, 77, 37.156250, 79, 1.2104707, 83,     41217,110,        29,116,         4, 84, 3.7533569
47C,2016/05/10 21:13:00, 50, 0.0000000, 13,       254, 49,         4, 56, 1.0037853, 72, 502.69617, 73, 514.63184, 77, 37.156250, 79, 1.2201934, 83,     41217,110,        29,116,         4, 84, 3.7533569
41C,2016/05/10 21:14:00, 50, 0.0000000, 13,       254, 49,         4, 56, 1.0037853, 72, 502.69141, 73, 514.63184, 77, 37.187500, 79, 1.2153320, 83,     41217,110,        29,116,         4, 84, 3.7533569
41C,2016/05/10 21:15:00, 50, 0.0000000, 13,       254, 49,         4, 56, 1.0037853, 72, 502.75012, 73, 514.66107, 77, 37.156250, 79, 1.2201934, 83,     41217,110,        29,116,         4, 84, 3.7533569
4EC,2016/05/10 21:16:00, 50, 0.0000000, 13,       254, 49,         4, 56, 1.0037853, 72, 502.74213, 73, 514.66107, 77, 37.187500, 79, 1.2201934, 83,     41217,110,        29,116,         4, 84, 3.7533569
4BC,2016/05/10 21:17:00, 50, 0.0000000, 13,       254, 49,         4, 56, 1.0037853, 72, 502.73633, 73, 514.63184, 77, 37.187500, 79, 1.2153320, 83,     41217,110,        29,116,         4, 84, 3.7533569
41C,2016/05/10 21:18:00, 50, 0.0000000, 13,       254, 49,         4, 56, 1.0037853, 72, 502.73749, 73, 514.63184, 77, 37.218750, 79, 1.2201934, 83,     41217,110,        29,116,         4, 84, 3.7533569
42C,2016/05/10 21:19:00, 50, 0.0000000, 13,       254, 49,         4, 56, 1.0037853, 72, 502.70697, 73, 514.69031, 77, 37.250000, 79, 1.2104707, 83,     41217,110,        29,116,         4, 84, 3.7533569
42C,2016/05/10 21:20:00, 50, 0.0000000, 13,       254, 49,         4, 56, 1.0037853, 72, 502.71399, 73, 514.71954, 77, 37.250000, 79, 1.2153320, 83,     41217,110,        29,116,         4, 84, 3.7533569
4EC,2016/05/10 21:21:00, 50, 0.0000000, 13,       254, 49,         4, 56, 1.0037853, 72, 502.75922, 73, 514.69031, 77, 37.250000, 79, 1.2153320, 83,     41217,110,        29,116,         4, 84, 3.7533569
48C,2016/05/10 21:22:00, 50, 0.0000000, 13,       254, 49,         4, 56, 1.0037853, 72, 502.76251, 73, 514.74878, 77, 37.250000, 79, 1.2153320, 83,     41217,110,        29,116,         4, 84, 3.7533569
4BC,2016/05/10 21:23:00, 50, 0.0000000, 13,       254, 49,         4, 56, 1.0037853, 72, 502.74170, 73, 514.74878, 77, 37.281250, 79, 1.2201934, 83,     41217,110,        29,116,         4, 84, 3.7533569
49C,2016/05/10 21:24:00, 50, 0.0000000, 13,       254, 49,         4, 56, 1.0037853, 72, 502.73785, 73, 514.77802, 77, 37.250000, 79, 1.2153320, 83,     41217,110,        29,116,         4, 84, 3.7533569
4FC,2016/05/10 21:25:00, 50, 0.0000000, 13,       254, 49,         4, 56, 1.0037853, 72, 502.76434, 73, 514.77802, 77, 37.281250, 79, 1.2153320, 83,     41217,110,        29,116,         4, 84, 3.7533569
4FC,2016/05/10 21:26:00, 50, 0.0000000, 13,       254, 49,         4, 56, 1.0037853, 72, 502.75201, 73, 514.80725, 77, 37.312500, 79, 1.2201934, 83,     41217,110,        29,116,         4, 84, 3.7533569
43C,2016/05/10 21:27:00, 50, 0.0000000, 13,       254, 49,         4, 56, 1.0037853, 72, 502.78888, 73, 514.77802, 77, 37.281250, 79, 1.2201934, 83,     41217,110,        29,116,         4, 84, 3.7533569
47C,2016/05/10 21:28:00, 50, 0.0000000, 13,       254, 49,         4, 56, 1.0037853, 72, 502.81793, 73, 514.77802, 77, 37.281250, 79, 1.2299160, 83,     41217,110,        29,116,         4, 84, 3.7533569
4CC,2016/05/10 21:29:00, 50, 0.0000000, 13,       254, 49,         4, 56, 1.0037853, 72, 502.81049, 73, 514.77802, 77, 37.312500, 79, 1.2153320, 83,     41217,110,        29,116,         4, 84, 3.7533569
46C,2016/05/10 21:30:00, 50, 0.0000000, 13,       254, 49,         4, 56, 1.0037853, 72, 502.85468, 73, 514.80725, 77, 37.343750, 79, 1.2153320, 83,     41217,110,        29,116,         4, 84, 3.7533569
44C,2016/05/10 21:31:00, 50, 0.0000000, 13,       254, 49,         4, 56, 1.0037853, 72, 502.83826, 73, 514.83649, 77, 37.343750, 79, 1.2201934, 83,     41217,110,        29,116,         4, 84, 3.7533569
42C,2016/05/10 21:32:00, 50, 0.0000000, 13,       254, 49,         4, 56, 1.0037853, 72, 502.83301, 73, 514.83649, 77, 37.343750, 79, 1.2153320, 83,     41217,110,        29,116,         4, 84, 3.7533569
47C,2016/05/10 21:33:00, 50, 0.0000000, 13,       254, 49,         4, 56, 1.0037853, 72, 502.86591, 73, 514.86572, 77, 37.343750, 79, 1.2153320, 83,     41217,110,        29,116,         4, 84, 3.7533569
48C,2016/05/10 21:34:00, 50, 0.0000000, 13,       254, 49,         4, 56, 1.0037853, 72, 502.85919, 73, 514.86572, 77, 37.375000, 79, 1.2153320, 83,     41217,110,        29,116,         4, 84, 3.7533569
43C,2016/05/10 21:35:00, 50, 0.0000000, 13,       254, 49,         4, 56, 1.0037853, 72, 502.85822, 73, 514.89496, 77, 37.406250, 79, 1.2104707, 83,     41217,110,        29,116,         4, 84, 3.7533569
42C,2016/05/10 21:36:00, 50, 0.0000000, 13,       254, 49,         4, 56, 1.0037853, 72, 502.86346, 73, 514.86572, 77, 37.375000, 79, 1.2201934, 83,     41217,110,        29,116,         4, 84, 3.7533569
46C,2016/05/10 21:37:00, 50, 0.0000000, 13,       254, 49,         4, 56, 1.0037853, 72, 502.88135, 73, 514.92426, 77, 37.375000, 79, 1.2104707, 83,     41217,110,        29,116,         4, 84, 3.7533569
4FC,2016/05/10 21:38:00, 50, 0.0000000, 13,       254, 49,         4, 56, 1.0037853, 72, 502.85785, 73, 514.89496, 77, 37.406250, 79, 1.2153320, 83,     41217,110,        29,116,         4, 84, 3.7533569
45C,2016/05/10 21:39:00, 50, 0.0000000, 13,       254, 49,         4, 56, 1.0037853, 72, 502.86823, 73, 514.89496, 77, 37.437500, 79, 1.2201934, 83,     41217,110,        29,116,         4, 84, 3.7533569
45C,2016/05/10 21:40:00, 50, 0.0000000, 13,       254, 49,         4, 56, 1.0037853, 72, 502.87152, 73, 514.89496, 77, 37.437500, 79, 1.2201934, 83,     41217,110,        29,116,         4, 84, 3.7533569
4CC,2016/05/10 21:41:00, 50, 0.0000000, 13,       254, 49,         4, 56, 1.0037853, 72, 502.88293, 73, 514.92426, 77, 37.437500, 79, 1.2104707, 83,     41217,110,        29,116,         4, 84, 3.7533569
44C,2016/05/10 21:42:00, 50, 0.0000000, 13,       254, 49,         4, 56, 1.0037853, 72, 502.89203, 73, 514.92426, 77, 37.406250, 79, 1.2153320, 83,     41217,110,        29,116,         4, 84, 3.7533569
4AC,2016/05/10 21:43:00, 50, 0.0000000, 13,       254, 49,         4, 56, 1.0037853, 72, 502.92285, 73, 514.92426, 77, 37.406250, 79, 1.2201934, 83,     41217,110,        29,116,         4, 84, 3.7533569
49C,2016/05/10 21:44:00, 50, 0.0000000, 13,       254, 49,         4, 56, 1.0037853, 72, 502.92572, 73, 514.92426, 77, 37.406250, 79, 1.2153320, 83,     41217,110,        29,116,         4, 84, 3.7533569
49C,2016/05/10 21:45:00, 50, 0.0000000, 13,       254, 49,         4, 56, 1.0037853, 72, 502.93488, 73, 514.95349, 77, 37.468750, 79, 1.2153320, 83,     41217,110,        29,116,         4, 84, 3.7533569
42C,2016/05/10 21:46:00, 50, 0.0000000, 13,       254, 49,         4, 56, 1.0037853, 72, 502.91827, 73, 514.98273, 77, 37.468750, 79, 1.2250546, 83,     41217,110,        29,116,         4, 84, 3.7533569
49C,2016/05/10 21:47:00, 50, 0.0000000, 13,       254, 49,         4, 56, 1.0037853, 72, 502.94189, 73, 515.01196, 77, 37.437500, 79, 1.2153320, 83,     41217,110,        29,116,         4, 84, 3.7533569
43C,2016/05/10 21:48:00, 50, 0.0000000, 13,       254, 49,         4, 56, 1.0037853, 72, 502.96619, 73, 514.98273, 77, 37.437500, 79, 1.2153320, 83,     41217,110,        29,116,         4, 84, 3.7533569
49C,2016/05/10 21:49:00, 50, 0.0000000, 13,       254, 49,         4, 56, 1.0037853, 72, 502.92792, 73, 514.98273, 77, 37.468750, 79, 1.2153320, 83,     41217,110,        29,116,         4, 84, 3.7533569
4AC,2016/05/10 21:50:00, 50, 0.0000000, 13,       254, 49,         4, 56, 1.0037853, 72, 502.99005, 73, 515.01196, 77, 37.468750, 79, 1.2153320, 83,     41217,110,        29,116,         4, 84, 3.7533569
4FC,2016/05/10 21:51:00, 50, 0.0000000, 13,       254, 49,         4, 56, 1.0037853, 72, 503.02393, 73, 515.01196, 77, 37.500000, 79, 1.2250546, 83,     41217,110,        29,116,         4, 84, 3.7533569
45C,2016/05/10 21:52:00, 50, 0.0000000, 13,       254, 49,         4, 56, 1.0037853, 72, 502.98846, 73, 515.01196, 77, 37.531250, 79, 1.2201934, 83,     41217,110,        29,116,         4, 84, 3.7533569
43C,2016/05/10 21:53:00, 50, 0.0000000, 13,       254, 49,         4, 56, 1.0037853, 72, 502.98230, 73, 514.98273, 77, 37.500000, 79, 1.2201934, 83,     41217,110,        29,116,         4, 84, 3.7533569
49C,2016/05/10 21:54:00, 50, 0.0000000, 13,       254, 49,         4, 56, 1.0037853, 72, 502.96997, 73, 514.98273, 77, 37.531250, 79, 1.2201934, 83,     41217,110,        29,116,         4, 84, 3.7533569
4DC,2016/05/10 21:55:00, 50, 0.0000000, 13,       254, 49,         4, 56, 1.0037853, 72, 502.97272, 73, 515.01196, 77, 37.500000, 79, 1.2104707, 83,     41217,110,        29,116,         4, 84, 3.7533569
48C,2016/05/10 21:56:00, 50, 0.0000000, 13,       254, 49,         4, 56, 1.0037853, 72, 502.97607, 73, 515.04120, 77, 37.500000, 79, 1.2201934, 83,     41217,110,        29,116,         4, 84, 3.7533569
4EC,2016/05/10 21:57:00, 50, 0.0000000, 13,       254, 49,         4, 56, 1.0037853, 72, 502.98199, 73, 515.01196, 77, 37.500000, 79, 1.2201934, 83,     41217,110,        29,116,         4, 84, 3.7533569
45C,2016/05/10 21:58:00, 50, 0.0000000, 13,       254, 49,         4, 56, 1.0037853, 72, 502.96356, 73, 515.01196, 77, 37.500000, 79, 1.2153320, 83,     41217,110,        29,116,         4, 84, 3.7533569
4AC,2016/05/10 21:59:00, 50, 0.0000000, 13,       254, 49,         4, 56, 1.0037853, 72, 502.98981, 73, 515.01196, 77, 37.500000, 79, 1.2153320, 83,     41217,110,        29,116,         4, 84, 3.7533569
4EC,2016/05/10 22:00:00, 50, 0.0000000, 13,       254, 49,         4, 56, 1.0037853, 72, 502.96265, 73, 515.07043, 77, 37.500000, 79, 1.2201934, 83,     41217,110,        29,116,         4, 84, 3.7533569
48C,2016/05/10 22:01:00, 50, 0.0000000, 13,       254, 49,         4, 56, 1.0037853, 72, 502.99512, 73, 515.04120, 77, 37.500000, 79, 1.2104707, 83,     41217,110,        29,116,         4, 84, 3.7533569
46C,2016/05/10 22:02:00, 50, 0.0000000, 13,       254, 49,         4, 56, 1.0037853, 72, 502.99536, 73, 515.09967, 77, 37.531250, 79, 1.2201934, 83,     41217,110,        29,116,         4, 84, 3.7533569
4FC,2016/05/10 22:03:00, 50, 0.0000000, 13,       254, 49,         4, 56, 1.0037853, 72, 503.00513, 73, 515.09967, 77, 37.500000, 79, 1.2153320, 83,     41217,110,        29,116,         4, 84, 3.7533569
42C,2016/05/10 22:04:00, 50, 0.0000000, 13,       254, 49,         4, 56, 1.0037853, 72, 503.03857, 73, 515.12891, 77, 37.531250, 79, 1.2104707, 83,     41217,110,        29,116,         4, 84, 3.7533569
4EC,2016/05/10 22:05:00, 50, 0.0000000, 13,       254, 49,         4, 56, 1.0037853, 72, 503.02429, 73, 515.15814, 77, 37.531250, 79, 1.2153320, 83,     41217,110,        29,116,         4, 84, 3.7533569
4FC,2016/05/10 22:06:00, 50, 0.0000000, 13,       254, 49,         4, 56, 1.0037853, 72, 503.04309, 73, 515.12891, 77, 37.531250, 79, 1.2201934, 83,     41217,110,        29,116,         4, 84, 3.7533569
44C,2016/05/10 22:07:00, 50, 0.0000000, 13,       254, 49,         4, 56, 1.0037853, 72, 503.07471, 73, 515.15814, 77, 37.531250, 79, 1.2153320, 83,     41217,110,        29,116,         4, 84, 3.7533569
4FC,2016/05/10 22:08:00, 50, 0.0000000, 13,       254, 49,         4, 56, 1.0037853, 72, 503.06671, 73, 515.15814, 77, 37.562500, 79, 1.2104707, 83,     41217,110,        29,116,         4, 84, 3.7533569
43C,2016/05/10 22:09:00, 50, 0.0000000, 13,       254, 49,         4, 56, 1.0037853, 72, 503.09692, 73, 515.18738, 77, 37.562500, 79, 1.2153320, 83,     41217,110,        29,116,         4, 84, 3.7533569
4FC,2016/05/10 22:10:00, 50, 0.0000000, 13,       254, 49,         4, 56, 1.0037853, 72, 503.07806, 73, 515.18738, 77, 37.593750, 79, 1.2153320, 83,     41217,110,        29,116,         4, 84, 3.7533569
45C,2016/05/10 22:11:00, 50, 0.0000000, 13,       254, 49,         4, 56, 1.0037853, 72, 503.07214, 73, 515.18738, 77, 37.562500, 79, 1.2201934, 83,     41217,110,        29,116,         4, 84, 3.7533569
4CC,2016/05/10 22:12:00, 50, 0.0000000, 13,       254, 49,         4, 56, 1.0037853, 72, 503.10895, 73, 515.21667, 77, 37.625000, 79, 1.2153320, 83,     41217,110,        29,116,         4, 84, 3.7533569
40C,2016/05/10 22:13:00, 50, 0.0000000, 13,       254, 49,         4, 56, 1.0037853, 72, 503.09351, 73, 515.18738, 77, 37.593750, 79, 1.2201934, 83,     41217,110,        29,116,         4, 84, 3.7533569
44C,2016/05/10 22:14:00, 50, 0.0000000, 13,       254, 49,         4, 56, 1.0037853, 72, 503.11304, 73, 515.21667, 77, 37.593750, 79, 1.2153320, 83,     41217,110,        29,116,         4, 84, 3.7533569
49C,2016/05/10 22:15:00, 50, 0.0000000, 13,       254, 49,         4, 56, 1.0037853, 72, 503.10498, 73, 515.24591, 77, 37.593750, 79, 1.2153320, 83,     41217,110,        29,116,         4, 84, 3.7533569
44C,2016/05/10 22:16:00, 50, 0.0000000, 13,       254, 49,         4, 56, 1.0037853, 72, 503.09198, 73, 515.21667, 77, 37.625000, 79, 1.2153320, 83,     41217,110,        29,116,         4, 84, 3.7533569
4EC,2016/05/10 22:17:00, 50, 0.0000000, 13,       254, 49,         4, 56, 1.0037853, 72, 503.10437, 73, 515.21667, 77, 37.656250, 79, 1.2153320, 83,     41217,110,        29,116,         4, 84, 3.7533569
46C,2016/05/10 22:18:00, 50, 0.0000000, 13,       254, 49,         4, 56, 1.0037853, 72, 503.13989, 73, 515.24591, 77, 37.656250, 79, 1.2104707, 83,     41217,110,        29,116,         4, 84, 3.7533569
43C,2016/05/10 22:19:00, 50, 0.0000000, 13,       254, 49,         4, 56, 1.0037853, 72, 503.14258, 73, 515.30438, 77, 37.656250, 79, 1.2153320, 83,     41217,110,        29,116,         4, 84, 3.7533569
42C,2016/05/10 22:20:00, 50, 0.0000000, 13,       254, 49,         4, 56, 1.0037853, 72, 503.14911, 73, 515.30438, 77, 37.687500, 79, 1.2104707, 83,     41217,110,        29,116,         4, 84, 3.7533569
4FC,2016/05/10 22:21:00, 50, 0.0000000, 13,       254, 49,         4, 56, 1.0037853, 72, 503.17761, 73, 515.30438, 77, 37.656250, 79, 1.2201934, 83,     41217,110,        29,116,         4, 84, 3.7533569
40C,2016/05/10 22:22:00, 50, 0.0000000, 13,       254, 49,         4, 56, 1.0037853, 72, 503.15356, 73, 515.30438, 77, 37.687500, 79, 1.2201934, 83,     41217,110,        29,116,         4, 84, 3.7533569
42C,2016/05/10 22:23:00, 50, 0.0000000, 13,       254, 49,         4, 56, 1.0037853, 72, 503.15833, 73, 515.30438, 77, 37.687500, 79, 1.2153320, 83,     41217,110,        29,116,         4, 84, 3.7533569
40C,2016/05/10 22:24:00, 50, 0.0000000, 13,       254, 49,         4, 56, 1.0037853, 72, 503.16583, 73, 515.33362, 77, 37.687500, 79, 1.2201934, 83,     41217,110,        29,116,         4, 84, 3.7533569
45C,2016/05/10 22:25:00, 50, 0.0000000, 13,       254, 49,         4, 56, 1.0037853, 72, 503.15741, 73, 515.30438, 77, 37.687500, 79, 1.2201934, 83,     41217,110,        29,116,         4, 84, 3.7533569
44C,2016/05/10 22:26:00, 50, 0.0000000, 13,       254, 49,         4, 56, 1.0037853, 72, 503.19025, 73, 515.33362, 77, 37.718750, 79, 1.2201934, 83,     41217,110,        29,116,         4, 84, 3.7533569
44C,2016/05/10 22:27:00, 50, 0.0000000, 13,       254, 49,         4, 56, 1.0037853, 72, 503.19360, 73, 515.27515, 77, 37.718750, 79, 1.2201934, 83,     41217,110,        29,116,         4, 84, 3.7533569
42C,2016/05/10 22:28:00, 50, 0.0000000, 13,       254, 49,         4, 56, 1.0037853, 72, 503.15967, 73, 515.30438, 77, 37.718750, 79, 1.2201934, 83,     41217,110,        29,116,         4, 84, 3.7533569
47C,2016/05/10 22:29:00, 50, 0.0000000, 13,       254, 49,         4, 56, 1.0037853, 72, 503.16791, 73, 515.33362, 77, 37.687500, 79, 1.2153320, 83,     41217,110,        29,116,         4, 84, 3.7533569
45C,2016/05/10 22:30:00, 50, 0.0000000, 13,       254, 49,         4, 56, 1.0037853, 72, 503.20044, 73, 515.33362, 77, 37.718750, 79, 1.2153320, 83,     41217,110,        29,116,         4, 84, 3.7533569
4FC,2016/05/10 22:31:00, 50, 0.0000000, 13,       254, 49,         4, 56, 1.0037853, 72, 503.19031, 73, 515.33362, 77, 37.718750, 79, 1.2104707, 83,     41217,110,        29,116,         4, 84, 3.7533569
41C,2016/05/10 22:32:00, 50, 0.0000000, 13,       254, 49,         4, 56, 1.0037853, 72, 503.22028, 73, 515.33362, 77, 37.750000, 79, 1.2153320, 83,     41217,110,        29,116,         4, 84, 3.7533569
45C,2016/05/10 22:33:00, 50, 0.0000000, 13,       254, 49,         4, 56, 1.0037853, 72, 503.22839, 73, 515.36285, 77, 37.750000, 79, 1.2153320, 83,     41217,110,        29,116,         4, 84, 3.7533569
4EC,2016/05/10 22:34:00, 50, 0.0000000, 13,       254, 49,         4, 56, 1.0037853, 72, 503.20526, 73, 515.36285, 77, 37.718750, 79, 1.2104707, 83,     41217,110,        29,116,         4, 84, 3.7533569
41C,2016/05/10 22:35:00, 50, 0.0000000, 13,       254, 49,         4, 56, 1.0037853, 72, 503.21008, 73, 515.36285, 77, 37.750000, 79, 1.2201934, 83,     41217,110,        29,116,         4, 84, 3.7533569
4EC,2016/05/10 22:36:00, 50, 0.0000000, 13,       254, 49,         4, 56, 1.0037853, 72, 503.24878, 73, 515.42133, 77, 37.750000, 79, 1.2153320, 83,     41217,110,        29,116,         4, 84, 3.7533569
49C,2016/05/10 22:37:00, 50, 0.0000000, 13,       254, 49,         4, 56, 1.0037853, 72, 503.24799, 73, 515.39209, 77, 37.750000, 79, 1.2153320, 83,     41217,110,        29,116,         4, 84, 3.7533569
49C,2016/05/10 22:38:00, 50, 0.0000000, 13,       254, 49,         4, 56, 1.0037853, 72, 503.27399, 73, 515.42133, 77, 37.718750, 79, 1.2153320, 83,     41217,110,        29,116,         4, 84, 3.7533569
4CC,2016/05/10 22:39:00, 50, 0.0000000, 13,       254, 49,         4, 56, 1.0037853, 72, 503.29724, 73, 515.39209, 77, 37.750000, 79, 1.2153320, 83,     41217,110,        29,116,         4, 84, 3.7533569
42C,2016/05/10 22:40:00, 50, 0.0000000, 13,       254, 49,         4, 56, 1.0037853, 72, 503.26215, 73, 515.42133, 77, 37.718750, 79, 1.2153320, 83,     41217,110,        29,116,         4, 84, 3.7533569
46C,2016/05/10 22:41:00, 50, 0.0000000, 13,       254, 49,         4, 56, 1.0037853, 72, 503.27142, 73, 515.42133, 77, 37.750000, 79, 1.2201934, 83,     41217,110,        29,116,         4, 84, 3.7533569
4AC,2016/05/10 22:42:00, 50, 0.0000000, 13,       254, 49,         4, 56, 1.0037853, 72, 503.24011, 73, 515.45056, 77, 37.718750, 79, 1.2201934, 83,     41217,110,        29,116,         4, 84, 3.7533569
4FC,2016/05/10 22:43:00, 50, 0.0000000, 13,       254, 49,         4, 56, 1.0037853, 72, 503.26611, 73, 515.42133, 77, 37.750000, 79, 1.2153320, 83,     41217,110,        29,116,         4, 84, 3.7533569
48C,2016/05/10 22:44:00, 50, 0.0000000, 13,       254, 49,         4, 56, 1.0037853, 72, 503.22229, 73, 515.39209, 77, 37.718750, 79, 1.2104707, 83,     41217,110,        29,116,         4, 84, 3.7533569
42C,2016/05/10 22:45:00, 50, 0.0000000, 13,       254, 49,         4, 56, 1.0037853, 72, 503.26697, 73, 515.42133, 77, 37.718750, 79, 1.2201934, 83,     41217,110,        29,116,         4, 84, 3.7533569
43C,2016/05/10 22:46:00, 50, 0.0000000, 13,       254, 49,         4, 56, 1.0037853, 72, 503.26813, 73, 515.42133, 77, 37.718750, 79, 1.2201934, 83,     41217,110,        29,116,         4, 84, 3.7533569
40C,2016/05/10 22:47:00, 50, 0.0000000, 13,       254, 49,         4, 56, 1.0037853, 72, 503.28577, 73, 515.39209, 77, 37.656250, 79, 1.2153320, 83,     41217,110,        29,116,         4, 84, 3.7533569
43C,2016/05/10 22:48:00, 50, 0.0000000, 13,       254, 49,         4, 56, 1.0037853, 72, 503.24213, 73, 515.42133, 77, 37.625000, 79, 1.2153320, 83,     41217,110,        29,116,         4, 84, 3.7533569
48C,2016/05/10 22:49:00, 50, 0.0000000, 13,       254, 49,         4, 56, 1.0037853, 72, 503.25708, 73, 515.36285, 77, 37.468750, 79, 1.2153320, 83,     41217,110,        29,116,         4, 84, 3.7533569
46C,2016/05/10 22:50:00, 50, 0.0000000, 13,       254, 49,         4, 56, 1.0037853, 72, 503.34106, 73, 515.36285, 77, 37.312500, 79, 1.2104707, 83,     41217,110,        29,116,         4, 84, 3.7533569
4FC,2016/05/10 22:51:00, 50, 0.0000000, 13,       254, 49,         4, 56, 1.0037853, 72, 511.64185, 73, 515.27515, 77, 37.125000, 79, 1.2201934, 83,     41217,110,        29,116,         4, 84, 3.7533569
4FC,2016/05/10 22:52:00, 50, 0.0000000, 13,       254, 49,         4, 56, 1.0037853, 72, 503.40027, 73, 515.27515, 77, 36.937500, 79, 1.2201934, 83,     41217,110,        29,116,         4, 84, 3.7533569
42C,2016/05/10 22:53:00, 50, 0.0000000, 13,       254, 49,         4, 56, 1.0037853, 72, 503.30499, 73, 515.21667, 77, 36.656250, 79, 1.2201934, 83,     41217,110,        29,116,         4, 84, 3.7533569
4DC,2016/05/10 22:54:00, 50, 0.0000000, 13,       254, 49,         4, 56, 1.0037853, 72, 503.35889, 73, 515.12891, 77, 36.500000, 79, 1.2201934, 83,     41217,110,        29,116,         4, 84, 3.7533569
44C,2016/05/10 22:55:00, 50, 0.0000000, 13,       254, 49,         4, 56, 1.0037853, 72, 503.34821, 73, 515.04120, 77, 36.375000, 79, 1.2153320, 83,     41217,110,        29,116,         4, 84, 3.7533569
4BC,2016/05/10 22:56:00, 50, 0.0000000, 13,       254, 49,         4, 56, 1.0037853, 72, 503.37097, 73, 515.01196, 77, 36.156250, 79, 1.2250546, 83,     41217,110,        29,116,         4, 84, 3.7533569
45C,2016/05/10 22:57:00, 50, 0.0000000, 13,       254, 49,         4, 56, 1.0037853, 72, 503.40356, 73, 514.98273, 77, 35.906250, 79, 1.2153320, 83,     41217,110,        29,116,         4, 84, 3.7533569
44C,2016/05/10 22:58:00, 50, 0.0000000, 13,       254, 49,         4, 56, 1.0037853, 72, 503.43207, 73, 514.92426, 77, 35.687500, 79, 1.2153320, 83,     41217,110,        29,116,         4, 84, 3.7533569
47C,2016/05/10 22:59:00, 50, 0.0000000, 13,       254, 49,         4, 56, 1.0037853, 72, 503.45923, 73, 514.83649, 77, 35.500000, 79, 1.2201934, 83,     41217,110,        29,116,         4, 84, 3.7533569
44C,2016/05/10 23:00:00, 50, 0.0000000, 13,       254, 49,         4, 56, 1.0037853, 72, 503.43652, 73, 514.80725, 77, 35.281250, 79, 1.2201934, 83,     41217,110,        29,116,         4, 84, 3.7533569
4AC,2016/05/10 23:01:00, 50, 0.0000000, 13,       254, 49,         4, 56, 1.0037853, 72, 503.42920, 73, 514.69031, 77, 35.125000, 79, 1.2153320, 83,     41217,110,        29,116,         4, 84, 3.7533569
