51C,2016/05/20 18:13:00, 50, 0.0000000, 13,        55, 49,         8, 56, 1.0037853, 72, 502.24847, 73, 510.09930, 77, 22.031250, 79, 1.2347773, 83,     43777,110,        29,116,         4, 84,-0.0001526
41C,2016/05/20 18:14:00, 50, 0.0000000, 13,       252, 49,         4, 56, 1.0037853, 72, 502.15198, 73, 510.07007, 77, 22.656250, 79, 1.2347773, 83,     43777,110,        29,116,         4, 84, 4.7445679
4BC,2016/05/20 18:15:00, 50, 0.0000000, 13,       132, 49,         4, 56, 1.0037853, 72, 502.26343, 73, 509.95306, 77, 23.093750, 79, 1.2347773, 83,     43777,110,        29,116,         4, 84, 4.7445679
50C,2016/05/20 18:16:00, 50, 0.0000000, 13,        28, 49,         1, 56, 1.0037853, 72, 502.24445, 73, 511.53217, 77, 23.562500, 79, 1.2347773, 83,     43777,110,        29,116,         4, 84, 4.4410706
53C,2016/05/20 18:17:00, 50, 0.0000000, 13,        25, 49,         1, 56, 1.0037853, 72, 502.29797, 73, 510.39172, 77, 23.937500, 79, 1.2347773, 83,     43777,110,        29,116,         4, 84, 4.0519714
57C,2016/05/20 18:18:00, 50, 0.0000000, 13,        26, 49,         4, 56, 1.0037853, 72, 502.24402, 73, 510.50867, 77, 24.312500, 79, 1.2299160, 83,     43777,110,        29,116,         4, 84, 3.8720703
50C,2016/05/20 18:19:00, 50, 0.0000000, 13,        29, 49,         1, 56, 1.0037853, 72, 502.17163, 73, 510.56714, 77, 24.687500, 79, 1.2347773, 83,     43777,110,        29,116,         4, 84, 3.9179993
54C,2016/05/20 18:20:00, 50, 0.0000000, 13,        31, 49,         1, 56, 1.0037853, 72, 502.12775, 73, 511.06427, 77, 25.000000, 79, 1.2347773, 83,     43777,110,        29,116,         4, 84, 3.8557434
57C,2016/05/20 18:21:00, 50, 0.0000000, 13,        35, 49,         1, 56, 1.0037853, 72, 502.07581, 73, 512.11700, 77, 25.312500, 79, 1.2347773, 83,     43777,110,        29,116,         4, 84, 3.6401367
55C,2016/05/20 18:22:00, 50, 0.0000000, 13,        41, 49,         1, 56, 1.0037853, 72, 502.04266, 73, 512.26318, 77, 25.593750, 79, 1.2299160, 83,     43777,110,        29,116,         4, 84, 3.8325500
5EC,2016/05/20 18:23:00, 50, 0.0000000, 13,        44, 49,         1, 56, 1.0037853, 72, 501.97314, 73, 512.35095, 77, 25.875000, 79, 1.2299160, 83,     43777,110,        29,116,         4, 84, 3.7834167
52C,2016/05/20 18:24:00, 50, 0.0000000, 13,        46, 49,         1, 56, 1.0037853, 72, 501.91846, 73, 512.43866, 77, 26.125000, 79, 1.2299160, 83,     43777,110,        29,116,         4, 84, 3.4765625
56C,2016/05/20 18:25:00, 50, 0.0000000, 13,        47, 49,         1, 56, 1.0037853, 72, 501.85266, 73, 512.49713, 77, 26.406250, 79, 1.2250546, 83,     43777,110,        29,116,         4, 84, 3.6257935
54C,2016/05/20 18:26:00, 50, 0.0000000, 13,        51, 49,         1, 56, 1.0037853, 72, 501.84442, 73, 512.55560, 77, 26.687500, 79, 1.2299160, 83,     43777,110,        29,116,         4, 84, 3.6820984
5FC,2016/05/20 18:27:00, 50, 0.0000000, 13,        55, 49,         1, 56, 1.0037853, 72, 501.78857, 73, 512.64337, 77, 26.937500, 79, 1.2299160, 83,     43777,110,        29,116,         4, 84, 3.7704468
5DC,2016/05/20 18:28:00, 50, 0.0000000, 13,        59, 49,         1, 56, 1.0037853, 72, 501.78339, 73, 512.73108, 77, 27.125000, 79, 1.2299160, 83,     43777,110,        29,116,         4, 84, 3.8978577
5AC,2016/05/20 18:29:00, 50, 0.0000000, 13,        60, 49,         1, 56, 1.0037853, 72, 501.78094, 73, 512.76031, 77, 27.375000, 79, 1.2250546, 83,     43777,110,        29,116,         4, 84, 3.7918091
52C,2016/05/20 18:30:00, 50, 0.0000000, 13,        62, 49,         1, 56, 1.0037853, 72, 501.79388, 73, 512.84802, 77, 27.593750, 79, 1.2299160, 83,     43777,110,        29,116,         4, 84, 3.8607788
56C,2016/05/20 18:31:00, 50, 0.0000000, 13,        63, 49,         1, 56, 1.0037853, 72, 501.84393, 73, 512.90656, 77, 27.843750, 79, 1.2299160, 83,     41729,110,        29,116,         4, 84, 3.8691711
57C,2016/05/20 18:32:00, 50, 0.0000000, 13,        67, 49,         1, 56, 1.0037853, 72, 501.84399, 73, 512.93579, 77, 28.000000, 79, 1.2299160, 83,     41729,110,        29,116,         4, 84, 3.7931824
55C,2016/05/20 18:33:00, 50, 0.0000000, 13,        70, 49,         1, 56, 1.0037853, 72, 501.86224, 73, 512.99426, 77, 28.218750, 79, 1.2299160, 83,     41729,110,        29,116,         4, 84, 3.8208008
5FC,2016/05/20 18:34:00, 50, 0.0000000, 13,        72, 49,         1, 56, 1.0037853, 72, 501.90820, 73, 513.05273, 77, 28.437500, 79, 1.2201934, 83,     41729,110,        29,116,         4, 84, 3.8740540
41C,2016/05/20 18:35:00, 50, 0.0000000, 13,        74, 49,         1, 56, 1.0037853, 72, 501.90802, 73, 513.11121, 77, 28.625000, 79, 1.2250546, 83,     33284,110,         6,116,         4, 84, 3.8209534
46C,2016/05/20 18:36:00, 50, 0.0000000, 13,        76, 49,         1, 56, 1.0037853, 72, 501.90802, 73, 513.19897, 77, 28.843750, 79, 1.2250546, 83,     33284,110,         6,116,         4, 84, 3.8883972
4AC,2016/05/20 18:37:00, 50, 0.0000000, 13,        78, 49,         1, 56, 1.0037853, 72, 501.90802, 73, 513.25745, 77, 29.062500, 79, 1.2250546, 83,     33284,110,         6,116,         4, 84, 3.8700867
4CC,2016/05/20 18:38:00, 50, 0.0000000, 13,        80, 49,         1, 56, 1.0037853, 72, 501.90802, 73, 513.34515, 77, 29.343750, 79, 1.2250546, 83,     33284,110,         6,116,         4, 84, 3.8073730
46C,2016/05/20 18:39:00, 50, 0.0000000, 13,        82, 49,         1, 56, 1.0037853, 72, 501.90802, 73, 513.43286, 77, 29.562500, 79, 1.2201934, 83,         4,110,         7,116,         4, 84, 3.8922119
41C,2016/05/20 18:40:00, 50, 0.0000000, 13,        84, 49,         1, 56, 1.0037853, 72, 501.90802, 73, 513.46210, 77, 29.718750, 79, 1.2299160, 83,     32768,110,         0,116,         4, 84, 3.8583374
44C,2016/05/20 18:41:00, 50, 0.0000000, 13,        83, 49,         1, 56, 1.0037853, 72, 501.90802, 73, 513.52063, 77, 29.937500, 79, 1.2299160, 83,     33024,110,         0,116,         4, 84, 4.4476318
4AC,2016/05/20 18:42:00, 50, 0.0000000, 13,        79, 49,         1, 56, 1.0037853, 72, 501.90802, 73, 513.54987, 77, 30.093750, 79, 1.2299160, 83,     33024,110,         0,116,         4, 84, 4.5495605
48C,2016/05/20 18:43:00, 50, 0.0000000, 13,        86, 49,         1, 56, 1.0037853, 72, 501.90802, 73, 513.60834, 77, 30.281250, 79, 1.2250546, 83,     32768,110,         1,116,         4, 84, 3.7767029
5CC,2016/05/20 18:44:00, 50, 9011.5430, 13,        86, 49,         4, 56, 1.0037853, 72, 502.01910, 73, 512.32166, 77, 30.406250, 79, 1.2250546, 83,     32768,110,        28,116,         4, 84, 3.8301086
59C,2016/05/20 18:45:00, 50, 9011.5430, 13,        90, 49,        64, 56, 1.0037853, 72, 502.01910, 73, 512.43866, 77, 30.593750, 79, 1.2250546, 83,     32772,110,         6,116,         4, 84, 3.8148499
50C,2016/05/20 18:46:00, 50, 9011.5430, 13,        92, 49,        64, 56, 1.0037853, 72, 502.01910, 73, 512.43866, 77, 30.781250, 79, 1.2201934, 83,     32772,110,         6,116,         4, 84, 3.8374329
45C,2016/05/20 18:47:00, 50, 9011.5430, 13,        92, 49,         4, 56, 1.0037853, 72, 502.01910, 73, 512.46790, 77, 30.875000, 79, 1.2396387, 83,     32772,110,         6,116,         4, 84, 4.3043518
4CC,2016/05/20 18:48:00, 50, 9011.5430, 13,        95, 49,       128, 56, 1.0037853, 72, 502.01910, 73, 512.58484, 77, 31.062500, 79, 1.2347773, 83,     32772,110,         7,116,         4, 84, 3.8258362
51C,2016/05/20 18:49:00, 50, 9011.5430, 13,        97, 49,         1, 56, 1.0037853, 72, 502.01910, 73, 512.49713, 77, 31.218750, 79, 1.2250546, 83,     32768,110,        28,116,         4, 84, 3.8218689
4FC,2016/05/20 18:50:00, 50, 9011.5430, 13,        99, 49,        64, 56, 1.0037853, 72, 502.01910, 73, 512.55560, 77, 31.375000, 79, 1.2250546, 83,     32768,110,        28,116,         4, 84, 3.8543701
42C,2016/05/20 18:51:00, 50, 9011.5430, 13,       100, 49,        64, 56, 1.0037853, 72, 502.01910, 73, 512.64337, 77, 31.468750, 79, 1.2201934, 83,     32772,110,         6,116,         4, 84, 3.8218689
42C,2016/05/20 18:52:00, 50, 9011.5430, 13,       101, 49,        64, 56, 1.0037853, 72, 502.01910, 73, 512.67261, 77, 31.531250, 79, 1.2299160, 83,     32772,110,         6,116,         4, 84, 3.8227844
46C,2016/05/20 18:53:00, 50, 9011.5430, 13,       102, 49,        32, 56, 1.0037853, 72, 502.01910, 73, 512.70184, 77, 31.593750, 79, 1.2299160, 83,     32772,110,         6,116,         4, 84, 3.8525391
4CC,2016/05/20 18:54:00, 50, 9011.5430, 13,       102, 49,        32, 56, 1.0037853, 72, 502.01910, 73, 512.70184, 77, 31.625000, 79, 1.2201934, 83,     32772,110,         7,116,         4, 84, 3.8250732
46C,2016/05/20 18:55:00, 50, 9011.5430, 13,       104, 49,        16, 56, 1.0037853, 72, 502.01910, 73, 512.78955, 77, 31.718750, 79, 1.2201934, 83,     32768,110,         0,116,         4, 84, 3.8613892
40C,2016/05/20 18:56:00, 50, 9011.5430, 13,       104, 49,        16, 56, 1.0037853, 72, 502.01910, 73, 512.78955, 77, 31.812500, 79, 1.2201934, 83,     32768,110,         0,116,         4, 84, 3.8436890
41C,2016/05/20 18:57:00, 50, 9011.5430, 13,       104, 49,        16, 56, 1.0037853, 72, 502.01910, 73, 512.81879, 77, 31.906250, 79, 1.2250546, 83,     32768,110,         0,116,         4, 84, 3.8305664
47C,2016/05/20 18:58:00, 50, 12341.863, 13,       104, 49,        16, 56, 1.0037853, 72, 504.05341, 73, 512.81879, 77, 31.937500, 79, 1.2104707, 83,         0,110,         1,116,         4, 84, 3.8258362
4DC,2016/05/20 18:59:00, 50, 10670.170, 13,       104, 49,        32, 56, 1.0037853, 72, 504.11639, 73, 512.84802, 77, 31.968750, 79, 1.2153320, 83,         0,110,         1,116,         4, 84, 3.8235474
47C,2016/05/20 19:00:00, 50, 12870.664, 13,       105, 49,        16, 56, 1.0037853, 72, 504.10583, 73, 512.76031, 77, 31.968750, 79, 1.2299160, 83,         0,110,         1,116,         4, 84, 3.8539124
43C,2016/05/20 19:01:00, 50, 10929.143, 13,       105, 49,        16, 56, 1.0037853, 72, 504.13354, 73, 512.73108, 77, 32.031250, 79, 1.2396387, 83,         0,110,         1,116,         4, 84, 3.8371277
4AC,2016/05/20 19:02:00, 50, 9767.2930, 13,       105, 49,        16, 56, 1.0037853, 72, 504.12067, 73, 512.76031, 77, 32.000000, 79, 1.2153320, 83,         0,110,         1,116,         4, 84, 3.8415527
4EC,2016/05/20 19:03:00, 50, 10749.850, 13,       105, 49,        16, 56, 1.0037853, 72, 504.16113, 73, 512.78955, 77, 32.031250, 79, 1.2250546, 83,         0,110,         1,116,         4, 84, 3.8510132
40C,2016/05/20 19:04:00, 50, 9509.3457, 13,       105, 49,        16, 56, 1.0037853, 72, 504.14569, 73, 512.81879, 77, 31.968750, 79, 1.2153320, 83,         0,110,         1,116,         4, 84, 3.8394165
4DC,2016/05/20 19:05:00, 50, 9616.4707, 13,       105, 49,        16, 56, 1.0037853, 72, 504.20544, 73, 512.78955, 77, 32.000000, 79, 1.2201934, 83,         0,110,         1,116,         4, 84, 3.8415527
41C,2016/05/20 19:06:00, 50, 8520.6777, 13,       105, 49,        32, 56, 1.0037853, 72, 504.25018, 73, 512.84802, 77, 31.968750, 79, 1.2201934, 83,         0,110,         1,116,         4, 84, 3.8497925
40C,2016/05/20 19:07:00, 50, 12697.607, 13,       105, 49,        16, 56, 1.0037853, 72, 504.23663, 73, 512.78955, 77, 31.968750, 79, 1.2250546, 83,         0,110,         1,116,         4, 84, 3.8449097
41C,2016/05/20 19:08:00, 50, 9032.5605, 13,       105, 49,        16, 56, 1.0037853, 72, 504.23584, 73, 512.78955, 77, 31.937500, 79, 1.2299160, 83,         0,110,         1,116,         4, 84, 3.8409424
41C,2016/05/20 19:09:00, 50, 10925.795, 13,       105, 49,        16, 56, 1.0037853, 72, 504.23236, 73, 512.78955, 77, 31.937500, 79, 1.2299160, 83,         0,110,         1,116,         4, 84, 3.8342285
49C,2016/05/20 19:10:00, 50, 7184.3623, 13,       105, 49,        32, 56, 1.0037853, 72, 504.23419, 73, 512.78955, 77, 31.875000, 79, 1.2201934, 83,         0,110,         1,116,         4, 84, 3.8446045
4AC,2016/05/20 19:11:00, 50, 7915.4453, 13,       105, 49,        32, 56, 1.0037853, 72, 504.26324, 73, 512.81879, 77, 31.906250, 79, 1.2250546, 83,         0,110,         1,116,         4, 84, 3.8386536
4AC,2016/05/20 19:12:00, 50, 6397.7500, 13,       105, 49,        32, 56, 1.0037853, 72, 504.24402, 73, 512.78955, 77, 31.906250, 79, 1.2250546, 83,         0,110,         1,116,         4, 84, 3.8235474
48C,2016/05/20 19:13:00, 50, 6914.0693, 13,       105, 49,        32, 56, 1.0037853, 72, 504.23682, 73, 512.84802, 77, 31.875000, 79, 1.2201934, 83,         0,110,         1,116,         4, 84, 3.8278198
49C,2016/05/20 19:14:00, 50, 6425.1260, 13,       105, 49,        32, 56, 1.0037853, 72, 504.23706, 73, 512.84802, 77, 31.843750, 79, 1.2250546, 83,         0,110,         1,116,         4, 84, 3.8206482
4EC,2016/05/20 19:15:00, 50, 6511.4854, 13,       105, 49,        32, 56, 1.0037853, 72, 504.23169, 73, 512.78955, 77, 31.812500, 79, 1.2153320, 83,         0,110,         1,116,         4, 84, 3.8063049
4DC,2016/05/20 19:16:00, 50, 5756.9111, 13,       105, 49,        32, 56, 1.0037853, 72, 504.25372, 73, 512.78955, 77, 31.812500, 79, 1.2153320, 83,         0,110,         1,116,         4, 84, 3.8096619
4BC,2016/05/20 19:17:00, 50, 4252.7021, 13,       106, 49,        64, 56, 1.0037853, 72, 504.26752, 73, 512.78955, 77, 31.843750, 79, 1.2347773, 83,         0,110,         1,116,         4, 84, 3.8323975
4DC,2016/05/20 19:18:00, 50, 6509.1582, 13,       106, 49,        32, 56, 1.0037853, 72, 504.34473, 73, 512.84802, 77, 31.812500, 79, 1.2104707, 83,         0,110,         1,116,         4, 84, 3.8288879
47C,2016/05/20 19:19:00, 50, 5615.0557, 13,       106, 49,        32, 56, 1.0037853, 72, 504.30664, 73, 512.84802, 77, 31.843750, 79, 1.2201934, 83,         0,110,         1,116,         4, 84, 3.8267517
4AC,2016/05/20 19:20:00, 50, 5114.4014, 13,       106, 49,        64, 56, 1.0037853, 72, 504.32843, 73, 512.87726, 77, 31.812500, 79, 1.2250546, 83,         0,110,         1,116,         4, 84, 3.8128662
44C,2016/05/20 19:21:00, 50, 7109.5137, 13,       106, 49,        32, 56, 1.0037853, 72, 504.30682, 73, 512.90656, 77, 31.843750, 79, 1.2347773, 83,         0,110,         1,116,         4, 84, 3.8124084
45C,2016/05/20 19:22:00, 50, 6045.8135, 13,       107, 49,        32, 56, 1.0037853, 72, 504.24048, 73, 512.87726, 77, 31.812500, 79, 1.2347773, 83,         0,110,         1,116,         4, 84, 3.8356018
41C,2016/05/20 19:23:00, 50, 5928.4824, 13,       107, 49,        32, 56, 1.0037853, 72, 504.29871, 73, 512.90656, 77, 31.812500, 79, 1.2250546, 83,         0,110,         1,116,         4, 84, 3.8302612
45C,2016/05/20 19:24:00, 50, 5146.2461, 13,       107, 49,        64, 56, 1.0037853, 72, 504.30872, 73, 512.96503, 77, 31.812500, 79, 1.2347773, 83,         0,110,         1,116,         4, 84, 3.8241577
42C,2016/05/20 19:25:00, 50, 4280.9424, 13,       107, 49,        64, 56, 1.0037853, 72, 504.32867, 73, 512.93579, 77, 31.843750, 79, 1.2250546, 83,         0,110,         1,116,         4, 84, 3.8189697
42C,2016/05/20 19:26:00, 50, 4697.9834, 13,       107, 49,        64, 56, 1.0037853, 72, 504.39569, 73, 512.90656, 77, 31.875000, 79, 1.2396387, 83,         0,110,         1,116,         4, 84, 3.8095093
4FC,2016/05/20 19:27:00, 50, 15779.535, 13,       108, 49,        16, 56, 1.0037853, 72, 504.33264, 73, 512.99426, 77, 31.812500, 79, 1.2250546, 83,         0,110,         1,116,         4, 84, 3.8343811
41C,2016/05/20 19:28:00, 50, 5604.9580, 13,       108, 49,        32, 56, 1.0037853, 72, 504.27325, 73, 512.96503, 77, 31.781250, 79, 1.2299160, 83,         0,110,         1,116,         4, 84, 3.8307190
42C,2016/05/20 19:29:00, 50, 5331.0176, 13,       108, 49,        32, 56, 1.0037853, 72, 504.30988, 73, 512.96503, 77, 31.812500, 79, 1.2444999, 83,         0,110,         1,116,         4, 84, 3.8294983
43C,2016/05/20 19:30:00, 50, 4569.6367, 13,       108, 49,        64, 56, 1.0037853, 72, 504.36945, 73, 512.96503, 77, 31.812500, 79, 1.2299160, 83,         0,110,         1,116,         4, 84, 3.8214111
4AC,2016/05/20 19:31:00, 50, 4528.0098, 13,       108, 49,        64, 56, 1.0037853, 72, 504.36487, 73, 512.96503, 77, 31.812500, 79, 1.2444999, 83,         0,110,         1,116,         4, 84, 3.8151550
45C,2016/05/20 19:32:00, 50, 4440.7529, 13,       108, 49,        64, 56, 1.0037853, 72, 504.35516, 73, 512.99426, 77, 31.812500, 79, 1.2250546, 83,         0,110,         1,116,         4, 84, 3.8066101
46C,2016/05/20 19:33:00, 50, 6755.4141, 13,       108, 49,        32, 56, 1.0037853, 72, 504.42688, 73, 513.02350, 77, 31.812500, 79, 1.2153320, 83,         0,110,         1,116,         4, 84, 3.8052368
4AC,2016/05/20 19:34:00, 50, 5494.7793, 13,       109, 49,        64, 56, 1.0037853, 72, 504.39563, 73, 513.08197, 77, 31.781250, 79, 1.2250546, 83,         0,110,         1,116,         4, 84, 3.8346863
4BC,2016/05/20 19:35:00, 50, 4809.8301, 13,       109, 49,        64, 56, 1.0037853, 72, 504.42889, 73, 513.05273, 77, 31.781250, 79, 1.2347773, 83,         0,110,         1,116,         4, 84, 3.8264465
4AC,2016/05/20 19:36:00, 50, 5590.0898, 13,       109, 49,        32, 56, 1.0037853, 72, 504.39624, 73, 512.99426, 77, 31.781250, 79, 1.2299160, 83,         0,110,         1,116,         4, 84, 3.8189697
4DC,2016/05/20 19:37:00, 50, 4851.1094, 13,       109, 49,        64, 56, 1.0037853, 72, 504.45312, 73, 513.05273, 77, 31.781250, 79, 1.2299160, 83,         0,110,         1,116,         4, 84, 3.8166809
45C,2016/05/20 19:38:00, 50, 5477.6553, 13,       109, 49,        32, 56, 1.0037853, 72, 504.36719, 73, 513.02350, 77, 31.750000, 79, 1.2299160, 83,         0,110,         1,116,         4, 84, 3.8075256
4AC,2016/05/20 19:39:00, 50, 4880.9336, 13,       109, 49,        32, 56, 1.0037853, 72, 504.39783, 73, 512.99426, 77, 31.781250, 79, 1.2201934, 83,         0,110,         1,116,         4, 84, 3.8035583
44C,2016/05/20 19:40:00, 50, 4813.1748, 13,       110, 49,        64, 56, 1.0037853, 72, 504.46179, 73, 513.05273, 77, 31.718750, 79, 1.2299160, 83,         0,110,         1,116,         4, 84, 3.8337708
4FC,2016/05/20 19:41:00, 50, 5158.7773, 13,       110, 49,        64, 56, 1.0037853, 72, 504.45978, 73, 513.08197, 77, 31.718750, 79, 1.2347773, 83,         0,110,         1,116,         4, 84, 3.8275146
4BC,2016/05/20 19:42:00, 50, 5199.9912, 13,       110, 49,        64, 56, 1.0037853, 72, 504.46570, 73, 513.02350, 77, 31.718750, 79, 1.2299160, 83,         0,110,         1,116,         4, 84, 3.8218689
47C,2016/05/20 19:43:00, 50, 4371.7051, 13,       110, 49,        64, 56, 1.0037853, 72, 504.45441, 73, 513.02350, 77, 31.687500, 79, 1.2201934, 83,         0,110,         1,116,         4, 84, 3.8143921
4DC,2016/05/20 19:44:00, 50, 3795.2056, 13,       110, 49,        64, 56, 1.0037853, 72, 504.44330, 73, 512.99426, 77, 31.656250, 79, 1.2299160, 83,         0,110,         1,116,         4, 84, 3.8111877
4BC,2016/05/20 19:45:00, 50, 4244.5830, 13,       110, 49,        64, 56, 1.0037853, 72, 504.40112, 73, 513.05273, 77, 31.687500, 79, 1.2250546, 83,         0,110,         1,116,         4, 84, 3.8073730
4BC,2016/05/20 19:46:00, 50, 10328.746, 13,       111, 49,        32, 56, 1.0037853, 72, 504.46423, 73, 513.05273, 77, 31.656250, 79, 1.2250546, 83,         0,110,         1,116,         4, 84, 3.8317871
49C,2016/05/20 19:47:00, 50, 4215.9531, 13,       111, 49,        64, 56, 1.0037853, 72, 504.42487, 73, 513.05273, 77, 31.593750, 79, 1.2347773, 83,         0,110,         1,116,         4, 84, 3.8307190
45C,2016/05/20 19:48:00, 50, 4462.1963, 13,       111, 49,        64, 56, 1.0037853, 72, 504.43927, 73, 513.08197, 77, 31.625000, 79, 1.2153320, 83,         0,110,         1,116,         4, 84, 3.8250732
47C,2016/05/20 19:49:00, 50, 4477.2266, 13,       111, 49,        64, 56, 1.0037853, 72, 504.51617, 73, 513.05273, 77, 31.593750, 79, 1.2250546, 83,         0,110,         1,116,         4, 84, 3.8206482
4EC,2016/05/20 19:50:00, 50, 4773.3408, 13,       111, 49,        64, 56, 1.0037853, 72, 504.46802, 73, 513.05273, 77, 31.625000, 79, 1.2299160, 83,         0,110,         1,116,         4, 84, 3.8114929
46C,2016/05/20 19:51:00, 50, 3710.1753, 13,       111, 49,        64, 56, 1.0037853, 72, 504.50916, 73, 513.08197, 77, 31.593750, 79, 1.2250546, 83,         0,110,         1,116,         4, 84, 3.8081360
44C,2016/05/20 19:52:00, 50, 3505.2075, 13,       111, 49,        64, 56, 1.0037853, 72, 504.51489, 73, 513.08197, 77, 31.593750, 79, 1.2153320, 83,         0,110,         1,116,         4, 84, 3.8043213
46C,2016/05/20 19:53:00, 50, 4321.6016, 13,       112, 49,        64, 56, 1.0037853, 72, 504.49365, 73, 513.05273, 77, 31.593750, 79, 1.2347773, 83,         0,110,         1,116,         4, 84, 3.8281250
4FC,2016/05/20 19:54:00, 50, 4303.6191, 13,       112, 49,        64, 56, 1.0037853, 72, 504.51257, 73, 513.11121, 77, 31.593750, 79, 1.2153320, 83,         0,110,         1,116,         4, 84, 3.8246155
46C,2016/05/20 19:55:00, 50, 4276.9404, 13,       112, 49,        64, 56, 1.0037853, 72, 504.50513, 73, 513.11121, 77, 31.562500, 79, 1.2250546, 83,         0,110,         1,116,         4, 84, 3.8162231
4FC,2016/05/20 19:56:00, 50, 3371.1816, 13,       112, 49,        64, 56, 1.0037853, 72, 504.52008, 73, 513.08197, 77, 31.593750, 79, 1.2250546, 83,         0,110,         1,116,         4, 84, 3.8122559
4CC,2016/05/20 19:57:00, 50, 4016.4253, 13,       112, 49,        64, 56, 1.0037853, 72, 504.56525, 73, 513.05273, 77, 31.625000, 79, 1.2299160, 83,         0,110,         1,116,         4, 84, 3.8072205
47C,2016/05/20 19:58:00, 50, 6181.7314, 13,       112, 49,        32, 56, 1.0037853, 72, 504.54810, 73, 513.05273, 77, 31.562500, 79, 1.2201934, 83,         0,110,         1,116,         4, 84, 3.8027954
45C,2016/05/20 19:59:00, 50, 4026.6152, 13,       113, 49,        64, 56, 1.0037853, 72, 504.56915, 73, 513.08197, 77, 31.531250, 79, 1.2201934, 83,         0,110,         1,116,         4, 84, 3.8345337
40C,2016/05/20 20:00:00, 50, 4374.7607, 13,       113, 49,        64, 56, 1.0037853, 72, 504.53662, 73, 513.08197, 77, 31.531250, 79, 1.2250546, 83,         0,110,         1,116,         4, 84, 3.8275146
48C,2016/05/20 20:01:00, 50, 4201.4209, 13,       113, 49,        64, 56, 1.0037853, 72, 504.51660, 73, 513.05273, 77, 31.531250, 79, 1.2201934, 83,         0,110,         1,116,         4, 84, 3.8209534
4CC,2016/05/20 20:02:00, 50, 11047.787, 13,       113, 49,        16, 56, 1.0037853, 72, 504.59918, 73, 513.05273, 77, 31.531250, 79, 1.2153320, 83,         0,110,         1,116,         4, 84, 3.8165283
4CC,2016/05/20 20:03:00, 50, 6401.4219, 13,       113, 49,        32, 56, 1.0037853, 72, 504.57697, 73, 513.08197, 77, 31.437500, 79, 1.2250546, 83,         0,110,         1,116,         4, 84, 3.8119507
45C,2016/05/20 20:04:00, 50, 5115.4033, 13,       113, 49,        32, 56, 1.0037853, 72, 504.54578, 73, 513.08197, 77, 31.437500, 79, 1.2299160, 83,         0,110,         1,116,         4, 84, 3.8063049
46C,2016/05/20 20:05:00, 50, 4773.5791, 13,       113, 49,        64, 56, 1.0037853, 72, 504.59125, 73, 513.11121, 77, 31.406250, 79, 1.2201934, 83,         0,110,         1,116,         4, 84, 3.8047791
4DC,2016/05/20 20:06:00, 50, 4479.2100, 13,       113, 49,        64, 56, 1.0037853, 72, 504.60345, 73, 513.08197, 77, 31.406250, 79, 1.2299160, 83,         0,110,         1,116,         4, 84, 3.8029480
48C,2016/05/20 20:07:00, 50, 5036.0195, 13,       114, 49,        64, 56, 1.0037853, 72, 504.62079, 73, 513.11121, 77, 31.343750, 79, 1.2250546, 83,         0,110,         1,116,         4, 84, 3.8313293
4CC,2016/05/20 20:08:00, 50, 4781.9775, 13,       114, 49,        64, 56, 1.0037853, 72, 504.62708, 73, 513.11121, 77, 31.312500, 79, 1.2250546, 83,         0,110,         1,116,         4, 84, 3.8272095
42C,2016/05/20 20:09:00, 50, 5287.2129, 13,       114, 49,        64, 56, 1.0037853, 72, 504.62628, 73, 513.11121, 77, 31.312500, 79, 1.2153320, 83,         0,110,         1,116,         4, 84, 3.8243103
41C,2016/05/20 20:10:00, 50, 5971.2041, 13,       114, 49,        32, 56, 1.0037853, 72, 504.66296, 73, 513.08197, 77, 31.312500, 79, 1.2250546, 83,         0,110,         1,116,         4, 84, 3.8211060
43C,2016/05/20 20:11:00, 50, 5051.6729, 13,       114, 49,        64, 56, 1.0037853, 72, 504.61206, 73, 513.11121, 77, 31.281250, 79, 1.2299160, 83,         0,110,         1,116,         4, 84, 3.8108826
44C,2016/05/20 20:12:00, 50, 5233.8379, 13,       114, 49,        32, 56, 1.0037853, 72, 504.65149, 73, 513.11121, 77, 31.312500, 79, 1.2250546, 83,         0,110,         1,116,         4, 84, 3.8104248
42C,2016/05/20 20:13:00, 50, 6434.4238, 13,       114, 49,        32, 56, 1.0037853, 72, 504.64178, 73, 513.11121, 77, 31.250000, 79, 1.2250546, 83,         0,110,         1,116,         4, 84, 3.8043213
4FC,2016/05/20 20:14:00, 50, 4140.6318, 13,       115, 49,        64, 56, 1.0037853, 72, 504.69427, 73, 513.11121, 77, 31.281250, 79, 1.2299160, 83,         0,110,         1,116,         4, 84, 3.8314819
53C,2016/05/20 20:15:00, 50, 3139.0020, 13,       115, 49,       128, 56, 1.0037853, 72, 504.66016, 73, 513.14044, 77, 31.312500, 79, 1.2201934, 83,         0,110,         1,116,         4, 84, 3.8269043
4BC,2016/05/20 20:16:00, 50, 3766.6855, 13,       115, 49,        64, 56, 1.0037853, 72, 504.68713, 73, 513.14044, 77, 31.312500, 79, 1.2299160, 83,         0,110,         1,116,         4, 84, 3.8218689
43C,2016/05/20 20:17:00, 50, 3223.3950, 13,       115, 49,        64, 56, 1.0037853, 72, 504.65790, 73, 513.14044, 77, 31.281250, 79, 1.2201934, 83,         0,110,         1,116,         4, 84, 3.8133240
50C,2016/05/20 20:18:00, 50, 2881.1323, 13,       115, 49,       128, 56, 1.0037853, 72, 504.64868, 73, 513.14044, 77, 31.281250, 79, 1.2250546, 83,         0,110,         1,116,         4, 84, 3.8111877
40C,2016/05/20 20:19:00, 50, 4698.9414, 13,       115, 49,        64, 56, 1.0037853, 72, 504.65802, 73, 513.16968, 77, 31.281250, 79, 1.2250546, 83,         0,110,         1,116,         4, 84, 3.8072205
4EC,2016/05/20 20:20:00, 50, 7467.8516, 13,       116, 49,        32, 56, 1.0037853, 72, 504.66241, 73, 513.19897, 77, 31.312500, 79, 1.2201934, 83,         0,110,         1,116,         4, 84, 3.8333130
54C,2016/05/20 20:21:00, 50, 2800.0669, 13,       116, 49,       128, 56, 1.0037853, 72, 504.66705, 73, 513.16968, 77, 31.343750, 79, 1.2250546, 83,         0,110,         1,116,         4, 84, 3.8282776
41C,2016/05/20 20:22:00, 50, 3855.1333, 13,       116, 49,        64, 56, 1.0037853, 72, 504.65765, 73, 513.19897, 77, 31.281250, 79, 1.2250546, 83,         0,110,         1,116,         4, 84, 3.8252258
48C,2016/05/20 20:23:00, 50, 3733.6235, 13,       116, 49,        64, 56, 1.0037853, 72, 504.66656, 73, 513.22821, 77, 31.343750, 79, 1.2250546, 83,         0,110,         1,116,         4, 84, 3.8217163
42C,2016/05/20 20:24:00, 50, 3138.3931, 13,       116, 49,        64, 56, 1.0037853, 72, 504.74109, 73, 513.25745, 77, 31.343750, 79, 1.2299160, 83,         0,110,         1,116,         4, 84, 3.8165283
4EC,2016/05/20 20:25:00, 50, 3830.8130, 13,       116, 49,        64, 56, 1.0037853, 72, 504.70880, 73, 513.19897, 77, 31.375000, 79, 1.2299160, 83,         0,110,         1,116,         4, 84, 3.8096619
54C,2016/05/20 20:26:00, 50, 3294.8447, 13,       116, 49,       128, 56, 1.0037853, 72, 504.67670, 73, 513.19897, 77, 31.343750, 79, 1.2153320, 83,         0,110,         1,116,         4, 84, 3.8046265
47C,2016/05/20 20:27:00, 50, 3223.5586, 13,       117, 49,        64, 56, 1.0037853, 72, 504.71490, 73, 513.25745, 77, 31.375000, 79, 1.2201934, 83,         0,110,         1,116,         4, 84, 3.8346863
42C,2016/05/20 20:28:00, 50, 3830.2148, 13,       117, 49,        64, 56, 1.0037853, 72, 504.73993, 73, 513.28668, 77, 31.343750, 79, 1.2250546, 83,         0,110,         1,116,         4, 84, 3.8290405
44C,2016/05/20 20:29:00, 50, 4317.6289, 13,       117, 49,        64, 56, 1.0037853, 72, 504.75458, 73, 513.28668, 77, 31.343750, 79, 1.2347773, 83,         0,110,         1,116,         4, 84, 3.8250732
43C,2016/05/20 20:30:00, 50, 3871.3086, 13,       117, 49,        64, 56, 1.0037853, 72, 504.72333, 73, 513.25745, 77, 31.343750, 79, 1.2201934, 83,         0,110,         1,116,         4, 84, 3.8180542
4DC,2016/05/20 20:31:00, 50, 3715.8027, 13,       117, 49,        64, 56, 1.0037853, 72, 504.74274, 73, 513.31592, 77, 31.375000, 79, 1.2153320, 83,         0,110,         1,116,         4, 84, 3.8136292
47C,2016/05/20 20:32:00, 50, 3689.2134, 13,       117, 49,        64, 56, 1.0037853, 72, 504.77026, 73, 513.25745, 77, 31.375000, 79, 1.2250546, 83,         0,110,         1,116,         4, 84, 3.8102722
5FC,2016/05/20 20:33:00, 50, 2691.2783, 13,       117, 49,       128, 56, 1.0037853, 72, 504.82233, 73, 513.28668, 77, 31.375000, 79, 1.2299160, 83,         0,110,         1,116,         4, 84, 3.8041687
44C,2016/05/20 20:34:00, 50, 4360.8633, 13,       117, 49,        64, 56, 1.0037853, 72, 504.76544, 73, 513.34515, 77, 31.375000, 79, 1.2250546, 83,         0,110,         1,116,         4, 84, 3.8012695
40C,2016/05/20 20:35:00, 50, 4329.1201, 13,       118, 49,        64, 56, 1.0037853, 72, 504.79791, 73, 513.31592, 77, 31.375000, 79, 1.2250546, 83,         0,110,         1,116,         4, 84, 3.8304138
43C,2016/05/20 20:36:00, 50, 3709.9985, 13,       118, 49,        64, 56, 1.0037853, 72, 504.80334, 73, 513.31592, 77, 31.406250, 79, 1.2299160, 83,         0,110,         1,116,         4, 84, 3.8253784
40C,2016/05/20 20:37:00, 50, 3178.1650, 13,       118, 49,        64, 56, 1.0037853, 72, 504.79846, 73, 513.28668, 77, 31.406250, 79, 1.2250546, 83,         0,110,         1,116,         4, 84, 3.8246155
48C,2016/05/20 20:38:00, 50, 3851.4268, 13,       118, 49,        64, 56, 1.0037853, 72, 504.79565, 73, 513.34515, 77, 31.437500, 79, 1.2201934, 83,         0,110,         1,116,         4, 84, 3.8186646
40C,2016/05/20 20:39:00, 50, 3512.6196, 13,       118, 49,        64, 56, 1.0037853, 72, 504.82965, 73, 513.28668, 77, 31.375000, 79, 1.2250546, 83,         0,110,         1,116,         4, 84, 3.8136292
45C,2016/05/20 20:40:00, 50, 5522.1484, 13,       118, 49,        64, 56, 1.0037853, 72, 504.75177, 73, 513.31592, 77, 31.312500, 79, 1.2250546, 83,         0,110,         1,116,         4, 84, 3.8104248
5DC,2016/05/20 20:41:00, 50, 2565.0981, 13,       118, 49,       128, 56, 1.0037853, 72, 504.79504, 73, 513.31592, 77, 31.375000, 79, 1.2201934, 83,         0,110,         1,116,         4, 84, 3.8061523
42C,2016/05/20 20:42:00, 50, 3968.6938, 13,       119, 49,        64, 56, 1.0037853, 72, 504.80768, 73, 513.31592, 77, 31.375000, 79, 1.2201934, 83,         0,110,         1,116,         4, 84, 3.8348389
4DC,2016/05/20 20:43:00, 50, 4308.2832, 13,       119, 49,        64, 56, 1.0037853, 72, 504.84540, 73, 513.31592, 77, 31.375000, 79, 1.2250546, 83,         0,110,         1,116,         4, 84, 3.8310242
4BC,2016/05/20 20:44:00, 50, 4289.2363, 13,       119, 49,        64, 56, 1.0037853, 72, 504.84625, 73, 513.37439, 77, 31.375000, 79, 1.2299160, 83,         0,110,         1,116,         4, 84, 3.8275146
55C,2016/05/20 20:45:00, 50, 3182.9570, 13,       119, 49,       128, 56, 1.0037853, 72, 504.85986, 73, 513.28668, 77, 31.375000, 79, 1.2299160, 83,         0,110,         1,116,         4, 84, 3.8191223
59C,2016/05/20 20:46:00, 50, 3003.1411, 13,       119, 49,       128, 56, 1.0037853, 72, 504.89337, 73, 513.40363, 77, 31.375000, 79, 1.2299160, 83,         0,110,         1,116,         4, 84, 3.8185120
53C,2016/05/20 20:47:00, 50, 3148.1729, 13,       119, 49,       128, 56, 1.0037853, 72, 504.86737, 73, 513.37439, 77, 31.375000, 79, 1.2250546, 83,         0,110,         1,116,         4, 84, 3.8113403
48C,2016/05/20 20:48:00, 50, 3791.1421, 13,       119, 49,        64, 56, 1.0037853, 72, 504.89459, 73, 513.37439, 77, 31.406250, 79, 1.2250546, 83,         0,110,         1,116,         4, 84, 3.8073730
4CC,2016/05/20 20:49:00, 50, 6869.3203, 13,       119, 49,        32, 56, 1.0037853, 72, 504.91174, 73, 513.40363, 77, 31.406250, 79, 1.2250546, 83,         0,110,         1,116,         4, 84, 3.8031006
4CC,2016/05/20 20:50:00, 50, 4074.9370, 13,       120, 49,        64, 56, 1.0037853, 72, 504.91718, 73, 513.40363, 77, 31.406250, 79, 1.2201934, 83,         0,110,         1,116,         4, 84, 3.8352966
4CC,2016/05/20 20:51:00, 50, 3632.3652, 13,       120, 49,        64, 56, 1.0037853, 72, 504.92456, 73, 513.43286, 77, 31.343750, 79, 1.2250546, 83,         0,110,         1,116,         4, 84, 3.8304138
53C,2016/05/20 20:52:00, 50, 3105.7007, 13,       120, 49,       128, 56, 1.0037853, 72, 504.93103, 73, 513.43286, 77, 31.375000, 79, 1.2250546, 83,         0,110,         1,116,         4, 84, 3.8249207
43C,2016/05/20 20:53:00, 50, 3528.6963, 13,       120, 49,        64, 56, 1.0037853, 72, 504.90881, 73, 513.40363, 77, 31.406250, 79, 1.2250546, 83,         0,110,         1,116,         4, 84, 3.8200378
50C,2016/05/20 20:54:00, 50, 2799.2627, 13,       120, 49,       128, 56, 1.0037853, 72, 504.88611, 73, 513.43286, 77, 31.343750, 79, 1.2250546, 83,         0,110,         1,116,         4, 84, 3.8182068
4BC,2016/05/20 20:55:00, 50, 3652.7915, 13,       120, 49,        64, 56, 1.0037853, 72, 504.94519, 73, 513.43286, 77, 31.343750, 79, 1.2201934, 83,         0,110,         1,116,         4, 84, 3.8131714
54C,2016/05/20 20:56:00, 50, 2871.4238, 13,       120, 49,       128, 56, 1.0037853, 72, 504.90454, 73, 513.46210, 77, 31.312500, 79, 1.2153320, 83,         0,110,         1,116,         4, 84, 3.8075256
4AC,2016/05/20 20:57:00, 50, 3113.8979, 13,       120, 49,        64, 56, 1.0037853, 72, 504.95935, 73, 513.40363, 77, 31.281250, 79, 1.2299160, 83,         0,110,         1,116,         4, 84, 3.8027954
53C,2016/05/20 20:58:00, 50, 1968.1875, 13,       121, 49,       128, 56, 1.0037853, 72, 504.89587, 73, 513.40363, 77, 31.312500, 79, 1.2299160, 83,         0,110,         1,116,         4, 84, 3.8299561
4CC,2016/05/20 20:59:00, 50, 3580.6885, 13,       121, 49,        64, 56, 1.0037853, 72, 504.92554, 73, 513.40363, 77, 31.312500, 79, 1.2250546, 83,         0,110,         1,116,         4, 84, 3.8314819
40C,2016/05/20 21:00:00, 50, 3782.3657, 13,       121, 49,        64, 56, 1.0037853, 72, 504.93439, 73, 513.46210, 77, 31.281250, 79, 1.2201934, 83,         0,110,         1,116,         4, 84, 3.8227844
40C,2016/05/20 21:01:00, 50, 3697.7739, 13,       121, 49,        64, 56, 1.0037853, 72, 504.94788, 73, 513.46210, 77, 31.281250, 79, 1.2299160, 83,         0,110,         1,116,         4, 84, 3.8223267
47C,2016/05/20 21:02:00, 50, 3459.3774, 13,       121, 49,        64, 56, 1.0037853, 72, 504.95789, 73, 513.46210, 77, 31.281250, 79, 1.2201934, 83,         0,110,         1,116,         4, 84, 3.8163757
50C,2016/05/20 21:03:00, 50, 2501.3208, 13,       121, 49,       128, 56, 1.0037853, 72, 504.99200, 73, 513.46210, 77, 31.281250, 79, 1.2201934, 83,         0,110,         1,116,         4, 84, 3.8108826
48C,2016/05/20 21:04:00, 50, 3073.9351, 13,       121, 49,        64, 56, 1.0037853, 72, 504.94788, 73, 513.46210, 77, 31.281250, 79, 1.2201934, 83,         0,110,         1,116,         4, 84, 3.8044739
44C,2016/05/20 21:05:00, 50, 3066.1797, 13,       122, 49,        64, 56, 1.0037853, 72, 504.93933, 73, 513.49139, 77, 31.250000, 79, 1.2250546, 83,         0,110,         1,116,         4, 84, 3.8320923
44C,2016/05/20 21:06:00, 50, 3097.6006, 13,       122, 49,        64, 56, 1.0037853, 72, 504.96448, 73, 513.46210, 77, 31.218750, 79, 1.2201934, 83,         0,110,         1,116,         4, 84, 3.8301086
5AC,2016/05/20 21:07:00, 50, 3256.2822, 13,       122, 49,       128, 56, 1.0037853, 72, 504.91541, 73, 513.46210, 77, 31.187500, 79, 1.2201934, 83,         0,110,         1,116,         4, 84, 3.8241577
56C,2016/05/20 21:08:00, 50, 2138.2417, 13,       122, 49,       128, 56, 1.0037853, 72, 504.93970, 73, 513.46210, 77, 31.187500, 79, 1.2250546, 83,         0,110,         1,116,         4, 84, 3.8217163
57C,2016/05/20 21:09:00, 50, 3138.1035, 13,       122, 49,       128, 56, 1.0037853, 72, 505.00800, 73, 513.43286, 77, 31.187500, 79, 1.2250546, 83,         0,110,         1,116,         4, 84, 3.8163757
5CC,2016/05/20 21:10:00, 50, 3516.5127, 13,       122, 49,       128, 56, 1.0037853, 72, 504.98047, 73, 513.43286, 77, 31.218750, 79, 1.2250546, 83,         0,110,         1,116,         4, 84, 3.8107300
49C,2016/05/20 21:11:00, 50, 3355.7905, 13,       122, 49,        64, 56, 1.0037853, 72, 504.97815, 73, 513.49139, 77, 31.281250, 79, 1.2250546, 83,         0,110,         1,116,         4, 84, 3.8104248
4EC,2016/05/20 21:12:00, 50, 3083.7637, 13,       122, 49,        64, 56, 1.0037853, 72, 505.03058, 73, 513.46210, 77, 31.250000, 79, 1.2250546, 83,         0,110,         1,116,         4, 84, 3.8056946
4EC,2016/05/20 21:13:00, 50, 3384.1050, 13,       123, 49,        64, 56, 1.0037853, 72, 505.00220, 73, 513.46210, 77, 31.250000, 79, 1.2250546, 83,         0,110,         1,116,         4, 84, 3.8349915
5DC,2016/05/20 21:14:00, 50, 2575.3965, 13,       123, 49,       128, 56, 1.0037853, 72, 505.02283, 73, 513.49139, 77, 31.250000, 79, 1.2250546, 83,         0,110,         1,116,         4, 84, 3.8319397
55C,2016/05/20 21:15:00, 50, 2372.4966, 13,       123, 49,       128, 56, 1.0037853, 72, 505.01239, 73, 513.43286, 77, 31.250000, 79, 1.2201934, 83,         0,110,         1,116,         4, 84, 3.8258362
54C,2016/05/20 21:16:00, 50, 2094.4619, 13,       123, 49,       128, 56, 1.0037853, 72, 505.05127, 73, 513.46210, 77, 31.250000, 79, 1.2299160, 83,         0,110,         1,116,         4, 84, 3.8194275
4DC,2016/05/20 21:17:00, 50, 4220.3789, 13,       123, 49,        64, 56, 1.0037853, 72, 505.02539, 73, 513.49139, 77, 31.218750, 79, 1.2299160, 83,         0,110,         1,116,         4, 84, 3.8194275
45C,2016/05/20 21:18:00, 50, 4005.6680, 13,       123, 49,        64, 56, 1.0037853, 72, 505.06244, 73, 513.49139, 77, 31.218750, 79, 1.2250546, 83,         0,110,         1,116,         4, 84, 3.8139343
41C,2016/05/20 21:19:00, 50, 3432.1875, 13,       123, 49,        64, 56, 1.0037853, 72, 505.07697, 73, 513.43286, 77, 31.218750, 79, 1.2250546, 83,         0,110,         1,116,         4, 84, 3.8090515
54C,2016/05/20 21:20:00, 50, 2322.6128, 13,       123, 49,       128, 56, 1.0037853, 72, 505.06189, 73, 513.46210, 77, 31.187500, 79, 1.2250546, 83,         0,110,         1,116,         4, 84, 3.8087463
50C,2016/05/20 21:21:00, 50, 1767.1296, 13,       123, 49,       128, 56, 1.0037853, 72, 505.01984, 73, 513.46210, 77, 31.187500, 79, 1.2250546, 83,         0,110,         1,116,         4, 84, 3.8018799
5AC,2016/05/20 21:22:00, 50, 2843.9844, 13,       124, 49,       128, 56, 1.0037853, 72, 505.08960, 73, 513.52063, 77, 31.156250, 79, 1.2299160, 83,         0,110,         1,116,         4, 84, 3.8301086
5CC,2016/05/20 21:23:00, 50, 2832.5293, 13,       124, 49,       128, 56, 1.0037853, 72, 505.03662, 73, 513.52063, 77, 31.156250, 79, 1.2201934, 83,         0,110,         1,116,         4, 84, 3.8253784
5BC,2016/05/20 21:24:00, 50, 3098.2852, 13,       124, 49,       128, 56, 1.0037853, 72, 505.04523, 73, 513.54987, 77, 31.156250, 79, 1.2201934, 83,         0,110,         1,116,         4, 84, 3.8240051
42C,2016/05/20 21:25:00, 50, 3808.8442, 13,       124, 49,        64, 56, 1.0037853, 72, 505.07288, 73, 513.49139, 77, 31.156250, 79, 1.2250546, 83,         0,110,         1,116,         4, 84, 3.8194275
42C,2016/05/20 21:26:00, 50, 3238.2085, 13,       124, 49,        64, 56, 1.0037853, 72, 505.05731, 73, 513.57910, 77, 31.125000, 79, 1.2201934, 83,         0,110,         1,116,         4, 84, 3.8159180
4DC,2016/05/20 21:27:00, 50, 3796.7871, 13,       124, 49,        64, 56, 1.0037853, 72, 505.02063, 73, 513.46210, 77, 31.125000, 79, 1.2299160, 83,         0,110,         1,116,         4, 84, 3.8128662
43C,2016/05/20 21:28:00, 50, 3372.5928, 13,       124, 49,        64, 56, 1.0037853, 72, 505.07739, 73, 513.46210, 77, 31.125000, 79, 1.2201934, 83,         0,110,         1,116,         4, 84, 3.8082886
4CC,2016/05/20 21:29:00, 50, 3716.4897, 13,       124, 49,        64, 56, 1.0037853, 72, 505.03278, 73, 513.49139, 77, 31.093750, 79, 1.2201934, 83,         0,110,         1,116,         4, 84, 3.8027954
55C,2016/05/20 21:30:00, 50, 1836.4993, 13,       125, 49,       128, 56, 1.0037853, 72, 505.04877, 73, 513.43286, 77, 31.093750, 79, 1.2201934, 83,         0,110,         1,116,         4, 84, 3.8296509
5EC,2016/05/20 21:31:00, 50, 2152.5742, 13,       125, 49,       128, 56, 1.0037853, 72, 505.07153, 73, 513.43286, 77, 31.093750, 79, 1.2153320, 83,         0,110,         1,116,         4, 84, 3.8264465
56C,2016/05/20 21:32:00, 50, 2647.0586, 13,       125, 49,       128, 56, 1.0037853, 72, 505.03326, 73, 513.52063, 77, 31.125000, 79, 1.2299160, 83,         0,110,         1,116,         4, 84, 3.8223267
47C,2016/05/20 21:33:00, 50, 3525.4648, 13,       125, 49,        64, 56, 1.0037853, 72, 505.05292, 73, 513.49139, 77, 31.093750, 79, 1.2299160, 83,         0,110,         1,116,         4, 84, 3.8189697
53C,2016/05/20 21:34:00, 50, 2436.4458, 13,       125, 49,       128, 56, 1.0037853, 72, 505.05743, 73, 513.43286, 77, 31.093750, 79, 1.2250546, 83,         0,110,         1,116,         4, 84, 3.8140869
5CC,2016/05/20 21:35:00, 50, 2720.9609, 13,       125, 49,       128, 56, 1.0037853, 72, 505.07996, 73, 513.54987, 77, 31.093750, 79, 1.2250546, 83,         0,110,         1,116,         4, 84, 3.8119507
5BC,2016/05/20 21:36:00, 50, 2020.1558, 13,       125, 49,       128, 56, 1.0037853, 72, 505.07800, 73, 513.43286, 77, 31.125000, 79, 1.2201934, 83,         0,110,         1,116,         4, 84, 3.8055420
54C,2016/05/20 21:37:00, 50, 2646.8711, 13,       125, 49,       128, 56, 1.0037853, 72, 505.08923, 73, 513.49139, 77, 31.062500, 79, 1.2250546, 83,         0,110,         1,116,         4, 84, 3.8008118
50C,2016/05/20 21:38:00, 50, 1979.8989, 13,       126, 49,       128, 56, 1.0037853, 72, 505.10699, 73, 513.52063, 77, 31.062500, 79, 1.2250546, 83,         0,110,         1,116,         4, 84, 3.8288879
5BC,2016/05/20 21:39:00, 50, 1904.3708, 13,       126, 49,       128, 56, 1.0037853, 72, 505.13995, 73, 513.49139, 77, 31.062500, 79, 1.2250546, 83,         0,110,         1,116,         4, 84, 3.8281250
53C,2016/05/20 21:40:00, 50, 2293.1841, 13,       126, 49,       128, 56, 1.0037853, 72, 505.10931, 73, 513.57910, 77, 31.062500, 79, 1.2201934, 83,         0,110,         1,116,         4, 84, 3.8217163
5EC,2016/05/20 21:41:00, 50, 1717.6377, 13,       126, 49,       128, 56, 1.0037853, 72, 505.05334, 73, 513.49139, 77, 31.062500, 79, 1.2250546, 83,         0,110,         1,116,         4, 84, 3.8162231
51C,2016/05/20 21:42:00, 50, 2244.4165, 13,       126, 49,       128, 56, 1.0037853, 72, 505.10114, 73, 513.46210, 77, 31.093750, 79, 1.2299160, 83,         0,110,         1,116,         4, 84, 3.8151550
5FC,2016/05/20 21:43:00, 50, 1949.9390, 13,       126, 49,       128, 56, 1.0037853, 72, 505.08423, 73, 513.46210, 77, 31.062500, 79, 1.2250546, 83,         0,110,         1,116,         4, 84, 3.8092041
5DC,2016/05/20 21:44:00, 50, 2399.2891, 13,       126, 49,       128, 56, 1.0037853, 72, 505.11871, 73, 513.49139, 77, 31.062500, 79, 1.2299160, 83,         0,110,         1,116,         4, 84, 3.8070679
56C,2016/05/20 21:45:00, 50, 2931.6255, 13,       126, 49,       128, 56, 1.0037853, 72, 505.09717, 73, 513.49139, 77, 31.062500, 79, 1.2250546, 83,         0,110,         1,116,         4, 84, 3.8035583
53C,2016/05/20 21:46:00, 50, 2533.3657, 13,       127, 49,       128, 56, 1.0037853, 72, 505.09576, 73, 513.54987, 77, 31.062500, 79, 1.2250546, 83,         0,110,         1,116,         4, 84, 3.8310242
54C,2016/05/20 21:47:00, 50, 1479.3970, 13,       127, 49,       128, 56, 1.0037853, 72, 505.12018, 73, 513.49139, 77, 31.062500, 79, 1.2250546, 83,         0,110,         1,116,         4, 84, 3.8255310
57C,2016/05/20 21:48:00, 50, 2411.7402, 13,       127, 49,       128, 56, 1.0037853, 72, 505.07568, 73, 513.52063, 77, 31.031250, 79, 1.2201934, 83,         0,110,         1,116,         4, 84, 3.8237000
57C,2016/05/20 21:49:00, 50, 1937.2134, 13,       127, 49,       128, 56, 1.0037853, 72, 505.10303, 73, 513.43286, 77, 31.031250, 79, 1.2250546, 83,         0,110,         1,116,         4, 84, 3.8169861
59C,2016/05/20 21:50:00, 50, 1857.9951, 13,       127, 49,       128, 56, 1.0037853, 72, 505.12079, 73, 513.54987, 77, 31.031250, 79, 1.2299160, 83,         0,110,         1,116,         4, 84, 3.8162231
58C,2016/05/20 21:51:00, 50, 1225.6987, 13,       127, 49,       128, 56, 1.0037853, 72, 505.07477, 73, 513.49139, 77, 31.000000, 79, 1.2250546, 83,         0,110,         1,116,         4, 84, 3.8125610
51C,2016/05/20 21:52:00, 50, 1810.3123, 13,       127, 49,       128, 56, 1.0037853, 72, 505.11810, 73, 513.46210, 77, 31.000000, 79, 1.2201934, 83,         0,110,         1,116,         4, 84, 3.8078308
54C,2016/05/20 21:53:00, 50, 2184.6948, 13,       127, 49,       128, 56, 1.0037853, 72, 505.13055, 73, 513.46210, 77, 31.031250, 79, 1.2299160, 83,         0,110,         1,116,         4, 84, 3.8079834
5DC,2016/05/20 21:54:00, 50, 1498.7385, 13,       127, 49,       128, 56, 1.0037853, 72, 505.12482, 73, 513.46210, 77, 31.062500, 79, 1.2250546, 83,         0,110,         1,116,         4, 84, 3.8017273
56C,2016/05/20 21:55:00, 50, 2368.9673, 13,       128, 49,       128, 56, 1.0037853, 72, 505.16589, 73, 513.52063, 77, 31.000000, 79, 1.2250546, 83,         0,110,         1,116,         4, 84, 3.8255310
5BC,2016/05/20 21:56:00, 50, 1903.8450, 13,       128, 49,       128, 56, 1.0037853, 72, 505.16132, 73, 513.52063, 77, 31.031250, 79, 1.2250546, 83,         0,110,         1,116,         4, 84, 3.8212585
5EC,2016/05/20 21:57:00, 50, 2063.8066, 13,       128, 49,       128, 56, 1.0037853, 72, 505.13611, 73, 513.46210, 77, 31.000000, 79, 1.2250546, 83,         0,110,         1,116,         4, 84, 3.8151550
4CC,2016/05/20 21:58:00, 50, 1077.1667, 13,       128, 49,        64, 56, 1.0037853, 72, 505.16498, 73, 513.46210, 77, 30.968750, 79, 1.2299160, 83,         0,110,         1,116,         4, 84, 3.8101196
52C,2016/05/20 21:59:00, 50, 1607.2368, 13,       128, 49,       128, 56, 1.0037853, 72, 505.16772, 73, 513.46210, 77, 30.968750, 79, 1.2250546, 83,         0,110,         1,116,         4, 84, 3.8067627
4FC,2016/05/20 22:00:00, 50, 3088.4219, 13,       128, 49,        64, 56, 1.0037853, 72, 505.16797, 73, 513.46210, 77, 31.000000, 79, 1.2250546, 83,         0,110,         1,116,         4, 84, 3.8059998
5FC,2016/05/20 22:01:00, 50, 2936.7939, 13,       129, 49,       128, 56, 1.0037853, 72, 505.09863, 73, 513.52063, 77, 30.968750, 79, 1.2299160, 83,         0,110,         1,116,         4, 84, 3.8327026
50C,2016/05/20 22:02:00, 50, 1899.3640, 13,       129, 49,       128, 56, 1.0037853, 72, 505.12708, 73, 513.49139, 77, 31.000000, 79, 1.2250546, 83,         0,110,         1,116,         4, 84, 3.8291931
4DC,2016/05/20 22:03:00, 50, 5054.3018, 13,       129, 49,        64, 56, 1.0037853, 72, 505.16486, 73, 513.54987, 77, 30.968750, 79, 1.2250546, 83,         0,110,         1,116,         4, 84, 3.8230896
5DC,2016/05/20 22:04:00, 50, 3270.3975, 13,       129, 49,       128, 56, 1.0037853, 72, 505.15985, 73, 513.49139, 77, 30.937500, 79, 1.2299160, 83,         0,110,         1,116,         4, 84, 3.8177490
55C,2016/05/20 22:05:00, 50, 1959.4626, 13,       129, 49,       128, 56, 1.0037853, 72, 505.10486, 73, 513.46210, 77, 30.968750, 79, 1.2299160, 83,         0,110,         1,116,         4, 84, 3.8175964
5CC,2016/05/20 22:06:00, 50, 2905.1255, 13,       129, 49,       128, 56, 1.0037853, 72, 505.15277, 73, 513.49139, 77, 30.968750, 79, 1.2250546, 83,         0,110,         1,116,         4, 84, 3.8150024
52C,2016/05/20 22:07:00, 50, 1525.9958, 13,       129, 49,       128, 56, 1.0037853, 72, 505.11761, 73, 513.34515, 77, 30.906250, 79, 1.2250546, 83,         0,110,         1,116,         4, 84, 3.8107300
58C,2016/05/20 22:08:00, 50, 2825.0386, 13,       129, 49,       128, 56, 1.0037853, 72, 505.11176, 73, 513.43286, 77, 30.937500, 79, 1.2250546, 83,         0,110,         1,116,         4, 84, 3.8061523
50C,2016/05/20 22:09:00, 50, 1298.0286, 13,       130, 49,       128, 56, 1.0037853, 72, 505.10754, 73, 513.34515, 77, 30.906250, 79, 1.2299160, 83,         0,110,         1,116,         4, 84, 3.8275146
51C,2016/05/20 22:10:00, 50, 2037.0842, 13,       130, 49,       128, 56, 1.0037853, 72, 505.09412, 73, 513.37439, 77, 30.906250, 79, 1.2201934, 83,         0,110,         1,116,         4, 84, 3.8296509
59C,2016/05/20 22:11:00, 50, 1974.4402, 13,       130, 49,       128, 56, 1.0037853, 72, 505.06506, 73, 513.37439, 77, 30.875000, 79, 1.2201934, 83,         0,110,         1,116,         4, 84, 3.8265991
56C,2016/05/20 22:12:00, 50, 2205.7393, 13,       130, 49,       128, 56, 1.0037853, 72, 505.09857, 73, 513.46210, 77, 30.875000, 79, 1.2250546, 83,         0,110,         1,116,         4, 84, 3.8247681
5FC,2016/05/20 22:13:00, 50, 1748.0444, 13,       130, 49,       128, 56, 1.0037853, 72, 505.08917, 73, 513.40363, 77, 30.875000, 79, 1.2299160, 83,         0,110,         1,116,         4, 84, 3.8169861
57C,2016/05/20 22:14:00, 50, 1528.3301, 13,       130, 49,       128, 56, 1.0037853, 72, 505.10931, 73, 513.37439, 77, 30.875000, 79, 1.2201934, 83,         0,110,         1,116,         4, 84, 3.8140869
5AC,2016/05/20 22:15:00, 50, 2161.3330, 13,       130, 49,       128, 56, 1.0037853, 72, 505.07629, 73, 513.40363, 77, 30.812500, 79, 1.2250546, 83,         0,110,         1,116,         4, 84, 3.8133240
5BC,2016/05/20 22:16:00, 50, 1039.0613, 13,       130, 49,       128, 56, 1.0037853, 72, 505.06671, 73, 513.46210, 77, 30.843750, 79, 1.2250546, 83,         0,110,         1,116,         4, 84, 3.8096619
44C,2016/05/20 22:17:00, 50, 2807.0684, 13,       130, 49,        64, 56, 1.0037853, 72, 505.11841, 73, 513.52063, 77, 30.843750, 79, 1.2299160, 83,         0,110,         1,116,         4, 84, 3.8061523
59C,2016/05/20 22:18:00, 50, 2981.1069, 13,       131, 49,       128, 56, 1.0037853, 72, 505.13885, 73, 513.46210, 77, 30.812500, 79, 1.2250546, 83,         0,110,         1,116,         4, 84, 3.8348389
57C,2016/05/20 22:19:00, 50, 2095.6519, 13,       131, 49,       128, 56, 1.0037853, 72, 505.15216, 73, 513.40363, 77, 30.875000, 79, 1.2299160, 83,         0,110,         1,116,         4, 84, 3.8284302
5EC,2016/05/20 22:20:00, 50, 2378.7241, 13,       131, 49,       128, 56, 1.0037853, 72, 505.15015, 73, 513.40363, 77, 30.843750, 79, 1.2299160, 83,         0,110,         1,116,         4, 84, 3.8246155
43C,2016/05/20 22:21:00, 50, 1414.2131, 13,       131, 49,        64, 56, 1.0037853, 72, 505.14539, 73, 513.34515, 77, 30.843750, 79, 1.2250546, 83,         0,110,         1,116,         4, 84, 3.8192749
48C,2016/05/20 22:22:00, 50, 3178.3911, 13,       131, 49,        64, 56, 1.0037853, 72, 505.13525, 73, 513.49139, 77, 30.812500, 79, 1.2201934, 83,         0,110,         1,116,         4, 84, 3.8191223
56C,2016/05/20 22:23:00, 50, 1292.1062, 13,       131, 49,       128, 56, 1.0037853, 72, 505.14478, 73, 513.37439, 77, 30.781250, 79, 1.2299160, 83,         0,110,         1,116,         4, 84, 3.8124084
4DC,2016/05/20 22:24:00, 50, 1552.3682, 13,       131, 49,        64, 56, 1.0037853, 72, 505.15497, 73, 513.34515, 77, 30.812500, 79, 1.2250546, 83,         0,110,         1,116,         4, 84, 3.8098145
51C,2016/05/20 22:25:00, 50, 1340.0710, 13,       131, 49,       128, 56, 1.0037853, 72, 505.17560, 73, 513.40363, 77, 30.750000, 79, 1.2250546, 83,         0,110,         1,116,         4, 84, 3.8052368
5BC,2016/05/20 22:26:00, 50, 2784.2251, 13,       132, 49,       128, 56, 1.0037853, 72, 505.14734, 73, 513.46210, 77, 30.750000, 79, 1.2299160, 83,         0,110,         1,116,         4, 84, 3.8317871
53C,2016/05/20 22:27:00, 50, 1747.6575, 13,       132, 49,       128, 56, 1.0037853, 72, 505.19165, 73, 513.43286, 77, 30.781250, 79, 1.2250546, 83,         0,110,         1,116,         4, 84, 3.8276672
5FC,2016/05/20 22:28:00, 50, 2031.9214, 13,       132, 49,       128, 56, 1.0037853, 72, 505.13135, 73, 513.37439, 77, 30.750000, 79, 1.2250546, 83,         0,110,         1,116,         4, 84, 3.8218689
4EC,2016/05/20 22:29:00, 50, 585.67493, 13,       132, 49,        32, 56, 1.0037853, 72, 505.16479, 73, 513.46210, 77, 30.750000, 79, 1.2250546, 83,         0,110,         1,116,         4, 84, 3.8204956
47C,2016/05/20 22:30:00, 50, 1118.6155, 13,       132, 49,        64, 56, 1.0037853, 72, 505.15570, 73, 513.37439, 77, 30.718750, 79, 1.2250546, 83,         0,110,         1,116,         4, 84, 3.8148499
5AC,2016/05/20 22:31:00, 50, 2148.4546, 13,       132, 49,       128, 56, 1.0037853, 72, 505.18445, 73, 513.43286, 77, 30.718750, 79, 1.2250546, 83,         0,110,         1,116,         4, 84, 3.8162231
5DC,2016/05/20 22:32:00, 50, 2232.5688, 13,       132, 49,       128, 56, 1.0037853, 72, 505.17969, 73, 513.37439, 77, 30.718750, 79, 1.2250546, 83,         0,110,         1,116,         4, 84, 3.8116455
48C,2016/05/20 22:33:00, 50, 3171.5386, 13,       132, 49,        64, 56, 1.0037853, 72, 505.18616, 73, 513.49139, 77, 30.687500, 79, 1.2250546, 83,         0,110,         1,116,         4, 84, 3.8108826
55C,2016/05/20 22:34:00, 50, 1920.8689, 13,       132, 49,       128, 56, 1.0037853, 72, 505.18164, 73, 513.37439, 77, 30.718750, 79, 1.2299160, 83,         0,110,         1,116,         4, 84, 3.8078308
5FC,2016/05/20 22:35:00, 50, 1116.8823, 13,       133, 49,       128, 56, 1.0037853, 72, 505.22858, 73, 513.46210, 77, 30.687500, 79, 1.2299160, 83,         0,110,         1,116,         4, 84, 3.8313293
52C,2016/05/20 22:36:00, 50, 2263.6191, 13,       133, 49,       128, 56, 1.0037853, 72, 505.19763, 73, 513.40363, 77, 30.718750, 79, 1.2250546, 83,         0,110,         1,116,         4, 84, 3.8241577
58C,2016/05/20 22:37:00, 50, 1869.6116, 13,       133, 49,       128, 56, 1.0037853, 72, 505.15204, 73, 513.46210, 77, 30.687500, 79, 1.2250546, 83,         0,110,         1,116,         4, 84, 3.8247681
52C,2016/05/20 22:38:00, 50, 2175.1787, 13,       133, 49,       128, 56, 1.0037853, 72, 505.19037, 73, 513.49139, 77, 30.687500, 79, 1.2299160, 83,         0,110,         1,116,         4, 84, 3.8209534
5AC,2016/05/20 22:39:00, 50, 2455.9360, 13,       133, 49,       128, 56, 1.0037853, 72, 505.20087, 73, 513.52063, 77, 30.656250, 79, 1.2299160, 83,         0,110,         1,116,         4, 84, 3.8197327
5CC,2016/05/20 22:40:00, 50, 2629.8311, 13,       133, 49,       128, 56, 1.0037853, 72, 505.23352, 73, 513.54987, 77, 30.593750, 79, 1.2250546, 83,         0,110,         1,116,         4, 84, 3.8175964
5AC,2016/05/20 22:41:00, 50, 2114.1377, 13,       133, 49,       128, 56, 1.0037853, 72, 505.18915, 73, 513.54987, 77, 30.656250, 79, 1.2250546, 83,         0,110,         1,116,         4, 84, 3.8131714
41C,2016/05/20 22:42:00, 50, 3395.5278, 13,       133, 49,        64, 56, 1.0037853, 72, 505.23175, 73, 513.52063, 77, 30.625000, 79, 1.2250546, 83,         0,110,         1,116,         4, 84, 3.8127136
46C,2016/05/20 22:43:00, 50, 1177.9988, 13,       133, 49,        64, 56, 1.0037853, 72, 505.17816, 73, 513.52063, 77, 30.625000, 79, 1.2299160, 83,         0,110,         1,116,         4, 84, 3.8047791
4FC,2016/05/20 22:44:00, 50, 1657.4907, 13,       134, 49,        32, 56, 1.0037853, 72, 505.21332, 73, 513.54987, 77, 30.625000, 79, 1.2299160, 83,         0,110,         1,116,         4, 84, 3.7976074
5FC,2016/05/20 22:45:00, 50, 1540.3008, 13,       134, 49,       128, 56, 1.0037853, 72, 505.20667, 73, 513.49139, 77, 30.593750, 79, 1.2299160, 83,         0,110,         1,116,         4, 84, 3.8305664
50C,2016/05/20 22:46:00, 50, 2805.7344, 13,       134, 49,       128, 56, 1.0037853, 72, 505.24390, 73, 513.57910, 77, 30.562500, 79, 1.2250546, 83,         0,110,         1,116,         4, 84, 3.8264465
50C,2016/05/20 22:47:00, 50, 2537.2876, 13,       134, 49,       128, 56, 1.0037853, 72, 505.17035, 73, 513.60834, 77, 30.500000, 79, 1.2201934, 83,         0,110,         1,116,         4, 84, 3.8220215
51C,2016/05/20 22:48:00, 50, 2741.9023, 13,       134, 49,       128, 56, 1.0037853, 72, 505.25983, 73, 513.54987, 77, 30.531250, 79, 1.2250546, 83,         0,110,         1,116,         4, 84, 3.8186646
50C,2016/05/20 22:49:00, 50, 2801.4873, 13,       134, 49,       128, 56, 1.0037853, 72, 505.30280, 73, 513.57910, 77, 30.531250, 79, 1.2250546, 83,         0,110,         1,116,         4, 84, 3.8163757
5DC,2016/05/20 22:50:00, 50, 1635.8171, 13,       134, 49,       128, 56, 1.0037853, 72, 505.29449, 73, 513.52063, 77, 30.562500, 79, 1.2299160, 83,         0,110,         1,116,         4, 84, 3.8104248
54C,2016/05/20 22:51:00, 50, 2389.0894, 13,       134, 49,       128, 56, 1.0037853, 72, 505.23853, 73, 513.54987, 77, 30.500000, 79, 1.2250546, 83,         0,110,         1,116,         4, 84, 3.8110352
55C,2016/05/20 22:52:00, 50, 2752.8799, 13,       134, 49,       128, 56, 1.0037853, 72, 505.32593, 73, 513.57910, 77, 30.500000, 79, 1.2250546, 83,         0,110,         1,116,         4, 84, 3.8067627
59C,2016/05/20 22:53:00, 50, 2144.7144, 13,       134, 49,       128, 56, 1.0037853, 72, 505.23065, 73, 513.49139, 77, 30.500000, 79, 1.2299160, 83,         0,110,         1,116,         4, 84, 3.8040161
50C,2016/05/20 22:54:00, 50, 1535.8953, 13,       135, 49,       128, 56, 1.0037853, 72, 505.25702, 73, 513.46210, 77, 30.468750, 79, 1.2201934, 83,         0,110,         1,116,         4, 84, 3.8284302
4BC,2016/05/20 22:55:00, 50, 116.12019, 13,       135, 49,         2, 56, 1.0037853, 72, 505.26404, 73, 513.52063, 77, 30.468750, 79, 1.2250546, 83,     32768,110,        28,116,         4, 84, 3.8287354
54C,2016/05/20 22:56:00, 50, 116.12019, 13,       135, 49,       128, 56, 1.0037853, 72, 505.26404, 73, 513.49139, 77, 30.500000, 79, 1.2250546, 83,         4,110,         6,116,         4, 84, 3.8235474
41C,2016/05/20 22:57:00, 50, 116.12019, 13,       135, 49,        64, 56, 1.0037853, 72, 505.26404, 73, 513.52063, 77, 30.468750, 79, 1.2299160, 83,         4,110,         6,116,         4, 84, 3.8208008
48C,2016/05/20 22:58:00, 50, 116.12019, 13,       135, 49,        64, 56, 1.0037853, 72, 505.26404, 73, 513.49139, 77, 30.500000, 79, 1.2250546, 83,         4,110,         6,116,         4, 84, 3.8175964
43C,2016/05/20 22:59:00, 50, 116.12019, 13,       135, 49,        64, 56, 1.0037853, 72, 505.26404, 73, 513.52063, 77, 30.468750, 79, 1.2299160, 83,         4,110,         7,116,         4, 84, 3.8139343
4EC,2016/05/20 23:00:00, 50, 116.12019, 13,       135, 49,        64, 56, 1.0037853, 72, 505.26404, 73, 513.49139, 77, 30.500000, 79, 1.2299160, 83,         0,110,         0,116,         4, 84, 3.8107300
42C,2016/05/20 23:01:00, 50, 116.12019, 13,       135, 49,        64, 56, 1.0037853, 72, 505.26404, 73, 513.49139, 77, 30.531250, 79, 1.2250546, 83,         0,110,         0,116,         4, 84, 3.8088989
4BC,2016/05/20 23:02:00, 50, 116.12019, 13,       135, 49,        32, 56, 1.0037853, 72, 505.26404, 73, 513.49139, 77, 30.531250, 79, 1.2250546, 83,         0,110,         0,116,         4, 84, 3.8098145
49C,2016/05/20 23:03:00, 50, 10789.510, 13,       136, 49,        32, 56, 1.0037853, 72, 505.22253, 73, 513.46210, 77, 30.531250, 79, 1.2299160, 83,         0,110,         1,116,         4, 84, 3.8307190
49C,2016/05/20 23:04:00, 50, 9981.8379, 13,       136, 49,        64, 56, 1.0037853, 72, 505.25128, 73, 513.57910, 77, 30.531250, 79, 1.2299160, 83,         0,110,         1,116,         4, 84, 3.8302612
45C,2016/05/20 23:05:00, 50, 9569.8789, 13,       136, 49,        64, 56, 1.0037853, 72, 505.21863, 73, 513.54987, 77, 30.500000, 79, 1.2250546, 83,         0,110,         1,116,         4, 84, 3.8233948
4EC,2016/05/20 23:06:00, 50, 9609.7227, 13,       136, 49,        64, 56, 1.0037853, 72, 505.21460, 73, 513.52063, 77, 30.500000, 79, 1.2250546, 83,         0,110,         1,116,         4, 84, 3.8201904
55C,2016/05/20 23:07:00, 50, 9156.9062, 13,       136, 49,       128, 56, 1.0037853, 72, 505.26086, 73, 513.46210, 77, 30.468750, 79, 1.2250546, 83,         0,110,         1,116,         4, 84, 3.8142395
42C,2016/05/20 23:08:00, 50, 9890.8516, 13,       136, 49,        64, 56, 1.0037853, 72, 505.28882, 73, 513.52063, 77, 30.468750, 79, 1.2299160, 83,         0,110,         1,116,         4, 84, 3.8128662
44C,2016/05/20 23:09:00, 50, 9351.7344, 13,       136, 49,        64, 56, 1.0037853, 72, 505.34875, 73, 513.52063, 77, 30.437500, 79, 1.2250546, 83,         0,110,         1,116,         4, 84, 3.8104248
47C,2016/05/20 23:10:00, 50, 9793.2812, 13,       136, 49,        64, 56, 1.0037853, 72, 505.28174, 73, 513.49139, 77, 30.468750, 79, 1.2250546, 83,         0,110,         1,116,         4, 84, 3.8084412
42C,2016/05/20 23:11:00, 50, 10028.051, 13,       136, 49,        64, 56, 1.0037853, 72, 505.30835, 73, 513.52063, 77, 30.500000, 79, 1.2201934, 83,         0,110,         1,116,         4, 84, 3.8041687
4AC,2016/05/20 23:12:00, 50, 9772.8086, 13,       137, 49,        64, 56, 1.0037853, 72, 505.33661, 73, 513.52063, 77, 30.468750, 79, 1.2299160, 83,         0,110,         1,116,         4, 84, 3.8278198
4CC,2016/05/20 23:13:00, 50, 9874.6055, 13,       137, 49,        64, 56, 1.0037853, 72, 505.36676, 73, 513.54987, 77, 30.468750, 79, 1.2250546, 83,         0,110,         1,116,         4, 84, 3.8255310
4FC,2016/05/20 23:14:00, 50, 9525.9727, 13,       137, 49,        64, 56, 1.0037853, 72, 505.32568, 73, 513.52063, 77, 30.437500, 79, 1.2347773, 83,         0,110,         1,116,         4, 84, 3.8221741
48C,2016/05/20 23:15:00, 50, 9381.0391, 13,       137, 49,        64, 56, 1.0037853, 72, 505.36182, 73, 513.49139, 77, 30.437500, 79, 1.2250546, 83,         0,110,         1,116,         4, 84, 3.8201904
49C,2016/05/20 23:16:00, 50, 10577.273, 13,       137, 49,        32, 56, 1.0037853, 72, 505.37170, 73, 513.52063, 77, 30.406250, 79, 1.2250546, 83,         0,110,         1,116,         4, 84, 3.8174438
44C,2016/05/20 23:17:00, 50, 10413.088, 13,       137, 49,        64, 56, 1.0037853, 72, 505.36810, 73, 513.57910, 77, 30.406250, 79, 1.2299160, 83,         0,110,         1,116,         4, 84, 3.8157654
48C,2016/05/20 23:18:00, 50, 10288.434, 13,       137, 49,        64, 56, 1.0037853, 72, 505.39600, 73, 513.52063, 77, 30.406250, 79, 1.2299160, 83,         0,110,         1,116,         4, 84, 3.8122559
49C,2016/05/20 23:19:00, 50, 9691.2109, 13,       137, 49,        64, 56, 1.0037853, 72, 505.38422, 73, 513.54987, 77, 30.375000, 79, 1.2250546, 83,         0,110,         1,116,         4, 84, 3.8067627
4CC,2016/05/20 23:20:00, 50, 9681.0156, 13,       137, 49,        64, 56, 1.0037853, 72, 505.41364, 73, 513.52063, 77, 30.343750, 79, 1.2250546, 83,         0,110,         1,116,         4, 84, 3.8044739
4EC,2016/05/20 23:21:00, 50, 9844.8457, 13,       138, 49,        64, 56, 1.0037853, 72, 505.37280, 73, 513.54987, 77, 30.312500, 79, 1.2250546, 83,         0,110,         1,116,         4, 84, 3.8310242
4DC,2016/05/20 23:22:00, 50, 10628.598, 13,       138, 49,        64, 56, 1.0037853, 72, 505.38025, 73, 513.52063, 77, 30.343750, 79, 1.2250546, 83,         0,110,         1,116,         4, 84, 3.8261414
4DC,2016/05/20 23:23:00, 50, 10922.201, 13,       138, 49,        64, 56, 1.0037853, 72, 505.37933, 73, 513.54987, 77, 30.343750, 79, 1.2250546, 83,         0,110,         1,116,         4, 84, 3.8221741
4AC,2016/05/20 23:24:00, 50, 10116.174, 13,       138, 49,        64, 56, 1.0037853, 72, 505.36206, 73, 513.52063, 77, 30.312500, 79, 1.2201934, 83,         0,110,         1,116,         4, 84, 3.8206482
46C,2016/05/20 23:25:00, 50, 10243.029, 13,       138, 49,        64, 56, 1.0037853, 72, 505.40948, 73, 513.52063, 77, 30.312500, 79, 1.2299160, 83,         0,110,         1,116,         4, 84, 3.8162231
4BC,2016/05/20 23:26:00, 50, 10709.727, 13,       138, 49,        64, 56, 1.0037853, 72, 505.43213, 73, 513.57910, 77, 30.343750, 79, 1.2250546, 83,         0,110,         1,116,         4, 84, 3.8163757
47C,2016/05/20 23:27:00, 50, 9730.0430, 13,       138, 49,        64, 56, 1.0037853, 72, 505.39954, 73, 513.54987, 77, 30.312500, 79, 1.2250546, 83,         0,110,         1,116,         4, 84, 3.8073730
4BC,2016/05/20 23:28:00, 50, 9546.7441, 13,       138, 49,        64, 56, 1.0037853, 72, 505.42145, 73, 513.57910, 77, 30.312500, 79, 1.2250546, 83,         0,110,         1,116,         4, 84, 3.8063049
4CC,2016/05/20 23:29:00, 50, 11535.510, 13,       138, 49,        32, 56, 1.0037853, 72, 505.39862, 73, 513.52063, 77, 30.250000, 79, 1.2250546, 83,         0,110,         1,116,         4, 84, 3.8063049
4EC,2016/05/20 23:30:00, 50, 10729.371, 13,       139, 49,        64, 56, 1.0037853, 72, 505.36969, 73, 513.54987, 77, 30.218750, 79, 1.2250546, 83,         0,110,         1,116,         4, 84, 3.8291931
47C,2016/05/20 23:31:00, 50, 10189.773, 13,       139, 49,        64, 56, 1.0037853, 72, 505.43848, 73, 513.54987, 77, 30.218750, 79, 1.2299160, 83,         0,110,         1,116,         4, 84, 3.8259888
40C,2016/05/20 23:32:00, 50, 10500.406, 13,       139, 49,        64, 56, 1.0037853, 72, 505.42664, 73, 513.60834, 77, 30.250000, 79, 1.2250546, 83,         0,110,         1,116,         4, 84, 3.8208008
4AC,2016/05/20 23:33:00, 50, 9971.5859, 13,       139, 49,        64, 56, 1.0037853, 72, 505.43262, 73, 513.60834, 77, 30.250000, 79, 1.2250546, 83,         0,110,         1,116,         4, 84, 3.8171387
42C,2016/05/20 23:34:00, 50, 9604.5371, 13,       139, 49,        64, 56, 1.0037853, 72, 505.43048, 73, 513.54987, 77, 30.218750, 79, 1.2201934, 83,         0,110,         1,116,         4, 84, 3.8139343
4BC,2016/05/20 23:35:00, 50, 10220.502, 13,       139, 49,        64, 56, 1.0037853, 72, 505.37701, 73, 513.54987, 77, 30.218750, 79, 1.2299160, 83,         0,110,         1,116,         4, 84, 3.8137817
4DC,2016/05/20 23:36:00, 50, 9679.6016, 13,       139, 49,        64, 56, 1.0037853, 72, 505.40521, 73, 513.54987, 77, 30.156250, 79, 1.2250546, 83,         0,110,         1,116,         4, 84, 3.8098145
48C,2016/05/20 23:37:00, 50, 11972.389, 13,       139, 49,        32, 56, 1.0037853, 72, 505.45203, 73, 513.54987, 77, 30.156250, 79, 1.2299160, 83,         0,110,         1,116,         4, 84, 3.8070679
41C,2016/05/20 23:38:00, 50, 9653.3613, 13,       140, 49,        64, 56, 1.0037853, 72, 505.42944, 73, 513.54987, 77, 30.125000, 79, 1.2250546, 83,         0,110,         1,116,         4, 84, 3.8278198
46C,2016/05/20 23:39:00, 50, 9478.3262, 13,       140, 49,        64, 56, 1.0037853, 72, 505.43542, 73, 513.52063, 77, 30.125000, 79, 1.2347773, 83,         0,110,         1,116,         4, 84, 3.8244629
44C,2016/05/20 23:40:00, 50, 10509.840, 13,       140, 49,        32, 56, 1.0037853, 72, 505.41187, 73, 513.49139, 77, 30.093750, 79, 1.2201934, 83,         0,110,         1,116,         4, 84, 3.8229370
4BC,2016/05/20 23:41:00, 50, 9249.5332, 13,       140, 49,        64, 56, 1.0037853, 72, 505.41473, 73, 513.52063, 77, 30.093750, 79, 1.2201934, 83,         0,110,         1,116,         4, 84, 3.8191223
4EC,2016/05/20 23:42:00, 50, 9039.7832, 13,       140, 49,        64, 56, 1.0037853, 72, 505.35492, 73, 513.49139, 77, 30.062500, 79, 1.2201934, 83,         0,110,         1,116,         4, 84, 3.8163757
4CC,2016/05/20 23:43:00, 50, 10416.957, 13,       140, 49,        64, 56, 1.0037853, 72, 505.39673, 73, 513.52063, 77, 30.062500, 79, 1.2250546, 83,         0,110,         1,116,         4, 84, 3.8146973
4EC,2016/05/20 23:44:00, 50, 10125.145, 13,       140, 49,        64, 56, 1.0037853, 72, 505.42572, 73, 513.52063, 77, 30.093750, 79, 1.2250546, 83,         0,110,         1,116,         4, 84, 3.8121033
4DC,2016/05/20 23:45:00, 50, 10117.666, 13,       140, 49,        64, 56, 1.0037853, 72, 505.38483, 73, 513.49139, 77, 30.062500, 79, 1.2250546, 83,         0,110,         1,116,         4, 84, 3.8056946
41C,2016/05/20 23:46:00, 50, 9553.5215, 13,       140, 49,        64, 56, 1.0037853, 72, 505.42737, 73, 513.49139, 77, 30.062500, 79, 1.2250546, 83,         0,110,         1,116,         4, 84, 3.8070679
49C,2016/05/20 23:47:00, 50, 9507.2012, 13,       140, 49,        64, 56, 1.0037853, 72, 505.43158, 73, 513.43286, 77, 30.031250, 79, 1.2299160, 83,         0,110,         1,116,         4, 84, 3.8029480
4AC,2016/05/20 23:48:00, 50, 10532.068, 13,       141, 49,        64, 56, 1.0037853, 72, 505.44373, 73, 513.52063, 77, 30.000000, 79, 1.2250546, 83,         0,110,         1,116,         4, 84, 3.8282776
4EC,2016/05/20 23:49:00, 50, 9209.0195, 13,       141, 49,        64, 56, 1.0037853, 72, 505.42749, 73, 513.46210, 77, 30.031250, 79, 1.2201934, 83,         0,110,         1,116,         4, 84, 3.8227844
4EC,2016/05/20 23:50:00, 50, 9696.5781, 13,       141, 49,        64, 56, 1.0037853, 72, 505.38849, 73, 513.46210, 77, 30.000000, 79, 1.2250546, 83,         0,110,         1,116,         4, 84, 3.8197327
5DC,2016/05/20 23:51:00, 50, 9696.5781, 13,       141, 49,       128, 56, 1.0037853, 72, 505.38849, 73, 513.46210, 77, 30.031250, 79, 1.2299160, 83,         4,110,         6,116,         4, 84, 3.8169861
4CC,2016/05/20 23:52:00, 50, 9696.5781, 13,       141, 49,        64, 56, 1.0037853, 72, 505.38849, 73, 513.49139, 77, 29.968750, 79, 1.2299160, 83,         4,110,         6,116,         4, 84, 3.8182068
40C,2016/05/20 23:53:00, 50, 9696.5781, 13,       141, 49,        64, 56, 1.0037853, 72, 505.38849, 73, 513.43286, 77, 29.968750, 79, 1.2250546, 83,         4,110,         7,116,         4, 84, 3.8131714
4FC,2016/05/20 23:54:00, 50, 9696.5781, 13,       141, 49,        64, 56, 1.0037853, 72, 505.38849, 73, 513.49139, 77, 29.968750, 79, 1.2250546, 83,         0,110,         0,116,         4, 84, 3.8117981
4CC,2016/05/20 23:55:00, 50, 9696.5781, 13,       141, 49,        64, 56, 1.0037853, 72, 505.38849, 73, 513.43286, 77, 29.968750, 79, 1.2250546, 83,         0,110,         0,116,         4, 84, 3.8088989
43C,2016/05/20 23:56:00, 50, 9696.5781, 13,       141, 49,        64, 56, 1.0037853, 72, 505.38849, 73, 513.49139, 77, 29.968750, 79, 1.2201934, 83,         0,110,         0,116,         4, 84, 3.8102722
4AC,2016/05/20 23:57:00, 50, 9696.5781, 13,       142, 49,        64, 56, 1.0037853, 72, 505.38849, 73, 513.46210, 77, 30.000000, 79, 1.2201934, 83,         0,110,         1,116,         4, 84, 3.8288879
4AC,2016/05/20 23:58:00, 50, 8467.4102, 13,       142, 49,        64, 56, 1.0037853, 72, 505.37872, 73, 513.49139, 77, 29.937500, 79, 1.2250546, 83,         0,110,         1,116,         4, 84, 3.8264465
4FC,2016/05/20 23:59:00, 50, 9036.4219, 13,       142, 49,        64, 56, 1.0037853, 72, 505.45929, 73, 513.46210, 77, 30.000000, 79, 1.2250546, 83,         0,110,         1,116,         4, 84, 3.8237000
