40C,2016/09/06 17:04:00, 50, 0.0000000, 13,       242, 49,       128, 56, 1.0037853, 72, 494.27997, 73, 506.91193, 77, 23.968750, 79, 1.2347773, 83,     43777,110,        29,116,         4, 84,-0.0001526
42C,2016/09/06 17:05:00, 50, 0.0000000, 13,       180, 49,         4, 56, 1.0037853, 72, 494.29065, 73, 507.37979, 77, 24.500000, 79, 1.2347773, 83,     43777,110,        29,116,         4, 84, 4.7732544
5EC,2016/09/06 17:06:00, 50, 0.0000000, 13,        60, 49,         4, 56, 1.0037853, 72, 494.31757, 73, 507.67221, 77, 24.875000, 79, 1.2250546, 83,     43777,110,        29,116,         4, 84, 4.7732544
5CC,2016/09/06 17:07:00, 50, 0.0000000, 13,        27, 49,         1, 56, 1.0037853, 72, 494.25909, 73, 508.22778, 77, 25.218750, 79, 1.2299160, 83,     43777,110,        29,116,         4, 84, 4.0631104
47C,2016/09/06 17:08:00, 50, 0.0000000, 13,        29, 49,        16, 56, 1.0037853, 72, 494.27399, 73, 508.81262, 77, 25.593750, 79, 1.2299160, 83,     43777,110,        29,116,         4, 84, 3.8919067
5EC,2016/09/06 17:09:00, 50, 0.0000000, 13,        34, 49,         1, 56, 1.0037853, 72, 494.15118, 73, 508.66644, 77, 25.906250, 79, 1.2347773, 83,     43777,110,        29,116,         4, 84, 3.6259460
5EC,2016/09/06 17:10:00, 50, 0.0000000, 13,        39, 49,         1, 56, 1.0037853, 72, 494.12305, 73, 509.60217, 77, 26.218750, 79, 1.2299160, 83,     43777,110,        29,116,         4, 84, 3.4175110
52C,2016/09/06 17:11:00, 50, 0.0000000, 13,        41, 49,         1, 56, 1.0037853, 72, 494.04175, 73, 509.66064, 77, 26.500000, 79, 1.2347773, 83,     43777,110,        29,116,         4, 84, 3.2070923
59C,2016/09/06 17:12:00, 50, 0.0000000, 13,        43, 49,         1, 56, 1.0037853, 72, 493.97137, 73, 509.80688, 77, 26.781250, 79, 1.2250546, 83,     43777,110,        29,116,         4, 84, 2.8216553
5DC,2016/09/06 17:13:00, 50, 0.0000000, 13,        60, 49,         1, 56, 1.0037853, 72, 493.93756, 73, 509.89459, 77, 27.062500, 79, 1.2250546, 83,     43777,110,        29,116,         4, 84, 3.7205505
53C,2016/09/06 17:14:00, 50, 0.0000000, 13,        68, 49,         1, 56, 1.0037853, 72, 493.87921, 73, 510.01154, 77, 27.343750, 79, 1.2299160, 83,     43777,110,        29,116,         4, 84, 3.8105774
5AC,2016/09/06 17:15:00, 50, 0.0000000, 13,        71, 49,         1, 56, 1.0037853, 72, 493.78381, 73, 510.07007, 77, 27.593750, 79, 1.2299160, 83,     43777,110,        29,116,         4, 84, 3.7963867
5AC,2016/09/06 17:16:00, 50, 0.0000000, 13,        73, 49,         1, 56, 1.0037853, 72, 493.77039, 73, 510.21625, 77, 27.906250, 79, 1.2201934, 83,     43777,110,        29,116,         4, 84, 3.8462830
5FC,2016/09/06 17:17:00, 50, 0.0000000, 13,        75, 49,         1, 56, 1.0037853, 72, 493.77637, 73, 510.30396, 77, 28.156250, 79, 1.2201934, 83,     43777,110,        29,116,         4, 84, 3.8381958
5FC,2016/09/06 17:18:00, 50, 0.0000000, 13,        77, 49,         1, 56, 1.0037853, 72, 493.69391, 73, 510.39172, 77, 28.437500, 79, 1.2250546, 83,     43777,110,        29,116,         4, 84, 3.8313293
55C,2016/09/06 17:19:00, 50, 0.0000000, 13,        80, 49,         1, 56, 1.0037853, 72, 493.65729, 73, 510.45020, 77, 28.687500, 79, 1.2299160, 83,     43777,110,        29,116,         4, 84, 3.8127136
51C,2016/09/06 17:20:00, 50, 0.0000000, 13,        83, 49,         1, 56, 1.0037853, 72, 493.67499, 73, 510.50867, 77, 28.937500, 79, 1.2201934, 83,     43777,110,        29,116,         4, 84, 3.8195801
5BC,2016/09/06 17:21:00, 50, 0.0000000, 13,        86, 49,         1, 56, 1.0037853, 72, 493.71600, 73, 510.68414, 77, 29.218750, 79, 1.2299160, 83,     43777,110,        29,116,         4, 84, 3.8357544
5AC,2016/09/06 17:22:00, 50, 0.0000000, 13,        88, 49,         1, 56, 1.0037853, 72, 493.66730, 73, 510.62567, 77, 29.500000, 79, 1.2396387, 83,     41729,110,        29,116,         4, 84, 3.8363647
51C,2016/09/06 17:23:00, 50, 0.0000000, 13,        89, 49,         1, 56, 1.0037853, 72, 493.65082, 73, 510.80109, 77, 29.781250, 79, 1.2347773, 83,     41729,110,        29,116,         4, 84, 3.8052368
51C,2016/09/06 17:24:00, 50, 0.0000000, 13,        92, 49,         1, 56, 1.0037853, 72, 493.65173, 73, 510.88879, 77, 30.031250, 79, 1.2250546, 83,     41729,110,        29,116,         4, 84, 3.8323975
4FC,2016/09/06 17:25:00, 50, 0.0000000, 13,        94, 49,         1, 56, 1.0037853, 72, 493.62402, 73, 510.88879, 77, 30.343750, 79, 1.2201934, 83,     33284,110,         6,116,         4, 84, 3.8015747
43C,2016/09/06 17:26:00, 50, 0.0000000, 13,        97, 49,         1, 56, 1.0037853, 72, 493.62402, 73, 511.00580, 77, 30.500000, 79, 1.2250546, 83,     33284,110,         6,116,         4, 84, 3.8063049
59C,2016/09/06 17:27:00, 50, 0.0000000, 13,       100, 49,         1, 56, 1.0037853, 72, 493.62402, 73, 511.12274, 77, 30.750000, 79, 1.2250546, 83,     33284,110,         6,116,         4, 84, 3.8154602
55C,2016/09/06 17:28:00, 50, 0.0000000, 13,       102, 49,         1, 56, 1.0037853, 72, 493.62402, 73, 511.18121, 77, 30.937500, 79, 1.2250546, 83,     33284,110,         6,116,         4, 84, 3.8237000
5DC,2016/09/06 17:29:00, 50, 0.0000000, 13,       104, 49,         1, 56, 1.0037853, 72, 493.62402, 73, 511.21051, 77, 31.187500, 79, 1.2299160, 83,         4,110,         6,116,         4, 84, 3.8142395
5FC,2016/09/06 17:30:00, 50, 0.0000000, 13,       106, 49,         1, 56, 1.0037853, 72, 493.62402, 73, 511.32745, 77, 31.406250, 79, 1.2250546, 83,         4,110,         7,116,         4, 84, 3.8034058
5BC,2016/09/06 17:31:00, 50, 0.0000000, 13,       109, 49,         1, 56, 1.0037853, 72, 493.62402, 73, 511.41516, 77, 31.656250, 79, 1.2250546, 83,     32768,110,         0,116,         4, 84, 3.8307190
54C,2016/09/06 17:32:00, 50, 0.0000000, 13,       110, 49,         1, 56, 1.0037853, 72, 493.62402, 73, 511.50293, 77, 31.843750, 79, 1.2201934, 83,     32768,110,         0,116,         4, 84, 3.8217163
5BC,2016/09/06 17:33:00, 50, 0.0000000, 13,       112, 49,         1, 56, 1.0037853, 72, 493.62402, 73, 511.53217, 77, 32.093750, 79, 1.2250546, 83,     32768,110,         0,116,         4, 84, 3.8056946
4CC,2016/09/06 17:34:00, 50, 9495.3086, 13,       115, 49,         1, 56, 1.0037853, 72, 493.72412, 73, 510.42096, 77, 32.281250, 79, 1.2250546, 83,     32768,110,        28,116,         4, 84, 3.8264465
44C,2016/09/06 17:35:00, 50, 9495.3086, 13,       117, 49,         8, 56, 1.0037853, 72, 493.72412, 73, 510.59637, 77, 32.437500, 79, 1.2250546, 83,     32768,110,        28,116,         4, 84, 3.8124084
46C,2016/09/06 17:36:00, 50, 9495.3086, 13,       120, 49,        32, 56, 1.0037853, 72, 493.72412, 73, 510.39172, 77, 32.593750, 79, 1.2250546, 83,     32772,110,         6,116,         4, 84, 3.8224792
4AC,2016/09/06 17:37:00, 50, 9495.3086, 13,       123, 49,        32, 56, 1.0037853, 72, 493.72412, 73, 510.42096, 77, 32.687500, 79, 1.2201934, 83,     32772,110,         6,116,         4, 84, 3.8044739
41C,2016/09/06 17:38:00, 50, 9495.3086, 13,       126, 49,        32, 56, 1.0037853, 72, 493.72412, 73, 510.45020, 77, 32.812500, 79, 1.2250546, 83,     32772,110,         6,116,         4, 84, 3.8148499
4DC,2016/09/06 17:39:00, 50, 9495.3086, 13,       128, 49,        32, 56, 1.0037853, 72, 493.72412, 73, 510.53790, 77, 32.968750, 79, 1.2250546, 83,     32772,110,         7,116,         4, 84, 3.8050842
40C,2016/09/06 17:40:00, 50, 9495.3086, 13,       130, 49,        64, 56, 1.0037853, 72, 493.72412, 73, 510.65491, 77, 33.125000, 79, 1.2250546, 83,     32768,110,         0,116,         4, 84, 3.8165283
4EC,2016/09/06 17:41:00, 50, 9495.3086, 13,       131, 49,        32, 56, 1.0037853, 72, 493.72412, 73, 510.65491, 77, 33.250000, 79, 1.2201934, 83,     32768,110,         0,116,         4, 84, 3.8290405
45C,2016/09/06 17:42:00, 50, 9495.3086, 13,       132, 49,        32, 56, 1.0037853, 72, 493.72412, 73, 510.62567, 77, 33.343750, 79, 1.2250546, 83,     32768,110,         0,116,         4, 84, 3.8412476
43C,2016/09/06 17:43:00, 50, 11532.350, 13,       132, 49,        32, 56, 1.0037853, 72, 495.63391, 73, 510.62567, 77, 33.437500, 79, 1.2299160, 83,         0,110,         1,116,         4, 84, 3.8282776
45C,2016/09/06 17:44:00, 50, 9275.6426, 13,       132, 49,        32, 56, 1.0037853, 72, 495.63342, 73, 510.68414, 77, 33.500000, 79, 1.2201934, 83,         0,110,         1,116,         4, 84, 3.8171387
4EC,2016/09/06 17:45:00, 50, 14327.207, 13,       132, 49,        32, 56, 1.0037853, 72, 495.63019, 73, 510.65491, 77, 33.593750, 79, 1.2299160, 83,         0,110,         1,116,         4, 84, 3.8298035
4FC,2016/09/06 17:46:00, 50, 11387.525, 13,       133, 49,        16, 56, 1.0037853, 72, 495.60400, 73, 510.68414, 77, 33.656250, 79, 1.2347773, 83,         0,110,         1,116,         4, 84, 3.8511658
4FC,2016/09/06 17:47:00, 50, 11053.574, 13,       133, 49,        32, 56, 1.0037853, 72, 495.61841, 73, 510.74261, 77, 33.687500, 79, 1.2201934, 83,         0,110,         1,116,         4, 84, 3.8546753
44C,2016/09/06 17:48:00, 50, 11960.602, 13,       133, 49,        16, 56, 1.0037853, 72, 495.62451, 73, 510.68414, 77, 33.781250, 79, 1.2104707, 83,         0,110,         1,116,         4, 84, 3.8894653
46C,2016/09/06 17:49:00, 50, 8874.9785, 13,       133, 49,        32, 56, 1.0037853, 72, 495.65631, 73, 510.74261, 77, 33.812500, 79, 1.2153320, 83,         0,110,         1,116,         4, 84, 3.9051819
44C,2016/09/06 17:50:00, 50, 8471.0059, 13,       133, 49,        32, 56, 1.0037853, 72, 495.61401, 73, 510.77185, 77, 33.843750, 79, 1.2201934, 83,         0,110,         1,116,         4, 84, 3.9184570
46C,2016/09/06 17:51:00, 50, 11495.383, 13,       133, 49,        16, 56, 1.0037853, 72, 495.63873, 73, 510.83032, 77, 33.875000, 79, 1.2347773, 83,         0,110,         1,116,         4, 84, 3.9355469
4BC,2016/09/06 17:52:00, 50, 10795.994, 13,       133, 49,        16, 56, 1.0037853, 72, 495.71515, 73, 510.80109, 77, 33.937500, 79, 1.2250546, 83,         0,110,         1,116,         4, 84, 3.9498901
45C,2016/09/06 17:53:00, 50, 10925.631, 13,       133, 49,        16, 56, 1.0037853, 72, 495.68066, 73, 510.83032, 77, 34.000000, 79, 1.2396387, 83,         0,110,         1,116,         4, 84, 3.9657593
4CC,2016/09/06 17:54:00, 50, 11387.262, 13,       133, 49,        16, 56, 1.0037853, 72, 495.63574, 73, 510.83032, 77, 34.031250, 79, 1.2250546, 83,         0,110,         1,116,         4, 84, 3.9804077
44C,2016/09/06 17:55:00, 50, 12210.135, 13,       133, 49,        16, 56, 1.0037853, 72, 495.67969, 73, 510.88879, 77, 34.093750, 79, 1.2153320, 83,         0,110,         1,116,         4, 84, 4.0029907
4BC,2016/09/06 17:56:00, 50, 9858.2402, 13,       133, 49,        32, 56, 1.0037853, 72, 495.69452, 73, 511.00580, 77, 34.218750, 79, 1.2250546, 83,         0,110,         1,116,         4, 84, 4.0133667
47C,2016/09/06 17:57:00, 50, 10778.963, 13,       133, 49,        32, 56, 1.0037853, 72, 495.69543, 73, 510.97656, 77, 34.218750, 79, 1.2250546, 83,         0,110,         1,116,         4, 84, 4.0245056
42C,2016/09/06 17:58:00, 50, 10453.574, 13,       133, 49,        16, 56, 1.0037853, 72, 495.67316, 73, 511.06427, 77, 34.343750, 79, 1.2347773, 83,         0,110,         1,116,         4, 84, 4.0361023
43C,2016/09/06 17:59:00, 50, 13215.400, 13,       133, 49,        32, 56, 1.0037853, 72, 495.62793, 73, 511.09351, 77, 34.406250, 79, 1.2153320, 83,         0,110,         1,116,         4, 84, 4.0483093
4DC,2016/09/06 18:00:00, 50, 13338.312, 13,       133, 49,        32, 56, 1.0037853, 72, 495.71686, 73, 511.06427, 77, 34.437500, 79, 1.2201934, 83,         0,110,         1,116,         4, 84, 4.0583801
40C,2016/09/06 18:01:00, 50, 10893.703, 13,       133, 49,        16, 56, 1.0037853, 72, 495.68402, 73, 511.06427, 77, 34.500000, 79, 1.2201934, 83,         0,110,         1,116,         4, 84, 4.0692139
47C,2016/09/06 18:02:00, 50, 11714.865, 13,       133, 49,        16, 56, 1.0037853, 72, 495.67322, 73, 511.12274, 77, 34.593750, 79, 1.2250546, 83,         0,110,         1,116,         4, 84, 4.0715027
4FC,2016/09/06 18:03:00, 50, 13155.801, 13,       133, 49,        32, 56, 1.0037853, 72, 495.65417, 73, 511.15198, 77, 34.625000, 79, 1.2201934, 83,         0,110,         1,116,         4, 84, 4.0765381
4EC,2016/09/06 18:04:00, 50, 11615.828, 13,       133, 49,        16, 56, 1.0037853, 72, 495.68634, 73, 511.12274, 77, 34.687500, 79, 1.2153320, 83,         0,110,         1,116,         4, 84, 4.0788269
49C,2016/09/06 18:05:00, 50, 12643.260, 13,       133, 49,        32, 56, 1.0037853, 72, 495.68298, 73, 511.21051, 77, 34.687500, 79, 1.2250546, 83,         0,110,         1,116,         4, 84, 4.0895081
4CC,2016/09/06 18:06:00, 50, 9080.4141, 13,       133, 49,        32, 56, 1.0037853, 72, 495.71948, 73, 511.21051, 77, 34.718750, 79, 1.2201934, 83,         0,110,         1,116,         4, 84, 4.0830994
40C,2016/09/06 18:07:00, 50, 12100.381, 13,       133, 49,        16, 56, 1.0037853, 72, 495.75208, 73, 511.18121, 77, 34.718750, 79, 1.2201934, 83,         0,110,         1,116,         4, 84, 4.0924072
4BC,2016/09/06 18:08:00, 50, 10062.322, 13,       133, 49,        32, 56, 1.0037853, 72, 495.71271, 73, 511.26898, 77, 34.718750, 79, 1.2201934, 83,         0,110,         1,116,         4, 84, 4.0974426
4FC,2016/09/06 18:09:00, 50, 11870.818, 13,       133, 49,        16, 56, 1.0037853, 72, 495.73029, 73, 511.21051, 77, 34.750000, 79, 1.2153320, 83,         0,110,         1,116,         4, 84, 4.0951538
44C,2016/09/06 18:10:00, 50, 11878.898, 13,       133, 49,        32, 56, 1.0037853, 72, 495.79401, 73, 511.26898, 77, 34.843750, 79, 1.2250546, 83,         0,110,         1,116,         4, 84, 4.0986633
41C,2016/09/06 18:11:00, 50, 11102.129, 13,       133, 49,        32, 56, 1.0037853, 72, 495.77368, 73, 511.32745, 77, 34.875000, 79, 1.2153320, 83,         0,110,         1,116,         4, 84, 4.0934753
41C,2016/09/06 18:12:00, 50, 10113.963, 13,       133, 49,        32, 56, 1.0037853, 72, 495.81409, 73, 511.32745, 77, 34.937500, 79, 1.2201934, 83,         0,110,         1,116,         4, 84, 4.0927124
41C,2016/09/06 18:13:00, 50, 11097.658, 13,       133, 49,        32, 56, 1.0037853, 72, 495.78101, 73, 511.35669, 77, 35.031250, 79, 1.2201934, 83,         0,110,         1,116,         4, 84, 4.0965271
4FC,2016/09/06 18:14:00, 50, 11276.229, 13,       133, 49,        16, 56, 1.0037853, 72, 495.82007, 73, 511.35669, 77, 35.093750, 79, 1.2201934, 83,         0,110,         1,116,         4, 84, 4.0933228
4BC,2016/09/06 18:15:00, 50, 11640.348, 13,       133, 49,        32, 56, 1.0037853, 72, 495.86432, 73, 511.41516, 77, 35.156250, 79, 1.2153320, 83,         0,110,         1,116,         4, 84, 4.0916443
47C,2016/09/06 18:16:00, 50, 12735.588, 13,       133, 49,        32, 56, 1.0037853, 72, 495.87866, 73, 511.47369, 77, 35.250000, 79, 1.2250546, 83,         0,110,         1,116,         4, 84, 4.0870667
4FC,2016/09/06 18:17:00, 50, 12013.006, 13,       133, 49,        32, 56, 1.0037853, 72, 495.84515, 73, 511.53217, 77, 35.312500, 79, 1.2201934, 83,         0,110,         1,116,         4, 84, 4.0876770
41C,2016/09/06 18:18:00, 50, 10850.086, 13,       133, 49,        32, 56, 1.0037853, 72, 495.89581, 73, 511.56140, 77, 35.375000, 79, 1.2201934, 83,         0,110,         1,116,         4, 84, 4.0779114
44C,2016/09/06 18:19:00, 50, 12088.939, 13,       133, 49,        16, 56, 1.0037853, 72, 495.83545, 73, 511.53217, 77, 35.468750, 79, 1.2153320, 83,         0,110,         1,116,         4, 84, 4.0751648
47C,2016/09/06 18:20:00, 50, 12030.859, 13,       133, 49,        32, 56, 1.0037853, 72, 495.85547, 73, 511.61987, 77, 35.531250, 79, 1.2250546, 83,         0,110,         1,116,         4, 84, 4.0762329
4FC,2016/09/06 18:21:00, 50, 11175.002, 13,       133, 49,        32, 56, 1.0037853, 72, 495.88086, 73, 511.61987, 77, 35.625000, 79, 1.2201934, 83,         0,110,         1,116,         4, 84, 4.0686035
4EC,2016/09/06 18:22:00, 50, 11706.055, 13,       133, 49,        32, 56, 1.0037853, 72, 495.92334, 73, 511.67834, 77, 35.718750, 79, 1.2201934, 83,         0,110,         1,116,         4, 84, 4.0744019
4AC,2016/09/06 18:23:00, 50, 9947.0586, 13,       133, 49,        32, 56, 1.0037853, 72, 495.88092, 73, 511.64911, 77, 35.750000, 79, 1.2153320, 83,         0,110,         1,116,         4, 84, 4.0637207
4BC,2016/09/06 18:24:00, 50, 12175.680, 13,       133, 49,        32, 56, 1.0037853, 72, 495.95844, 73, 511.76611, 77, 35.843750, 79, 1.2201934, 83,         0,110,         1,116,         4, 84, 4.0673828
4DC,2016/09/06 18:25:00, 50, 11834.740, 13,       133, 49,        32, 56, 1.0037853, 72, 495.94586, 73, 511.76611, 77, 35.875000, 79, 1.2250546, 83,         0,110,         1,116,         4, 84, 4.0609741
40C,2016/09/06 18:26:00, 50, 10574.553, 13,       133, 49,        32, 56, 1.0037853, 72, 495.88824, 73, 511.76611, 77, 36.000000, 79, 1.2201934, 83,         0,110,         1,116,         4, 84, 4.0606689
4BC,2016/09/06 18:27:00, 50, 11250.578, 13,       133, 49,        32, 56, 1.0037853, 72, 495.91797, 73, 511.82458, 77, 36.031250, 79, 1.2201934, 83,         0,110,         1,116,         4, 84, 4.0565491
4AC,2016/09/06 18:28:00, 50, 11586.580, 13,       133, 49,        32, 56, 1.0037853, 72, 495.93201, 73, 511.91229, 77, 36.125000, 79, 1.2250546, 83,         0,110,         1,116,         4, 84, 4.0512085
45C,2016/09/06 18:29:00, 50, 12153.404, 13,       133, 49,        32, 56, 1.0037853, 72, 495.90924, 73, 511.85382, 77, 36.187500, 79, 1.2201934, 83,         0,110,         1,116,         4, 84, 4.0518188
41C,2016/09/06 18:30:00, 50, 12511.777, 13,       133, 49,        16, 56, 1.0037853, 72, 495.86487, 73, 511.85382, 77, 36.250000, 79, 1.2201934, 83,         0,110,         1,116,         4, 84, 4.0531921
49C,2016/09/06 18:31:00, 50, 11738.791, 13,       133, 49,        32, 56, 1.0037853, 72, 495.87561, 73, 511.97076, 77, 36.312500, 79, 1.2201934, 83,         0,110,         1,116,         4, 84, 4.0458679
4CC,2016/09/06 18:32:00, 50, 12594.814, 13,       133, 49,        16, 56, 1.0037853, 72, 495.92072, 73, 511.91229, 77, 36.375000, 79, 1.2153320, 83,         0,110,         1,116,         4, 84, 4.0504456
42C,2016/09/06 18:33:00, 50, 10613.094, 13,       133, 49,        32, 56, 1.0037853, 72, 495.94824, 73, 511.91229, 77, 36.406250, 79, 1.2153320, 83,         0,110,         1,116,         4, 84, 4.0432739
43C,2016/09/06 18:34:00, 50, 11314.803, 13,       133, 49,        16, 56, 1.0037853, 72, 495.94739, 73, 511.94153, 77, 36.468750, 79, 1.2153320, 83,         0,110,         1,116,         4, 84, 4.0432739
48C,2016/09/06 18:35:00, 50, 9612.9062, 13,       133, 49,        32, 56, 1.0037853, 72, 495.95911, 73, 512.00000, 77, 36.531250, 79, 1.2250546, 83,         0,110,         1,116,         4, 84, 4.0370178
42C,2016/09/06 18:36:00, 50, 12515.350, 13,       133, 49,        32, 56, 1.0037853, 72, 496.01678, 73, 512.05853, 77, 36.562500, 79, 1.2201934, 83,         0,110,         1,116,         4, 84, 4.0370178
42C,2016/09/06 18:37:00, 50, 10701.422, 13,       133, 49,        32, 56, 1.0037853, 72, 495.99927, 73, 512.14624, 77, 36.593750, 79, 1.2299160, 83,         0,110,         1,116,         4, 84, 4.0303040
41C,2016/09/06 18:38:00, 50, 11678.957, 13,       133, 49,        16, 56, 1.0037853, 72, 495.94409, 73, 512.11700, 77, 36.656250, 79, 1.2153320, 83,         0,110,         1,116,         4, 84, 4.0274048
47C,2016/09/06 18:39:00, 50, 9893.3242, 13,       133, 49,        32, 56, 1.0037853, 72, 496.03180, 73, 512.14624, 77, 36.718750, 79, 1.2201934, 83,         0,110,         1,116,         4, 84, 4.0278625
49C,2016/09/06 18:40:00, 50, 13685.332, 13,       133, 49,        32, 56, 1.0037853, 72, 496.05853, 73, 512.23395, 77, 36.781250, 79, 1.2201934, 83,         0,110,         1,116,         4, 84, 4.0303040
4BC,2016/09/06 18:41:00, 50, 10602.344, 13,       133, 49,        32, 56, 1.0037853, 72, 496.02881, 73, 512.23395, 77, 36.843750, 79, 1.2104707, 83,         0,110,         1,116,         4, 84, 4.0269470
43C,2016/09/06 18:42:00, 50, 10158.111, 13,       133, 49,        32, 56, 1.0037853, 72, 496.03900, 73, 512.23395, 77, 36.906250, 79, 1.2104707, 83,         0,110,         1,116,         4, 84, 4.0226746
4EC,2016/09/06 18:43:00, 50, 12780.840, 13,       133, 49,        32, 56, 1.0037853, 72, 496.11261, 73, 512.26318, 77, 36.968750, 79, 1.2201934, 83,         0,110,         1,116,         4, 84, 4.0211487
46C,2016/09/06 18:44:00, 50, 12418.869, 13,       133, 49,        32, 56, 1.0037853, 72, 496.10742, 73, 512.32166, 77, 37.000000, 79, 1.2201934, 83,         0,110,         1,116,         4, 84, 4.0220642
41C,2016/09/06 18:45:00, 50, 12418.869, 13,       133, 49,        32, 56, 1.0037853, 72, 496.10742, 73, 512.35095, 77, 37.031250, 79, 1.2104707, 83,         4,110,         6,116,         4, 84, 4.0173340
4EC,2016/09/06 18:46:00, 50, 12418.869, 13,       133, 49,        32, 56, 1.0037853, 72, 496.10742, 73, 512.38019, 77, 37.062500, 79, 1.2201934, 83,         4,110,         6,116,         4, 84, 4.0136719
46C,2016/09/06 18:47:00, 50, 12418.869, 13,       133, 49,        32, 56, 1.0037853, 72, 496.10742, 73, 512.40942, 77, 37.156250, 79, 1.2104707, 83,         4,110,         7,116,         4, 84, 4.0156555
41C,2016/09/06 18:48:00, 50, 12418.869, 13,       133, 49,        32, 56, 1.0037853, 72, 496.10742, 73, 512.43866, 77, 37.187500, 79, 1.2201934, 83,         0,110,         0,116,         4, 84, 4.0078735
4FC,2016/09/06 18:49:00, 50, 12418.869, 13,       133, 49,        32, 56, 1.0037853, 72, 496.10742, 73, 512.52637, 77, 37.218750, 79, 1.2201934, 83,         0,110,         0,116,         4, 84, 4.0138245
4BC,2016/09/06 18:50:00, 50, 12418.869, 13,       133, 49,        32, 56, 1.0037853, 72, 496.10742, 73, 512.55560, 77, 37.312500, 79, 1.2201934, 83,         0,110,         0,116,         4, 84, 4.0066528
43C,2016/09/06 18:51:00, 50, 12418.869, 13,       133, 49,        32, 56, 1.0037853, 72, 496.10742, 73, 512.52637, 77, 37.343750, 79, 1.2201934, 83,         0,110,         1,116,         4, 84, 4.0020752
42C,2016/09/06 18:52:00, 50, 11973.387, 13,       133, 49,        16, 56, 1.0037853, 72, 496.14264, 73, 512.55560, 77, 37.437500, 79, 1.2153320, 83,         0,110,         1,116,         4, 84, 4.0036011
47C,2016/09/06 18:53:00, 50, 11298.039, 13,       133, 49,        16, 56, 1.0037853, 72, 496.11847, 73, 512.64337, 77, 37.437500, 79, 1.2104707, 83,         0,110,         1,116,         4, 84, 4.0020752
40C,2016/09/06 18:54:00, 50, 9964.7129, 13,       133, 49,        32, 56, 1.0037853, 72, 496.14996, 73, 512.64337, 77, 37.500000, 79, 1.2201934, 83,         0,110,         1,116,         4, 84, 3.9918518
4EC,2016/09/06 18:55:00, 50, 8765.0391, 13,       133, 49,        32, 56, 1.0037853, 72, 496.18378, 73, 512.64337, 77, 37.531250, 79, 1.2104707, 83,         0,110,         1,116,         4, 84, 3.9884949
49C,2016/09/06 18:56:00, 50, 10323.701, 13,       133, 49,        32, 56, 1.0037853, 72, 496.15582, 73, 512.70184, 77, 37.562500, 79, 1.2201934, 83,         0,110,         1,116,         4, 84, 3.9840698
4AC,2016/09/06 18:57:00, 50, 10068.250, 13,       133, 49,        32, 56, 1.0037853, 72, 496.23254, 73, 512.76031, 77, 37.593750, 79, 1.2153320, 83,         0,110,         1,116,         4, 84, 3.9834595
4AC,2016/09/06 18:58:00, 50, 9997.9902, 13,       133, 49,        16, 56, 1.0037853, 72, 496.20868, 73, 512.70184, 77, 37.593750, 79, 1.2153320, 83,         0,110,         1,116,         4, 84, 3.9762878
48C,2016/09/06 18:59:00, 50, 9847.7051, 13,       133, 49,        32, 56, 1.0037853, 72, 496.23981, 73, 512.78955, 77, 37.656250, 79, 1.2153320, 83,         0,110,         1,116,         4, 84, 3.9779663
48C,2016/09/06 19:00:00, 50, 15342.193, 13,       133, 49,        16, 56, 1.0037853, 72, 496.27136, 73, 512.76031, 77, 37.656250, 79, 1.2250546, 83,         0,110,         1,116,         4, 84, 3.9749146
43C,2016/09/06 19:01:00, 50, 10776.338, 13,       133, 49,        32, 56, 1.0037853, 72, 496.31555, 73, 512.81879, 77, 37.687500, 79, 1.2153320, 83,         0,110,         1,116,         4, 84, 3.9700317
48C,2016/09/06 19:02:00, 50, 11663.260, 13,       133, 49,        32, 56, 1.0037853, 72, 496.31500, 73, 512.87726, 77, 37.718750, 79, 1.2201934, 83,         0,110,         1,116,         4, 84, 3.9663696
4CC,2016/09/06 19:03:00, 50, 8781.4336, 13,       133, 49,        32, 56, 1.0037853, 72, 496.28625, 73, 512.87726, 77, 37.750000, 79, 1.2104707, 83,         0,110,         1,116,         4, 84, 3.9605713
44C,2016/09/06 19:04:00, 50, 11069.156, 13,       133, 49,        32, 56, 1.0037853, 72, 496.35028, 73, 512.93579, 77, 37.750000, 79, 1.2153320, 83,         0,110,         1,116,         4, 84, 3.9607239
41C,2016/09/06 19:05:00, 50, 10994.242, 13,       133, 49,        32, 56, 1.0037853, 72, 496.34827, 73, 512.99426, 77, 37.781250, 79, 1.2299160, 83,         0,110,         1,116,         4, 84, 3.9581299
4AC,2016/09/06 19:06:00, 50, 10393.359, 13,       133, 49,        32, 56, 1.0037853, 72, 496.31598, 73, 512.96503, 77, 37.843750, 79, 1.2104707, 83,         0,110,         1,116,         4, 84, 3.9566040
4AC,2016/09/06 19:07:00, 50, 9410.9414, 13,       133, 49,        32, 56, 1.0037853, 72, 496.34979, 73, 512.99426, 77, 37.906250, 79, 1.2153320, 83,         0,110,         1,116,         4, 84, 3.9575195
43C,2016/09/06 19:08:00, 50, 12742.166, 13,       133, 49,        16, 56, 1.0037853, 72, 496.40045, 73, 512.96503, 77, 38.000000, 79, 1.2250546, 83,         0,110,         1,116,         4, 84, 3.9518738
45C,2016/09/06 19:09:00, 50, 11800.828, 13,       133, 49,        16, 56, 1.0037853, 72, 496.31915, 73, 512.96503, 77, 38.125000, 79, 1.2153320, 83,         0,110,         1,116,         4, 84, 3.9453125
4DC,2016/09/06 19:10:00, 50, 13174.223, 13,       133, 49,        16, 56, 1.0037853, 72, 496.35718, 73, 513.02350, 77, 38.250000, 79, 1.2201934, 83,         0,110,         1,116,         4, 84, 3.9503479
49C,2016/09/06 19:11:00, 50, 15208.373, 13,       133, 49,        16, 56, 1.0037853, 72, 496.35596, 73, 513.02350, 77, 38.343750, 79, 1.2201934, 83,         0,110,         1,116,         4, 84, 3.9382935
43C,2016/09/06 19:12:00, 50, 13214.832, 13,       133, 49,        16, 56, 1.0037853, 72, 496.36560, 73, 513.02350, 77, 38.437500, 79, 1.2201934, 83,         0,110,         1,116,         4, 84, 3.9334106
47C,2016/09/06 19:13:00, 50, 9579.2734, 13,       133, 49,        16, 56, 1.0037853, 72, 496.34326, 73, 513.02350, 77, 38.531250, 79, 1.2153320, 83,         0,110,         1,116,         4, 84, 3.9299011
41C,2016/09/06 19:14:00, 50, 12170.801, 13,       133, 49,        16, 56, 1.0037853, 72, 496.40222, 73, 513.08197, 77, 38.531250, 79, 1.2153320, 83,         0,110,         1,116,         4, 84, 3.9328003
42C,2016/09/06 19:15:00, 50, 11033.264, 13,       133, 49,        16, 56, 1.0037853, 72, 496.36432, 73, 513.05273, 77, 38.625000, 79, 1.2104707, 83,         0,110,         1,116,         4, 84, 3.9303589
42C,2016/09/06 19:16:00, 50, 9805.1855, 13,       133, 49,        16, 56, 1.0037853, 72, 496.29816, 73, 513.05273, 77, 38.656250, 79, 1.2153320, 83,         0,110,         1,116,         4, 84, 3.9260864
4BC,2016/09/06 19:17:00, 50, 11283.154, 13,       133, 49,        16, 56, 1.0037853, 72, 496.34546, 73, 513.08197, 77, 38.687500, 79, 1.2250546, 83,         0,110,         1,116,         4, 84, 3.9234924
48C,2016/09/06 19:18:00, 50, 12320.127, 13,       133, 49,        32, 56, 1.0037853, 72, 496.34344, 73, 513.16968, 77, 38.750000, 79, 1.2201934, 83,         0,110,         1,116,         4, 84, 3.9208984
42C,2016/09/06 19:19:00, 50, 11320.686, 13,       133, 49,        16, 56, 1.0037853, 72, 496.37018, 73, 513.11121, 77, 38.781250, 79, 1.2153320, 83,         0,110,         1,116,         4, 84, 3.9146423
46C,2016/09/06 19:20:00, 50, 14494.389, 13,       133, 49,        16, 56, 1.0037853, 72, 496.37958, 73, 513.14044, 77, 38.812500, 79, 1.2250546, 83,         0,110,         1,116,         4, 84, 3.9140320
4CC,2016/09/06 19:21:00, 50, 12875.541, 13,       133, 49,        16, 56, 1.0037853, 72, 496.37659, 73, 513.14044, 77, 38.843750, 79, 1.2104707, 83,         0,110,         1,116,         4, 84, 3.9088440
4AC,2016/09/06 19:22:00, 50, 10760.656, 13,       133, 49,        16, 56, 1.0037853, 72, 496.37384, 73, 513.14044, 77, 38.875000, 79, 1.2104707, 83,         0,110,         1,116,         4, 84, 3.9057922
48C,2016/09/06 19:23:00, 50, 10636.289, 13,       133, 49,        16, 56, 1.0037853, 72, 496.40839, 73, 513.14044, 77, 38.906250, 79, 1.2250546, 83,         0,110,         1,116,         4, 84, 3.9036560
4AC,2016/09/06 19:24:00, 50, 12341.414, 13,       133, 49,        16, 56, 1.0037853, 72, 496.38580, 73, 513.14044, 77, 38.937500, 79, 1.2104707, 83,         0,110,         1,116,         4, 84, 3.9076233
4FC,2016/09/06 19:25:00, 50, 10931.107, 13,       133, 49,        16, 56, 1.0037853, 72, 496.36237, 73, 513.16968, 77, 38.937500, 79, 1.2201934, 83,         0,110,         1,116,         4, 84, 3.8963318
46C,2016/09/06 19:26:00, 50, 13184.686, 13,       133, 49,        16, 56, 1.0037853, 72, 496.38843, 73, 513.19897, 77, 38.937500, 79, 1.2153320, 83,         0,110,         1,116,         4, 84, 3.9009094
48C,2016/09/06 19:27:00, 50, 13173.074, 13,       133, 49,        16, 56, 1.0037853, 72, 496.41736, 73, 513.19897, 77, 38.937500, 79, 1.2250546, 83,         0,110,         1,116,         4, 84, 3.8900757
40C,2016/09/06 19:28:00, 50, 12540.082, 13,       133, 49,        16, 56, 1.0037853, 72, 496.38812, 73, 513.22821, 77, 38.906250, 79, 1.2104707, 83,         0,110,         1,116,         4, 84, 3.8919067
42C,2016/09/06 19:29:00, 50, 12032.670, 13,       133, 49,        16, 56, 1.0037853, 72, 496.40741, 73, 513.25745, 77, 38.937500, 79, 1.2201934, 83,         0,110,         1,116,         4, 84, 3.8859558
48C,2016/09/06 19:30:00, 50, 10147.447, 13,       133, 49,        32, 56, 1.0037853, 72, 496.45825, 73, 513.28668, 77, 39.000000, 79, 1.2201934, 83,         0,110,         1,116,         4, 84, 3.8842773
4FC,2016/09/06 19:31:00, 50, 11083.555, 13,       133, 49,        32, 56, 1.0037853, 72, 496.46362, 73, 513.31592, 77, 39.000000, 79, 1.2201934, 83,         0,110,         1,116,         4, 84, 3.8858032
41C,2016/09/06 19:32:00, 50, 12411.445, 13,       133, 49,        16, 56, 1.0037853, 72, 496.39539, 73, 513.25745, 77, 39.031250, 79, 1.2153320, 83,         0,110,         1,116,         4, 84, 3.8749695
4CC,2016/09/06 19:33:00, 50, 10880.150, 13,       133, 49,        16, 56, 1.0037853, 72, 496.41608, 73, 513.22821, 77, 39.031250, 79, 1.2153320, 83,         0,110,         1,116,         4, 84, 3.8706970
43C,2016/09/06 19:34:00, 50, 10852.072, 13,       133, 49,        16, 56, 1.0037853, 72, 496.44257, 73, 513.31592, 77, 39.000000, 79, 1.2201934, 83,         0,110,         1,116,         4, 84, 3.8725281
49C,2016/09/06 19:35:00, 50, 10654.912, 13,       133, 49,        32, 56, 1.0037853, 72, 496.45050, 73, 513.34515, 77, 39.000000, 79, 1.2201934, 83,         0,110,         1,116,         4, 84, 3.8706970
42C,2016/09/06 19:36:00, 50, 10473.777, 13,       133, 49,        32, 56, 1.0037853, 72, 496.52679, 73, 513.31592, 77, 39.000000, 79, 1.2153320, 83,         0,110,         1,116,         4, 84, 3.8653564
45C,2016/09/06 19:37:00, 50, 10277.189, 13,       133, 49,        32, 56, 1.0037853, 72, 496.46106, 73, 513.37439, 77, 39.000000, 79, 1.2153320, 83,         0,110,         1,116,         4, 84, 3.8594055
4CC,2016/09/06 19:38:00, 50, 11978.824, 13,       133, 49,        32, 56, 1.0037853, 72, 496.54077, 73, 513.43286, 77, 39.000000, 79, 1.2153320, 83,         0,110,         1,116,         4, 84, 3.8584900
4EC,2016/09/06 19:39:00, 50, 10360.684, 13,       133, 49,        32, 56, 1.0037853, 72, 496.53491, 73, 513.37439, 77, 39.000000, 79, 1.2201934, 83,         0,110,         1,116,         4, 84, 3.8555908
4BC,2016/09/06 19:40:00, 50, 10767.906, 13,       133, 49,        16, 56, 1.0037853, 72, 496.50165, 73, 513.37439, 77, 39.031250, 79, 1.2153320, 83,         0,110,         1,116,         4, 84, 3.8522339
43C,2016/09/06 19:41:00, 50, 11832.451, 13,       133, 49,        32, 56, 1.0037853, 72, 496.52960, 73, 513.43286, 77, 39.031250, 79, 1.2201934, 83,         0,110,         1,116,         4, 84, 3.8491821
4CC,2016/09/06 19:42:00, 50, 12691.494, 13,       133, 49,        16, 56, 1.0037853, 72, 496.52448, 73, 513.37439, 77, 39.031250, 79, 1.2201934, 83,         0,110,         1,116,         4, 84, 3.8455200
45C,2016/09/06 19:43:00, 50, 11677.615, 13,       133, 49,        16, 56, 1.0037853, 72, 496.53577, 73, 513.37439, 77, 39.000000, 79, 1.2201934, 83,         0,110,         1,116,         4, 84, 3.8446045
4FC,2016/09/06 19:44:00, 50, 9215.4023, 13,       133, 49,        32, 56, 1.0037853, 72, 496.52692, 73, 513.37439, 77, 39.031250, 79, 1.2153320, 83,         0,110,         1,116,         4, 84, 3.8365173
4BC,2016/09/06 19:45:00, 50, 10900.578, 13,       133, 49,        16, 56, 1.0037853, 72, 496.52747, 73, 513.40363, 77, 39.062500, 79, 1.2104707, 83,         0,110,         1,116,         4, 84, 3.8391113
45C,2016/09/06 19:46:00, 50, 11287.393, 13,       133, 49,        32, 56, 1.0037853, 72, 496.54211, 73, 513.43286, 77, 39.093750, 79, 1.2104707, 83,         0,110,         1,116,         4, 84, 3.8365173
44C,2016/09/06 19:47:00, 50, 11630.396, 13,       133, 49,        32, 56, 1.0037853, 72, 496.56317, 73, 513.49139, 77, 39.093750, 79, 1.2153320, 83,         0,110,         1,116,         4, 84, 3.8349915
4CC,2016/09/06 19:48:00, 50, 9101.5371, 13,       133, 49,        32, 56, 1.0037853, 72, 496.56287, 73, 513.46210, 77, 39.062500, 79, 1.2104707, 83,         0,110,         1,116,         4, 84, 3.8325500
41C,2016/09/06 19:49:00, 50, 10906.424, 13,       133, 49,        32, 56, 1.0037853, 72, 496.53815, 73, 513.46210, 77, 39.093750, 79, 1.2153320, 83,         0,110,         1,116,         4, 84, 3.8237000
4EC,2016/09/06 19:50:00, 50, 11023.590, 13,       133, 49,        16, 56, 1.0037853, 72, 496.54999, 73, 513.43286, 77, 39.093750, 79, 1.2153320, 83,         0,110,         1,116,         4, 84, 3.8247681
41C,2016/09/06 19:51:00, 50, 10336.322, 13,       133, 49,        32, 56, 1.0037853, 72, 496.47485, 73, 513.46210, 77, 39.093750, 79, 1.2153320, 83,         0,110,         1,116,         4, 84, 3.8243103
4EC,2016/09/06 19:52:00, 50, 11577.988, 13,       133, 49,        16, 56, 1.0037853, 72, 496.56317, 73, 513.43286, 77, 39.125000, 79, 1.2201934, 83,         0,110,         1,116,         4, 84, 3.8214111
41C,2016/09/06 19:53:00, 50, 10038.355, 13,       133, 49,        32, 56, 1.0037853, 72, 496.56403, 73, 513.43286, 77, 39.125000, 79, 1.2153320, 83,         0,110,         1,116,         4, 84, 3.8121033
4DC,2016/09/06 19:54:00, 50, 9325.4219, 13,       133, 49,        32, 56, 1.0037853, 72, 496.56769, 73, 513.46210, 77, 39.125000, 79, 1.2201934, 83,         0,110,         1,116,         4, 84, 3.8136292
47C,2016/09/06 19:55:00, 50, 10710.732, 13,       133, 49,        16, 56, 1.0037853, 72, 496.54144, 73, 513.46210, 77, 39.125000, 79, 1.2201934, 83,         0,110,         1,116,         4, 84, 3.8111877
4FC,2016/09/06 19:56:00, 50, 11942.607, 13,       133, 49,        32, 56, 1.0037853, 72, 496.57196, 73, 513.52063, 77, 39.156250, 79, 1.2201934, 83,         0,110,         1,116,         4, 84, 3.8029480
44C,2016/09/06 19:57:00, 50, 10983.238, 13,       134, 49,        16, 56, 1.0037853, 72, 496.54944, 73, 513.43286, 77, 39.187500, 79, 1.2104707, 83,         0,110,         1,116,         4, 84, 3.8273621
49C,2016/09/06 19:58:00, 50, 10760.158, 13,       134, 49,        32, 56, 1.0037853, 72, 496.57355, 73, 513.54987, 77, 39.218750, 79, 1.2104707, 83,         0,110,         1,116,         4, 84, 3.8237000
40C,2016/09/06 19:59:00, 50, 7477.1094, 13,       134, 49,        32, 56, 1.0037853, 72, 496.54327, 73, 513.49139, 77, 39.250000, 79, 1.2153320, 83,         0,110,         1,116,         4, 84, 3.8233948
43C,2016/09/06 20:00:00, 50, 9623.9141, 13,       134, 49,        16, 56, 1.0037853, 72, 496.60419, 73, 513.49139, 77, 39.250000, 79, 1.2104707, 83,         0,110,         1,116,         4, 84, 3.8230896
42C,2016/09/06 20:01:00, 50, 11974.373, 13,       134, 49,        32, 56, 1.0037853, 72, 496.56525, 73, 513.52063, 77, 39.250000, 79, 1.2153320, 83,         0,110,         1,116,         4, 84, 3.8183594
41C,2016/09/06 20:02:00, 50, 10257.986, 13,       134, 49,        32, 56, 1.0037853, 72, 496.61377, 73, 513.54987, 77, 39.250000, 79, 1.2153320, 83,         0,110,         1,116,         4, 84, 3.8148499
40C,2016/09/06 20:03:00, 50, 12390.551, 13,       134, 49,        16, 56, 1.0037853, 72, 496.59076, 73, 513.54987, 77, 39.281250, 79, 1.2153320, 83,         0,110,         1,116,         4, 84, 3.8130188
44C,2016/09/06 20:04:00, 50, 11131.334, 13,       134, 49,        32, 56, 1.0037853, 72, 496.54034, 73, 513.57910, 77, 39.281250, 79, 1.2153320, 83,         0,110,         1,116,         4, 84, 3.8172913
41C,2016/09/06 20:05:00, 50, 12421.695, 13,       134, 49,        16, 56, 1.0037853, 72, 496.53735, 73, 513.49139, 77, 39.281250, 79, 1.2201934, 83,         0,110,         1,116,         4, 84, 3.8150024
4BC,2016/09/06 20:06:00, 50, 10851.492, 13,       135, 49,        16, 56, 1.0037853, 72, 496.54926, 73, 513.49139, 77, 39.312500, 79, 1.2153320, 83,         0,110,         1,116,         4, 84, 3.8360596
4FC,2016/09/06 20:07:00, 50, 11260.766, 13,       135, 49,        16, 56, 1.0037853, 72, 496.50610, 73, 513.49139, 77, 39.312500, 79, 1.2153320, 83,         0,110,         1,116,         4, 84, 3.8345337
49C,2016/09/06 20:08:00, 50, 14586.758, 13,       135, 49,        16, 56, 1.0037853, 72, 496.53412, 73, 513.54987, 77, 39.312500, 79, 1.2250546, 83,         0,110,         1,116,         4, 84, 3.8369751
40C,2016/09/06 20:09:00, 50, 10252.592, 13,       135, 49,        32, 56, 1.0037853, 72, 496.54578, 73, 513.60834, 77, 39.312500, 79, 1.2201934, 83,         0,110,         1,116,         4, 84, 3.8314819
45C,2016/09/06 20:10:00, 50, 11461.361, 13,       135, 49,        32, 56, 1.0037853, 72, 496.58716, 73, 513.60834, 77, 39.312500, 79, 1.2153320, 83,         0,110,         1,116,         4, 84, 3.8308716
43C,2016/09/06 20:11:00, 50, 10942.281, 13,       135, 49,        32, 56, 1.0037853, 72, 496.55878, 73, 513.60834, 77, 39.312500, 79, 1.2153320, 83,         0,110,         1,116,         4, 84, 3.8261414
4FC,2016/09/06 20:12:00, 50, 8644.5605, 13,       135, 49,        32, 56, 1.0037853, 72, 496.60498, 73, 513.60834, 77, 39.312500, 79, 1.2153320, 83,         0,110,         1,116,         4, 84, 3.8240051
40C,2016/09/06 20:13:00, 50, 11608.301, 13,       135, 49,        32, 56, 1.0037853, 72, 496.61353, 73, 513.60834, 77, 39.281250, 79, 1.2153320, 83,         0,110,         1,116,         4, 84, 3.8217163
4BC,2016/09/06 20:14:00, 50, 10124.891, 13,       135, 49,        32, 56, 1.0037853, 72, 496.62378, 73, 513.63757, 77, 39.312500, 79, 1.2153320, 83,         0,110,         1,116,         4, 84, 3.8218689
40C,2016/09/06 20:15:00, 50, 9576.1660, 13,       135, 49,        16, 56, 1.0037853, 72, 496.59448, 73, 513.60834, 77, 39.343750, 79, 1.2153320, 83,         0,110,         1,116,         4, 84, 3.8194275
43C,2016/09/06 20:16:00, 50, 10560.328, 13,       135, 49,        16, 56, 1.0037853, 72, 496.55457, 73, 513.60834, 77, 39.312500, 79, 1.2250546, 83,         0,110,         1,116,         4, 84, 3.8177490
4FC,2016/09/06 20:17:00, 50, 9942.5547, 13,       135, 49,        16, 56, 1.0037853, 72, 496.55957, 73, 513.63757, 77, 39.343750, 79, 1.2153320, 83,         0,110,         1,116,         4, 84, 3.8087463
46C,2016/09/06 20:18:00, 50, 10837.277, 13,       135, 49,        32, 56, 1.0037853, 72, 496.61798, 73, 513.69604, 77, 39.375000, 79, 1.2153320, 83,         0,110,         1,116,         4, 84, 3.8110352
44C,2016/09/06 20:19:00, 50, 11496.535, 13,       135, 49,        32, 56, 1.0037853, 72, 496.59796, 73, 513.69604, 77, 39.343750, 79, 1.2104707, 83,         0,110,         1,116,         4, 84, 3.8096619
49C,2016/09/06 20:20:00, 50, 11567.596, 13,       135, 49,        32, 56, 1.0037853, 72, 496.62769, 73, 513.69604, 77, 39.312500, 79, 1.2201934, 83,         0,110,         1,116,         4, 84, 3.8053894
4DC,2016/09/06 20:21:00, 50, 11790.385, 13,       136, 49,        32, 56, 1.0037853, 72, 496.60858, 73, 513.72528, 77, 39.312500, 79, 1.2153320, 83,         0,110,         1,116,         4, 84, 3.8391113
44C,2016/09/06 20:22:00, 50, 11623.010, 13,       136, 49,        32, 56, 1.0037853, 72, 496.61285, 73, 513.66681, 77, 39.281250, 79, 1.2153320, 83,         0,110,         1,116,         4, 84, 3.8331604
43C,2016/09/06 20:23:00, 50, 8670.8672, 13,       136, 49,        32, 56, 1.0037853, 72, 496.61578, 73, 513.66681, 77, 39.343750, 79, 1.2201934, 83,         0,110,         1,116,         4, 84, 3.8262939
46C,2016/09/06 20:24:00, 50, 10676.666, 13,       136, 49,        32, 56, 1.0037853, 72, 496.63336, 73, 513.63757, 77, 39.312500, 79, 1.2201934, 83,         0,110,         1,116,         4, 84, 3.8233948
4BC,2016/09/06 20:25:00, 50, 10646.391, 13,       136, 49,        32, 56, 1.0037853, 72, 496.68353, 73, 513.66681, 77, 39.281250, 79, 1.2153320, 83,         0,110,         1,116,         4, 84, 3.8265991
45C,2016/09/06 20:26:00, 50, 10254.846, 13,       136, 49,        32, 56, 1.0037853, 72, 496.66760, 73, 513.66681, 77, 39.312500, 79, 1.2104707, 83,         0,110,         1,116,         4, 84, 3.8238525
48C,2016/09/06 20:27:00, 50, 10645.316, 13,       136, 49,        32, 56, 1.0037853, 72, 496.66980, 73, 513.69604, 77, 39.281250, 79, 1.2153320, 83,         0,110,         1,116,         4, 84, 3.8182068
46C,2016/09/06 20:28:00, 50, 11380.586, 13,       136, 49,        16, 56, 1.0037853, 72, 496.61957, 73, 513.63757, 77, 39.281250, 79, 1.2153320, 83,         0,110,         1,116,         4, 84, 3.8166809
47C,2016/09/06 20:29:00, 50, 10868.186, 13,       136, 49,        32, 56, 1.0037853, 72, 496.62341, 73, 513.69604, 77, 39.281250, 79, 1.2153320, 83,         0,110,         1,116,         4, 84, 3.8174438
44C,2016/09/06 20:30:00, 50, 11301.127, 13,       136, 49,        32, 56, 1.0037853, 72, 496.65656, 73, 513.69604, 77, 39.250000, 79, 1.2250546, 83,         0,110,         1,116,         4, 84, 3.8134766
4FC,2016/09/06 20:31:00, 50, 9378.4395, 13,       136, 49,        32, 56, 1.0037853, 72, 496.65802, 73, 513.60834, 77, 39.250000, 79, 1.2153320, 83,         0,110,         1,116,         4, 84, 3.8092041
44C,2016/09/06 20:32:00, 50, 10015.275, 13,       136, 49,        32, 56, 1.0037853, 72, 496.66516, 73, 513.63757, 77, 39.250000, 79, 1.2056093, 83,         0,110,         1,116,         4, 84, 3.8066101
40C,2016/09/06 20:33:00, 50, 11944.332, 13,       137, 49,        16, 56, 1.0037853, 72, 496.67303, 73, 513.69604, 77, 39.281250, 79, 1.2153320, 83,         0,110,         1,116,         4, 84, 3.8471985
49C,2016/09/06 20:34:00, 50, 10432.391, 13,       137, 49,        32, 56, 1.0037853, 72, 496.67462, 73, 513.69604, 77, 39.250000, 79, 1.2201934, 83,         0,110,         1,116,         4, 84, 3.8342285
44C,2016/09/06 20:35:00, 50, 11139.428, 13,       137, 49,        32, 56, 1.0037853, 72, 496.72089, 73, 513.72528, 77, 39.250000, 79, 1.2201934, 83,         0,110,         1,116,         4, 84, 3.8282776
4BC,2016/09/06 20:36:00, 50, 10154.330, 13,       137, 49,        32, 56, 1.0037853, 72, 496.75061, 73, 513.72528, 77, 39.250000, 79, 1.2153320, 83,         0,110,         1,116,         4, 84, 3.8256836
41C,2016/09/06 20:37:00, 50, 10411.420, 13,       137, 49,        32, 56, 1.0037853, 72, 496.71790, 73, 513.72528, 77, 39.218750, 79, 1.2201934, 83,         0,110,         1,116,         4, 84, 3.8229370
45C,2016/09/06 20:38:00, 50, 11021.834, 13,       137, 49,        32, 56, 1.0037853, 72, 496.75714, 73, 513.75452, 77, 39.187500, 79, 1.2201934, 83,         0,110,         1,116,         4, 84, 3.8175964
4DC,2016/09/06 20:39:00, 50, 10001.193, 13,       137, 49,        32, 56, 1.0037853, 72, 496.72870, 73, 513.72528, 77, 39.187500, 79, 1.2153320, 83,         0,110,         1,116,         4, 84, 3.8177490
43C,2016/09/06 20:40:00, 50, 8892.0176, 13,       137, 49,        32, 56, 1.0037853, 72, 496.68927, 73, 513.72528, 77, 39.187500, 79, 1.2153320, 83,         0,110,         1,116,         4, 84, 3.8157654
4CC,2016/09/06 20:41:00, 50, 9839.4062, 13,       137, 49,        32, 56, 1.0037853, 72, 496.67218, 73, 513.72528, 77, 39.187500, 79, 1.2201934, 83,         0,110,         1,116,         4, 84, 3.8049316
4FC,2016/09/06 20:42:00, 50, 8255.6777, 13,       137, 49,        32, 56, 1.0037853, 72, 496.73724, 73, 513.69604, 77, 39.250000, 79, 1.2250546, 83,         0,110,         1,116,         4, 84, 3.8105774
45C,2016/09/06 20:43:00, 50, 9842.7383, 13,       137, 49,        32, 56, 1.0037853, 72, 496.71375, 73, 513.72528, 77, 39.218750, 79, 1.2153320, 83,         0,110,         1,116,         4, 84, 3.8032532
4BC,2016/09/06 20:44:00, 50, 9223.6797, 13,       137, 49,        32, 56, 1.0037853, 72, 496.69678, 73, 513.63757, 77, 39.187500, 79, 1.2153320, 83,         0,110,         1,116,         4, 84, 3.8063049
4EC,2016/09/06 20:45:00, 50, 9668.1211, 13,       138, 49,        16, 56, 1.0037853, 72, 496.69501, 73, 513.69604, 77, 39.187500, 79, 1.2104707, 83,         0,110,         1,116,         4, 84, 3.8334656
4AC,2016/09/06 20:46:00, 50, 9958.6699, 13,       138, 49,        32, 56, 1.0037853, 72, 496.70117, 73, 513.72528, 77, 39.187500, 79, 1.2201934, 83,         0,110,         1,116,         4, 84, 3.8272095
40C,2016/09/06 20:47:00, 50, 10129.437, 13,       138, 49,        32, 56, 1.0037853, 72, 496.75153, 73, 513.69604, 77, 39.218750, 79, 1.2153320, 83,         0,110,         1,116,         4, 84, 3.8279724
4AC,2016/09/06 20:48:00, 50, 9969.8926, 13,       138, 49,        32, 56, 1.0037853, 72, 496.66559, 73, 513.66681, 77, 39.187500, 79, 1.2201934, 83,         0,110,         1,116,         4, 84, 3.8200378
44C,2016/09/06 20:49:00, 50, 10480.135, 13,       138, 49,        32, 56, 1.0037853, 72, 496.72150, 73, 513.66681, 77, 39.156250, 79, 1.2201934, 83,         0,110,         1,116,         4, 84, 3.8232422
4CC,2016/09/06 20:50:00, 50, 10785.129, 13,       138, 49,        32, 56, 1.0037853, 72, 496.70911, 73, 513.69604, 77, 39.156250, 79, 1.2250546, 83,         0,110,         1,116,         4, 84, 3.8194275
4AC,2016/09/06 20:51:00, 50, 11621.182, 13,       138, 49,        16, 56, 1.0037853, 72, 496.72504, 73, 513.60834, 77, 39.156250, 79, 1.2201934, 83,         0,110,         1,116,         4, 84, 3.8131714
4BC,2016/09/06 20:52:00, 50, 6619.9932, 13,       138, 49,        32, 56, 1.0037853, 72, 496.70380, 73, 513.60834, 77, 39.187500, 79, 1.2104707, 83,         0,110,         1,116,         4, 84, 3.8143921
4BC,2016/09/06 20:53:00, 50, 10354.488, 13,       138, 49,        32, 56, 1.0037853, 72, 496.73285, 73, 513.63757, 77, 39.156250, 79, 1.2153320, 83,         0,110,         1,116,         4, 84, 3.8105774
41C,2016/09/06 20:54:00, 50, 10336.439, 13,       138, 49,        32, 56, 1.0037853, 72, 496.70410, 73, 513.69604, 77, 39.156250, 79, 1.2201934, 83,         0,110,         1,116,         4, 84, 3.8058472
49C,2016/09/06 20:55:00, 50, 11377.330, 13,       139, 49,        32, 56, 1.0037853, 72, 496.70306, 73, 513.69604, 77, 39.156250, 79, 1.2201934, 83,         0,110,         1,116,         4, 84, 3.8380432
45C,2016/09/06 20:56:00, 50, 11354.664, 13,       139, 49,        32, 56, 1.0037853, 72, 496.66809, 73, 513.72528, 77, 39.156250, 79, 1.2104707, 83,         0,110,         1,116,         4, 84, 3.8359070
42C,2016/09/06 20:57:00, 50, 10969.283, 13,       139, 49,        32, 56, 1.0037853, 72, 496.70209, 73, 513.69604, 77, 39.156250, 79, 1.2153320, 83,         0,110,         1,116,         4, 84, 3.8360596
48C,2016/09/06 20:58:00, 50, 9902.9316, 13,       139, 49,        32, 56, 1.0037853, 72, 496.67426, 73, 513.69604, 77, 39.156250, 79, 1.2250546, 83,         0,110,         1,116,         4, 84, 3.8265991
48C,2016/09/06 20:59:00, 50, 10293.037, 13,       139, 49,        32, 56, 1.0037853, 72, 496.69751, 73, 513.66681, 77, 39.156250, 79, 1.2201934, 83,         0,110,         1,116,         4, 84, 3.8246155
44C,2016/09/06 21:00:00, 50, 10910.855, 13,       139, 49,        32, 56, 1.0037853, 72, 496.74152, 73, 513.66681, 77, 39.187500, 79, 1.2153320, 83,         0,110,         1,116,         4, 84, 3.8255310
4DC,2016/09/06 21:01:00, 50, 10360.219, 13,       139, 49,        32, 56, 1.0037853, 72, 496.73480, 73, 513.63757, 77, 39.156250, 79, 1.2250546, 83,         0,110,         1,116,         4, 84, 3.8229370
4DC,2016/09/06 21:02:00, 50, 8389.2266, 13,       139, 49,        32, 56, 1.0037853, 72, 496.66138, 73, 513.60834, 77, 39.156250, 79, 1.2104707, 83,         0,110,         1,116,         4, 84, 3.8215637
46C,2016/09/06 21:03:00, 50, 9824.2441, 13,       139, 49,        32, 56, 1.0037853, 72, 496.71436, 73, 513.63757, 77, 39.156250, 79, 1.2201934, 83,         0,110,         1,116,         4, 84, 3.8194275
47C,2016/09/06 21:04:00, 50, 8934.6035, 13,       139, 49,        32, 56, 1.0037853, 72, 496.71161, 73, 513.63757, 77, 39.125000, 79, 1.2153320, 83,         0,110,         1,116,         4, 84, 3.8145447
42C,2016/09/06 21:05:00, 50, 9036.4590, 13,       139, 49,        32, 56, 1.0037853, 72, 496.71448, 73, 513.63757, 77, 39.156250, 79, 1.2153320, 83,         0,110,         1,116,         4, 84, 3.8143921
46C,2016/09/06 21:06:00, 50, 9932.4629, 13,       139, 49,        32, 56, 1.0037853, 72, 496.68573, 73, 513.60834, 77, 39.093750, 79, 1.2201934, 83,         0,110,         1,116,         4, 84, 3.8128662
4BC,2016/09/06 21:07:00, 50, 11542.461, 13,       139, 49,        16, 56, 1.0037853, 72, 496.66479, 73, 513.60834, 77, 39.093750, 79, 1.2201934, 83,         0,110,         1,116,         4, 84, 3.8093567
4CC,2016/09/06 21:08:00, 50, 10090.941, 13,       139, 49,        16, 56, 1.0037853, 72, 496.64880, 73, 513.54987, 77, 39.093750, 79, 1.2104707, 83,         0,110,         1,116,         4, 84, 3.8081360
4BC,2016/09/06 21:09:00, 50, 10071.527, 13,       140, 49,        32, 56, 1.0037853, 72, 496.64478, 73, 513.60834, 77, 39.062500, 79, 1.2201934, 83,         0,110,         1,116,         4, 84, 3.8298035
4EC,2016/09/06 21:10:00, 50, 12650.109, 13,       140, 49,        16, 56, 1.0037853, 72, 496.70221, 73, 513.60834, 77, 39.062500, 79, 1.2201934, 83,         0,110,         1,116,         4, 84, 3.8282776
48C,2016/09/06 21:11:00, 50, 12702.428, 13,       140, 49,        16, 56, 1.0037853, 72, 496.72406, 73, 513.57910, 77, 39.062500, 79, 1.2153320, 83,         0,110,         1,116,         4, 84, 3.8265991
48C,2016/09/06 21:12:00, 50, 9515.7559, 13,       140, 49,        32, 56, 1.0037853, 72, 496.71783, 73, 513.60834, 77, 39.093750, 79, 1.2153320, 83,         0,110,         1,116,         4, 84, 3.8194275
4DC,2016/09/06 21:13:00, 50, 9823.3184, 13,       140, 49,        32, 56, 1.0037853, 72, 496.73151, 73, 513.60834, 77, 39.062500, 79, 1.2201934, 83,         0,110,         1,116,         4, 84, 3.8212585
46C,2016/09/06 21:14:00, 50, 9064.7676, 13,       140, 49,        32, 56, 1.0037853, 72, 496.70660, 73, 513.60834, 77, 39.062500, 79, 1.2201934, 83,         0,110,         1,116,         4, 84, 3.8160706
42C,2016/09/06 21:15:00, 50, 10582.398, 13,       140, 49,        32, 56, 1.0037853, 72, 496.70874, 73, 513.63757, 77, 39.031250, 79, 1.2153320, 83,         0,110,         1,116,         4, 84, 3.8156128
48C,2016/09/06 21:16:00, 50, 10153.910, 13,       140, 49,        32, 56, 1.0037853, 72, 496.75470, 73, 513.66681, 77, 39.000000, 79, 1.2104707, 83,         0,110,         1,116,         4, 84, 3.8114929
4DC,2016/09/06 21:17:00, 50, 11798.678, 13,       140, 49,        32, 56, 1.0037853, 72, 496.68494, 73, 513.66681, 77, 39.031250, 79, 1.2153320, 83,         0,110,         1,116,         4, 84, 3.8053894
44C,2016/09/06 21:18:00, 50, 10175.279, 13,       141, 49,        32, 56, 1.0037853, 72, 496.75610, 73, 513.66681, 77, 39.000000, 79, 1.2201934, 83,         0,110,         1,116,         4, 84, 3.8313293
4BC,2016/09/06 21:19:00, 50, 9342.8242, 13,       141, 49,        16, 56, 1.0037853, 72, 496.73944, 73, 513.63757, 77, 39.031250, 79, 1.2153320, 83,         0,110,         1,116,         4, 84, 3.8310242
4EC,2016/09/06 21:20:00, 50, 10715.695, 13,       141, 49,        32, 56, 1.0037853, 72, 496.75946, 73, 513.66681, 77, 39.031250, 79, 1.2153320, 83,         0,110,         1,116,         4, 84, 3.8340759
41C,2016/09/06 21:21:00, 50, 11802.262, 13,       141, 49,        32, 56, 1.0037853, 72, 496.79681, 73, 513.72528, 77, 39.031250, 79, 1.2153320, 83,         0,110,         1,116,         4, 84, 3.8272095
48C,2016/09/06 21:22:00, 50, 11376.504, 13,       141, 49,        32, 56, 1.0037853, 72, 496.79999, 73, 513.72528, 77, 39.000000, 79, 1.2153320, 83,         0,110,         1,116,         4, 84, 3.8279724
42C,2016/09/06 21:23:00, 50, 9075.6758, 13,       141, 49,        32, 56, 1.0037853, 72, 496.79193, 73, 513.63757, 77, 39.031250, 79, 1.2201934, 83,         0,110,         1,116,         4, 84, 3.8211060
4EC,2016/09/06 21:24:00, 50, 10234.180, 13,       141, 49,        32, 56, 1.0037853, 72, 496.80994, 73, 513.66681, 77, 39.031250, 79, 1.2153320, 83,         0,110,         1,116,         4, 84, 3.8224792
43C,2016/09/06 21:25:00, 50, 10354.209, 13,       141, 49,        16, 56, 1.0037853, 72, 496.76868, 73, 513.63757, 77, 39.062500, 79, 1.2153320, 83,         0,110,         1,116,         4, 84, 3.8243103
4BC,2016/09/06 21:26:00, 50, 11516.742, 13,       141, 49,        32, 56, 1.0037853, 72, 496.77649, 73, 513.69604, 77, 39.031250, 79, 1.2153320, 83,         0,110,         1,116,         4, 84, 3.8211060
40C,2016/09/06 21:27:00, 50, 10567.297, 13,       141, 49,        32, 56, 1.0037853, 72, 496.82703, 73, 513.69604, 77, 39.000000, 79, 1.2153320, 83,         0,110,         1,116,         4, 84, 3.8195801
47C,2016/09/06 21:28:00, 50, 9614.2383, 13,       141, 49,        32, 56, 1.0037853, 72, 496.78339, 73, 513.66681, 77, 38.968750, 79, 1.2153320, 83,         0,110,         1,116,         4, 84, 3.8124084
41C,2016/09/06 21:29:00, 50, 10078.717, 13,       141, 49,        32, 56, 1.0037853, 72, 496.80182, 73, 513.69604, 77, 39.000000, 79, 1.2201934, 83,         0,110,         1,116,         4, 84, 3.8137817
42C,2016/09/06 21:30:00, 50, 11975.006, 13,       141, 49,        16, 56, 1.0037853, 72, 496.81622, 73, 513.63757, 77, 38.968750, 79, 1.2201934, 83,         0,110,         1,116,         4, 84, 3.8131714
4FC,2016/09/06 21:31:00, 50, 10559.943, 13,       141, 49,        32, 56, 1.0037853, 72, 496.77264, 73, 513.69604, 77, 38.968750, 79, 1.2153320, 83,         0,110,         1,116,         4, 84, 3.8111877
41C,2016/09/06 21:32:00, 50, 11831.172, 13,       141, 49,        32, 56, 1.0037853, 72, 496.81165, 73, 513.75452, 77, 38.968750, 79, 1.2153320, 83,         0,110,         1,116,         4, 84, 3.8104248
49C,2016/09/06 21:33:00, 50, 10087.197, 13,       141, 49,        32, 56, 1.0037853, 72, 496.79980, 73, 513.69604, 77, 39.000000, 79, 1.2201934, 83,         0,110,         1,116,         4, 84, 3.8026428
40C,2016/09/06 21:34:00, 50, 8932.0898, 13,       142, 49,        32, 56, 1.0037853, 72, 496.76483, 73, 513.63757, 77, 38.968750, 79, 1.2153320, 83,         0,110,         1,116,         4, 84, 3.8307190
4CC,2016/09/06 21:35:00, 50, 10836.588, 13,       142, 49,        32, 56, 1.0037853, 72, 496.81525, 73, 513.69604, 77, 38.937500, 79, 1.2201934, 83,         0,110,         1,116,         4, 84, 3.8287354
4DC,2016/09/06 21:36:00, 50, 9017.7520, 13,       142, 49,        32, 56, 1.0037853, 72, 496.82788, 73, 513.63757, 77, 38.937500, 79, 1.2201934, 83,         0,110,         1,116,         4, 84, 3.8255310
45C,2016/09/06 21:37:00, 50, 8415.0410, 13,       142, 49,        32, 56, 1.0037853, 72, 496.79913, 73, 513.69604, 77, 38.906250, 79, 1.2201934, 83,         0,110,         1,116,         4, 84, 3.8293457
45C,2016/09/06 21:38:00, 50, 10531.494, 13,       142, 49,        32, 56, 1.0037853, 72, 496.80811, 73, 513.75452, 77, 38.906250, 79, 1.2201934, 83,         0,110,         1,116,         4, 84, 3.8206482
4BC,2016/09/06 21:39:00, 50, 12265.480, 13,       142, 49,        32, 56, 1.0037853, 72, 496.84113, 73, 513.75452, 77, 38.937500, 79, 1.2153320, 83,         0,110,         1,116,         4, 84, 3.8217163
40C,2016/09/06 21:40:00, 50, 10415.168, 13,       142, 49,        32, 56, 1.0037853, 72, 496.88434, 73, 513.75452, 77, 38.875000, 79, 1.2153320, 83,         0,110,         1,116,         4, 84, 3.8165283
4FC,2016/09/06 21:41:00, 50, 9680.9414, 13,       142, 49,        32, 56, 1.0037853, 72, 496.87854, 73, 513.75452, 77, 38.906250, 79, 1.2201934, 83,         0,110,         1,116,         4, 84, 3.8142395
4CC,2016/09/06 21:42:00, 50, 10051.781, 13,       142, 49,        32, 56, 1.0037853, 72, 496.90759, 73, 513.75452, 77, 38.843750, 79, 1.2201934, 83,         0,110,         1,116,         4, 84, 3.8136292
43C,2016/09/06 21:43:00, 50, 9672.1504, 13,       142, 49,        32, 56, 1.0037853, 72, 496.86230, 73, 513.75452, 77, 38.875000, 79, 1.2201934, 83,         0,110,         1,116,         4, 84, 3.8175964
42C,2016/09/06 21:44:00, 50, 12175.350, 13,       143, 49,        32, 56, 1.0037853, 72, 496.90356, 73, 513.78381, 77, 38.812500, 79, 1.2153320, 83,         0,110,         1,116,         4, 84, 3.8430786
41C,2016/09/06 21:45:00, 50, 10086.354, 13,       143, 49,        32, 56, 1.0037853, 72, 496.93915, 73, 513.75452, 77, 38.843750, 79, 1.2201934, 83,         0,110,         1,116,         4, 84, 3.8365173
45C,2016/09/06 21:46:00, 50, 9328.2598, 13,       143, 49,        32, 56, 1.0037853, 72, 496.91571, 73, 513.72528, 77, 38.843750, 79, 1.2201934, 83,         0,110,         1,116,         4, 84, 3.8293457
45C,2016/09/06 21:47:00, 50, 9767.0898, 13,       143, 49,        32, 56, 1.0037853, 72, 496.91498, 73, 513.78381, 77, 38.875000, 79, 1.2201934, 83,         0,110,         1,116,         4, 84, 3.8291931
48C,2016/09/06 21:48:00, 50, 11834.084, 13,       143, 49,        32, 56, 1.0037853, 72, 496.97687, 73, 513.75452, 77, 38.875000, 79, 1.2153320, 83,         0,110,         1,116,         4, 84, 3.8273621
4DC,2016/09/06 21:49:00, 50, 9674.5020, 13,       143, 49,        32, 56, 1.0037853, 72, 496.93994, 73, 513.75452, 77, 38.843750, 79, 1.2201934, 83,         0,110,         1,116,         4, 84, 3.8269043
46C,2016/09/06 21:50:00, 50, 14327.205, 13,       143, 49,        16, 56, 1.0037853, 72, 496.95111, 73, 513.78381, 77, 38.875000, 79, 1.2250546, 83,         0,110,         1,116,         4, 84, 3.8285828
47C,2016/09/06 21:51:00, 50, 9565.0137, 13,       143, 49,        32, 56, 1.0037853, 72, 496.95184, 73, 513.75452, 77, 38.843750, 79, 1.2153320, 83,         0,110,         1,116,         4, 84, 3.8204956
46C,2016/09/06 21:52:00, 50, 9404.2227, 13,       143, 49,        32, 56, 1.0037853, 72, 496.99207, 73, 513.75452, 77, 38.843750, 79, 1.2153320, 83,         0,110,         1,116,         4, 84, 3.8194275
49C,2016/09/06 21:53:00, 50, 10252.402, 13,       143, 49,        32, 56, 1.0037853, 72, 497.02814, 73, 513.84229, 77, 38.812500, 79, 1.2153320, 83,         0,110,         1,116,         4, 84, 3.8217163
4AC,2016/09/06 21:54:00, 50, 9543.1562, 13,       143, 49,        32, 56, 1.0037853, 72, 497.00940, 73, 513.81305, 77, 38.812500, 79, 1.2153320, 83,         0,110,         1,116,         4, 84, 3.8182068
49C,2016/09/06 21:55:00, 50, 11102.979, 13,       143, 49,        32, 56, 1.0037853, 72, 497.01923, 73, 513.84229, 77, 38.812500, 79, 1.2153320, 83,         0,110,         1,116,         4, 84, 3.8114929
46C,2016/09/06 21:56:00, 50, 8231.2656, 13,       143, 49,        32, 56, 1.0037853, 72, 497.01367, 73, 513.81305, 77, 38.843750, 79, 1.2201934, 83,         0,110,         1,116,         4, 84, 3.8049316
43C,2016/09/06 21:57:00, 50, 10217.447, 13,       144, 49,        32, 56, 1.0037853, 72, 497.05267, 73, 513.81305, 77, 38.812500, 79, 1.2201934, 83,         0,110,         1,116,         4, 84, 3.8296509
42C,2016/09/06 21:58:00, 50, 10298.482, 13,       144, 49,        32, 56, 1.0037853, 72, 497.01953, 73, 513.84229, 77, 38.781250, 79, 1.2153320, 83,         0,110,         1,116,         4, 84, 3.8284302
4CC,2016/09/06 21:59:00, 50, 10571.730, 13,       144, 49,        32, 56, 1.0037853, 72, 497.02795, 73, 513.84229, 77, 38.781250, 79, 1.2201934, 83,         0,110,         1,116,         4, 84, 3.8310242
42C,2016/09/06 22:00:00, 50, 11964.600, 13,       144, 49,        32, 56, 1.0037853, 72, 497.04895, 73, 513.87152, 77, 38.718750, 79, 1.2201934, 83,         0,110,         1,116,         4, 84, 3.8226318
4CC,2016/09/06 22:01:00, 50, 10093.355, 13,       144, 49,        32, 56, 1.0037853, 72, 497.05243, 73, 513.84229, 77, 38.750000, 79, 1.2201934, 83,         0,110,         1,116,         4, 84, 3.8215637
40C,2016/09/06 22:02:00, 50, 7993.2539, 13,       144, 49,        32, 56, 1.0037853, 72, 497.07843, 73, 513.87152, 77, 38.750000, 79, 1.2201934, 83,         0,110,         1,116,         4, 84, 3.8201904
4FC,2016/09/06 22:03:00, 50, 11224.969, 13,       144, 49,        16, 56, 1.0037853, 72, 497.06512, 73, 513.84229, 77, 38.718750, 79, 1.2201934, 83,         0,110,         1,116,         4, 84, 3.8232422
49C,2016/09/06 22:04:00, 50, 10982.080, 13,       144, 49,        32, 56, 1.0037853, 72, 497.12311, 73, 513.90076, 77, 38.750000, 79, 1.2153320, 83,         0,110,         1,116,         4, 84, 3.8192749
40C,2016/09/06 22:05:00, 50, 10069.336, 13,       144, 49,        32, 56, 1.0037853, 72, 497.13531, 73, 513.87152, 77, 38.718750, 79, 1.2201934, 83,         0,110,         1,116,         4, 84, 3.8137817
46C,2016/09/06 22:06:00, 50, 9909.5273, 13,       144, 49,        32, 56, 1.0037853, 72, 497.08380, 73, 513.78381, 77, 38.718750, 79, 1.2201934, 83,         0,110,         1,116,         4, 84, 3.8114929
49C,2016/09/06 22:07:00, 50, 7694.7168, 13,       144, 49,        32, 56, 1.0037853, 72, 497.10400, 73, 513.87152, 77, 38.687500, 79, 1.2153320, 83,         0,110,         1,116,         4, 84, 3.8043213
4CC,2016/09/06 22:08:00, 50, 10672.053, 13,       145, 49,        32, 56, 1.0037853, 72, 497.11078, 73, 513.92999, 77, 38.718750, 79, 1.2201934, 83,         0,110,         1,116,         4, 84, 3.8403320
4FC,2016/09/06 22:09:00, 50, 10265.621, 13,       145, 49,        32, 56, 1.0037853, 72, 497.13928, 73, 513.90076, 77, 38.687500, 79, 1.2153320, 83,         0,110,         1,116,         4, 84, 3.8404846
44C,2016/09/06 22:10:00, 50, 12373.492, 13,       145, 49,        16, 56, 1.0037853, 72, 497.12085, 73, 513.98846, 77, 38.687500, 79, 1.2153320, 83,         0,110,         1,116,         4, 84, 3.8372803
44C,2016/09/06 22:11:00, 50, 9530.2852, 13,       145, 49,        16, 56, 1.0037853, 72, 497.14758, 73, 513.87152, 77, 38.687500, 79, 1.2153320, 83,         0,110,         1,116,         4, 84, 3.8310242
4EC,2016/09/06 22:12:00, 50, 9645.3672, 13,       145, 49,        32, 56, 1.0037853, 72, 497.16888, 73, 513.95923, 77, 38.687500, 79, 1.2201934, 83,         0,110,         1,116,         4, 84, 3.8273621
4EC,2016/09/06 22:13:00, 50, 9832.5586, 13,       145, 49,        32, 56, 1.0037853, 72, 497.14484, 73, 513.95923, 77, 38.687500, 79, 1.2201934, 83,         0,110,         1,116,         4, 84, 3.8276672
44C,2016/09/06 22:14:00, 50, 10543.725, 13,       145, 49,        16, 56, 1.0037853, 72, 497.16833, 73, 513.90076, 77, 38.656250, 79, 1.2201934, 83,         0,110,         1,116,         4, 84, 3.8230896
4FC,2016/09/06 22:15:00, 50, 9892.9746, 13,       145, 49,        32, 56, 1.0037853, 72, 497.21393, 73, 513.92999, 77, 38.687500, 79, 1.2201934, 83,         0,110,         1,116,         4, 84, 3.8200378
4BC,2016/09/06 22:16:00, 50, 9368.4805, 13,       145, 49,        32, 56, 1.0037853, 72, 497.22046, 73, 513.90076, 77, 38.656250, 79, 1.2104707, 83,         0,110,         1,116,         4, 84, 3.8203430
4FC,2016/09/06 22:17:00, 50, 11195.105, 13,       145, 49,        32, 56, 1.0037853, 72, 497.18768, 73, 513.95923, 77, 38.656250, 79, 1.2201934, 83,         0,110,         1,116,         4, 84, 3.8125610
4FC,2016/09/06 22:18:00, 50, 11515.420, 13,       145, 49,        16, 56, 1.0037853, 72, 497.23096, 73, 513.90076, 77, 38.687500, 79, 1.2153320, 83,         0,110,         1,116,         4, 84, 3.8169861
47C,2016/09/06 22:19:00, 50, 9313.6602, 13,       145, 49,        32, 56, 1.0037853, 72, 497.21515, 73, 513.87152, 77, 38.656250, 79, 1.2201934, 83,         0,110,         1,116,         4, 84, 3.8119507
49C,2016/09/06 22:20:00, 50, 12696.777, 13,       145, 49,        16, 56, 1.0037853, 72, 497.20795, 73, 513.90076, 77, 38.656250, 79, 1.2153320, 83,         0,110,         1,116,         4, 84, 3.8139343
43C,2016/09/06 22:21:00, 50, 8781.1953, 13,       145, 49,        32, 56, 1.0037853, 72, 497.23657, 73, 513.92999, 77, 38.656250, 79, 1.2153320, 83,         0,110,         1,116,         4, 84, 3.8125610
4AC,2016/09/06 22:22:00, 50, 9688.3340, 13,       146, 49,        32, 56, 1.0037853, 72, 497.21100, 73, 513.95923, 77, 38.656250, 79, 1.2201934, 83,         0,110,         1,116,         4, 84, 3.8325500
4BC,2016/09/06 22:23:00, 50, 9314.4375, 13,       146, 49,        16, 56, 1.0037853, 72, 497.19281, 73, 513.92999, 77, 38.593750, 79, 1.2153320, 83,         0,110,         1,116,         4, 84, 3.8262939
4AC,2016/09/06 22:24:00, 50, 9771.3613, 13,       146, 49,        16, 56, 1.0037853, 72, 497.19843, 73, 513.92999, 77, 38.656250, 79, 1.2153320, 83,         0,110,         1,116,         4, 84, 3.8304138
4FC,2016/09/06 22:25:00, 50, 9428.1055, 13,       146, 49,        32, 56, 1.0037853, 72, 497.17047, 73, 513.95923, 77, 38.625000, 79, 1.2201934, 83,         0,110,         1,116,         4, 84, 3.8290405
4FC,2016/09/06 22:26:00, 50, 8313.3828, 13,       146, 49,        32, 56, 1.0037853, 72, 497.22217, 73, 513.95923, 77, 38.593750, 79, 1.2153320, 83,         0,110,         1,116,         4, 84, 3.8246155
48C,2016/09/06 22:27:00, 50, 7263.2793, 13,       146, 49,        32, 56, 1.0037853, 72, 497.20813, 73, 513.95923, 77, 38.656250, 79, 1.2153320, 83,         0,110,         1,116,         4, 84, 3.8275146
4AC,2016/09/06 22:28:00, 50, 12098.695, 13,       146, 49,        16, 56, 1.0037853, 72, 497.19635, 73, 513.92999, 77, 38.625000, 79, 1.2201934, 83,         0,110,         1,116,         4, 84, 3.8291931
47C,2016/09/06 22:29:00, 50, 9670.1309, 13,       146, 49,        32, 56, 1.0037853, 72, 497.22253, 73, 513.92999, 77, 38.625000, 79, 1.2153320, 83,         0,110,         1,116,         4, 84, 3.8233948
48C,2016/09/06 22:30:00, 50, 11301.824, 13,       146, 49,        32, 56, 1.0037853, 72, 497.16327, 73, 513.98846, 77, 38.625000, 79, 1.2153320, 83,         0,110,         1,116,         4, 84, 3.8075256
4FC,2016/09/06 22:31:00, 50, 6971.7500, 13,       146, 49,        32, 56, 1.0037853, 72, 497.18750, 73, 514.01770, 77, 38.593750, 79, 1.2153320, 83,         0,110,         1,116,         4, 84, 3.8128662
43C,2016/09/06 22:32:00, 50, 9072.3945, 13,       147, 49,        32, 56, 1.0037853, 72, 497.23267, 73, 513.92999, 77, 38.593750, 79, 1.2201934, 83,         0,110,         1,116,         4, 84, 3.8336182
45C,2016/09/06 22:33:00, 50, 10730.018, 13,       147, 49,        32, 56, 1.0037853, 72, 497.23407, 73, 514.01770, 77, 38.625000, 79, 1.2153320, 83,         0,110,         1,116,         4, 84, 3.8412476
45C,2016/09/06 22:34:00, 50, 9921.2578, 13,       147, 49,        16, 56, 1.0037853, 72, 497.26190, 73, 513.95923, 77, 38.562500, 79, 1.2153320, 83,         0,110,         1,116,         4, 84, 3.8372803
41C,2016/09/06 22:35:00, 50, 10408.932, 13,       147, 49,        32, 56, 1.0037853, 72, 497.27594, 73, 514.01770, 77, 38.593750, 79, 1.2153320, 83,         0,110,         1,116,         4, 84, 3.8342285
4DC,2016/09/06 22:36:00, 50, 8351.3359, 13,       147, 49,        32, 56, 1.0037853, 72, 497.22925, 73, 514.01770, 77, 38.562500, 79, 1.2250546, 83,         0,110,         1,116,         4, 84, 3.8330078
42C,2016/09/06 22:37:00, 50, 10202.320, 13,       147, 49,        32, 56, 1.0037853, 72, 497.28320, 73, 514.01770, 77, 38.593750, 79, 1.2201934, 83,         0,110,         1,116,         4, 84, 3.8331604
41C,2016/09/06 22:38:00, 50, 11369.201, 13,       147, 49,        16, 56, 1.0037853, 72, 497.24750, 73, 513.98846, 77, 38.562500, 79, 1.2201934, 83,         0,110,         1,116,         4, 84, 3.8348389
4AC,2016/09/06 22:39:00, 50, 8646.8906, 13,       147, 49,        32, 56, 1.0037853, 72, 497.27582, 73, 514.07623, 77, 38.562500, 79, 1.2153320, 83,         0,110,         1,116,         4, 84, 3.8256836
42C,2016/09/06 22:40:00, 50, 12491.881, 13,       147, 49,        16, 56, 1.0037853, 72, 497.27356, 73, 514.01770, 77, 38.562500, 79, 1.2201934, 83,         0,110,         1,116,         4, 84, 3.8307190
44C,2016/09/06 22:41:00, 50, 10589.906, 13,       147, 49,        32, 56, 1.0037853, 72, 497.30011, 73, 514.07623, 77, 38.593750, 79, 1.2201934, 83,         0,110,         1,116,         4, 84, 3.8264465
49C,2016/09/06 22:42:00, 50, 9673.3945, 13,       147, 49,        32, 56, 1.0037853, 72, 497.27698, 73, 514.04694, 77, 38.593750, 79, 1.2201934, 83,         0,110,         1,116,         4, 84, 3.8229370
44C,2016/09/06 22:43:00, 50, 7851.3213, 13,       147, 49,        32, 56, 1.0037853, 72, 497.29645, 73, 514.13470, 77, 38.562500, 79, 1.2153320, 83,         0,110,         1,116,         4, 84, 3.8238525
49C,2016/09/06 22:44:00, 50, 8518.7109, 13,       147, 49,        32, 56, 1.0037853, 72, 497.35077, 73, 514.04694, 77, 38.562500, 79, 1.2153320, 83,         0,110,         1,116,         4, 84, 3.8203430
48C,2016/09/06 22:45:00, 50, 9414.1758, 13,       147, 49,        32, 56, 1.0037853, 72, 497.32617, 73, 514.10547, 77, 38.531250, 79, 1.2201934, 83,         0,110,         1,116,         4, 84, 3.8247681
45C,2016/09/06 22:46:00, 50, 5791.6260, 13,       147, 49,        64, 56, 1.0037853, 72, 497.32959, 73, 514.07623, 77, 38.531250, 79, 1.2153320, 83,         0,110,         1,116,         4, 84, 3.8125610
49C,2016/09/06 22:47:00, 50, 11459.359, 13,       147, 49,        32, 56, 1.0037853, 72, 497.35870, 73, 514.04694, 77, 38.531250, 79, 1.2201934, 83,         0,110,         1,116,         4, 84, 3.8197327
41C,2016/09/06 22:48:00, 50, 9260.0566, 13,       147, 49,        32, 56, 1.0037853, 72, 497.34760, 73, 514.01770, 77, 38.500000, 79, 1.2153320, 83,         0,110,         1,116,         4, 84, 3.8146973
45C,2016/09/06 22:49:00, 50, 12859.807, 13,       147, 49,        32, 56, 1.0037853, 72, 497.34424, 73, 514.07623, 77, 38.531250, 79, 1.2153320, 83,         0,110,         1,116,         4, 84, 3.8194275
45C,2016/09/06 22:50:00, 50, 10186.662, 13,       147, 49,        32, 56, 1.0037853, 72, 497.32666, 73, 513.98846, 77, 38.500000, 79, 1.2201934, 83,         0,110,         1,116,         4, 84, 3.8105774
49C,2016/09/06 22:51:00, 50, 7720.8496, 13,       147, 49,        32, 56, 1.0037853, 72, 497.27655, 73, 513.95923, 77, 38.500000, 79, 1.2153320, 83,         0,110,         1,116,         4, 84, 3.8085937
47C,2016/09/06 22:52:00, 50, 9027.7109, 13,       147, 49,        32, 56, 1.0037853, 72, 497.32239, 73, 513.95923, 77, 38.468750, 79, 1.2153320, 83,         0,110,         1,116,         4, 84, 3.8088989
47C,2016/09/06 22:53:00, 50, 9786.5254, 13,       147, 49,        32, 56, 1.0037853, 72, 497.29187, 73, 513.95923, 77, 38.437500, 79, 1.2201934, 83,         0,110,         1,116,         4, 84, 3.8095093
47C,2016/09/06 22:54:00, 50, 11441.662, 13,       147, 49,        32, 56, 1.0037853, 72, 497.27789, 73, 513.98846, 77, 38.468750, 79, 1.2201934, 83,         0,110,         1,116,         4, 84, 3.8073730
4FC,2016/09/06 22:55:00, 50, 6622.3633, 13,       148, 49,        32, 56, 1.0037853, 72, 497.28046, 73, 513.90076, 77, 38.437500, 79, 1.2201934, 83,         0,110,         1,116,         4, 84, 3.8262939
4EC,2016/09/06 22:56:00, 50, 9863.5020, 13,       148, 49,        16, 56, 1.0037853, 72, 497.27319, 73, 513.87152, 77, 38.406250, 79, 1.2153320, 83,         0,110,         1,116,         4, 84, 3.8272095
45C,2016/09/06 22:57:00, 50, 9597.4121, 13,       148, 49,        32, 56, 1.0037853, 72, 497.27667, 73, 513.90076, 77, 38.406250, 79, 1.2201934, 83,         0,110,         1,116,         4, 84, 3.8237000
48C,2016/09/06 22:58:00, 50, 10015.396, 13,       148, 49,        32, 56, 1.0037853, 72, 497.26886, 73, 513.92999, 77, 38.406250, 79, 1.2201934, 83,         0,110,         1,116,         4, 84, 3.8221741
49C,2016/09/06 22:59:00, 50, 8716.3730, 13,       148, 49,        32, 56, 1.0037853, 72, 497.30341, 73, 513.90076, 77, 38.375000, 79, 1.2104707, 83,         0,110,         1,116,         4, 84, 3.8215637
41C,2016/09/06 23:00:00, 50, 9481.1211, 13,       148, 49,        32, 56, 1.0037853, 72, 497.22870, 73, 513.90076, 77, 38.375000, 79, 1.2153320, 83,         0,110,         1,116,         4, 84, 3.8217163
46C,2016/09/06 23:01:00, 50, 13569.754, 13,       148, 49,        16, 56, 1.0037853, 72, 497.26019, 73, 513.90076, 77, 38.343750, 79, 1.2201934, 83,         0,110,         1,116,         4, 84, 3.8214111
46C,2016/09/06 23:02:00, 50, 11378.502, 13,       148, 49,        32, 56, 1.0037853, 72, 497.30035, 73, 513.90076, 77, 38.375000, 79, 1.2201934, 83,         0,110,         1,116,         4, 84, 3.8224792
46C,2016/09/06 23:03:00, 50, 9091.1172, 13,       148, 49,        32, 56, 1.0037853, 72, 497.31226, 73, 513.90076, 77, 38.343750, 79, 1.2201934, 83,         0,110,         1,116,         4, 84, 3.8127136
4CC,2016/09/06 23:04:00, 50, 7797.8369, 13,       148, 49,        32, 56, 1.0037853, 72, 497.30646, 73, 513.84229, 77, 38.312500, 79, 1.2153320, 83,         0,110,         1,116,         4, 84, 3.8162231
46C,2016/09/06 23:05:00, 50, 10612.754, 13,       148, 49,        32, 56, 1.0037853, 72, 497.29968, 73, 513.87152, 77, 38.375000, 79, 1.2153320, 83,         0,110,         1,116,         4, 84, 3.8108826
48C,2016/09/06 23:06:00, 50, 10224.312, 13,       148, 49,        32, 56, 1.0037853, 72, 497.27716, 73, 513.90076, 77, 38.343750, 79, 1.2201934, 83,         0,110,         1,116,         4, 84, 3.8084412
47C,2016/09/06 23:07:00, 50, 12138.312, 13,       149, 49,        16, 56, 1.0037853, 72, 497.32172, 73, 513.87152, 77, 38.312500, 79, 1.2153320, 83,         0,110,         1,116,         4, 84, 3.8351440
43C,2016/09/06 23:08:00, 50, 12014.340, 13,       149, 49,        16, 56, 1.0037853, 72, 497.25104, 73, 513.87152, 77, 38.312500, 79, 1.2153320, 83,         0,110,         1,116,         4, 84, 3.8363647
45C,2016/09/06 23:09:00, 50, 9088.5273, 13,       149, 49,        32, 56, 1.0037853, 72, 497.29810, 73, 513.90076, 77, 38.281250, 79, 1.2201934, 83,         0,110,         1,116,         4, 84, 3.8342285
4EC,2016/09/06 23:10:00, 50, 10423.482, 13,       149, 49,        32, 56, 1.0037853, 72, 497.32312, 73, 513.92999, 77, 38.281250, 79, 1.2201934, 83,         0,110,         1,116,         4, 84, 3.8299561
44C,2016/09/06 23:11:00, 50, 11765.971, 13,       149, 49,        32, 56, 1.0037853, 72, 497.32263, 73, 513.92999, 77, 38.281250, 79, 1.2201934, 83,         0,110,         1,116,         4, 84, 3.8279724
44C,2016/09/06 23:12:00, 50, 12754.002, 13,       149, 49,        32, 56, 1.0037853, 72, 497.30847, 73, 513.92999, 77, 38.281250, 79, 1.2201934, 83,         0,110,         1,116,         4, 84, 3.8307190
4DC,2016/09/06 23:13:00, 50, 9067.9473, 13,       149, 49,        32, 56, 1.0037853, 72, 497.31378, 73, 513.84229, 77, 38.281250, 79, 1.2153320, 83,         0,110,         1,116,         4, 84, 3.8224792
4BC,2016/09/06 23:14:00, 50, 9877.2266, 13,       149, 49,        16, 56, 1.0037853, 72, 497.26428, 73, 513.84229, 77, 38.281250, 79, 1.2201934, 83,         0,110,         1,116,         4, 84, 3.8267517
4AC,2016/09/06 23:15:00, 50, 9905.6797, 13,       149, 49,        32, 56, 1.0037853, 72, 497.28784, 73, 513.84229, 77, 38.281250, 79, 1.2153320, 83,         0,110,         1,116,         4, 84, 3.8229370
49C,2016/09/06 23:16:00, 50, 9640.4062, 13,       149, 49,        32, 56, 1.0037853, 72, 497.31256, 73, 513.90076, 77, 38.218750, 79, 1.2201934, 83,         0,110,         1,116,         4, 84, 3.8278198
4BC,2016/09/06 23:17:00, 50, 8845.7910, 13,       149, 49,        32, 56, 1.0037853, 72, 497.31818, 73, 513.87152, 77, 38.218750, 79, 1.2201934, 83,         0,110,         1,116,         4, 84, 3.8168335
43C,2016/09/06 23:18:00, 50, 13461.258, 13,       149, 49,        16, 56, 1.0037853, 72, 497.32465, 73, 513.90076, 77, 38.187500, 79, 1.2201934, 83,         0,110,         1,116,         4, 84, 3.8136292
48C,2016/09/06 23:19:00, 50, 8771.3320, 13,       149, 49,        32, 56, 1.0037853, 72, 497.32239, 73, 513.90076, 77, 38.250000, 79, 1.2201934, 83,         0,110,         1,116,         4, 84, 3.8145447
46C,2016/09/06 23:20:00, 50, 10004.939, 13,       149, 49,        32, 56, 1.0037853, 72, 497.34412, 73, 513.90076, 77, 38.187500, 79, 1.2201934, 83,         0,110,         1,116,         4, 84, 3.8124084
4EC,2016/09/06 23:21:00, 50, 9468.9258, 13,       149, 49,        16, 56, 1.0037853, 72, 497.31183, 73, 513.87152, 77, 38.187500, 79, 1.2201934, 83,         0,110,         1,116,         4, 84, 3.8092041
4BC,2016/09/06 23:22:00, 50, 12906.369, 13,       149, 49,        16, 56, 1.0037853, 72, 497.36584, 73, 513.90076, 77, 38.250000, 79, 1.2201934, 83,         0,110,         1,116,         4, 84, 3.8110352
4CC,2016/09/06 23:23:00, 50, 10070.096, 13,       150, 49,        32, 56, 1.0037853, 72, 497.31537, 73, 513.95923, 77, 38.218750, 79, 1.2153320, 83,         0,110,         1,116,         4, 84, 3.8273621
4EC,2016/09/06 23:24:00, 50, 7554.0537, 13,       150, 49,        32, 56, 1.0037853, 72, 497.34363, 73, 513.95923, 77, 38.187500, 79, 1.2153320, 83,         0,110,         1,116,         4, 84, 3.8285828
46C,2016/09/06 23:25:00, 50, 10148.326, 13,       150, 49,        32, 56, 1.0037853, 72, 497.32123, 73, 513.95923, 77, 38.187500, 79, 1.2153320, 83,         0,110,         1,116,         4, 84, 3.8354492
42C,2016/09/06 23:26:00, 50, 9043.8223, 13,       150, 49,        32, 56, 1.0037853, 72, 497.33868, 73, 513.95923, 77, 38.187500, 79, 1.2153320, 83,         0,110,         1,116,         4, 84, 3.8273621
4AC,2016/09/06 23:27:00, 50, 8509.5430, 13,       150, 49,        32, 56, 1.0037853, 72, 497.33325, 73, 513.95923, 77, 38.156250, 79, 1.2153320, 83,         0,110,         1,116,         4, 84, 3.8262939
4FC,2016/09/06 23:28:00, 50, 11228.248, 13,       150, 49,        16, 56, 1.0037853, 72, 497.36755, 73, 513.90076, 77, 38.156250, 79, 1.2201934, 83,         0,110,         1,116,         4, 84, 3.8175964
4BC,2016/09/06 23:29:00, 50, 12224.668, 13,       150, 49,        32, 56, 1.0037853, 72, 497.34241, 73, 513.92999, 77, 38.125000, 79, 1.2250546, 83,         0,110,         1,116,         4, 84, 3.8261414
44C,2016/09/06 23:30:00, 50, 11266.307, 13,       150, 49,        32, 56, 1.0037853, 72, 497.34680, 73, 513.92999, 77, 38.093750, 79, 1.2153320, 83,         0,110,         1,116,         4, 84, 3.8238525
4FC,2016/09/06 23:31:00, 50, 13260.016, 13,       150, 49,        32, 56, 1.0037853, 72, 497.30908, 73, 513.95923, 77, 38.156250, 79, 1.2153320, 83,         0,110,         1,116,         4, 84, 3.8214111
47C,2016/09/06 23:32:00, 50, 10957.316, 13,       150, 49,        32, 56, 1.0037853, 72, 497.34277, 73, 513.92999, 77, 38.125000, 79, 1.2153320, 83,         0,110,         1,116,         4, 84, 3.8192749
41C,2016/09/06 23:33:00, 50, 10198.895, 13,       150, 49,        32, 56, 1.0037853, 72, 497.34967, 73, 513.90076, 77, 38.093750, 79, 1.2201934, 83,         0,110,         1,116,         4, 84, 3.8156128
43C,2016/09/06 23:34:00, 50, 10741.148, 13,       150, 49,        32, 56, 1.0037853, 72, 497.29254, 73, 513.90076, 77, 38.062500, 79, 1.2153320, 83,         0,110,         1,116,         4, 84, 3.8140869
47C,2016/09/06 23:35:00, 50, 8245.7715, 13,       150, 49,        32, 56, 1.0037853, 72, 497.29962, 73, 513.87152, 77, 38.000000, 79, 1.2250546, 83,         0,110,         1,116,         4, 84, 3.8087463
43C,2016/09/06 23:36:00, 50, 13229.062, 13,       151, 49,        16, 56, 1.0037853, 72, 497.29938, 73, 513.92999, 77, 38.062500, 79, 1.2153320, 83,         0,110,         1,116,         4, 84, 3.8352966
4FC,2016/09/06 23:37:00, 50, 8266.7598, 13,       151, 49,        32, 56, 1.0037853, 72, 497.30511, 73, 513.84229, 77, 38.062500, 79, 1.2201934, 83,         0,110,         1,116,         4, 84, 3.8331604
48C,2016/09/06 23:38:00, 50, 10720.359, 13,       151, 49,        32, 56, 1.0037853, 72, 497.29431, 73, 513.90076, 77, 38.031250, 79, 1.2201934, 83,         0,110,         1,116,         4, 84, 3.8317871
4FC,2016/09/06 23:39:00, 50, 10773.082, 13,       151, 49,        16, 56, 1.0037853, 72, 497.34589, 73, 513.84229, 77, 38.031250, 79, 1.2153320, 83,         0,110,         1,116,         4, 84, 3.8223267
47C,2016/09/06 23:40:00, 50, 10534.799, 13,       151, 49,        32, 56, 1.0037853, 72, 497.31189, 73, 513.84229, 77, 38.062500, 79, 1.2153320, 83,         0,110,         1,116,         4, 84, 3.8212585
4AC,2016/09/06 23:41:00, 50, 10131.795, 13,       151, 49,        16, 56, 1.0037853, 72, 497.28479, 73, 513.81305, 77, 38.062500, 79, 1.2250546, 83,         0,110,         1,116,         4, 84, 3.8299561
47C,2016/09/06 23:42:00, 50, 9870.5000, 13,       151, 49,        32, 56, 1.0037853, 72, 497.31866, 73, 513.87152, 77, 38.031250, 79, 1.2201934, 83,         0,110,         1,116,         4, 84, 3.8233948
4FC,2016/09/06 23:43:00, 50, 9502.3730, 13,       151, 49,        32, 56, 1.0037853, 72, 497.33313, 73, 513.84229, 77, 38.062500, 79, 1.2153320, 83,         0,110,         1,116,         4, 84, 3.8218689
47C,2016/09/06 23:44:00, 50, 11037.357, 13,       151, 49,        32, 56, 1.0037853, 72, 497.32196, 73, 513.81305, 77, 38.031250, 79, 1.2153320, 83,         0,110,         1,116,         4, 84, 3.8227844
43C,2016/09/06 23:45:00, 50, 8961.4922, 13,       152, 49,        32, 56, 1.0037853, 72, 497.26056, 73, 513.84229, 77, 38.031250, 79, 1.2201934, 83,         0,110,         1,116,         4, 84, 3.8452148
49C,2016/09/06 23:46:00, 50, 10790.504, 13,       152, 49,        32, 56, 1.0037853, 72, 497.26056, 73, 513.81305, 77, 38.000000, 79, 1.2153320, 83,         0,110,         1,116,         4, 84, 3.8467407
49C,2016/09/06 23:47:00, 50, 10549.428, 13,       152, 49,        32, 56, 1.0037853, 72, 497.25281, 73, 513.78381, 77, 38.000000, 79, 1.2201934, 83,         0,110,         1,116,         4, 84, 3.8392639
42C,2016/09/06 23:48:00, 50, 8289.3047, 13,       152, 49,        32, 56, 1.0037853, 72, 497.28046, 73, 513.78381, 77, 38.000000, 79, 1.2201934, 83,         0,110,         1,116,         4, 84, 3.8374329
4DC,2016/09/06 23:49:00, 50, 11861.529, 13,       152, 49,        32, 56, 1.0037853, 72, 497.28650, 73, 513.78381, 77, 38.031250, 79, 1.2153320, 83,         0,110,         1,116,         4, 84, 3.8421631
46C,2016/09/06 23:50:00, 50, 9311.3711, 13,       152, 49,        32, 56, 1.0037853, 72, 497.30585, 73, 513.75452, 77, 38.062500, 79, 1.2153320, 83,         0,110,         1,116,         4, 84, 3.8336182
49C,2016/09/06 23:51:00, 50, 9311.3711, 13,       152, 49,        32, 56, 1.0037853, 72, 497.30585, 73, 513.81305, 77, 38.031250, 79, 1.2153320, 83,         4,110,         6,116,         4, 84, 3.8322449
4DC,2016/09/06 23:52:00, 50, 9311.3711, 13,       152, 49,        32, 56, 1.0037853, 72, 497.30585, 73, 513.75452, 77, 38.031250, 79, 1.2153320, 83,         4,110,         6,116,         4, 84, 3.8349915
47C,2016/09/06 23:53:00, 50, 9311.3711, 13,       152, 49,        32, 56, 1.0037853, 72, 497.30585, 73, 513.75452, 77, 38.000000, 79, 1.2104707, 83,         4,110,         7,116,         4, 84, 3.8270569
4AC,2016/09/06 23:54:00, 50, 9311.3711, 13,       152, 49,        32, 56, 1.0037853, 72, 497.30585, 73, 513.72528, 77, 38.000000, 79, 1.2201934, 83,         0,110,         0,116,         4, 84, 3.8366699
40C,2016/09/06 23:55:00, 50, 9311.3711, 13,       152, 49,        32, 56, 1.0037853, 72, 497.30585, 73, 513.75452, 77, 38.000000, 79, 1.2153320, 83,         0,110,         0,116,         4, 84, 3.8293457
40C,2016/09/06 23:56:00, 50, 9311.3711, 13,       152, 49,        32, 56, 1.0037853, 72, 497.30585, 73, 513.69604, 77, 38.031250, 79, 1.2201934, 83,         0,110,         0,116,         4, 84, 3.8244629
4AC,2016/09/06 23:57:00, 50, 9311.3711, 13,       152, 49,        32, 56, 1.0037853, 72, 497.30585, 73, 513.69604, 77, 38.031250, 79, 1.2153320, 83,         0,110,         1,116,         4, 84, 3.8201904
47C,2016/09/06 23:58:00, 50, 10785.404, 13,       152, 49,        16, 56, 1.0037853, 72, 497.14508, 73, 513.66681, 77, 38.000000, 79, 1.2201934, 83,         0,110,         1,116,         4, 84, 3.8217163
4FC,2016/09/06 23:59:00, 50, 10665.408, 13,       152, 49,        32, 56, 1.0037853, 72, 497.16602, 73, 513.69604, 77, 38.000000, 79, 1.2153320, 83,         0,110,         1,116,         4, 84, 3.8200378
