5AC,2016/12/07 09:29:03, 50, 0.0000000, 49,         4, 44,         9, 45,         0, 56, 7.5369635, 64, 27.261353, 67, 714.88416, 72, 0.0000000, 77, 20.562500, 83,     50945,110,        29,116,         4
50C,2016/12/07 09:30:00, 50, 0.0000000, 49,         4, 44,       143, 45,         0, 56, 7.5369635, 64, 34.591675, 67, 716.23413, 72, 501.82056, 77, 20.750000, 83,     34561,110,        29,116,         4
5AC,2016/12/07 09:31:00, 50, 0.0000000, 49,         4, 44,       255, 45,         0, 56, 7.5369635, 64, 34.695435, 67, 716.23413, 72, 502.50348, 77, 20.937500, 83,     33537,110,        29,116,         4
5EC,2016/12/07 09:32:00, 50, 0.0000000, 49,         4, 44,       255, 45,         0, 56, 7.5369635, 64, 34.701538, 67, 716.23413, 72, 503.02539, 77, 21.093750, 83,     33537,110,        29,116,         4
5DC,2016/12/07 09:33:00, 50, 0.0000000, 49,         4, 44,       255, 45,         0, 56, 7.5369635, 64, 34.744263, 67, 716.23413, 72, 503.51428, 77, 21.312500, 83,     33537,110,        29,116,         4
5DC,2016/12/07 09:34:00, 50, 0.0000000, 49,         4, 44,       255, 45,         0, 56, 7.5369635, 64, 34.814453, 67, 714.88416, 72, 503.99463, 77, 21.531250, 83,     33537,110,        29,116,         4
50C,2016/12/07 09:35:00, 50, 0.0000000, 49,         4, 44,       255, 45,         0, 56, 7.5369635, 64, 34.854126, 67, 714.88416, 72, 447.43140, 77, 21.843750, 83,     33537,110,        29,116,         4
5BC,2016/12/07 09:36:00, 50, 0.0000000, 49,         4, 44,       255, 45,         0, 56, 7.5369635, 64, 35.031128, 67, 714.88416, 72, 447.86847, 77, 22.156250, 83,     33537,110,        29,116,         4
56C,2016/12/07 09:37:00, 50, 0.0000000, 49,         4, 44,       255, 45,         0, 56, 7.5369635, 64, 35.134888, 67, 714.88416, 72, 448.35645, 77, 22.437500, 83,     33537,110,        29,116,         4
58C,2016/12/07 09:38:00, 50, 0.0000000, 49,         4, 44,       255, 45,         0, 56, 7.5369635, 64, 35.186768, 67, 714.88416, 72, 448.86249, 77, 22.687500, 83,     33537,110,        29,116,         4
5AC,2016/12/07 09:39:00, 50, 0.0000000, 49,         4, 44,       255, 45,         0, 56, 7.5369635, 64, 35.229492, 67, 714.88416, 72, 449.35089, 77, 22.906250, 83,     33537,110,        29,116,         4
48C,2016/12/07 09:40:00, 50, 0.0000000, 49,        32, 44,       255, 45,       196, 56, 7.5369635, 64, 35.266113, 67, 714.88416, 72, 449.84430, 77, 23.156250, 83,     33537,110,        29,116,         4
5FC,2016/12/07 09:41:00, 50, 0.0000000, 49,       128, 44,       255, 45,       136, 56, 7.5369635, 64, 35.113525, 67, 714.88416, 72, 450.34521, 77, 23.375000, 83,     33537,110,        29,116,         4
4CC,2016/12/07 09:42:00, 50, 0.0000000, 49,       128, 44,       255, 45,       123, 56, 7.5369635, 64, 35.131836, 67, 716.23413, 72, 450.47424, 77, 23.625000, 83,     33540,110,         6,116,         4
48C,2016/12/07 09:43:00, 50, 0.0000000, 49,       128, 44,       255, 45,       123, 56, 7.5369635, 64, 35.144043, 67, 714.88416, 72, 450.47424, 77, 23.875000, 83,     33540,110,         6,116,         4
4EC,2016/12/07 09:44:00, 50, 0.0000000, 49,       128, 44,       165, 45,       123, 56, 7.5369635, 64, 35.150146, 67, 713.53430, 72, 450.47424, 77, 24.093750, 83,     33540,110,         6,116,         4
59C,2016/12/07 09:45:00, 50, 0.0000000, 49,       128, 44,        56, 45,       123, 56, 7.5369635, 64, 35.140991, 67, 714.88416, 72, 450.47424, 77, 24.343750, 83,     33284,110,         6,116,         4
58C,2016/12/07 09:46:00, 50, 0.0000000, 49,       128, 44,        49, 45,       123, 56, 7.5369635, 64, 35.122681, 67, 714.88416, 72, 450.47424, 77, 24.625000, 83,     33284,110,         7,116,         4
5BC,2016/12/07 09:47:00, 50, 0.0000000, 49,       128, 44,        49, 45,       123, 56, 7.5369635, 64, 35.110474, 67, 714.88416, 72, 450.47424, 77, 24.875000, 83,     33284,110,         7,116,         4
5EC,2016/12/07 09:48:00, 50, 0.0000000, 49,       128, 44,        49, 45,       123, 56, 7.5369635, 64, 35.131836, 67, 714.88416, 72, 450.47424, 77, 25.093750, 83,     33284,110,         7,116,         4
51C,2016/12/07 09:49:00, 50, 0.0000000, 49,       128, 44,        49, 45,       123, 56, 7.5369635, 64, 35.147095, 67, 714.88416, 72, 450.47424, 77, 25.343750, 83,     33284,110,         7,116,         4
5CC,2016/12/07 09:50:00, 50, 0.0000000, 49,       128, 44,        49, 45,       123, 56, 7.5369635, 64, 35.128784, 67, 714.88416, 72, 450.47424, 77, 25.593750, 83,     33284,110,         7,116,         4
5CC,2016/12/07 09:51:00, 50, 0.0000000, 49,       128, 44,        49, 45,       123, 56, 7.5369635, 64, 35.107422, 67, 714.88416, 72, 450.47424, 77, 25.843750, 83,     33280,110,         0,116,         4
56C,2016/12/07 09:52:00, 50, 0.0000000, 49,       128, 44,        49, 45,       123, 56, 7.5369635, 64, 35.131836, 67, 714.88416, 72, 450.47424, 77, 26.187500, 83,     33280,110,         0,116,         4
51C,2016/12/07 09:53:00, 50, 0.0000000, 49,       128, 44,        49, 45,       123, 56, 7.5369635, 64, 35.137939, 67, 714.88416, 72, 450.47424, 77, 26.406250, 83,     33280,110,         0,116,         4
5CC,2016/12/07 09:54:00, 50, 1.8873825, 49,       128, 44,        49, 45,       123, 56, 7.5369635, 64, 35.107422, 67, 714.88416, 72, 465.58319, 77, 26.625000, 83,     33280,110,         1,116,         4
5FC,2016/12/07 09:55:00, 50,-0.8630242, 49,       128, 44,        49, 45,       123, 56, 7.5369635, 64, 35.125732, 67, 714.88416, 72, 467.47345, 77, 26.875000, 83,     33280,110,         1,116,         4
53C,2016/12/07 09:56:00, 50,-1.8185301, 49,       128, 44,        49, 45,       123, 56, 7.5369635, 64, 35.131836, 67, 714.88416, 72, 467.86456, 77, 27.125000, 83,         0,110,         1,116,         4
53C,2016/12/07 09:57:00, 50,-1.7293890, 49,       128, 44,        49, 45,       123, 56, 7.5369635, 64, 35.098267, 67, 714.88416, 72, 468.13562, 77, 27.343750, 83,         0,110,         1,116,         4
5DC,2016/12/07 09:58:00, 50, 0.7229038, 49,       128, 44,        49, 45,       123, 56, 7.5369635, 64, 35.134888, 67, 714.88416, 72, 468.81531, 77, 27.625000, 83,         0,110,         1,116,         4
5DC,2016/12/07 09:59:00, 50, 2.9032879, 49,       128, 44,        49, 45,       123, 56, 7.5369635, 64, 35.104370, 67, 714.88416, 72, 501.91632, 77, 27.781250, 83,         0,110,         1,116,         4
54C,2016/12/07 10:00:00, 50, 0.9137695, 49,       128, 44,        49, 45,       123, 56, 7.5369635, 64, 35.119629, 67, 714.88416, 72, 469.43372, 77, 28.031250, 83,         0,110,         1,116,         4
58C,2016/12/07 10:01:00, 50, 2.6887159, 49,       128, 44,        49, 45,       123, 56, 7.5369635, 64, 35.119629, 67, 714.88416, 72, 469.37238, 77, 28.281250, 83,         0,110,         1,116,         4
54C,2016/12/07 10:02:00, 50, 4.2314587, 49,       128, 44,        49, 45,       123, 56, 7.5369635, 64, 35.107422, 67, 714.88416, 72, 507.18311, 77, 28.562500, 83,     49152,110,         1,116,         4
52C,2016/12/07 10:03:00, 50, 4.0324593, 49,       128, 44,        49, 45,       123, 56, 7.5369635, 64, 35.113525, 67, 714.88416, 72, 515.05664, 77, 28.687500, 83,     49152,110,         1,116,         4
52C,2016/12/07 10:04:00, 50, 2.8866673, 49,       128, 44,        49, 45,       123, 56, 7.5369635, 64, 35.107422, 67, 713.53430, 72, 515.37524, 77, 28.968750, 83,     49152,110,         1,116,         4
5CC,2016/12/07 10:05:00, 50, 2.0831785, 49,       128, 44,        49, 45,       123, 56, 7.5369635, 64, 35.107422, 67, 713.53430, 72, 515.64819, 77, 29.281250, 83,     49152,110,         1,116,         4
5FC,2016/12/07 10:06:00, 50, 1.2013094, 49,       128, 44,        49, 45,       123, 56, 7.5369635, 64, 35.113525, 67, 713.53430, 72, 515.89777, 77, 29.500000, 83,     49152,110,         1,116,         4
55C,2016/12/07 10:07:00, 50, 4.0047560, 49,       128, 44,        49, 45,       123, 56, 7.5369635, 64, 35.095215, 67, 713.53430, 72, 323.47205, 77, 29.718750, 83,     49152,110,         1,116,         4
5EC,2016/12/07 10:08:00, 50, 4.6332035, 49,       128, 44,        49, 45,       123, 56, 7.5369635, 64, 35.086060, 67, 713.53430, 72, 514.22791, 77, 29.625000, 83,     49152,110,         1,116,         4
55C,2016/12/07 10:09:00, 50, 5.5454483, 49,       128, 44,        49, 45,       123, 56, 7.5369635, 64, 35.095215, 67, 713.53430, 72, 516.21259, 77, 29.312500, 83,     49152,110,         1,116,         4
57C,2016/12/07 10:10:00, 50, 4.2500753, 49,       128, 44,        49, 45,       123, 56, 7.5369635, 64, 35.107422, 67, 713.53430, 72, 516.03717, 77, 29.000000, 83,     49152,110,         1,116,         4
5BC,2016/12/07 10:11:00, 50, 3.7647014, 49,       128, 44,        49, 45,       123, 56, 7.5369635, 64, 35.110474, 67, 713.53430, 72, 516.00067, 77, 28.718750, 83,     49152,110,         1,116,         4
58C,2016/12/07 10:12:00, 50, 3.5214777, 49,       128, 44,        49, 45,       123, 56, 7.5369635, 64, 35.092163, 67, 713.53430, 72, 516.19568, 77, 28.562500, 83,     49152,110,         1,116,         4
57C,2016/12/07 10:13:00, 50, 3.1101313, 49,       128, 44,        49, 45,       123, 56, 7.5369635, 64, 35.116577, 67, 713.53430, 72, 516.20105, 77, 28.343750, 83,     49152,110,         1,116,         4
58C,2016/12/07 10:14:00, 50, 4.6281071, 49,       128, 44,        49, 45,       123, 56, 7.5369635, 64, 35.083008, 67, 713.53430, 72, 118.48245, 77, 28.062500, 83,     49152,110,         1,116,         4
51C,2016/12/07 10:15:00, 50, 67.106750, 49,       128, 44,        49, 45,       123, 56, 7.5369635, 64, 35.104370, 67, 713.53430, 72, 76.442276, 77, 27.906250, 83,     49152,110,         1,116,         4
57C,2016/12/07 10:16:00, 50,-36.720261, 49,       128, 44,        49, 45,       123, 56, 7.5369635, 64, 35.104370, 67, 713.53430, 72, 76.037262, 77, 27.750000, 83,     49152,110,         1,116,         4
5BC,2016/12/07 10:17:00, 50, 150.00827, 49,       128, 44,        49, 45,       123, 56, 7.5369635, 64, 35.113525, 67, 713.53430, 72, 74.348022, 77, 27.625000, 83,     49152,110,         1,116,         4
5BC,2016/12/07 10:18:00, 50, 78.032318, 49,       128, 44,        49, 45,       123, 56, 7.5369635, 64, 35.079956, 67, 713.53430, 72, 172.84799, 77, 27.500000, 83,     49152,110,         1,116,         4
56C,2016/12/07 10:19:00, 50, 34.770775, 49,       128, 44,        49, 45,       123, 56, 7.5369635, 64, 35.095215, 67, 713.53430, 72, 336.25250, 77, 27.468750, 83,     49152,110,         1,116,         4
5BC,2016/12/07 10:20:00, 50, 25.165146, 49,       128, 44,        49, 45,       123, 56, 7.5369635, 64, 35.083008, 67, 713.53430, 72, 730.35461, 77, 27.500000, 83,     49152,110,         1,116,         4
5FC,2016/12/07 10:21:00, 50, 12.861395, 49,       128, 44,        49, 45,       123, 56, 7.5369635, 64, 35.110474, 67, 713.53430, 72, 907.95618, 77, 27.593750, 83,     49152,110,         1,116,         4
5FC,2016/12/07 10:22:00, 50, 9.0654716, 49,       128, 44,        49, 45,       123, 56, 7.5369635, 64, 35.092163, 67, 713.53430, 72, 909.82080, 77, 27.562500, 83,     49152,110,         1,116,         4
53C,2016/12/07 10:23:00, 50, 11.350994, 49,       128, 44,        49, 45,       123, 56, 7.5369635, 64, 35.076904, 67, 713.53430, 72, 225.37418, 77, 27.468750, 83,     49152,110,         1,116,         4
56C,2016/12/07 10:24:00, 50, 11.262520, 49,       128, 44,        49, 45,       123, 56, 7.5369635, 64, 35.104370, 67, 713.53430, 72, 802.96008, 77, 27.437500, 83,     49152,110,         1,116,         4
5EC,2016/12/07 10:25:00, 50, 4.4495878, 49,       128, 44,        49, 45,       123, 56, 7.5369635, 64, 35.083008, 67, 713.53430, 72, 821.56567, 77, 27.375000, 83,     49152,110,         1,116,         4
56C,2016/12/07 10:26:00, 50, 1.8799067, 49,       128, 44,        49, 45,       123, 56, 7.5369635, 64, 35.079956, 67, 713.53430, 72, 821.63318, 77, 27.312500, 83,     49152,110,         1,116,         4
5AC,2016/12/07 10:27:00, 50, 2.2072544, 49,       128, 44,        49, 45,       123, 56, 7.5369635, 64, 35.070801, 67, 713.53430, 72, 821.20007, 77, 27.250000, 83,     49152,110,         1,116,         4
53C,2016/12/07 10:28:00, 50, 3.2536273, 49,       128, 44,        49, 45,       123, 56, 7.5369635, 64, 35.086060, 67, 713.53430, 72, 903.55908, 77, 27.406250, 83,     49152,110,         1,116,         4
57C,2016/12/07 10:29:00, 50, 2.9477744, 49,       128, 44,        49, 45,       123, 56, 7.5369635, 64, 35.101318, 67, 713.53430, 72, 909.63574, 77, 27.437500, 83,     49152,110,         1,116,         4
5DC,2016/12/07 10:30:00, 50, 3.2527871, 49,       128, 44,        49, 45,       123, 56, 7.5369635, 64, 35.070801, 67, 713.53430, 72, 829.96375, 77, 27.375000, 83,         0,110,         1,116,         4
5AC,2016/12/07 10:31:00, 50, 5.9872952, 49,       128, 44,        49, 45,       123, 56, 7.5369635, 64, 35.079956, 67, 713.53430, 72, 85.421127, 77, 27.406250, 83,     49152,110,         1,116,         4
52C,2016/12/07 10:32:00, 50, 16.540367, 49,       128, 44,        49, 45,       123, 56, 7.5369635, 64, 35.101318, 67, 713.53430, 72, 65.071014, 77, 27.312500, 83,     49152,110,         1,116,         4
55C,2016/12/07 10:33:00, 50, 56.914505, 49,       128, 44,        49, 45,       123, 56, 7.5369635, 64, 35.079956, 67, 713.53430, 72, 64.923904, 77, 27.375000, 83,     49152,110,         1,116,         4
57C,2016/12/07 10:34:00, 50, 350.53168, 49,       128, 44,        49, 45,       123, 56, 7.5369635, 64, 35.070801, 67, 713.53430, 72, 70.601425, 77, 27.375000, 83,         0,110,         1,116,         4
54C,2016/12/07 10:35:00, 50, 68.203156, 49,       128, 44,        49, 45,       123, 56, 7.5369635, 64, 35.098267, 67, 713.53430, 72, 877.95703, 77, 27.406250, 83,     49152,110,         1,116,         4
54C,2016/12/07 10:36:00, 50, 32.198715, 49,       128, 44,        49, 45,       123, 56, 7.5369635, 64, 35.095215, 67, 713.53430, 72, 907.50830, 77, 27.375000, 83,     49152,110,         1,116,         4
59C,2016/12/07 10:37:00, 50, 37.676086, 49,       128, 44,        49, 45,       123, 56, 7.5369635, 64, 35.067749, 67, 713.53430, 72, 506.86694, 77, 27.406250, 83,     49152,110,         1,116,         4
59C,2016/12/07 10:38:00, 50, 40.204834, 49,       128, 44,        49, 45,       123, 56, 7.5369635, 64, 35.076904, 67, 713.53430, 72, 506.88770, 77, 27.468750, 83,     49152,110,         1,116,         4
5DC,2016/12/07 10:39:00, 50, 37.614738, 49,       128, 44,        49, 45,       123, 56, 7.5369635, 64, 35.061646, 67, 713.53430, 72, 506.88312, 77, 27.562500, 83,     49152,110,         1,116,         4
50C,2016/12/07 10:40:00, 50, 27.992725, 49,       128, 44,        49, 45,       123, 56, 7.5369635, 64, 34.970093, 67, 713.53430, 72, 462.80188, 77, 27.687500, 83,         0,110,         1,116,         4
53C,2016/12/07 10:41:00, 50, 16.875053, 49,       128, 44,        49, 45,       123, 56, 7.5369635, 64, 35.104370, 67, 713.53430, 72, 459.90399, 77, 27.593750, 83,         0,110,         1,116,         4
5EC,2016/12/07 10:42:00, 50, 10.715309, 49,       128, 44,        49, 45,       123, 56, 7.5369635, 64, 35.192871, 67, 713.53430, 72, 458.81403, 77, 27.531250, 83,         0,110,         1,116,         4
59C,2016/12/07 10:43:00, 50, 6.3418064, 49,       128, 44,        49, 45,       123, 56, 7.5369635, 64, 35.058594, 67, 713.53430, 72, 460.40735, 77, 27.500000, 83,         0,110,         1,116,         4
55C,2016/12/07 10:44:00, 50, 3.7276711, 49,       128, 44,        49, 45,       123, 56, 7.5369635, 64, 34.967041, 67, 713.53430, 72, 460.35107, 77, 27.468750, 83,         0,110,         1,116,         4
51C,2016/12/07 10:45:00, 50, 0.9125031, 49,       128, 44,        49, 45,       123, 56, 7.5369635, 64, 35.083008, 67, 713.53430, 72, 460.36249, 77, 27.406250, 83,         0,110,         1,116,         4
5DC,2016/12/07 10:46:00, 50, 1.1172760, 49,       128, 44,        49, 45,       123, 56, 7.5369635, 64, 35.195923, 67, 713.53430, 72, 460.65894, 77, 27.468750, 83,         0,110,         1,116,         4
57C,2016/12/07 10:47:00, 50, 2.4393482, 49,       128, 44,        49, 45,       123, 56, 7.5369635, 64, 35.107422, 67, 713.53430, 72, 492.91217, 77, 27.687500, 83,     49152,110,         1,116,         4
55C,2016/12/07 10:48:00, 50, 2.2206001, 49,       128, 44,        49, 45,       123, 56, 7.5369635, 64, 34.979248, 67, 713.53430, 72, 506.70471, 77, 27.875000, 83,     49152,110,         1,116,         4
50C,2016/12/07 10:49:00, 50, 2.3066893, 49,       128, 44,        49, 45,       123, 56, 7.5369635, 64, 35.003662, 67, 713.53430, 72, 506.82880, 77, 27.812500, 83,     49152,110,         1,116,         4
52C,2016/12/07 10:50:00, 50, 1.9689069, 49,       128, 44,        49, 45,       123, 56, 7.5369635, 64, 35.134888, 67, 713.53430, 72, 506.82410, 77, 27.843750, 83,     49152,110,         1,116,         4
56C,2016/12/07 10:51:00, 50, 1.6582739, 49,       128, 44,        49, 45,       123, 56, 7.5369635, 64, 35.192871, 67, 713.53430, 72, 506.73602, 77, 27.937500, 83,     49152,110,         1,116,         4
52C,2016/12/07 10:52:00, 50, 0.3801347, 49,       128, 44,        49, 45,       123, 56, 7.5369635, 64, 35.095215, 67, 713.53430, 72, 506.68317, 77, 27.968750, 83,     49152,110,         1,116,         4
58C,2016/12/07 10:53:00, 50, 1.8010516, 49,       128, 44,        49, 45,       123, 56, 7.5369635, 64, 35.089111, 67, 713.53430, 72, 506.75146, 77, 28.062500, 83,     49152,110,         1,116,         4
5CC,2016/12/07 10:54:00, 50, 2.4907341, 49,       128, 44,        49, 45,       123, 56, 7.5369635, 64, 34.973145, 67, 713.53430, 72, 503.37848, 77, 28.156250, 83,         0,110,         1,116,         4
54C,2016/12/07 10:55:00, 50, 7.5579653, 49,       128, 44,        49, 45,       123, 56, 7.5369635, 64, 34.982300, 67, 713.53430, 72, 302.50708, 77, 28.187500, 83,         0,110,         1,116,         4
52C,2016/12/07 10:56:00, 50, 10.287079, 49,       128, 44,        49, 45,       123, 56, 7.5369635, 64, 35.083008, 67, 713.53430, 72, 310.90332, 77, 28.156250, 83,         0,110,         1,116,         4
52C,2016/12/07 10:57:00, 50,-4.2427721, 49,       128, 44,        49, 45,       123, 56, 7.5369635, 64, 35.186768, 67, 713.53430, 72, 291.52435, 77, 28.187500, 83,         0,110,         1,116,         4
53C,2016/12/07 10:58:00, 50,-48.837570, 49,       128, 44,        49, 45,       123, 56, 7.5369635, 64, 35.165405, 67, 713.53430, 72, 268.17297, 77, 28.093750, 83,         0,110,         1,116,         4
5FC,2016/12/07 10:59:00, 50, 7.5522146, 49,       128, 44,        49, 45,       123, 56, 7.5369635, 64, 35.061646, 67, 713.53430, 72, 312.66382, 77, 28.062500, 83,         0,110,         1,116,         4
4FC,2016/12/07 11:00:00, 50,-130.89426, 49,        64, 44,        49, 45,       123, 56, 7.5369635, 64, 34.963989, 67, 713.53430, 72, 262.30154, 77, 28.312500, 83,         0,110,         1,116,         4
50C,2016/12/07 11:01:00, 50, 30.311054, 49,       128, 44,        49, 45,       123, 56, 7.5369635, 64, 34.988403, 67, 713.53430, 72, 453.22925, 77, 28.156250, 83,     49152,110,         1,116,         4
5FC,2016/12/07 11:02:00, 50, 35.953674, 49,       128, 44,        49, 45,       123, 56, 7.5369635, 64, 35.073853, 67, 713.53430, 72, 505.68341, 77, 28.156250, 83,     49152,110,         1,116,         4
56C,2016/12/07 11:03:00, 50,-9.3439350, 49,       128, 44,        49, 45,       123, 56, 7.5369635, 64, 35.171509, 67, 713.53430, 72, 368.66632, 77, 28.125000, 83,         0,110,         1,116,         4
51C,2016/12/07 11:04:00, 50, 18.658249, 49,       128, 44,        49, 45,       123, 56, 7.5369635, 64, 35.192871, 67, 713.53430, 72, 314.46399, 77, 28.343750, 83,         0,110,         1,116,         4
52C,2016/12/07 11:05:00, 50, 6.7196865, 49,       128, 44,        49, 45,       123, 56, 7.5369635, 64, 35.150146, 67, 713.53430, 72, 274.29651, 77, 28.625000, 83,         0,110,         1,116,         4
5AC,2016/12/07 11:06:00, 50, 32.362358, 49,       128, 44,        49, 45,       123, 56, 7.5369635, 64, 35.092163, 67, 713.53430, 72, 345.91516, 77, 28.812500, 83,         0,110,         1,116,         4
58C,2016/12/07 11:07:00, 50, 28.695236, 49,       128, 44,        49, 45,       123, 56, 7.5369635, 64, 35.095215, 67, 713.53430, 72, 295.59827, 77, 29.062500, 83,         0,110,         1,116,         4
59C,2016/12/07 11:08:00, 50, 36.894867, 49,       128, 44,        49, 45,       123, 56, 7.5369635, 64, 35.165405, 67, 713.53430, 72, 305.05023, 77, 29.031250, 83,         0,110,         1,116,         4
5BC,2016/12/07 11:09:00, 50, 14.673111, 49,       128, 44,        49, 45,       123, 56, 7.5369635, 64, 35.192871, 67, 713.53430, 72, 494.73798, 77, 28.843750, 83,     49152,110,         1,116,         4
5AC,2016/12/07 11:10:00, 50, 22.610153, 49,       128, 44,        49, 45,       123, 56, 7.5369635, 64, 35.168457, 67, 713.53430, 72, 492.20068, 77, 28.718750, 83,         0,110,         1,116,         4
5CC,2016/12/07 11:11:00, 50, 15.369410, 49,       128, 44,        49, 45,       123, 56, 7.5369635, 64, 35.098267, 67, 713.53430, 72, 463.06885, 77, 28.687500, 83,         0,110,         1,116,         4
50C,2016/12/07 11:12:00, 50, 20.051060, 49,       128, 44,        49, 45,       123, 56, 7.5369635, 64, 35.046387, 67, 713.53430, 72, 281.83032, 77, 28.625000, 83,         0,110,         1,116,         4
5EC,2016/12/07 11:13:00, 50, 12.414791, 49,       128, 44,        49, 45,       123, 56, 7.5369635, 64, 34.997559, 67, 713.53430, 72, 258.01190, 77, 28.500000, 83,         0,110,         1,116,         4
53C,2016/12/07 11:14:00, 50, 30.760212, 49,       128, 44,        49, 45,       123, 56, 7.5369635, 64, 34.967041, 67, 713.53430, 72, 237.62146, 77, 28.406250, 83,         0,110,         1,116,         4
54C,2016/12/07 11:15:00, 50, 11.650499, 49,       128, 44,        49, 45,       123, 56, 7.5369635, 64, 35.089111, 67, 713.53430, 72, 229.71542, 77, 28.343750, 83,         0,110,         1,116,         4
5CC,2016/12/07 11:16:00, 50, 22.534863, 49,       128, 44,        49, 45,       123, 56, 7.5369635, 64, 35.089111, 67, 713.53430, 72, 257.18304, 77, 28.250000, 83,         0,110,         1,116,         4
59C,2016/12/07 11:17:00, 50, 18.314308, 49,       128, 44,        49, 45,       123, 56, 7.5369635, 64, 35.086060, 67, 713.53430, 72, 284.60321, 77, 28.125000, 83,         0,110,         1,116,         4
51C,2016/12/07 11:18:00, 50, 23.537575, 49,       128, 44,        49, 45,       123, 56, 7.5369635, 64, 35.079956, 67, 713.53430, 72, 310.41510, 77, 28.031250, 83,         0,110,         1,116,         4
59C,2016/12/07 11:19:00, 50, 26.776909, 49,       128, 44,        49, 45,       123, 56, 7.5369635, 64, 35.000610, 67, 713.53430, 72, 335.88385, 77, 27.843750, 83,         0,110,         1,116,         4
57C,2016/12/07 11:20:00, 50, 30.861401, 49,       128, 44,        49, 45,       123, 56, 7.5369635, 64, 35.058594, 67, 713.53430, 72, 373.98181, 77, 27.812500, 83,     49152,110,         1,116,         4
59C,2016/12/07 11:21:00, 50, 23.839291, 49,       128, 44,        49, 45,       123, 56, 7.5369635, 64, 35.119629, 67, 713.53430, 72, 504.28473, 77, 27.500000, 83,     49152,110,         1,116,         4
58C,2016/12/07 11:22:00, 50, 17.041443, 49,       128, 44,        49, 45,       123, 56, 7.5369635, 64, 35.180664, 67, 713.53430, 72, 505.50787, 77, 27.375000, 83,     49152,110,         1,116,         4
44C,2016/12/07 11:23:00, 50, 0.0000000, 49,         4, 44,        25, 45,         0, 56, 7.5369635, 64, 30.459595, 67, 712.18445, 72, 505.69208, 77, 27.031250, 83,     49409,110,        29,116,         4
48C,2016/12/07 11:24:00, 50, 0.0000000, 49,         4, 44,        45, 45,         0, 56, 7.5369635, 64, 34.683228, 67, 712.18445, 72, 505.96564, 77, 27.031250, 83,     49409,110,        29,116,         4
4DC,2016/12/07 11:25:00, 50, 0.0000000, 49,         4, 44,        45, 45,         0, 56, 7.5369635, 64, 34.735107, 67, 712.18445, 72, 506.12457, 77, 26.687500, 83,     49409,110,        29,116,         4
4DC,2016/12/07 11:26:00, 50, 0.0000000, 49,         4, 44,        45, 45,         0, 56, 7.5369635, 64, 34.811401, 67, 712.18445, 72, 506.12305, 77, 26.437500, 83,     49409,110,        29,116,         4
43C,2016/12/07 11:27:00, 50, 0.0000000, 49,         4, 44,        45, 45,         0, 56, 7.5369635, 64, 34.878540, 67, 712.18445, 72, 506.09094, 77, 27.062500, 83,     49409,110,        29,116,         4
48C,2016/12/07 11:28:00, 50, 0.0000000, 49,         4, 44,        45, 45,         0, 56, 7.5369635, 64, 34.933472, 67, 712.18445, 72, 506.34302, 77, 27.781250, 83,     49409,110,        29,116,         4
43C,2016/12/07 11:29:00, 50, 0.0000000, 49,         4, 44,        45, 45,         0, 56, 7.5369635, 64, 34.957886, 67, 712.18445, 72, 449.45294, 77, 28.281250, 83,     33025,110,        29,116,         4
4AC,2016/12/07 11:30:00, 50, 0.0000000, 49,         4, 44,        45, 45,         0, 56, 7.5369635, 64, 34.967041, 67, 712.18445, 72, 449.62817, 77, 28.781250, 83,     33025,110,        29,116,         4
4AC,2016/12/07 11:31:00, 50, 0.0000000, 49,         4, 44,        45, 45,         0, 56, 7.5369635, 64, 34.963989, 67, 712.18445, 72, 449.68427, 77, 29.031250, 83,     33025,110,        29,116,         4
4DC,2016/12/07 11:32:00, 50, 0.0000000, 49,         4, 44,        45, 45,         0, 56, 7.5369635, 64, 34.881592, 67, 712.18445, 72, 449.72644, 77, 29.125000, 83,     33025,110,        29,116,         4
52C,2016/12/07 11:33:00, 50, 0.0000000, 49,        32, 44,        45, 45,       243, 56, 7.5369635, 64, 34.918213, 67, 712.18445, 72, 449.91779, 77, 29.312500, 83,     33025,110,        29,116,         4
58C,2016/12/07 11:34:00, 50, 0.0000000, 49,        64, 44,        45, 45,       183, 56, 7.5369635, 64, 34.957886, 67, 712.18445, 72, 449.90936, 77, 29.593750, 83,     33025,110,        29,116,         4
45C,2016/12/07 11:35:00, 50, 0.0000000, 49,       128, 44,        45, 45,       123, 56, 7.5369635, 64, 34.793091, 67, 712.18445, 72, 449.98273, 77, 29.937500, 83,     33025,110,        29,116,         4
53C,2016/12/07 11:36:00, 50, 0.0000000, 49,       128, 44,        45, 45,       125, 56, 7.5369635, 64, 34.786987, 67, 712.18445, 72, 449.98181, 77, 30.218750, 83,         4,110,         6,116,         4
57C,2016/12/07 11:37:00, 50, 0.0000000, 49,       128, 44,        45, 45,       125, 56, 7.5369635, 64, 34.808350, 67, 712.18445, 72, 449.98181, 77, 30.312500, 83,         4,110,         6,116,         4
55C,2016/12/07 11:38:00, 50, 0.0000000, 49,       128, 44,        45, 45,       125, 56, 7.5369635, 64, 34.851074, 67, 712.18445, 72, 449.98181, 77, 30.375000, 83,         4,110,         6,116,         4
56C,2016/12/07 11:39:00, 50, 0.0000000, 49,       128, 44,        45, 45,       125, 56, 7.5369635, 64, 34.906006, 67, 712.18445, 72, 449.98181, 77, 30.406250, 83,         4,110,         6,116,         4
51C,2016/12/07 11:40:00, 50, 0.0000000, 49,       128, 44,        45, 45,       125, 56, 7.5369635, 64, 34.985352, 67, 712.18445, 72, 449.98181, 77, 30.562500, 83,         4,110,         7,116,         4
52C,2016/12/07 11:41:00, 50, 0.0000000, 49,       128, 44,        45, 45,       125, 56, 7.5369635, 64, 35.009766, 67, 712.18445, 72, 449.98181, 77, 30.781250, 83,         4,110,         7,116,         4
5BC,2016/12/07 11:42:00, 50, 0.0000000, 49,       128, 44,        45, 45,       125, 56, 7.5369635, 64, 34.982300, 67, 712.18445, 72, 449.98181, 77, 30.687500, 83,         4,110,         7,116,         4
55C,2016/12/07 11:43:00, 50, 0.0000000, 49,       128, 44,        45, 45,       125, 56, 7.5369635, 64, 34.881592, 67, 712.18445, 72, 449.98181, 77, 30.718750, 83,         4,110,         7,116,         4
5DC,2016/12/07 11:44:00, 50, 0.0000000, 49,       128, 44,        45, 45,       125, 56, 7.5369635, 64, 34.796143, 67, 712.18445, 72, 449.98181, 77, 30.750000, 83,         4,110,         7,116,         4
5FC,2016/12/07 11:45:00, 50, 0.0000000, 49,       128, 44,        45, 45,       125, 56, 7.5369635, 64, 34.793091, 67, 712.18445, 72, 449.98181, 77, 30.781250, 83,         0,110,         0,116,         4
52C,2016/12/07 11:46:00, 50, 0.0000000, 49,       128, 44,        45, 45,       125, 56, 7.5369635, 64, 34.884644, 67, 712.18445, 72, 449.98181, 77, 31.062500, 83,         0,110,         0,116,         4
57C,2016/12/07 11:47:00, 50, 0.0000000, 49,       128, 44,        45, 45,       125, 56, 7.5369635, 64, 34.988403, 67, 712.18445, 72, 449.98181, 77, 31.218750, 83,         0,110,         0,116,         4
51C,2016/12/07 11:48:00, 50, 1.1880138, 49,       128, 44,        45, 45,       125, 56, 7.5369635, 64, 34.994507, 67, 712.18445, 72, 460.90613, 77, 31.281250, 83,         0,110,         1,116,         4
5DC,2016/12/07 11:49:00, 50,-0.3264744, 49,       128, 44,        45, 45,       125, 56, 7.5369635, 64, 34.872437, 67, 712.18445, 72, 461.19019, 77, 31.312500, 83,         0,110,         1,116,         4
56C,2016/12/07 11:50:00, 50,-3.0002046, 49,       128, 44,        45, 45,       125, 56, 7.5369635, 64, 34.777832, 67, 712.18445, 72, 461.20575, 77, 31.250000, 83,         0,110,         1,116,         4
58C,2016/12/07 11:51:00, 50, 0.3775600, 49,       128, 44,        45, 45,       125, 56, 7.5369635, 64, 34.835815, 67, 712.18445, 72, 461.19604, 77, 31.312500, 83,         0,110,         1,116,         4
5BC,2016/12/07 11:52:00, 50, 0.4117094, 49,       128, 44,        45, 45,       125, 56, 7.5369635, 64, 34.783936, 67, 712.18445, 72, 461.15674, 77, 31.500000, 83,         2,110,         1,116,         1
53C,2016/12/07 11:53:00, 50, 0.3711130, 49,       128, 44,        45, 45,       125, 56, 7.5369635, 64, 34.933472, 67, 712.18445, 72, 461.28546, 77, 31.531250, 83,         2,110,         1,116,         1
5BC,2016/12/07 11:54:00, 50, 0.6395761, 49,       128, 44,        45, 45,       125, 56, 7.5369635, 64, 34.793091, 67, 712.18445, 72, 461.35120, 77, 31.500000, 83,         2,110,         1,116,         1
55C,2016/12/07 11:55:00, 50, 1.6895883, 49,       128, 44,        45, 45,       125, 56, 7.5369635, 64, 34.808350, 67, 712.18445, 72, 461.20294, 77, 31.468750, 83,         2,110,         1,116,         1
53C,2016/12/07 11:56:00, 50, 2.7989898, 49,       128, 44,        45, 45,       125, 56, 7.5369635, 64, 34.963989, 67, 712.18445, 72, 461.18390, 77, 31.500000, 83,         2,110,         1,116,         1
55C,2016/12/07 11:57:00, 50, 3.0863495, 49,       128, 44,        45, 45,       125, 56, 7.5369635, 64, 34.979248, 67, 712.18445, 72, 461.12158, 77, 31.625000, 83,         2,110,         1,116,         1
5AC,2016/12/07 11:58:00, 50, 2.8615184, 49,       128, 44,        45, 45,       125, 56, 7.5369635, 64, 34.814453, 67, 712.18445, 72, 461.14288, 77, 31.718750, 83,         2,110,         1,116,         1
58C,2016/12/07 11:59:00, 50, 3.0991631, 49,       128, 44,        45, 45,       125, 56, 7.5369635, 64, 34.790039, 67, 712.18445, 72, 461.20197, 77, 31.843750, 83,         2,110,         1,116,         1
57C,2016/12/07 12:00:00, 50, 2.0689073, 49,       128, 44,        45, 45,       125, 56, 7.5369635, 64, 34.951782, 67, 712.18445, 72, 461.19427, 77, 31.875000, 83,         2,110,         1,116,         1
58C,2016/12/07 12:01:00, 50, 2.1933508, 49,       128, 44,        45, 45,       125, 56, 7.5369635, 64, 34.963989, 67, 712.18445, 72, 461.26489, 77, 31.812500, 83,         2,110,         1,116,         1
5EC,2016/12/07 12:02:00, 50, 2.4725046, 49,       128, 44,        45, 45,       125, 56, 7.5369635, 64, 34.790039, 67, 712.18445, 72, 461.47565, 77, 31.687500, 83,         2,110,         1,116,         1
41C,2016/12/07 12:03:00, 50, 465.35291, 49,        64, 44,        45, 45,       125, 56, 7.5369635, 64, 34.851074, 67, 712.18445, 72, 462.61676, 77, 31.781250, 83,         2,110,         1,116,         1
4FC,2016/12/07 12:04:00, 50, 542.36206, 49,        32, 44,        45, 45,       125, 56, 7.5369635, 64, 35.000610, 67, 712.18445, 72, 462.64893, 77, 32.000000, 83,         2,110,         1,116,         1
41C,2016/12/07 12:05:00, 50, 533.44568, 49,        32, 44,        45, 45,       125, 56, 7.5369635, 64, 34.848022, 67, 712.18445, 72, 462.72247, 77, 32.156250, 83,         2,110,         1,116,         1
42C,2016/12/07 12:06:00, 50, 537.56177, 49,        32, 44,        45, 45,       125, 56, 7.5369635, 64, 34.799194, 67, 712.18445, 72, 462.73279, 77, 32.187500, 83,         2,110,         1,116,         1
49C,2016/12/07 12:07:00, 50, 541.36023, 49,        32, 44,        45, 45,       125, 56, 7.5369635, 64, 34.988403, 67, 712.18445, 72, 462.68781, 77, 32.187500, 83,         2,110,         1,116,         1
49C,2016/12/07 12:08:00, 50, 552.99646, 49,        32, 44,        45, 45,       125, 56, 7.5369635, 64, 34.875488, 67, 712.18445, 72, 462.73730, 77, 32.125000, 83,         2,110,         1,116,         1
47C,2016/12/07 12:09:00, 50, 555.81372, 49,        32, 44,        45, 45,       125, 56, 7.5369635, 64, 34.786987, 67, 712.18445, 72, 462.77460, 77, 32.343750, 83,         2,110,         1,116,         1
41C,2016/12/07 12:10:00, 50, 561.44019, 49,        32, 44,        45, 45,       125, 56, 7.5369635, 64, 34.988403, 67, 712.18445, 72, 462.85065, 77, 32.437500, 83,         2,110,         1,116,         1
47C,2016/12/07 12:11:00, 50, 566.74219, 49,        32, 44,        45, 45,       125, 56, 7.5369635, 64, 34.872437, 67, 712.18445, 72, 462.91724, 77, 32.531250, 83,         2,110,         1,116,         1
45C,2016/12/07 12:12:00, 50, 567.32849, 49,        32, 44,        45, 45,       125, 56, 7.5369635, 64, 34.802246, 67, 712.18445, 72, 462.82867, 77, 32.531250, 83,         2,110,         1,116,         1
45C,2016/12/07 12:13:00, 50, 568.62585, 49,        32, 44,        45, 45,       125, 56, 7.5369635, 64, 34.771729, 67, 712.18445, 72, 462.84644, 77, 32.468750, 83,         2,110,         1,116,         1
42C,2016/12/07 12:14:00, 50, 568.74780, 49,        32, 44,        45, 45,       125, 56, 7.5369635, 64, 34.976196, 67, 712.18445, 72, 462.87732, 77, 32.531250, 83,         2,110,         1,116,         1
47C,2016/12/07 12:15:00, 50, 570.12756, 49,        32, 44,        45, 45,       125, 56, 7.5369635, 64, 34.854126, 67, 712.18445, 72, 462.87964, 77, 32.625000, 83,         2,110,         1,116,         1
43C,2016/12/07 12:16:00, 50, 572.72021, 49,        32, 44,        45, 45,       125, 56, 7.5369635, 64, 34.817505, 67, 712.18445, 72, 462.77515, 77, 32.656250, 83,         2,110,         1,116,         1
4AC,2016/12/07 12:17:00, 50, 573.88574, 49,        32, 44,        45, 45,       125, 56, 7.5369635, 64, 34.997559, 67, 712.18445, 72, 462.80359, 77, 32.593750, 83,         2,110,         1,116,         1
46C,2016/12/07 12:18:00, 50, 575.79297, 49,        32, 44,        45, 45,       125, 56, 7.5369635, 64, 34.786987, 67, 712.18445, 72, 462.69720, 77, 32.531250, 83,         2,110,         1,116,         1
4DC,2016/12/07 12:19:00, 50, 577.56189, 49,        32, 44,        45, 45,       125, 56, 7.5369635, 64, 34.909058, 67, 712.18445, 72, 462.60156, 77, 32.437500, 83,         2,110,         1,116,         1
4AC,2016/12/07 12:20:00, 50, 578.10449, 49,        32, 44,        45, 45,       125, 56, 7.5369635, 64, 34.927368, 67, 712.18445, 72, 462.55286, 77, 32.468750, 83,         2,110,         1,116,         1
43C,2016/12/07 12:21:00, 50, 578.53577, 49,        32, 44,        45, 45,       125, 56, 7.5369635, 64, 34.780884, 67, 712.18445, 72, 462.57709, 77, 32.375000, 83,         2,110,         1,116,         1
4AC,2016/12/07 12:22:00, 50, 580.01843, 49,        32, 44,        45, 45,       125, 56, 7.5369635, 64, 34.997559, 67, 712.18445, 72, 462.52081, 77, 32.343750, 83,         2,110,         1,116,         1
40C,2016/12/07 12:23:00, 50, 582.59241, 49,        32, 44,        45, 45,       125, 56, 7.5369635, 64, 34.890747, 67, 712.18445, 72, 462.59460, 77, 32.375000, 83,         2,110,         1,116,         1
49C,2016/12/07 12:24:00, 50, 583.13281, 49,        32, 44,        45, 45,       125, 56, 7.5369635, 64, 34.866333, 67, 712.18445, 72, 462.68512, 77, 32.562500, 83,         2,110,         1,116,         1
4AC,2016/12/07 12:25:00, 50, 583.57532, 49,        32, 44,        45, 45,       125, 56, 7.5369635, 64, 34.893799, 67, 712.18445, 72, 462.78943, 77, 32.812500, 83,         2,110,         1,116,         1
4CC,2016/12/07 12:26:00, 50, 155.20016, 49,        32, 44,        45, 45,       125, 56, 7.5369635, 64, 34.872437, 67, 712.18445, 72, 462.94031, 77, 33.000000, 83,         2,110,         1,116,         1
43C,2016/12/07 12:27:00, 50, 395.39105, 49,        32, 44,        45, 45,       125, 56, 19.281170, 64, 34.881592, 67, 712.18445, 72, 462.66565, 77, 33.187500, 83,         2,110,         1,116,         1
52C,2016/12/07 12:28:00, 50, 82.790009, 49,       128, 44,        45, 45,       125, 56, 19.281170, 64, 34.875488, 67, 712.18445, 72, 461.66473, 77, 33.250000, 83,         2,110,         1,116,         1
54C,2016/12/07 12:29:00, 50, 34.003204, 49,       128, 44,        45, 45,       125, 56, 19.281170, 64, 34.866333, 67, 712.18445, 72, 461.67456, 77, 33.281250, 83,         2,110,         1,116,         1
5BC,2016/12/07 12:30:00, 50, 25.069080, 49,       128, 44,        45, 45,       125, 56, 19.281170, 64, 34.878540, 67, 712.18445, 72, 461.67511, 77, 33.343750, 83,         2,110,         1,116,         1
53C,2016/12/07 12:31:00, 50, 26.779209, 49,       128, 44,        45, 45,       125, 56, 19.281170, 64, 34.857178, 67, 712.18445, 72, 461.78729, 77, 33.281250, 83,         2,110,         1,116,         1
42C,2016/12/07 12:32:00, 50, 388.95764, 49,        32, 44,        45, 45,       125, 56, 19.281170, 64, 34.887695, 67, 712.18445, 72, 464.17352, 77, 33.156250, 83,         2,110,         1,116,         1
43C,2016/12/07 12:33:00, 50, 419.14594, 49,        32, 44,        45, 45,       125, 56, 19.281170, 64, 34.863281, 67, 712.18445, 72, 463.88916, 77, 31.718750, 83,         2,110,         1,116,         1
49C,2016/12/07 12:34:00, 50, 424.76801, 49,        32, 44,        45, 45,       125, 56, 19.281170, 64, 34.890747, 67, 712.18445, 72, 463.01428, 77, 29.625000, 83,         2,110,         1,116,         1
45C,2016/12/07 12:35:00, 50, 422.18945, 49,        32, 44,        45, 45,       125, 56, 19.281170, 64, 34.893799, 67, 712.18445, 72, 462.19159, 77, 27.343750, 83,         2,110,         1,116,         1
47C,2016/12/07 12:36:00, 50, 422.47064, 49,        32, 44,        45, 45,       125, 56, 19.281170, 64, 34.881592, 67, 712.18445, 72, 461.58771, 77, 25.500000, 83,         2,110,         1,116,         1
4BC,2016/12/07 12:37:00, 50, 422.69684, 49,        32, 44,        45, 45,       125, 56, 19.281170, 64, 34.887695, 67, 712.18445, 72, 461.05139, 77, 23.875000, 83,         2,110,         1,116,         1
41C,2016/12/07 12:38:00, 50, 397.75879, 49,        32, 44,        45, 45,       125, 56, 18.229483, 64, 34.893799, 67, 712.18445, 72, 460.70490, 77, 23.000000, 83,         2,110,         1,116,         1
47C,2016/12/07 12:39:00, 50, 400.49500, 49,        32, 44,        45, 45,       125, 56, 18.334488, 64, 34.890747, 67, 712.18445, 72, 460.66736, 77, 22.593750, 83,         2,110,         1,116,         1
44C,2016/12/07 12:40:00, 50, 397.67822, 49,        32, 44,        45, 45,       125, 56, 18.334488, 64, 34.902954, 67, 712.18445, 72, 460.96014, 77, 23.250000, 83,         2,110,         1,116,         1
42C,2016/12/07 12:41:00, 50, 244.93677, 49,        32, 44,        45, 45,       125, 56, 18.334488, 64, 34.918213, 67, 712.18445, 72, 461.13519, 77, 23.843750, 83,         2,110,         1,116,         1
4DC,2016/12/07 12:42:00, 50, 200.82101, 49,        32, 44,        45, 45,       125, 56, 18.334488, 64, 34.912109, 67, 712.18445, 72, 461.31006, 77, 24.781250, 83,         2,110,         1,116,         1
4EC,2016/12/07 12:43:00, 50, 199.46613, 49,        32, 44,        45, 45,       125, 56, 18.334488, 64, 34.893799, 67, 712.18445, 72, 461.52545, 77, 25.500000, 83,         2,110,         1,116,         1
40C,2016/12/07 12:44:00, 50, 200.21249, 49,        32, 44,        45, 45,       125, 56, 18.334488, 64, 34.896851, 67, 712.18445, 72, 461.71967, 77, 26.156250, 83,         2,110,         1,116,         1
46C,2016/12/07 12:45:00, 50, 199.43924, 49,        64, 44,        45, 45,       125, 56, 18.334488, 64, 34.890747, 67, 712.18445, 72, 461.92059, 77, 26.625000, 83,         2,110,         1,116,         1
42C,2016/12/07 12:46:00, 50, 198.50378, 49,        64, 44,        45, 45,       125, 56, 18.334488, 64, 34.918213, 67, 712.18445, 72, 461.97290, 77, 27.000000, 83,         2,110,         1,116,         1
42C,2016/12/07 12:47:00, 50, 199.23117, 49,        64, 44,        45, 45,       125, 56, 18.334488, 64, 34.909058, 67, 712.18445, 72, 462.06799, 77, 27.312500, 83,         2,110,         1,116,         1
40C,2016/12/07 12:48:00, 50, 199.18414, 49,        64, 44,        45, 45,       125, 56, 18.334488, 64, 34.890747, 67, 712.18445, 72, 462.17108, 77, 27.531250, 83,         2,110,         1,116,         1
48C,2016/12/07 12:49:00, 50, 198.50327, 49,        64, 44,        45, 45,       125, 56, 18.334488, 64, 34.921265, 67, 712.18445, 72, 462.33496, 77, 27.781250, 83,         2,110,         1,116,         1
45C,2016/12/07 12:50:00, 50, 198.51297, 49,        64, 44,        45, 45,       125, 56, 18.334488, 64, 34.909058, 67, 712.18445, 72, 462.31610, 77, 28.000000, 83,         2,110,         1,116,         1
4AC,2016/12/07 12:51:00, 50, 195.14017, 49,        64, 44,        45, 45,       125, 56, 18.334488, 64, 34.887695, 67, 712.18445, 72, 462.49060, 77, 28.125000, 83,         2,110,         1,116,         1
56C,2016/12/07 12:52:00, 50, 9.5509586, 49,       128, 44,        45, 45,       125, 56, 18.334488, 64, 34.909058, 67, 712.18445, 72, 462.35742, 77, 28.218750, 83,         2,110,         1,116,         1
52C,2016/12/07 12:53:00, 50, 1.9289682, 49,       128, 44,        45, 45,       125, 56, 18.334488, 64, 34.899902, 67, 712.18445, 72, 462.36292, 77, 28.312500, 83,         2,110,         1,116,         1
5BC,2016/12/07 12:54:00, 50, 1.9401729, 49,       128, 44,        45, 45,       125, 56, 18.334488, 64, 34.884644, 67, 712.18445, 72, 462.42053, 77, 28.531250, 83,         2,110,         1,116,         1
57C,2016/12/07 12:55:00, 50, 1.5552330, 49,       128, 44,        45, 45,       125, 56, 18.334488, 64, 34.881592, 67, 712.18445, 72, 462.36853, 77, 28.718750, 83,         2,110,         1,116,         1
51C,2016/12/07 12:56:00, 50, 0.9296691, 49,       128, 44,        45, 45,       125, 56, 18.334488, 64, 34.906006, 67, 712.18445, 72, 462.32043, 77, 28.812500, 83,         2,110,         1,116,         1
5CC,2016/12/07 12:57:00, 50, 0.9861553, 49,       128, 44,        45, 45,       125, 56, 18.334488, 64, 34.896851, 67, 712.18445, 72, 462.29932, 77, 28.875000, 83,         2,110,         1,116,         1
53C,2016/12/07 12:58:00, 50, 0.8909581, 49,       128, 44,        45, 45,       125, 56, 18.334488, 64, 34.881592, 67, 712.18445, 72, 462.38593, 77, 28.937500, 83,         2,110,         1,116,         1
52C,2016/12/07 12:59:00, 50, 0.9931957, 49,       128, 44,        45, 45,       125, 56, 18.334488, 64, 34.909058, 67, 712.18445, 72, 462.31958, 77, 28.968750, 83,         2,110,         1,116,         1
53C,2016/12/07 13:00:00, 50, 1.0054770, 49,       128, 44,        45, 45,       125, 56, 18.334488, 64, 34.887695, 67, 712.18445, 72, 462.23834, 77, 28.937500, 83,         2,110,         1,116,         1
57C,2016/12/07 13:01:00, 50, 1.0827246, 49,       128, 44,        45, 45,       125, 56, 18.334488, 64, 34.890747, 67, 712.18445, 72, 462.24426, 77, 29.000000, 83,         2,110,         1,116,         1
58C,2016/12/07 13:02:00, 50, 0.7303867, 49,       128, 44,        45, 45,       125, 56, 18.334488, 64, 34.884644, 67, 712.18445, 72, 462.30872, 77, 29.062500, 83,         2,110,         1,116,         1
5DC,2016/12/07 13:03:00, 50, 0.6620731, 49,       128, 44,        45, 45,       125, 56, 18.334488, 64, 34.909058, 67, 712.18445, 72, 462.31531, 77, 29.093750, 83,         2,110,         1,116,         1
5BC,2016/12/07 13:04:00, 50, 0.7186960, 49,       128, 44,        45, 45,       125, 56, 18.334488, 64, 34.881592, 67, 712.18445, 72, 462.38739, 77, 29.093750, 83,         2,110,         1,116,         1
55C,2016/12/07 13:05:00, 50, 0.6693790, 49,       128, 44,        45, 45,       125, 56, 18.334488, 64, 34.899902, 67, 712.18445, 72, 462.36951, 77, 29.125000, 83,         2,110,         1,116,         1
51C,2016/12/07 13:06:00, 50, 0.6555408, 49,       128, 44,        45, 45,       125, 56, 18.334488, 64, 34.899902, 67, 712.18445, 72, 462.32812, 77, 29.093750, 83,         2,110,         1,116,         1
56C,2016/12/07 13:07:00, 50, 2.4248261, 49,       128, 44,        45, 45,       125, 56, 18.334488, 64, 34.893799, 67, 712.18445, 72, 462.13684, 77, 29.093750, 83,         2,110,         1,116,         1
57C,2016/12/07 13:08:00, 50, 88.952179, 49,       128, 44,        45, 45,       125, 56, 18.334488, 64, 34.918213, 67, 712.18445, 72, 462.22943, 77, 29.218750, 83,         2,110,         1,116,         1
5DC,2016/12/07 13:09:00, 50, 97.687576, 49,       128, 44,        45, 45,       125, 56, 18.334488, 64, 34.890747, 67, 712.18445, 72, 462.23987, 77, 29.281250, 83,         2,110,         1,116,         1
52C,2016/12/07 13:10:00, 50, 102.71080, 49,       128, 44,        45, 45,       125, 56, 18.334488, 64, 34.915161, 67, 712.18445, 72, 462.24048, 77, 29.343750, 83,         2,110,         1,116,         1
50C,2016/12/07 13:11:00, 50, 103.71359, 49,       128, 44,        45, 45,       125, 56, 18.334488, 64, 34.902954, 67, 712.18445, 72, 462.21362, 77, 29.500000, 83,         2,110,         1,116,         1
5CC,2016/12/07 13:12:00, 50, 103.80013, 49,       128, 44,        45, 45,       125, 56, 18.334488, 64, 34.896851, 67, 712.18445, 72, 462.17737, 77, 29.531250, 83,         2,110,         1,116,         1
53C,2016/12/07 13:13:00, 50, 102.94098, 49,       128, 44,        45, 45,       125, 56, 18.334488, 64, 34.912109, 67, 712.18445, 72, 462.12579, 77, 29.593750, 83,         2,110,         1,116,         1
51C,2016/12/07 13:14:00, 50, 102.51266, 49,       128, 44,        45, 45,       125, 56, 18.334488, 64, 34.887695, 67, 712.18445, 72, 462.06726, 77, 29.531250, 83,         2,110,         1,116,         1
5FC,2016/12/07 13:15:00, 50, 101.85278, 49,       128, 44,        45, 45,       125, 56, 18.334488, 64, 34.915161, 67, 712.18445, 72, 461.96155, 77, 29.562500, 83,         2,110,         1,116,         1
5DC,2016/12/07 13:16:00, 50, 101.92738, 49,       128, 44,        45, 45,       125, 56, 18.334488, 64, 34.890747, 67, 712.18445, 72, 462.00360, 77, 29.562500, 83,         2,110,         1,116,         1
5CC,2016/12/07 13:17:00, 50, 102.26013, 49,       128, 44,        45, 45,       125, 56, 18.334488, 64, 34.906006, 67, 712.18445, 72, 462.01288, 77, 29.687500, 83,         2,110,         1,116,         1
55C,2016/12/07 13:18:00, 50, 101.74789, 49,       128, 44,        45, 45,       125, 56, 18.334488, 64, 34.902954, 67, 712.18445, 72, 462.01178, 77, 29.687500, 83,         2,110,         1,116,         1
5AC,2016/12/07 13:19:00, 50, 101.50722, 49,       128, 44,        45, 45,       125, 56, 18.334488, 64, 34.893799, 67, 712.18445, 72, 462.01990, 77, 29.593750, 83,         2,110,         1,116,         1
55C,2016/12/07 13:20:00, 50, 101.25165, 49,       128, 44,        45, 45,       125, 56, 18.334488, 64, 34.909058, 67, 712.18445, 72, 461.97241, 77, 29.687500, 83,         2,110,         1,116,         1
56C,2016/12/07 13:21:00, 50, 101.21640, 49,       128, 44,        45, 45,       125, 56, 18.334488, 64, 34.884644, 67, 712.18445, 72, 461.93695, 77, 29.718750, 83,         2,110,         1,116,         1
5DC,2016/12/07 13:22:00, 50, 100.92520, 49,       128, 44,        45, 45,       125, 56, 18.334488, 64, 34.909058, 67, 712.18445, 72, 461.95575, 77, 29.687500, 83,         2,110,         1,116,         1
51C,2016/12/07 13:23:00, 50, 100.86859, 49,       128, 44,        45, 45,       125, 56, 18.334488, 64, 34.884644, 67, 712.18445, 72, 461.94690, 77, 29.625000, 83,         2,110,         1,116,         1
5BC,2016/12/07 13:24:00, 50, 100.75806, 49,       128, 44,        45, 45,       125, 56, 18.334488, 64, 34.912109, 67, 712.18445, 72, 461.96820, 77, 29.593750, 83,         2,110,         1,116,         1
48C,2016/12/07 13:25:00, 50, 285.85687, 49,        64, 44,        45, 45,       125, 56, 18.334488, 64, 34.893799, 67, 712.18445, 72, 461.98700, 77, 29.562500, 83,         2,110,         1,116,         1
43C,2016/12/07 13:26:00, 50, 297.51697, 49,        64, 44,        45, 45,       125, 56, 18.334488, 64, 34.912109, 67, 712.18445, 72, 461.98474, 77, 29.531250, 83,         2,110,         1,116,         1
47C,2016/12/07 13:27:00, 50, 303.18689, 49,        32, 44,        45, 45,       125, 56, 18.334488, 64, 34.893799, 67, 712.18445, 72, 461.86896, 77, 29.531250, 83,         2,110,         1,116,         1
43C,2016/12/07 13:28:00, 50, 304.28455, 49,        32, 44,        45, 45,       125, 56, 18.334488, 64, 34.893799, 67, 712.18445, 72, 461.77484, 77, 29.593750, 83,         2,110,         1,116,         1
41C,2016/12/07 13:29:00, 50, 303.38770, 49,        32, 44,        45, 45,       125, 56, 18.334488, 64, 34.899902, 67, 712.18445, 72, 461.87872, 77, 29.531250, 83,         2,110,         1,116,         1
43C,2016/12/07 13:30:00, 50, 304.06854, 49,        32, 44,        45, 45,       125, 56, 18.334488, 64, 34.884644, 67, 712.18445, 72, 461.78198, 77, 29.406250, 83,         2,110,         1,116,         1
4DC,2016/12/07 13:31:00, 50, 304.30798, 49,        32, 44,        45, 45,       125, 56, 18.334488, 64, 34.906006, 67, 712.18445, 72, 461.74255, 77, 29.312500, 83,         2,110,         1,116,         1
45C,2016/12/07 13:32:00, 50, 304.33801, 49,        32, 44,        45, 45,       125, 56, 18.334488, 64, 34.878540, 67, 712.18445, 72, 461.73499, 77, 29.281250, 83,         2,110,         1,116,         1
4AC,2016/12/07 13:33:00, 50, 304.69025, 49,        32, 44,        45, 45,       125, 56, 18.334488, 64, 34.909058, 67, 712.18445, 72, 461.72784, 77, 29.343750, 83,         2,110,         1,116,         1
42C,2016/12/07 13:34:00, 50, 304.48206, 49,        32, 44,        45, 45,       125, 56, 18.334488, 64, 34.881592, 67, 712.18445, 72, 461.73505, 77, 29.375000, 83,         2,110,         1,116,         1
40C,2016/12/07 13:35:00, 50, 305.33490, 49,        32, 44,        45, 45,       125, 56, 18.334488, 64, 34.909058, 67, 712.18445, 72, 461.77423, 77, 29.437500, 83,         2,110,         1,116,         1
49C,2016/12/07 13:36:00, 50, 304.98352, 49,        32, 44,        45, 45,       125, 56, 18.334488, 64, 34.887695, 67, 712.18445, 72, 461.76447, 77, 29.406250, 83,         2,110,         1,116,         1
45C,2016/12/07 13:37:00, 50, 305.11987, 49,        32, 44,        45, 45,       125, 56, 18.334488, 64, 34.902954, 67, 712.18445, 72, 461.81842, 77, 29.500000, 83,         2,110,         1,116,         1
54C,2016/12/07 13:38:00, 50, 45.201691, 49,       128, 44,        45, 45,       125, 56, 18.334488, 64, 35.018921, 67, 712.18445, 72, 459.84949, 77, 29.468750, 83,         2,110,         1,116,         1
5AC,2016/12/07 13:39:00, 50, 8.2641220, 49,       128, 44,        45, 45,       125, 56, 18.334488, 64, 34.777832, 67, 712.18445, 72, 459.90784, 77, 29.562500, 83,         2,110,         1,116,         1
5CC,2016/12/07 13:40:00, 50, 3.1069880, 49,       128, 44,        45, 45,       125, 56, 18.334488, 64, 35.000610, 67, 712.18445, 72, 459.86505, 77, 29.687500, 83,         2,110,         1,116,         1
