53C,2018/01/19 00:09:00, 50, 0.0000000, 49,         4, 44,       255, 45,         0, 56, 18.334488, 64, 35.076904, 67, 713.53430, 72, 499.74396, 77, 22.437500, 83,     33537,110,        29,116,         4
41C,2018/01/19 09:38:00, 50, 0.0000000, 49,        32, 44,       255, 45,       225, 56, 18.334488, 64, 35.351562, 67, 713.53430, 72, 500.50000, 77, 22.843750, 83,     33537,110,        29,116,         4
4AC,2018/01/19 09:40:00, 50, 0.0000000, 49,        64, 44,       255, 45,       159, 56, 18.334488, 64, 35.278320, 67, 713.53430, 72, 501.03107, 77, 23.093750, 83,     33537,110,        29,116,         4
45C,2018/01/19 09:41:00, 50, 0.0000000, 49,       128, 44,       255, 45,       120, 56, 18.334488, 64, 35.192871, 67, 713.53430, 72, 501.37646, 77, 23.375000, 83,     33540,110,         6,116,         4
4EC,2018/01/19 09:42:00, 50, 0.0000000, 49,         4, 44,        55, 45,         0, 56, 18.334488, 64, 34.472656, 67, 714.88416, 72, 502.00269, 77, 23.562500, 83,     34561,110,        29,116,         4
4AC,2018/01/19 09:43:00, 50, 0.0000000, 49,         4, 44,        66, 45,         0, 56, 18.334488, 64, 34.646606, 67, 714.88416, 72, 502.35254, 77, 23.781250, 83,     34561,110,        29,116,         4
44C,2018/01/19 09:44:00, 50, 0.0000000, 49,         4, 44,        66, 45,         0, 56, 18.334488, 64, 34.646606, 67, 714.88416, 72, 502.78412, 77, 24.093750, 83,     49921,110,        29,116,         4
40C,2018/01/19 09:45:00, 50, 0.0000000, 49,         4, 44,        66, 45,         0, 56, 18.334488, 64, 34.649658, 67, 714.88416, 72, 503.12372, 77, 24.312500, 83,     49921,110,        29,116,         4
40C,2018/01/19 09:46:00, 50, 0.0000000, 49,         4, 44,        66, 45,         0, 56, 18.334488, 64, 34.649658, 67, 714.88416, 72, 503.50012, 77, 24.500000, 83,     49921,110,        29,116,         4
43C,2018/01/19 09:47:00, 50, 0.0000000, 49,         4, 44,        66, 45,         0, 56, 18.334488, 64, 34.646606, 67, 714.88416, 72, 503.87622, 77, 24.687500, 83,     49921,110,        29,116,         4
4FC,2018/01/19 09:48:00, 50, 0.0000000, 49,         4, 44,        66, 45,         0, 56, 18.334488, 64, 34.646606, 67, 714.88416, 72, 504.32910, 77, 24.906250, 83,     49921,110,        29,116,         4
40C,2018/01/19 09:49:00, 50, 0.0000000, 49,         4, 44,        66, 45,         0, 56, 18.334488, 64, 34.661865, 67, 714.88416, 72, 504.73914, 77, 25.093750, 83,     49921,110,        29,116,         4
47C,2018/01/19 09:50:00, 50, 0.0000000, 49,         4, 44,        66, 45,         0, 56, 18.334488, 64, 34.707642, 67, 714.88416, 72, 505.14545, 77, 25.312500, 83,     49921,110,        29,116,         4
45C,2018/01/19 09:51:00, 50, 0.0000000, 49,         4, 44,        66, 45,         0, 56, 18.334488, 64, 34.786987, 67, 714.88416, 72, 505.47528, 77, 25.562500, 83,     49921,110,        29,116,         4
5FC,2018/01/19 09:52:00, 50, 0.0000000, 49,        32, 44,        66, 45,       215, 56, 18.334488, 64, 34.884644, 67, 714.88416, 72, 505.88336, 77, 25.781250, 83,     49921,110,        29,116,         4
5EC,2018/01/19 09:53:00, 50, 0.0000000, 49,        64, 44,        66, 45,       155, 56, 18.334488, 64, 34.857178, 67, 714.88416, 72, 506.15955, 77, 26.000000, 83,     49921,110,        29,116,         4
58C,2018/01/19 09:54:00, 50, 0.0000000, 49,       128, 44,        66, 45,       130, 56, 18.334488, 64, 34.710693, 67, 714.88416, 72, 506.31226, 77, 26.218750, 83,     49156,110,         6,116,         4
5FC,2018/01/19 09:55:00, 50, 0.0000000, 49,       128, 44,        66, 45,       130, 56, 18.334488, 64, 34.655762, 67, 713.53430, 72, 506.31226, 77, 26.406250, 83,     49156,110,         6,116,         4
5AC,2018/01/19 09:56:00, 50, 0.0000000, 49,       128, 44,        66, 45,       130, 56, 18.334488, 64, 34.802246, 67, 713.53430, 72, 506.31226, 77, 26.687500, 83,     49156,110,         6,116,         4
59C,2018/01/19 09:57:00, 50, 0.0000000, 49,       128, 44,        66, 45,       130, 56, 18.334488, 64, 34.875488, 67, 713.53430, 72, 506.31226, 77, 26.875000, 83,     49156,110,         6,116,         4
5CC,2018/01/19 09:58:00, 50, 0.0000000, 49,       128, 44,        66, 45,       130, 56, 18.334488, 64, 34.695435, 67, 713.53430, 72, 506.31226, 77, 27.125000, 83,     49156,110,         7,116,         4
53C,2018/01/19 09:59:00, 50, 0.0000000, 49,       128, 44,        66, 45,       130, 56, 18.334488, 64, 34.692383, 67, 713.53430, 72, 506.31226, 77, 27.312500, 83,     49156,110,         7,116,         4
51C,2018/01/19 10:00:00, 50, 0.0000000, 49,       128, 44,        66, 45,       130, 56, 18.334488, 64, 34.884644, 67, 713.53430, 72, 506.31226, 77, 27.562500, 83,     49156,110,         7,116,         4
55C,2018/01/19 10:01:00, 50, 0.0000000, 49,       128, 44,        66, 45,       130, 56, 18.334488, 64, 34.719849, 67, 713.53430, 72, 506.31226, 77, 27.781250, 83,     49156,110,         7,116,         4
5EC,2018/01/19 10:02:00, 50, 0.0000000, 49,       128, 44,        66, 45,       130, 56, 18.334488, 64, 34.686279, 67, 713.53430, 72, 506.31226, 77, 28.000000, 83,     49156,110,         7,116,         4
57C,2018/01/19 10:03:00, 50, 0.0000000, 49,       128, 44,        66, 45,       130, 56, 18.334488, 64, 34.884644, 67, 713.53430, 72, 506.31226, 77, 28.125000, 83,         0,110,         0,116,         4
54C,2018/01/19 10:04:00, 50, 0.0000000, 49,       128, 44,        66, 45,       130, 56, 18.334488, 64, 34.683228, 67, 713.53430, 72, 506.31226, 77, 28.312500, 83,         0,110,         0,116,         4
56C,2018/01/19 10:05:00, 50, 0.0000000, 49,       128, 44,        66, 45,       130, 56, 18.334488, 64, 34.863281, 67, 713.53430, 72, 506.31226, 77, 28.406250, 83,         0,110,         0,116,         4
5AC,2018/01/19 10:06:00, 50,-4.0109568, 49,       128, 44,        66, 45,       130, 56, 18.334488, 64, 34.667969, 67, 713.53430, 72, 400.31744, 77, 28.531250, 83,         0,110,         1,116,         4
57C,2018/01/19 10:07:00, 50,-4.4166555, 49,       128, 44,        66, 45,       130, 56, 18.334488, 64, 34.686279, 67, 713.53430, 72, 379.33569, 77, 28.718750, 83,         0,110,         1,116,         4
52C,2018/01/19 10:08:00, 50, 15.446358, 49,       128, 44,        66, 45,       130, 56, 18.334488, 64, 34.786987, 67, 713.53430, 72, 445.70099, 77, 28.843750, 83,         0,110,         1,116,         4
56C,2018/01/19 10:09:00, 50, 3.7743545, 49,       128, 44,        66, 45,       130, 56, 18.334488, 64, 34.649658, 67, 713.53430, 72, 366.99310, 77, 28.937500, 83,         0,110,         1,116,         4
52C,2018/01/19 10:10:00, 50, 1.5750182, 49,       128, 44,        66, 45,       130, 56, 18.334488, 64, 34.878540, 67, 713.53430, 72, 392.17999, 77, 29.093750, 83,         0,110,         1,116,         4
5DC,2018/01/19 10:11:00, 50, 0.7504587, 49,       128, 44,        66, 45,       130, 56, 18.334488, 64, 34.768677, 67, 713.53430, 72, 371.38550, 77, 29.250000, 83,         0,110,         1,116,         4
51C,2018/01/19 10:12:00, 50,-2.5280123, 49,       128, 44,        66, 45,       130, 56, 18.334488, 64, 34.722900, 67, 713.53430, 72, 371.30804, 77, 29.375000, 83,         0,110,         1,116,         4
59C,2018/01/19 10:13:00, 50,-3.1624284, 49,       128, 44,        66, 45,       130, 56, 18.334488, 64, 34.805298, 67, 713.53430, 72, 371.29889, 77, 29.562500, 83,         0,110,         1,116,         4
5AC,2018/01/19 10:14:00, 50,-3.1407008, 49,       128, 44,        66, 45,       130, 56, 18.334488, 64, 34.674072, 67, 713.53430, 72, 372.34375, 77, 29.718750, 83,         0,110,         1,116,         4
52C,2018/01/19 10:15:00, 50,-4.3615332, 49,       128, 44,        66, 45,       130, 56, 18.334488, 64, 34.857178, 67, 713.53430, 72, 372.56799, 77, 29.843750, 83,         0,110,         1,116,         4
5FC,2018/01/19 10:16:00, 50,-4.1676598, 49,       128, 44,        66, 45,       130, 56, 18.334488, 64, 34.661865, 67, 713.53430, 72, 372.77692, 77, 29.968750, 83,         0,110,         1,116,         4
52C,2018/01/19 10:17:00, 50,-4.5633087, 49,       128, 44,        66, 45,       130, 56, 18.334488, 64, 34.780884, 67, 713.53430, 72, 372.83167, 77, 30.093750, 83,         0,110,         1,116,         4
5DC,2018/01/19 10:18:00, 50,-4.8108606, 49,       128, 44,        66, 45,       130, 56, 18.334488, 64, 34.814453, 67, 713.53430, 72, 373.17657, 77, 30.218750, 83,         0,110,         1,116,         4
5BC,2018/01/19 10:19:00, 50,-4.3049040, 49,       128, 44,        66, 45,       130, 56, 18.334488, 64, 34.643555, 67, 713.53430, 72, 373.41888, 77, 30.375000, 83,         0,110,         1,116,         4
5CC,2018/01/19 10:20:00, 50,-5.9742937, 49,       128, 44,        66, 45,       130, 56, 18.334488, 64, 34.802246, 67, 713.53430, 72, 375.38062, 77, 30.468750, 83,         0,110,         1,116,         4
55C,2018/01/19 10:21:00, 50,-8.2825413, 49,       128, 44,        66, 45,       130, 56, 18.334488, 64, 34.820557, 67, 713.53430, 72, 375.68665, 77, 30.531250, 83,         0,110,         1,116,         4
57C,2018/01/19 10:22:00, 50,-7.4958820, 49,       128, 44,        66, 45,       130, 56, 18.334488, 64, 34.655762, 67, 713.53430, 72, 374.84509, 77, 30.593750, 83,         0,110,         1,116,         4
50C,2018/01/19 10:23:00, 50,-5.4920425, 49,       128, 44,        66, 45,       130, 56, 18.334488, 64, 34.710693, 67, 713.53430, 72, 376.05487, 77, 30.687500, 83,         0,110,         1,116,         4
5BC,2018/01/19 10:24:00, 50,-4.4579954, 49,       128, 44,        66, 45,       130, 56, 18.334488, 64, 34.844971, 67, 713.53430, 72, 384.77240, 77, 30.750000, 83,         0,110,         1,116,         4
56C,2018/01/19 10:25:00, 50,-5.0289650, 49,       128, 44,        66, 45,       130, 56, 18.334488, 64, 34.799194, 67, 713.53430, 72, 376.37115, 77, 30.812500, 83,         0,110,         1,116,         4
5FC,2018/01/19 10:26:00, 50,-4.2432203, 49,       128, 44,        66, 45,       130, 56, 18.334488, 64, 34.671021, 67, 713.53430, 72, 375.54126, 77, 30.843750, 83,         0,110,         1,116,         4
54C,2018/01/19 10:27:00, 50,-5.2053442, 49,       128, 44,        66, 45,       130, 56, 18.334488, 64, 34.649658, 67, 713.53430, 72, 375.69958, 77, 30.875000, 83,         0,110,         1,116,         4
51C,2018/01/19 10:28:00, 50,-4.9602079, 49,       128, 44,        66, 45,       130, 56, 18.334488, 64, 34.741211, 67, 713.53430, 72, 375.28418, 77, 30.937500, 83,         0,110,         1,116,         4
51C,2018/01/19 10:29:00, 50,-4.3548937, 49,       128, 44,        66, 45,       130, 56, 18.334488, 64, 34.835815, 67, 713.53430, 72, 375.43970, 77, 31.000000, 83,         0,110,         1,116,         4
52C,2018/01/19 10:30:00, 50,-3.8442378, 49,       128, 44,        66, 45,       130, 56, 18.334488, 64, 34.844971, 67, 713.53430, 72, 375.70538, 77, 31.093750, 83,         0,110,         1,116,         4
5FC,2018/01/19 10:31:00, 50,-6.2085285, 49,       128, 44,        66, 45,       130, 56, 18.334488, 64, 34.777832, 67, 713.53430, 72, 375.89374, 77, 31.125000, 83,         0,110,         1,116,         4
54C,2018/01/19 10:32:00, 50,-5.7904606, 49,       128, 44,        66, 45,       130, 56, 18.334488, 64, 34.707642, 67, 713.53430, 72, 375.29767, 77, 31.156250, 83,         0,110,         1,116,         4
52C,2018/01/19 10:33:00, 50,-7.3217154, 49,       128, 44,        66, 45,       130, 56, 18.334488, 64, 34.658813, 67, 713.53430, 72, 375.48798, 77, 31.187500, 83,         0,110,         1,116,         4
53C,2018/01/19 10:34:00, 50,-7.1048231, 49,       128, 44,        66, 45,       130, 56, 18.334488, 64, 34.640503, 67, 713.53430, 72, 375.33069, 77, 31.250000, 83,         0,110,         1,116,         4
5FC,2018/01/19 10:35:00, 50,-4.5707073, 49,       128, 44,        66, 45,       130, 56, 18.334488, 64, 34.640503, 67, 712.18445, 72, 375.00366, 77, 31.312500, 83,         0,110,         1,116,         4
50C,2018/01/19 10:36:00, 50,-4.0413933, 49,       128, 44,        66, 45,       130, 56, 18.334488, 64, 34.652710, 67, 712.18445, 72, 375.86078, 77, 31.343750, 83,         0,110,         1,116,         4
53C,2018/01/19 10:37:00, 50,-2.3729553, 49,       128, 44,        66, 45,       130, 56, 18.334488, 64, 34.664917, 67, 712.18445, 72, 375.69714, 77, 31.375000, 83,         0,110,         1,116,         4
5AC,2018/01/19 10:38:00, 50,-3.8188233, 49,       128, 44,        66, 45,       130, 56, 18.334488, 64, 34.674072, 67, 712.18445, 72, 375.98456, 77, 31.375000, 83,         0,110,         1,116,         4
5EC,2018/01/19 10:39:00, 50,-3.9782143, 49,       128, 44,        66, 45,       130, 56, 18.334488, 64, 34.674072, 67, 712.18445, 72, 375.10803, 77, 31.375000, 83,         0,110,         1,116,         4
5EC,2018/01/19 10:40:00, 50,-5.2952604, 49,       128, 44,        66, 45,       130, 56, 18.334488, 64, 34.667969, 67, 712.18445, 72, 374.80457, 77, 31.375000, 83,         0,110,         1,116,         4
5AC,2018/01/19 10:41:00, 50,-5.1945410, 49,       128, 44,        66, 45,       130, 56, 18.334488, 64, 34.649658, 67, 712.18445, 72, 375.28412, 77, 31.406250, 83,         0,110,         1,116,         4
5BC,2018/01/19 10:42:00, 50,-4.7411575, 49,       128, 44,        66, 45,       130, 56, 18.334488, 64, 34.637451, 67, 712.18445, 72, 374.89325, 77, 31.406250, 83,         0,110,         1,116,         4
54C,2018/01/19 10:43:00, 50,-5.3053865, 49,       128, 44,        66, 45,       130, 56, 18.334488, 64, 34.643555, 67, 712.18445, 72, 374.69696, 77, 31.437500, 83,         0,110,         1,116,         4
58C,2018/01/19 10:44:00, 50,-4.8596849, 49,       128, 44,        66, 45,       130, 56, 18.334488, 64, 34.680176, 67, 712.18445, 72, 375.61090, 77, 31.437500, 83,         0,110,         1,116,         4
5DC,2018/01/19 10:45:00, 50,-5.7061844, 49,       128, 44,        66, 45,       130, 56, 18.334488, 64, 34.744263, 67, 712.18445, 72, 376.16907, 77, 31.437500, 83,         0,110,         1,116,         4
54C,2018/01/19 10:46:00, 50,-5.3134604, 49,       128, 44,        66, 45,       130, 56, 18.334488, 64, 34.814453, 67, 712.18445, 72, 374.93964, 77, 31.406250, 83,         0,110,         1,116,         4
58C,2018/01/19 10:47:00, 50,-7.2106104, 49,       128, 44,        66, 45,       130, 56, 18.334488, 64, 34.841919, 67, 712.18445, 72, 374.23029, 77, 31.406250, 83,         0,110,         1,116,         4
53C,2018/01/19 10:48:00, 50,-6.4269743, 49,       128, 44,        66, 45,       130, 56, 18.334488, 64, 34.793091, 67, 712.18445, 72, 373.44910, 77, 31.437500, 83,         0,110,         1,116,         4
5EC,2018/01/19 10:49:00, 50,-5.6296482, 49,       128, 44,        66, 45,       130, 56, 18.334488, 64, 34.689331, 67, 712.18445, 72, 373.57587, 77, 31.406250, 83,         0,110,         1,116,         4
5EC,2018/01/19 10:50:00, 50,-4.8937292, 49,       128, 44,        66, 45,       130, 56, 18.334488, 64, 34.634399, 67, 712.18445, 72, 373.61182, 77, 31.437500, 83,         0,110,         1,116,         4
50C,2018/01/19 10:51:00, 50,-5.0004911, 49,       128, 44,        66, 45,       130, 56, 18.334488, 64, 34.701538, 67, 712.18445, 72, 373.12280, 77, 31.406250, 83,         0,110,         1,116,         4
5BC,2018/01/19 10:52:00, 50,-4.1359797, 49,       128, 44,        66, 45,       130, 56, 18.334488, 64, 34.820557, 67, 712.18445, 72, 373.11719, 77, 31.437500, 83,         0,110,         1,116,         4
58C,2018/01/19 10:53:00, 50,-4.7034283, 49,       128, 44,        66, 45,       130, 56, 18.334488, 64, 34.829712, 67, 712.18445, 72, 373.33191, 77, 31.437500, 83,         0,110,         1,116,         4
54C,2018/01/19 10:54:00, 50,-4.7166204, 49,       128, 44,        66, 45,       130, 56, 18.334488, 64, 34.689331, 67, 712.18445, 72, 373.86584, 77, 31.468750, 83,         0,110,         1,116,         4
59C,2018/01/19 10:55:00, 50,-4.9764452, 49,       128, 44,        66, 45,       130, 56, 18.334488, 64, 34.652710, 67, 712.18445, 72, 373.59631, 77, 31.500000, 83,         0,110,         1,116,         4
52C,2018/01/19 10:56:00, 50,-5.7066469, 49,       128, 44,        66, 45,       130, 56, 18.334488, 64, 34.802246, 67, 712.18445, 72, 373.91241, 77, 31.500000, 83,         0,110,         1,116,         4
51C,2018/01/19 10:57:00, 50,-5.6946764, 49,       128, 44,        66, 45,       130, 56, 18.334488, 64, 34.802246, 67, 712.18445, 72, 374.16693, 77, 31.531250, 83,         0,110,         1,116,         4
52C,2018/01/19 10:58:00, 50,-6.2172174, 49,       128, 44,        66, 45,       130, 56, 18.334488, 64, 34.637451, 67, 712.18445, 72, 373.96936, 77, 31.562500, 83,         0,110,         1,116,         4
5CC,2018/01/19 10:59:00, 50,-7.0888176, 49,       128, 44,        66, 45,       130, 56, 18.334488, 64, 34.762573, 67, 712.18445, 72, 373.66742, 77, 31.562500, 83,         0,110,         1,116,         4
5EC,2018/01/19 11:00:00, 50,-7.2178106, 49,       128, 44,        66, 45,       130, 56, 18.334488, 64, 34.814453, 67, 712.18445, 72, 373.66449, 77, 31.593750, 83,         0,110,         1,116,         4
52C,2018/01/19 11:01:00, 50,-7.4949656, 49,       128, 44,        66, 45,       130, 56, 18.334488, 64, 34.634399, 67, 712.18445, 72, 373.68140, 77, 31.625000, 83,         0,110,         1,116,         4
50C,2018/01/19 11:02:00, 50,-6.5696898, 49,       128, 44,        66, 45,       130, 56, 18.334488, 64, 34.814453, 67, 712.18445, 72, 374.37170, 77, 31.656250, 83,         0,110,         1,116,         4
53C,2018/01/19 11:03:00, 50,-5.7964993, 49,       128, 44,        66, 45,       130, 56, 18.334488, 64, 34.732056, 67, 712.18445, 72, 374.09015, 77, 31.687500, 83,         0,110,         1,116,         4
5AC,2018/01/19 11:04:00, 50,-6.3068571, 49,       128, 44,        66, 45,       130, 56, 18.334488, 64, 34.692383, 67, 712.18445, 72, 374.39856, 77, 31.687500, 83,         0,110,         1,116,         4
53C,2018/01/19 11:05:00, 50,-7.7125092, 49,       128, 44,        66, 45,       130, 56, 18.334488, 64, 34.692383, 67, 712.18445, 72, 374.82446, 77, 31.718750, 83,         0,110,         1,116,         4
5AC,2018/01/19 11:06:00, 50,-7.9055939, 49,       128, 44,        66, 45,       130, 56, 18.334488, 64, 34.735107, 67, 712.18445, 72, 373.92822, 77, 31.687500, 83,         0,110,         1,116,         4
54C,2018/01/19 12:04:00, 50,-11.830547, 49,       128, 44,        74, 45,       120, 56, 18.334488, 64, 35.223389, 67, 712.18445, 72, 481.53540, 77, 31.468750, 83,         0,110,         1,116,         4
5AC,2018/01/19 12:05:00, 50,-11.746397, 49,       128, 44,        74, 45,       120, 56, 18.334488, 64, 35.144043, 67, 712.18445, 72, 481.26416, 77, 31.437500, 83,         0,110,         1,116,         4
5DC,2018/01/19 12:06:00, 50,-12.461033, 49,       128, 44,        74, 45,       120, 56, 18.334488, 64, 34.994507, 67, 712.18445, 72, 481.24158, 77, 31.406250, 83,         0,110,         1,116,         4
5EC,2018/01/19 12:07:00, 50,-13.375332, 49,       128, 44,        74, 45,       120, 56, 18.334488, 64, 35.070801, 67, 712.18445, 72, 481.07214, 77, 31.437500, 83,         0,110,         1,116,         4
5EC,2018/01/19 12:08:00, 50,-12.988153, 49,       128, 44,        74, 45,       120, 56, 18.334488, 64, 35.223389, 67, 712.18445, 72, 480.93280, 77, 31.468750, 83,         0,110,         1,116,         4
5BC,2018/01/19 12:09:00, 50,-12.841583, 49,       128, 44,        74, 45,       120, 56, 18.334488, 64, 35.064697, 67, 712.18445, 72, 480.92352, 77, 31.437500, 83,         0,110,         1,116,         4
5AC,2018/01/19 12:10:00, 50,-13.146536, 49,       128, 44,        74, 45,       120, 56, 18.334488, 64, 35.003662, 67, 712.18445, 72, 480.86609, 77, 31.468750, 83,         0,110,         1,116,         4
5CC,2018/01/19 12:11:00, 50,-11.878881, 49,       128, 44,        74, 45,       120, 56, 18.334488, 64, 35.208130, 67, 712.18445, 72, 480.94159, 77, 31.531250, 83,         0,110,         1,116,         4
5CC,2018/01/19 12:12:00, 50,-11.784945, 49,       128, 44,        74, 45,       120, 56, 18.334488, 64, 35.086060, 67, 712.18445, 72, 481.03699, 77, 31.656250, 83,         0,110,         1,116,         4
51C,2018/01/19 12:13:00, 50,-11.453449, 49,       128, 44,        74, 45,       120, 56, 18.334488, 64, 35.015869, 67, 712.18445, 72, 481.18982, 77, 31.750000, 83,         0,110,         1,116,         4
56C,2018/01/19 12:14:00, 50,-12.238438, 49,       128, 44,        74, 45,       120, 56, 18.334488, 64, 35.217285, 67, 712.18445, 72, 481.27661, 77, 31.875000, 83,         0,110,         1,116,         4
53C,2018/01/19 12:15:00, 50,-11.542841, 49,       128, 44,        74, 45,       120, 56, 18.334488, 64, 34.988403, 67, 712.18445, 72, 481.30627, 77, 31.968750, 83,         0,110,         1,116,         4
51C,2018/01/19 12:16:00, 50,-12.634792, 49,       128, 44,        74, 45,       120, 56, 18.334488, 64, 35.168457, 67, 712.18445, 72, 481.21021, 77, 32.062500, 83,         0,110,         1,116,         4
56C,2018/01/19 12:17:00, 50,-13.080675, 49,       128, 44,        74, 45,       120, 56, 18.334488, 64, 35.055542, 67, 712.18445, 72, 481.15741, 77, 32.187500, 83,         0,110,         1,116,         4
5EC,2018/01/19 12:18:00, 50,-12.774651, 49,       128, 44,        74, 45,       120, 56, 18.334488, 64, 35.086060, 67, 712.18445, 72, 481.34082, 77, 32.250000, 83,         0,110,         1,116,         4
53C,2018/01/19 12:19:00, 50,-13.009150, 49,       128, 44,        74, 45,       120, 56, 18.334488, 64, 35.134888, 67, 712.18445, 72, 481.44843, 77, 32.312500, 83,         0,110,         1,116,         4
5CC,2018/01/19 12:20:00, 50,-13.194357, 49,       128, 44,        74, 45,       120, 56, 18.334488, 64, 35.049438, 67, 712.18445, 72, 481.55042, 77, 32.312500, 83,         0,110,         1,116,         4
5FC,2018/01/19 12:21:00, 50,-12.680738, 49,       128, 44,        74, 45,       120, 56, 18.334488, 64, 35.137939, 67, 712.18445, 72, 481.46234, 77, 32.281250, 83,         0,110,         1,116,         4
52C,2018/01/19 12:22:00, 50,-13.010902, 49,       128, 44,        74, 45,       120, 56, 18.334488, 64, 35.067749, 67, 712.18445, 72, 481.45270, 77, 32.312500, 83,         0,110,         1,116,         4
5EC,2018/01/19 12:23:00, 50,-13.343575, 49,       128, 44,        74, 45,       120, 56, 18.334488, 64, 35.116577, 67, 712.18445, 72, 481.46600, 77, 32.218750, 83,         0,110,         1,116,         4
56C,2018/01/19 12:24:00, 50,-13.097614, 49,       128, 44,        74, 45,       120, 56, 18.334488, 64, 35.107422, 67, 712.18445, 72, 481.59747, 77, 32.156250, 83,         0,110,         1,116,         4
53C,2018/01/19 12:25:00, 50,-12.301895, 49,       128, 44,        74, 45,       120, 56, 18.334488, 64, 35.040283, 67, 712.18445, 72, 481.35297, 77, 32.125000, 83,         0,110,         1,116,         4
5EC,2018/01/19 12:26:00, 50,-12.616119, 49,       128, 44,        74, 45,       120, 56, 18.334488, 64, 35.183716, 67, 712.18445, 72, 481.20239, 77, 32.062500, 83,         0,110,         1,116,         4
50C,2018/01/19 12:27:00, 50,-12.287500, 49,       128, 44,        74, 45,       120, 56, 18.334488, 64, 34.982300, 67, 712.18445, 72, 481.17584, 77, 32.000000, 83,         0,110,         1,116,         4
5FC,2018/01/19 12:28:00, 50,-12.691145, 49,       128, 44,        74, 45,       120, 56, 18.334488, 64, 35.217285, 67, 712.18445, 72, 481.05145, 77, 31.968750, 83,         0,110,         1,116,         4
5EC,2018/01/19 12:29:00, 50,-12.502470, 49,       128, 44,        74, 45,       120, 56, 18.334488, 64, 35.028076, 67, 712.18445, 72, 480.98376, 77, 31.937500, 83,         0,110,         1,116,         4
59C,2018/01/19 12:30:00, 50,-12.479145, 49,       128, 44,        74, 45,       120, 56, 18.334488, 64, 35.104370, 67, 712.18445, 72, 481.20911, 77, 31.875000, 83,         0,110,         1,116,         4
5AC,2018/01/19 12:31:00, 50,-12.158432, 49,       128, 44,        74, 45,       120, 56, 18.334488, 64, 35.171509, 67, 712.18445, 72, 481.01886, 77, 31.843750, 83,         0,110,         1,116,         4
57C,2018/01/19 12:32:00, 50,-12.434885, 49,       128, 44,        74, 45,       120, 56, 18.334488, 64, 35.076904, 67, 712.18445, 72, 480.98718, 77, 31.750000, 83,         0,110,         1,116,         4
58C,2018/01/19 12:33:00, 50,-12.415995, 49,       128, 44,        74, 45,       120, 56, 18.334488, 64, 35.031128, 67, 712.18445, 72, 481.05164, 77, 31.750000, 83,         0,110,         1,116,         4
50C,2018/01/19 12:34:00, 50,-12.567177, 49,       128, 44,        74, 45,       120, 56, 18.334488, 64, 35.195923, 67, 712.18445, 72, 481.14349, 77, 31.718750, 83,         0,110,         1,116,         4
5DC,2018/01/19 12:35:00, 50,-12.562086, 49,       128, 44,        74, 45,       120, 56, 18.334488, 64, 35.040283, 67, 712.18445, 72, 480.96521, 77, 31.625000, 83,         0,110,         1,116,         4
55C,2018/01/19 12:36:00, 50,-13.615879, 49,       128, 44,        74, 45,       120, 56, 18.334488, 64, 35.043335, 67, 712.18445, 72, 480.86401, 77, 31.593750, 83,         0,110,         1,116,         4
59C,2018/01/19 12:37:00, 50,-14.227903, 49,       128, 44,        74, 45,       120, 56, 18.334488, 64, 35.195923, 67, 712.18445, 72, 480.83508, 77, 31.562500, 83,         0,110,         1,116,         4
53C,2018/01/19 12:38:00, 50,-13.758575, 49,       128, 44,        74, 45,       120, 56, 18.334488, 64, 35.067749, 67, 712.18445, 72, 480.88831, 77, 31.562500, 83,         0,110,         1,116,         4
5FC,2018/01/19 12:39:00, 50,-13.597061, 49,       128, 44,        74, 45,       120, 56, 18.334488, 64, 35.003662, 67, 712.18445, 72, 480.93402, 77, 31.562500, 83,         0,110,         1,116,         4
58C,2018/01/19 12:40:00, 50,-13.197456, 49,       128, 44,        74, 45,       120, 56, 18.334488, 64, 35.150146, 67, 712.18445, 72, 480.92731, 77, 31.593750, 83,         0,110,         1,116,         4
58C,2018/01/19 12:41:00, 50,-13.391308, 49,       128, 44,        74, 45,       120, 56, 18.334488, 64, 35.186768, 67, 712.18445, 72, 481.07770, 77, 31.593750, 83,         0,110,         1,116,         4
4EC,2018/01/19 12:42:00, 50, 0.0000000, 49,         4, 44,        31, 45,         0, 56, 18.334488, 64, 30.853271, 67, 712.18445, 72, 472.29425, 77, 31.593750, 83,     33025,110,        29,116,         4
44C,2018/01/19 12:43:00, 50, 0.0000000, 49,         4, 44,        65, 45,         0, 56, 18.334488, 64, 34.622192, 67, 712.18445, 72, 471.83911, 77, 31.625000, 83,     34049,110,        29,116,         4
44C,2018/01/19 12:44:00, 50, 0.0000000, 49,         4, 44,        65, 45,         0, 56, 18.334488, 64, 34.747314, 67, 712.18445, 72, 471.83716, 77, 31.718750, 83,     33025,110,        29,116,         4
4FC,2018/01/19 12:45:00, 50, 0.0000000, 49,         4, 44,        65, 45,         0, 56, 18.334488, 64, 34.851074, 67, 712.18445, 72, 471.75415, 77, 31.750000, 83,     33025,110,        29,116,         4
45C,2018/01/19 12:46:00, 50, 0.0000000, 49,         4, 44,        65, 45,         0, 56, 18.334488, 64, 34.793091, 67, 712.18445, 72, 471.69330, 77, 31.718750, 83,     33025,110,        29,116,         4
48C,2018/01/19 12:47:00, 50, 0.0000000, 49,         4, 44,        65, 45,         0, 56, 18.334488, 64, 34.640503, 67, 712.18445, 72, 471.50854, 77, 31.656250, 83,     33025,110,        29,116,         4
44C,2018/01/19 12:48:00, 50, 0.0000000, 49,         4, 44,        65, 45,         0, 56, 18.334488, 64, 34.628296, 67, 712.18445, 72, 471.44141, 77, 31.718750, 83,     33025,110,        29,116,         4
4AC,2018/01/19 12:49:00, 50, 0.0000000, 49,         4, 44,        65, 45,         0, 56, 18.334488, 64, 34.722900, 67, 712.18445, 72, 471.46118, 77, 31.750000, 83,     33025,110,        29,116,         4
4FC,2018/01/19 12:50:00, 50, 0.0000000, 49,         4, 44,        65, 45,         0, 56, 18.334488, 64, 34.814453, 67, 712.18445, 72, 471.45575, 77, 31.750000, 83,     33025,110,        29,116,         4
45C,2018/01/19 12:51:00, 50, 0.0000000, 49,         4, 44,        65, 45,         0, 56, 18.334488, 64, 34.835815, 67, 712.18445, 72, 471.62811, 77, 31.812500, 83,     33025,110,        29,116,         4
5CC,2018/01/19 12:52:00, 50, 0.0000000, 49,        32, 44,        65, 45,       241, 56, 18.334488, 64, 34.823608, 67, 712.18445, 72, 471.62024, 77, 31.843750, 83,     33025,110,        29,116,         4
5FC,2018/01/19 12:53:00, 50, 0.0000000, 49,        64, 44,        65, 45,       181, 56, 18.334488, 64, 34.750366, 67, 712.18445, 72, 471.80798, 77, 31.781250, 83,     33025,110,        29,116,         4
42C,2018/01/19 12:54:00, 50, 0.0000000, 49,       128, 44,        65, 45,       121, 56, 18.334488, 64, 34.680176, 67, 712.18445, 72, 471.64587, 77, 31.781250, 83,     33025,110,        29,116,         4
59C,2018/01/19 12:55:00, 50, 0.0000000, 49,       128, 44,        65, 45,       123, 56, 18.334488, 64, 34.652710, 67, 712.18445, 72, 471.61218, 77, 31.750000, 83,         4,110,         6,116,         4
58C,2018/01/19 12:56:00, 50, 0.0000000, 49,       128, 44,        65, 45,       123, 56, 18.334488, 64, 34.631348, 67, 712.18445, 72, 471.61218, 77, 31.718750, 83,         4,110,         6,116,         4
53C,2018/01/19 12:57:00, 50, 0.0000000, 49,       128, 44,        65, 45,       123, 56, 18.334488, 64, 34.628296, 67, 712.18445, 72, 471.61218, 77, 31.718750, 83,         4,110,         6,116,         4
5EC,2018/01/19 13:57:00, 50,-0.4457226, 49,       128, 44,        71, 45,       122, 56, 18.334488, 64, 35.174561, 67, 710.83447, 72, 479.98273, 77, 33.843750, 83,         0,110,         1,116,         4
5CC,2018/01/19 13:58:00, 50, 0.0169887, 49,       128, 44,        71, 45,       122, 56, 18.334488, 64, 35.067749, 67, 710.83447, 72, 480.00275, 77, 33.875000, 83,         0,110,         1,116,         4
53C,2018/01/19 13:59:00, 50, 0.3232922, 49,       128, 44,        71, 45,       122, 56, 18.334488, 64, 34.979248, 67, 710.83447, 72, 480.12396, 77, 33.906250, 83,         0,110,         1,116,         4
51C,2018/01/19 14:00:00, 50, 0.8746104, 49,       128, 44,        71, 45,       122, 56, 18.334488, 64, 35.110474, 67, 710.83447, 72, 480.09753, 77, 33.906250, 83,         0,110,         1,116,         4
54C,2018/01/19 14:01:00, 50, 0.3910352, 49,       128, 44,        71, 45,       122, 56, 18.334488, 64, 35.174561, 67, 710.83447, 72, 480.09070, 77, 33.875000, 83,         0,110,         1,116,         4
51C,2018/01/19 14:02:00, 50, 0.1862615, 49,       128, 44,        71, 45,       122, 56, 18.334488, 64, 35.070801, 67, 710.83447, 72, 480.03839, 77, 33.843750, 83,         0,110,         1,116,         4
5CC,2018/01/19 14:03:00, 50, 0.4456056, 49,       128, 44,        71, 45,       122, 56, 18.334488, 64, 34.979248, 67, 710.83447, 72, 480.01489, 77, 33.843750, 83,         0,110,         1,116,         4
5FC,2018/01/19 14:04:00, 50, 0.3067093, 49,       128, 44,        71, 45,       122, 56, 18.334488, 64, 35.052490, 67, 710.83447, 72, 479.97992, 77, 33.843750, 83,         0,110,         1,116,         4
54C,2018/01/19 14:05:00, 50,-0.2001429, 49,       128, 44,        71, 45,       122, 56, 18.334488, 64, 35.165405, 67, 710.83447, 72, 480.00726, 77, 33.812500, 83,         0,110,         1,116,         4
5CC,2018/01/19 14:06:00, 50,-0.0228188, 49,       128, 44,        71, 45,       122, 56, 18.334488, 64, 35.159302, 67, 710.83447, 72, 480.05676, 77, 33.812500, 83,         0,110,         1,116,         4
5CC,2018/01/19 14:07:00, 50,-0.0556654, 49,       128, 44,        71, 45,       122, 56, 18.334488, 64, 35.064697, 67, 710.83447, 72, 480.04486, 77, 33.843750, 83,         0,110,         1,116,         4
4AC,2018/01/19 14:08:00, 50, 0.0000000, 49,         4, 44,        59, 45,         0, 56, 18.334488, 64, 34.774780, 67, 710.83447, 72, 470.83203, 77, 33.875000, 83,     33025,110,        29,116,         4
45C,2018/01/19 14:09:00, 50, 0.0000000, 49,         4, 44,        65, 45,         0, 56, 18.334488, 64, 34.680176, 67, 710.83447, 72, 470.79462, 77, 33.875000, 83,     33025,110,        29,116,         4
43C,2018/01/19 14:10:00, 50, 0.0000000, 49,         4, 44,        65, 45,         0, 56, 18.334488, 64, 34.802246, 67, 710.83447, 72, 470.74445, 77, 33.906250, 83,     33025,110,        29,116,         4
4CC,2018/01/19 14:11:00, 50, 0.0000000, 49,         4, 44,        65, 45,         0, 56, 18.334488, 64, 34.982300, 67, 710.83447, 72, 470.62897, 77, 33.937500, 83,     33025,110,        29,116,         4
49C,2018/01/19 14:12:00, 50, 0.0000000, 49,         4, 44,        65, 45,         0, 56, 18.334488, 64, 34.933472, 67, 710.83447, 72, 470.60034, 77, 33.968750, 83,     33025,110,        29,116,         4
44C,2018/01/19 14:13:00, 50, 0.0000000, 49,         4, 44,        65, 45,         0, 56, 18.334488, 64, 34.854126, 67, 710.83447, 72, 470.65497, 77, 33.968750, 83,     33025,110,        29,116,         4
4DC,2018/01/19 14:14:00, 50, 0.0000000, 49,         4, 44,        65, 45,         0, 56, 18.334488, 64, 34.808350, 67, 710.83447, 72, 470.53784, 77, 33.968750, 83,     33025,110,        29,116,         4
48C,2018/01/19 14:15:00, 50, 0.0000000, 49,         4, 44,        65, 45,         0, 56, 18.334488, 64, 34.805298, 67, 710.83447, 72, 470.51929, 77, 34.031250, 83,     33025,110,        29,116,         4
4DC,2018/01/19 14:16:00, 50, 0.0000000, 49,         4, 44,        65, 45,         0, 56, 18.334488, 64, 34.835815, 67, 710.83447, 72, 470.60138, 77, 34.031250, 83,     33025,110,        29,116,         4
49C,2018/01/19 14:17:00, 50, 0.0000000, 49,         4, 44,        65, 45,         0, 56, 18.334488, 64, 34.884644, 67, 710.83447, 72, 470.48041, 77, 34.031250, 83,     33025,110,        29,116,         4
51C,2018/01/19 14:18:00, 50, 0.0000000, 49,        32, 44,        65, 45,       206, 56, 18.334488, 64, 34.933472, 67, 710.83447, 72, 470.60474, 77, 34.062500, 83,     33025,110,        29,116,         4
47C,2018/01/19 14:19:00, 50, 0.0000000, 49,       128, 44,        65, 45,       146, 56, 18.334488, 64, 34.963989, 67, 710.83447, 72, 470.54395, 77, 34.093750, 83,     33025,110,        29,116,         4
52C,2018/01/19 14:20:00, 50, 0.0000000, 49,       128, 44,        65, 45,       121, 56, 18.334488, 64, 34.967041, 67, 710.83447, 72, 470.62012, 77, 34.093750, 83,         4,110,         6,116,         4
5DC,2018/01/19 14:21:00, 50, 0.0000000, 49,       128, 44,        65, 45,       121, 56, 18.334488, 64, 34.973145, 67, 710.83447, 72, 470.62012, 77, 34.125000, 83,         4,110,         6,116,         4
57C,2018/01/19 14:22:00, 50, 0.0000000, 49,       128, 44,        65, 45,       121, 56, 18.334488, 64, 34.979248, 67, 710.83447, 72, 470.62012, 77, 34.187500, 83,         4,110,         6,116,         4
52C,2018/01/19 14:23:00, 50, 0.0000000, 49,       128, 44,        65, 45,       121, 56, 18.334488, 64, 34.973145, 67, 710.83447, 72, 470.62012, 77, 34.187500, 83,         4,110,         6,116,         4
59C,2018/01/19 14:24:00, 50, 0.0000000, 49,       128, 44,        65, 45,       121, 56, 18.334488, 64, 34.960937, 67, 710.83447, 72, 470.62012, 77, 34.218750, 83,         4,110,         7,116,         4
5BC,2018/01/19 14:25:00, 50, 0.0000000, 49,       128, 44,        65, 45,       121, 56, 18.334488, 64, 34.948730, 67, 710.83447, 72, 470.62012, 77, 34.218750, 83,         4,110,         7,116,         4
50C,2018/01/19 14:26:00, 50, 0.0000000, 49,       128, 44,        65, 45,       121, 56, 18.334488, 64, 34.930420, 67, 710.83447, 72, 470.62012, 77, 34.281250, 83,         4,110,         7,116,         4
52C,2018/01/19 14:27:00, 50, 0.0000000, 49,       128, 44,        65, 45,       121, 56, 18.334488, 64, 34.890747, 67, 710.83447, 72, 470.62012, 77, 34.343750, 83,         4,110,         7,116,         4
5BC,2018/01/19 14:28:00, 50, 0.0000000, 49,       128, 44,        65, 45,       121, 56, 18.334488, 64, 34.857178, 67, 710.83447, 72, 470.62012, 77, 34.375000, 83,         4,110,         7,116,         4
5EC,2018/01/19 14:29:00, 50, 0.0000000, 49,       128, 44,        65, 45,       121, 56, 18.334488, 64, 34.823608, 67, 710.83447, 72, 470.62012, 77, 34.406250, 83,         0,110,         0,116,         4
5FC,2018/01/19 14:30:00, 50, 0.0000000, 49,       128, 44,        65, 45,       121, 56, 18.334488, 64, 34.805298, 67, 710.83447, 72, 470.62012, 77, 34.437500, 83,         0,110,         0,116,         4
5DC,2018/01/19 14:31:00, 50, 0.0000000, 49,       128, 44,        65, 45,       121, 56, 18.334488, 64, 34.820557, 67, 710.83447, 72, 470.62012, 77, 34.500000, 83,         0,110,         0,116,         4
51C,2018/01/19 14:32:00, 50, 4.7031527, 49,       128, 44,        65, 45,       121, 56, 18.334488, 64, 34.884644, 67, 710.83447, 72, 477.68842, 77, 34.500000, 83,         0,110,         1,116,         4
50C,2018/01/19 14:33:00, 50, 6.3432474, 49,       128, 44,        65, 45,       121, 56, 18.334488, 64, 34.954834, 67, 710.83447, 72, 479.93323, 77, 34.531250, 83,         0,110,         1,116,         4
54C,2018/01/19 14:34:00, 50, 3.4064102, 49,       128, 44,        65, 45,       121, 56, 18.334488, 64, 34.997559, 67, 710.83447, 72, 479.98413, 77, 34.562500, 83,         0,110,         1,116,         4
57C,2018/01/19 14:35:00, 50, 1.2313263, 49,       128, 44,        65, 45,       121, 56, 18.334488, 64, 34.979248, 67, 710.83447, 72, 479.94849, 77, 34.593750, 83,         0,110,         1,116,         4
5DC,2018/01/19 14:36:00, 50, 1.7926466, 49,       128, 44,        65, 45,       121, 56, 18.334488, 64, 34.890747, 67, 710.83447, 72, 479.90570, 77, 34.625000, 83,         0,110,         1,116,         4
57C,2018/01/19 14:37:00, 50, 1.1922820, 49,       128, 44,        65, 45,       121, 56, 18.334488, 64, 34.808350, 67, 710.83447, 72, 479.85211, 77, 34.625000, 83,         0,110,         1,116,         4
53C,2018/01/19 14:38:00, 50, 0.2891086, 49,       128, 44,        65, 45,       121, 56, 18.334488, 64, 34.832764, 67, 710.83447, 72, 479.92700, 77, 34.687500, 83,         0,110,         1,116,         4
5CC,2018/01/19 14:39:00, 50, 0.0154154, 49,       128, 44,        65, 45,       121, 56, 18.334488, 64, 34.988403, 67, 710.83447, 72, 479.89850, 77, 34.687500, 83,         0,110,         1,116,         4
5EC,2018/01/19 14:40:00, 50,-0.2256321, 49,       128, 44,        65, 45,       121, 56, 18.334488, 64, 34.841919, 67, 710.83447, 72, 479.91730, 77, 34.687500, 83,         0,110,         1,116,         4
50C,2018/01/19 14:41:00, 50,-0.6811262, 49,       128, 44,        65, 45,       121, 56, 18.334488, 64, 34.780884, 67, 710.83447, 72, 479.85828, 77, 34.687500, 83,         0,110,         1,116,         4
5AC,2018/01/19 14:42:00, 50,-0.4627849, 49,       128, 44,        65, 45,       121, 56, 18.334488, 64, 34.909058, 67, 710.83447, 72, 479.88129, 77, 34.718750, 83,         0,110,         1,116,         4
54C,2018/01/19 14:43:00, 50,-1.2454178, 49,       128, 44,        65, 45,       121, 56, 18.334488, 64, 35.015869, 67, 710.83447, 72, 479.90845, 77, 34.718750, 83,         0,110,         1,116,         4
51C,2018/01/19 14:44:00, 50, 0.6160465, 49,       128, 44,        65, 45,       121, 56, 18.334488, 64, 34.887695, 67, 710.83447, 72, 479.90485, 77, 34.750000, 83,         0,110,         1,116,         4
5AC,2018/01/19 14:45:00, 50,-0.3834402, 49,       128, 44,        65, 45,       121, 56, 18.334488, 64, 34.777832, 67, 710.83447, 72, 479.92065, 77, 34.750000, 83,         0,110,         1,116,         4
5CC,2018/01/19 14:46:00, 50,-1.2960873, 49,       128, 44,        65, 45,       121, 56, 18.334488, 64, 34.942627, 67, 710.83447, 72, 479.97546, 77, 34.812500, 83,         0,110,         1,116,         4
5BC,2018/01/19 14:47:00, 50,-0.6050181, 49,       128, 44,        65, 45,       121, 56, 18.334488, 64, 34.988403, 67, 710.83447, 72, 479.98315, 77, 34.812500, 83,         0,110,         1,116,         4
5FC,2018/01/19 14:48:00, 50,-0.9804667, 49,       128, 44,        65, 45,       121, 56, 18.334488, 64, 34.802246, 67, 710.83447, 72, 479.95825, 77, 34.843750, 83,         0,110,         1,116,         4
5CC,2018/01/19 14:49:00, 50,-1.6605752, 49,       128, 44,        65, 45,       121, 56, 18.334488, 64, 34.863281, 67, 710.83447, 72, 480.03931, 77, 34.906250, 83,         0,110,         1,116,         4
5DC,2018/01/19 14:50:00, 50,-1.0283759, 49,       128, 44,        65, 45,       121, 56, 18.334488, 64, 35.021973, 67, 710.83447, 72, 479.99127, 77, 34.968750, 83,         0,110,         1,116,         4
5CC,2018/01/19 14:51:00, 50,-0.8651487, 49,       128, 44,        65, 45,       121, 56, 18.334488, 64, 34.817505, 67, 710.83447, 72, 479.99701, 77, 35.031250, 83,         0,110,         1,116,         4
5DC,2018/01/19 14:52:00, 50,-0.7164989, 49,       128, 44,        65, 45,       121, 56, 18.334488, 64, 34.890747, 67, 710.83447, 72, 479.95758, 77, 35.062500, 83,         0,110,         1,116,         4
53C,2018/01/19 14:53:00, 50, 0.1591134, 49,       128, 44,        65, 45,       121, 56, 18.334488, 64, 34.985352, 67, 710.83447, 72, 479.94012, 77, 35.093750, 83,         0,110,         1,116,         4
56C,2018/01/19 14:54:00, 50, 1.3827491, 49,       128, 44,        65, 45,       121, 56, 18.334488, 64, 34.780884, 67, 710.83447, 72, 479.94385, 77, 35.156250, 83,         0,110,         1,116,         4
5BC,2018/01/19 14:55:00, 50, 0.9739989, 49,       128, 44,        65, 45,       121, 56, 18.334488, 64, 35.000610, 67, 710.83447, 72, 479.93854, 77, 35.187500, 83,         0,110,         1,116,         4
51C,2018/01/19 14:56:00, 50, 1.4713151, 49,       128, 44,        65, 45,       121, 56, 18.334488, 64, 34.826660, 67, 710.83447, 72, 479.97083, 77, 35.250000, 83,         0,110,         1,116,         4
58C,2018/01/19 14:57:00, 50, 2.2122011, 49,       128, 44,        65, 45,       121, 56, 18.334488, 64, 34.906006, 67, 710.83447, 72, 479.98633, 77, 35.281250, 83,         0,110,         1,116,         4
55C,2018/01/19 14:58:00, 50, 2.1462145, 49,       128, 44,        65, 45,       121, 56, 18.334488, 64, 34.924316, 67, 710.83447, 72, 479.92444, 77, 35.343750, 83,         0,110,         1,116,         4
53C,2018/01/19 14:59:00, 50, 2.4206862, 49,       128, 44,        65, 45,       121, 56, 18.334488, 64, 34.832764, 67, 710.83447, 72, 479.90851, 77, 35.375000, 83,         0,110,         1,116,         4
5DC,2018/01/19 15:00:00, 50, 1.3160892, 49,       128, 44,        65, 45,       121, 56, 18.334488, 64, 34.988403, 67, 710.83447, 72, 479.86420, 77, 35.406250, 83,         0,110,         1,116,         4
57C,2018/01/19 15:01:00, 50, 0.5884730, 49,       128, 44,        65, 45,       121, 56, 18.334488, 64, 34.783936, 67, 710.83447, 72, 479.76483, 77, 35.406250, 83,         0,110,         1,116,         4
5AC,2018/01/19 15:02:00, 50, 0.6381431, 49,       128, 44,        65, 45,       121, 56, 18.334488, 64, 35.015869, 67, 710.83447, 72, 479.72467, 77, 35.468750, 83,         0,110,         1,116,         4
53C,2018/01/19 15:03:00, 50, 0.3860297, 49,       128, 44,        65, 45,       121, 56, 18.334488, 64, 34.780884, 67, 710.83447, 72, 479.72174, 77, 35.500000, 83,         0,110,         1,116,         4
57C,2018/01/19 15:04:00, 50, 0.1849480, 49,       128, 44,        65, 45,       121, 56, 18.334488, 64, 35.009766, 67, 710.83447, 72, 479.76904, 77, 35.531250, 83,         0,110,         1,116,         4
5AC,2018/01/19 15:05:00, 50, 0.0922429, 49,       128, 44,        65, 45,       121, 56, 18.334488, 64, 34.790039, 67, 710.83447, 72, 479.81866, 77, 35.562500, 83,         0,110,         1,116,         4
50C,2018/01/19 15:06:00, 50, 0.6044530, 49,       128, 44,        65, 45,       121, 56, 18.334488, 64, 34.997559, 67, 710.83447, 72, 479.80084, 77, 35.562500, 83,         0,110,         1,116,         4
5AC,2018/01/19 15:07:00, 50, 0.3006771, 49,       128, 44,        65, 45,       121, 56, 18.334488, 64, 34.808350, 67, 710.83447, 72, 479.73718, 77, 35.593750, 83,         0,110,         1,116,         4
59C,2018/01/19 15:08:00, 50, 0.2322655, 49,       128, 44,        65, 45,       121, 56, 18.334488, 64, 34.957886, 67, 710.83447, 72, 479.68671, 77, 35.593750, 83,         0,110,         1,116,         4
54C,2018/01/19 15:09:00, 50,-0.2299809, 49,       128, 44,        65, 45,       121, 56, 18.334488, 64, 34.875488, 67, 710.83447, 72, 479.72650, 77, 35.625000, 83,         0,110,         1,116,         4
51C,2018/01/19 15:10:00, 50,-0.0939501, 49,       128, 44,        65, 45,       121, 56, 18.334488, 64, 34.848022, 67, 710.83447, 72, 479.79028, 77, 35.656250, 83,         0,110,         1,116,         4
55C,2018/01/19 15:11:00, 50,-0.6408666, 49,       128, 44,        65, 45,       121, 56, 18.334488, 64, 34.988403, 67, 710.83447, 72, 479.81659, 77, 35.625000, 83,         0,110,         1,116,         4
5FC,2018/01/19 15:12:00, 50,-0.5195740, 49,       128, 44,        65, 45,       121, 56, 18.334488, 64, 34.774780, 67, 710.83447, 72, 480.08234, 77, 35.656250, 83,         0,110,         1,116,         4
5DC,2018/01/19 15:13:00, 50,-0.1170088, 49,       128, 44,        65, 45,       121, 56, 18.334488, 64, 34.991455, 67, 710.83447, 72, 480.01074, 77, 35.687500, 83,         0,110,         1,116,         4
55C,2018/01/19 15:14:00, 50, 0.2559775, 49,       128, 44,        65, 45,       121, 56, 18.334488, 64, 34.866333, 67, 710.83447, 72, 480.02454, 77, 35.687500, 83,         0,110,         1,116,         4
54C,2018/01/19 15:15:00, 50, 0.6819562, 49,       128, 44,        65, 45,       121, 56, 18.334488, 64, 34.814453, 67, 710.83447, 72, 480.02954, 77, 35.718750, 83,         0,110,         1,116,         4
53C,2018/01/19 15:16:00, 50,-0.1000826, 49,       128, 44,        65, 45,       121, 56, 18.334488, 64, 34.777832, 67, 710.83447, 72, 480.03137, 77, 35.750000, 83,         0,110,         1,116,         4
54C,2018/01/19 15:17:00, 50, 0.4178416, 49,       128, 44,        65, 45,       121, 56, 18.334488, 64, 34.942627, 67, 710.83447, 72, 480.07623, 77, 35.781250, 83,         0,110,         1,116,         4
5AC,2018/01/19 15:18:00, 50,-0.1149557, 49,       128, 44,        65, 45,       121, 56, 18.334488, 64, 34.957886, 67, 710.83447, 72, 480.19745, 77, 35.781250, 83,         0,110,         1,116,         4
52C,2018/01/19 15:19:00, 50,-0.0122639, 49,       128, 44,        65, 45,       121, 56, 18.334488, 64, 34.777832, 67, 710.83447, 72, 480.16553, 77, 35.812500, 83,         0,110,         1,116,         4
53C,2018/01/19 15:20:00, 50, 0.2624069, 49,       128, 44,        65, 45,       121, 56, 18.334488, 64, 34.887695, 67, 710.83447, 72, 480.13660, 77, 35.843750, 83,         0,110,         1,116,         4
58C,2018/01/19 15:21:00, 50, 0.5391669, 49,       128, 44,        65, 45,       121, 56, 18.334488, 64, 35.009766, 67, 710.83447, 72, 480.10504, 77, 35.843750, 83,         0,110,         1,116,         4
58C,2018/01/19 15:22:00, 50, 0.8462278, 49,       128, 44,        65, 45,       121, 56, 18.334488, 64, 34.857178, 67, 710.83447, 72, 480.08612, 77, 35.875000, 83,         0,110,         1,116,         4
52C,2018/01/19 15:23:00, 50, 0.4127147, 49,       128, 44,        65, 45,       121, 56, 18.334488, 64, 34.774780, 67, 710.83447, 72, 479.97754, 77, 35.875000, 83,         0,110,         1,116,         4
5DC,2018/01/19 15:24:00, 50, 0.9859719, 49,       128, 44,        65, 45,       121, 56, 18.334488, 64, 34.930420, 67, 710.83447, 72, 479.95898, 77, 35.906250, 83,         0,110,         1,116,         4
5CC,2018/01/19 15:25:00, 50, 1.7080526, 49,       128, 44,        65, 45,       121, 56, 18.334488, 64, 35.009766, 67, 710.83447, 72, 479.97467, 77, 35.937500, 83,         0,110,         1,116,         4
59C,2018/01/19 15:26:00, 50, 3.1813850, 49,       128, 44,        65, 45,       121, 56, 18.334488, 64, 34.890747, 67, 710.83447, 72, 479.26703, 77, 35.968750, 83,         0,110,         1,116,         4
5AC,2018/01/19 15:27:00, 50, 3.2851911, 49,       128, 44,        65, 45,       121, 56, 18.334488, 64, 34.777832, 67, 710.83447, 72, 479.90643, 77, 35.968750, 83,         0,110,         1,116,         4
54C,2018/01/19 15:28:00, 50, 2.7234797, 49,       128, 44,        65, 45,       121, 56, 18.334488, 64, 34.811401, 67, 710.83447, 72, 479.86609, 77, 36.000000, 83,         0,110,         1,116,         4
57C,2018/01/19 15:29:00, 50, 2.7089043, 49,       128, 44,        65, 45,       121, 56, 18.334488, 64, 34.942627, 67, 710.83447, 72, 479.76825, 77, 35.968750, 83,         0,110,         1,116,         4
52C,2018/01/19 15:30:00, 50, 2.7815638, 49,       128, 44,        65, 45,       121, 56, 18.334488, 64, 35.012817, 67, 710.83447, 72, 479.73273, 77, 36.000000, 83,         0,110,         1,116,         4
59C,2018/01/19 15:31:00, 50, 3.0079327, 49,       128, 44,        65, 45,       121, 56, 18.334488, 64, 34.973145, 67, 710.83447, 72, 479.71716, 77, 36.000000, 83,         0,110,         1,116,         4
54C,2018/01/19 15:32:00, 50, 2.9194436, 49,       128, 44,        65, 45,       121, 56, 18.334488, 64, 34.878540, 67, 710.83447, 72, 479.73785, 77, 36.000000, 83,         0,110,         1,116,         4
5BC,2018/01/19 15:33:00, 50, 2.9303780, 49,       128, 44,        65, 45,       121, 56, 18.334488, 64, 34.783936, 67, 710.83447, 72, 479.75116, 77, 36.000000, 83,         0,110,         1,116,         4
51C,2018/01/19 15:34:00, 50, 2.6650982, 49,       128, 44,        65, 45,       121, 56, 18.334488, 64, 34.774780, 67, 710.83447, 72, 479.65326, 77, 35.968750, 83,         0,110,         1,116,         4
50C,2018/01/19 15:35:00, 50, 2.6260433, 49,       128, 44,        65, 45,       121, 56, 18.334488, 64, 34.817505, 67, 710.83447, 72, 479.60504, 77, 36.000000, 83,         0,110,         1,116,         4
59C,2018/01/19 15:36:00, 50, 2.6475163, 49,       128, 44,        65, 45,       121, 56, 18.334488, 64, 34.851074, 67, 710.83447, 72, 479.53790, 77, 35.968750, 83,         0,110,         1,116,         4
5AC,2018/01/19 15:37:00, 50, 2.4476957, 49,       128, 44,        65, 45,       121, 56, 18.334488, 64, 34.790039, 67, 710.83447, 72, 479.56268, 77, 35.968750, 83,         0,110,         1,116,         4
54C,2018/01/19 15:38:00, 50, 2.4414210, 49,       128, 44,        65, 45,       121, 56, 18.334488, 64, 34.799194, 67, 710.83447, 72, 479.57690, 77, 35.968750, 83,         0,110,         1,116,         4
51C,2018/01/19 15:39:00, 50, 2.6576581, 49,       128, 44,        65, 45,       121, 56, 18.334488, 64, 34.799194, 67, 710.83447, 72, 479.52350, 77, 35.968750, 83,         0,110,         1,116,         4
50C,2018/01/19 15:40:00, 50, 2.6662064, 49,       128, 44,        65, 45,       121, 56, 18.334488, 64, 34.796143, 67, 710.83447, 72, 479.55157, 77, 35.968750, 83,         0,110,         1,116,         4
5EC,2018/01/19 15:41:00, 50, 2.5567937, 49,       128, 44,        65, 45,       121, 56, 18.334488, 64, 34.799194, 67, 710.83447, 72, 479.51447, 77, 35.968750, 83,         0,110,         1,116,         4
5EC,2018/01/19 15:42:00, 50, 2.8768258, 49,       128, 44,        65, 45,       121, 56, 18.334488, 64, 34.802246, 67, 710.83447, 72, 479.55731, 77, 36.000000, 83,         0,110,         1,116,         4
5EC,2018/01/19 15:43:00, 50, 2.6026316, 49,       128, 44,        65, 45,       121, 56, 18.334488, 64, 34.793091, 67, 710.83447, 72, 479.56189, 77, 36.000000, 83,         0,110,         1,116,         4
5FC,2018/01/19 15:44:00, 50, 3.1446657, 49,       128, 44,        65, 45,       121, 56, 18.334488, 64, 34.790039, 67, 710.83447, 72, 479.55457, 77, 35.968750, 83,         0,110,         1,116,         4
51C,2018/01/19 15:45:00, 50, 3.7585654, 49,       128, 44,        65, 45,       121, 56, 18.334488, 64, 34.790039, 67, 710.83447, 72, 479.60455, 77, 35.968750, 83,         0,110,         1,116,         4
44C,2018/01/19 15:46:00, 50, 0.0000000, 49,         4, 44,        21, 45,         0, 56, 18.334488, 64, 29.376221, 67, 710.83447, 72, 471.10077, 77, 35.937500, 83,     33025,110,        29,116,         4
48C,2018/01/19 15:47:00, 50, 0.0000000, 49,         4, 44,        65, 45,         0, 56, 18.334488, 64, 34.616089, 67, 710.83447, 72, 470.31519, 77, 35.968750, 83,     33025,110,        29,116,         4
45C,2018/01/19 15:48:00, 50, 0.0000000, 49,         4, 44,        65, 45,         0, 56, 18.334488, 64, 34.811401, 67, 710.83447, 72, 470.28369, 77, 36.000000, 83,     33025,110,        29,116,         4
4CC,2018/01/19 15:49:00, 50, 0.0000000, 49,         4, 44,        65, 45,         0, 56, 18.334488, 64, 34.854126, 67, 710.83447, 72, 470.16901, 77, 36.000000, 83,     33025,110,        29,116,         4
42C,2018/01/19 15:50:00, 50, 0.0000000, 49,         4, 44,        65, 45,         0, 56, 18.334488, 64, 34.933472, 67, 710.83447, 72, 470.22668, 77, 36.031250, 83,     33025,110,        29,116,         4
48C,2018/01/19 15:51:00, 50, 0.0000000, 49,         4, 44,        65, 45,         0, 56, 18.334488, 64, 34.985352, 67, 710.83447, 72, 470.16693, 77, 36.031250, 83,     33025,110,        29,116,         4
41C,2018/01/19 15:52:00, 50, 0.0000000, 49,         4, 44,        65, 45,         0, 56, 18.334488, 64, 35.000610, 67, 710.83447, 72, 470.25891, 77, 36.031250, 83,     33025,110,        29,116,         4
49C,2018/01/19 15:53:00, 50, 0.0000000, 49,         4, 44,        65, 45,         0, 56, 18.334488, 64, 34.979248, 67, 710.83447, 72, 470.21460, 77, 36.031250, 83,     33025,110,        29,116,         4
41C,2018/01/19 15:54:00, 50, 0.0000000, 49,         4, 44,        65, 45,         0, 56, 18.334488, 64, 34.896851, 67, 710.83447, 72, 470.15094, 77, 36.000000, 83,     33025,110,        29,116,         4
4AC,2018/01/19 15:55:00, 50, 0.0000000, 49,         4, 44,        65, 45,         0, 56, 18.334488, 64, 34.796143, 67, 710.83447, 72, 470.16504, 77, 36.000000, 83,     33025,110,        29,116,         4
52C,2018/01/19 15:56:00, 50, 0.0000000, 49,        32, 44,        65, 45,       247, 56, 18.334488, 64, 34.783936, 67, 710.83447, 72, 470.19696, 77, 35.968750, 83,     33025,110,        29,116,         4
55C,2018/01/19 15:57:00, 50, 0.0000000, 49,        64, 44,        65, 45,       187, 56, 18.334488, 64, 34.902954, 67, 710.83447, 72, 470.19055, 77, 35.968750, 83,     33025,110,        29,116,         4
49C,2018/01/19 15:58:00, 50, 0.0000000, 49,       128, 44,        65, 45,       127, 56, 18.334488, 64, 35.012817, 67, 710.83447, 72, 470.20984, 77, 35.968750, 83,     33025,110,        29,116,         4
5DC,2018/01/19 15:59:00, 50, 0.0000000, 49,       128, 44,        65, 45,       126, 56, 18.334488, 64, 34.963989, 67, 710.83447, 72, 470.20142, 77, 35.968750, 83,         4,110,         6,116,         4
53C,2018/01/19 16:00:00, 50, 0.0000000, 49,       128, 44,        65, 45,       126, 56, 18.334488, 64, 34.793091, 67, 710.83447, 72, 470.20142, 77, 35.968750, 83,         4,110,         6,116,         4
57C,2018/01/19 16:01:00, 50, 0.0000000, 49,       128, 44,        65, 45,       126, 56, 18.334488, 64, 34.811401, 67, 710.83447, 72, 470.20142, 77, 35.937500, 83,         4,110,         6,116,         4
54C,2018/01/19 16:02:00, 50, 0.0000000, 49,       128, 44,        65, 45,       126, 56, 18.334488, 64, 34.957886, 67, 710.83447, 72, 470.20142, 77, 35.937500, 83,         4,110,         6,116,         4
5FC,2018/01/19 16:03:00, 50, 0.0000000, 49,       128, 44,        65, 45,       126, 56, 18.334488, 64, 34.994507, 67, 710.83447, 72, 470.20142, 77, 35.906250, 83,         4,110,         7,116,         4
51C,2018/01/19 16:04:00, 50, 0.0000000, 49,       128, 44,        65, 45,       126, 56, 18.334488, 64, 34.814453, 67, 710.83447, 72, 470.20142, 77, 35.906250, 83,         4,110,         7,116,         4
53C,2018/01/19 16:05:00, 50, 0.0000000, 49,       128, 44,        65, 45,       126, 56, 18.334488, 64, 34.817505, 67, 710.83447, 72, 470.20142, 77, 35.875000, 83,         4,110,         7,116,         4
5FC,2018/01/19 16:06:00, 50, 0.0000000, 49,       128, 44,        65, 45,       126, 56, 18.334488, 64, 35.000610, 67, 710.83447, 72, 470.20142, 77, 35.843750, 83,         4,110,         7,116,         4
5AC,2018/01/19 16:07:00, 50, 0.0000000, 49,       128, 44,        65, 45,       126, 56, 18.334488, 64, 34.912109, 67, 710.83447, 72, 470.20142, 77, 35.843750, 83,         4,110,         7,116,         4
5AC,2018/01/19 16:08:00, 50, 0.0000000, 49,       128, 44,        65, 45,       126, 56, 18.334488, 64, 34.777832, 67, 710.83447, 72, 470.20142, 77, 35.843750, 83,         0,110,         0,116,         4
52C,2018/01/19 16:09:00, 50, 0.0000000, 49,       128, 44,        65, 45,       126, 56, 18.334488, 64, 34.963989, 67, 710.83447, 72, 470.20142, 77, 35.812500, 83,         0,110,         0,116,         4
5FC,2018/01/19 16:10:00, 50, 0.0000000, 49,       128, 44,        65, 45,       126, 56, 18.334488, 64, 34.948730, 67, 710.83447, 72, 470.20142, 77, 35.812500, 83,         0,110,         0,116,         4
51C,2018/01/19 16:11:00, 50, 1.7975729, 49,       128, 44,        65, 45,       126, 56, 18.334488, 64, 34.774780, 67, 710.83447, 72, 479.08441, 77, 35.812500, 83,         0,110,         1,116,         4
51C,2018/01/19 16:12:00, 50, 0.3550205, 49,       128, 44,        65, 45,       126, 56, 18.334488, 64, 34.777832, 67, 710.83447, 72, 479.35480, 77, 35.812500, 83,         0,110,         1,116,         4
5BC,2018/01/19 16:13:00, 50, 2.7569680, 49,       128, 44,        65, 45,       126, 56, 18.334488, 64, 34.967041, 67, 710.83447, 72, 479.43896, 77, 35.781250, 83,         0,110,         1,116,         4
50C,2018/01/19 16:14:00, 50, 1.3659596, 49,       128, 44,        65, 45,       126, 56, 18.334488, 64, 34.893799, 67, 710.83447, 72, 479.41339, 77, 35.750000, 83,         0,110,         1,116,         4
5CC,2018/01/19 16:15:00, 50, 0.2091731, 49,       128, 44,        65, 45,       126, 56, 18.334488, 64, 34.820557, 67, 710.83447, 72, 479.36188, 77, 35.750000, 83,         0,110,         1,116,         4
52C,2018/01/19 16:16:00, 50,-0.8201368, 49,       128, 44,        65, 45,       126, 56, 18.334488, 64, 35.006714, 67, 710.83447, 72, 479.30402, 77, 35.750000, 83,         0,110,         1,116,         4
5CC,2018/01/19 16:17:00, 50,-2.2961926, 49,       128, 44,        65, 45,       126, 56, 18.334488, 64, 34.777832, 67, 710.83447, 72, 479.33813, 77, 35.718750, 83,         0,110,         1,116,         4
5FC,2018/01/19 16:18:00, 50,-1.2209039, 49,       128, 44,        65, 45,       126, 56, 18.334488, 64, 34.982300, 67, 710.83447, 72, 479.38507, 77, 35.687500, 83,         0,110,         1,116,         4
5EC,2018/01/19 16:19:00, 50,-0.1585648, 49,       128, 44,        65, 45,       126, 56, 18.334488, 64, 34.832764, 67, 710.83447, 72, 479.40094, 77, 35.625000, 83,         0,110,         1,116,         4
5DC,2018/01/19 16:20:00, 50, 0.5637572, 49,       128, 44,        65, 45,       126, 56, 18.334488, 64, 34.927368, 67, 710.83447, 72, 479.32849, 77, 35.625000, 83,         0,110,         1,116,         4
56C,2018/01/19 16:21:00, 50, 0.6059246, 49,       128, 44,        65, 45,       126, 56, 18.334488, 64, 34.881592, 67, 710.83447, 72, 479.34723, 77, 35.593750, 83,         0,110,         1,116,         4
5EC,2018/01/19 16:22:00, 50, 1.2277877, 49,       128, 44,        65, 45,       126, 56, 18.334488, 64, 34.893799, 67, 710.83447, 72, 479.24353, 77, 35.593750, 83,         0,110,         1,116,         4
5FC,2018/01/19 16:23:00, 50, 1.0999200, 49,       128, 44,        65, 45,       126, 56, 18.334488, 64, 34.936523, 67, 710.83447, 72, 479.19849, 77, 35.593750, 83,         0,110,         1,116,         4
51C,2018/01/19 16:24:00, 50, 0.9793003, 49,       128, 44,        65, 45,       126, 56, 18.334488, 64, 34.854126, 67, 710.83447, 72, 479.23212, 77, 35.531250, 83,         0,110,         1,116,         4
53C,2018/01/19 16:25:00, 50, 0.7959595, 49,       128, 44,        65, 45,       126, 56, 18.334488, 64, 34.951782, 67, 710.83447, 72, 479.30127, 77, 35.562500, 83,         0,110,         1,116,         4
58C,2018/01/19 16:26:00, 50,-0.0590265, 49,       128, 44,        65, 45,       126, 56, 18.334488, 64, 34.829712, 67, 710.83447, 72, 479.33636, 77, 35.562500, 83,         0,110,         1,116,         4
5BC,2018/01/19 16:27:00, 50, 0.3937382, 49,       128, 44,        65, 45,       126, 56, 18.334488, 64, 34.985352, 67, 710.83447, 72, 479.41278, 77, 35.593750, 83,         0,110,         1,116,         4
59C,2018/01/19 16:28:00, 50, 0.7813163, 49,       128, 44,        65, 45,       126, 56, 18.334488, 64, 34.783936, 67, 710.83447, 72, 479.46423, 77, 35.625000, 83,         0,110,         1,116,         4
5AC,2018/01/19 16:29:00, 50, 1.0084176, 49,       128, 44,        65, 45,       126, 56, 18.334488, 64, 35.018921, 67, 710.83447, 72, 479.54828, 77, 35.625000, 83,         0,110,         1,116,         4
54C,2018/01/19 16:30:00, 50, 1.2722828, 49,       128, 44,        65, 45,       126, 56, 18.334488, 64, 34.820557, 67, 710.83447, 72, 479.60956, 77, 35.687500, 83,         0,110,         1,116,         4
5BC,2018/01/19 16:31:00, 50, 0.9183896, 49,       128, 44,        65, 45,       126, 56, 18.334488, 64, 34.915161, 67, 710.83447, 72, 479.61395, 77, 35.656250, 83,         0,110,         1,116,         4
5AC,2018/01/19 16:32:00, 50, 0.6228356, 49,       128, 44,        65, 45,       126, 56, 18.334488, 64, 34.954834, 67, 710.83447, 72, 479.57330, 77, 35.687500, 83,         0,110,         1,116,         4
5CC,2018/01/19 16:33:00, 50, 0.1629964, 49,       128, 44,        65, 45,       126, 56, 18.334488, 64, 34.777832, 67, 710.83447, 72, 479.67224, 77, 35.718750, 83,         0,110,         1,116,         4
5EC,2018/01/19 16:34:00, 50, 0.3368735, 49,       128, 44,        65, 45,       126, 56, 18.334488, 64, 34.982300, 67, 710.83447, 72, 479.52991, 77, 35.718750, 83,         0,110,         1,116,         4
5DC,2018/01/19 16:35:00, 50, 0.3949841, 49,       128, 44,        65, 45,       126, 56, 18.334488, 64, 34.915161, 67, 710.83447, 72, 479.57336, 77, 35.750000, 83,         0,110,         1,116,         4
5AC,2018/01/19 16:36:00, 50, 0.4597068, 49,       128, 44,        65, 45,       126, 56, 18.334488, 64, 34.780884, 67, 710.83447, 72, 479.54468, 77, 35.750000, 83,         0,110,         1,116,         4
55C,2018/01/19 16:37:00, 50, 0.9858485, 49,       128, 44,        65, 45,       126, 56, 18.334488, 64, 34.985352, 67, 710.83447, 72, 479.61926, 77, 35.750000, 83,         0,110,         1,116,         4
5AC,2018/01/19 16:38:00, 50, 0.8262308, 49,       128, 44,        65, 45,       126, 56, 18.334488, 64, 34.942627, 67, 710.83447, 72, 479.65656, 77, 35.750000, 83,         0,110,         1,116,         4
5DC,2018/01/19 16:39:00, 50, 0.6708274, 49,       128, 44,        65, 45,       126, 56, 18.334488, 64, 34.777832, 67, 710.83447, 72, 479.63684, 77, 35.750000, 83,         0,110,         1,116,         4
5BC,2018/01/19 16:40:00, 50, 0.3826498, 49,       128, 44,        65, 45,       126, 56, 18.334488, 64, 34.899902, 67, 710.83447, 72, 479.57141, 77, 35.718750, 83,         0,110,         1,116,         4
5DC,2018/01/19 16:41:00, 50, 0.3175387, 49,       128, 44,        65, 45,       126, 56, 18.334488, 64, 34.777832, 67, 710.83447, 72, 479.42651, 77, 35.750000, 83,         0,110,         1,116,         4
5CC,2018/01/19 16:42:00, 50, 0.9309422, 49,       128, 44,        65, 45,       126, 56, 18.334488, 64, 34.906006, 67, 710.83447, 72, 479.53992, 77, 35.718750, 83,         0,110,         1,116,         4
5AC,2018/01/19 16:43:00, 50, 0.9058503, 49,       128, 44,        65, 45,       126, 56, 18.334488, 64, 35.015869, 67, 710.83447, 72, 479.57111, 77, 35.750000, 83,         0,110,         1,116,         4
5AC,2018/01/19 16:44:00, 50, 0.9245900, 49,       128, 44,        65, 45,       126, 56, 18.334488, 64, 34.902954, 67, 710.83447, 72, 479.57629, 77, 35.781250, 83,         0,110,         1,116,         4
5EC,2018/01/19 16:45:00, 50, 1.4788420, 49,       128, 44,        65, 45,       126, 56, 18.334488, 64, 34.780884, 67, 710.83447, 72, 479.65363, 77, 35.781250, 83,         0,110,         1,116,         4
54C,2018/01/19 16:46:00, 50, 1.6009746, 49,       128, 44,        65, 45,       126, 56, 18.334488, 64, 34.829712, 67, 710.83447, 72, 479.73083, 77, 35.781250, 83,         0,110,         1,116,         4
53C,2018/01/19 16:47:00, 50, 2.0218611, 49,       128, 44,        65, 45,       126, 56, 18.334488, 64, 34.967041, 67, 710.83447, 72, 479.72382, 77, 35.750000, 83,         0,110,         1,116,         4
53C,2018/01/19 16:48:00, 50, 2.5497823, 49,       128, 44,        65, 45,       126, 56, 18.334488, 64, 35.012817, 67, 710.83447, 72, 479.65411, 77, 35.718750, 83,         0,110,         1,116,         4
53C,2018/01/19 16:49:00, 50, 2.2630768, 49,       128, 44,        65, 45,       126, 56, 18.334488, 64, 34.924316, 67, 710.83447, 72, 479.59216, 77, 35.687500, 83,         0,110,         1,116,         4
5BC,2018/01/19 16:50:00, 50, 1.9577782, 49,       128, 44,        65, 45,       126, 56, 18.334488, 64, 34.808350, 67, 710.83447, 72, 479.53021, 77, 35.625000, 83,         0,110,         1,116,         4
5CC,2018/01/19 16:51:00, 50, 1.7415385, 49,       128, 44,        65, 45,       126, 56, 18.334488, 64, 34.777832, 67, 710.83447, 72, 479.52100, 77, 35.562500, 83,         0,110,         1,116,         4
59C,2018/01/19 16:52:00, 50, 1.9090075, 49,       128, 44,        65, 45,       126, 56, 18.334488, 64, 34.844971, 67, 710.83447, 72, 479.43567, 77, 35.500000, 83,         0,110,         1,116,         4
5AC,2018/01/19 16:53:00, 50, 1.1541340, 49,       128, 44,        65, 45,       126, 56, 18.334488, 64, 34.939575, 67, 710.83447, 72, 479.42462, 77, 35.437500, 83,         0,110,         1,116,         4
57C,2018/01/19 16:54:00, 50, 0.9788879, 49,       128, 44,        65, 45,       126, 56, 18.334488, 64, 35.003662, 67, 710.83447, 72, 479.46881, 77, 35.375000, 83,         0,110,         1,116,         4
5EC,2018/01/19 16:55:00, 50, 0.6355160, 49,       128, 44,        65, 45,       126, 56, 18.334488, 64, 35.015869, 67, 710.83447, 72, 479.45050, 77, 35.343750, 83,         0,110,         1,116,         4
5BC,2018/01/19 16:56:00, 50, 0.6630318, 49,       128, 44,        65, 45,       126, 56, 18.334488, 64, 35.000610, 67, 710.83447, 72, 479.44403, 77, 35.281250, 83,         0,110,         1,116,         4
5BC,2018/01/19 16:57:00, 50, 0.2497228, 49,       128, 44,        65, 45,       126, 56, 18.334488, 64, 34.954834, 67, 710.83447, 72, 479.39618, 77, 35.250000, 83,         0,110,         1,116,         4
51C,2018/01/19 16:58:00, 50,-0.0696792, 49,       128, 44,        65, 45,       126, 56, 18.334488, 64, 34.902954, 67, 710.83447, 72, 479.42657, 77, 35.218750, 83,         0,110,         1,116,         4
5EC,2018/01/19 16:59:00, 50,-0.3795542, 49,       128, 44,        65, 45,       126, 56, 18.334488, 64, 34.863281, 67, 710.83447, 72, 479.35461, 77, 35.187500, 83,         0,110,         1,116,         4
5FC,2018/01/19 17:00:00, 50,-0.5719097, 49,       128, 44,        65, 45,       126, 56, 18.334488, 64, 34.835815, 67, 710.83447, 72, 479.38898, 77, 35.187500, 83,         0,110,         1,116,         4
5FC,2018/01/19 17:01:00, 50,-0.7235700, 49,       128, 44,        65, 45,       126, 56, 18.334488, 64, 34.826660, 67, 710.83447, 72, 479.35577, 77, 35.156250, 83,         0,110,         1,116,         4
55C,2018/01/19 17:02:00, 50,-0.5941340, 49,       128, 44,        65, 45,       126, 56, 18.334488, 64, 34.939575, 67, 710.83447, 72, 479.43359, 77, 35.156250, 83,         0,110,         1,116,         4
53C,2018/01/19 17:03:00, 50,-0.3723752, 49,       128, 44,        65, 45,       126, 56, 18.334488, 64, 34.930420, 67, 710.83447, 72, 479.43945, 77, 35.125000, 83,         0,110,         1,116,         4
50C,2018/01/19 17:04:00, 50, 0.4201401, 49,       128, 44,        65, 45,       126, 56, 18.334488, 64, 34.906006, 67, 710.83447, 72, 479.38818, 77, 35.093750, 83,         0,110,         1,116,         4
51C,2018/01/19 17:05:00, 50, 1.2294049, 49,       128, 44,        65, 45,       126, 56, 18.334488, 64, 34.887695, 67, 710.83447, 72, 479.37994, 77, 35.031250, 83,         0,110,         1,116,         4
58C,2018/01/19 17:06:00, 50, 1.2037539, 49,       128, 44,        65, 45,       126, 56, 18.334488, 64, 34.866333, 67, 710.83447, 72, 479.36566, 77, 35.000000, 83,         0,110,         1,116,         4
5EC,2018/01/19 17:07:00, 50, 0.8191497, 49,       128, 44,        65, 45,       126, 56, 18.334488, 64, 34.857178, 67, 710.83447, 72, 479.29584, 77, 34.937500, 83,         0,110,         1,116,         4
58C,2018/01/19 17:08:00, 50, 0.4134544, 49,       128, 44,        65, 45,       126, 56, 18.334488, 64, 34.823608, 67, 710.83447, 72, 479.24347, 77, 34.875000, 83,         0,110,         1,116,         4
