4DC,2016/03/08 00:00:01, 50, 809.57593, 13,       254, 49,        32, 56, 1.0037853, 72, 507.55450, 73, 516.82495, 77, 38.000000, 79, 1.2104707, 83,         0,110,         1,116,         4, 84, 3.7074280
43C,2016/03/08 00:01:00, 50, 3055.2656, 13,       254, 49,        16, 56, 1.0037853, 72, 507.57233, 73, 516.79572, 77, 38.000000, 79, 1.2153320, 83,         0,110,         1,116,         4, 84, 3.7031555
42C,2016/03/08 00:02:00, 50, 1939.9404, 13,       254, 49,        16, 56, 1.0037853, 72, 507.55682, 73, 516.82495, 77, 38.031250, 79, 1.2153320, 83,         0,110,         1,116,         4, 84, 3.7011719
44C,2016/03/08 00:03:00, 50, 825.84631, 13,       254, 49,        16, 56, 1.0037853, 72, 507.49866, 73, 516.76648, 77, 38.000000, 79, 1.2153320, 83,         0,110,         1,116,         4, 84, 3.6987305
4EC,2016/03/08 00:04:00, 50, 2060.7324, 13,       254, 49,        16, 56, 1.0037853, 72, 507.50250, 73, 516.79572, 77, 38.000000, 79, 1.2201934, 83,         0,110,         1,116,         4, 84, 3.7025452
49C,2016/03/08 00:05:00, 50, 1327.3474, 13,       254, 49,        16, 56, 1.0037853, 72, 507.52216, 73, 516.82495, 77, 38.031250, 79, 1.2056093, 83,         0,110,         1,116,         4, 84, 3.7016296
49C,2016/03/08 00:06:00, 50, 1439.4497, 13,       254, 49,        16, 56, 1.0037853, 72, 507.51294, 73, 516.82495, 77, 38.031250, 79, 1.2201934, 83,         0,110,         1,116,         4, 84, 3.7034607
41C,2016/03/08 00:07:00, 50, 1355.6746, 13,       254, 49,        32, 56, 1.0037853, 72, 507.57361, 73, 516.85419, 77, 38.062500, 79, 1.2104707, 83,         0,110,         1,116,         4, 84, 3.7048340
45C,2016/03/08 00:08:00, 50, 1485.2529, 13,       254, 49,        16, 56, 1.0037853, 72, 507.52728, 73, 516.85419, 77, 38.062500, 79, 1.2104707, 83,         0,110,         1,116,         4, 84, 3.7008667
41C,2016/03/08 00:09:00, 50, 1925.9358, 13,       254, 49,        32, 56, 1.0037853, 72, 507.56500, 73, 516.91266, 77, 38.093750, 79, 1.2201934, 83,         0,110,         1,116,         4, 84, 3.7034607
49C,2016/03/08 00:10:00, 50,-88.013641, 13,       254, 49,        32, 56, 1.0037853, 72, 507.58704, 73, 516.85419, 77, 38.093750, 79, 1.2056093, 83,         0,110,         1,116,         4, 84, 3.6996460
4EC,2016/03/08 00:11:00, 50, 1894.2268, 13,       254, 49,        32, 56, 1.0037853, 72, 507.55389, 73, 516.91266, 77, 38.093750, 79, 1.2201934, 83,         0,110,         1,116,         4, 84, 3.7039185
48C,2016/03/08 00:12:00, 50, 405.23456, 13,       254, 49,        32, 56, 1.0037853, 72, 507.56586, 73, 516.85419, 77, 38.062500, 79, 1.2250546, 83,         0,110,         1,116,         4, 84, 3.6978149
4DC,2016/03/08 00:13:00, 50, 3247.3750, 13,       254, 49,        16, 56, 1.0037853, 72, 507.61005, 73, 516.82495, 77, 38.062500, 79, 1.2153320, 83,         0,110,         1,116,         4, 84, 3.7040710
4BC,2016/03/08 00:14:00, 50, 1192.4561, 13,       254, 49,        32, 56, 1.0037853, 72, 507.51361, 73, 516.88342, 77, 38.062500, 79, 1.2201934, 83,         0,110,         1,116,         4, 84, 3.7004089
4CC,2016/03/08 00:15:00, 50, 1579.8425, 13,       254, 49,        32, 56, 1.0037853, 72, 507.55731, 73, 516.85419, 77, 38.125000, 79, 1.2153320, 83,         0,110,         1,116,         4, 84, 3.6991882
41C,2016/03/08 00:16:00, 50, 882.30371, 13,       254, 49,        32, 56, 1.0037853, 72, 507.54376, 73, 516.85419, 77, 38.093750, 79, 1.2104707, 83,         0,110,         1,116,         4, 84, 3.6991882
4FC,2016/03/08 00:17:00, 50, 482.31427, 13,       254, 49,        32, 56, 1.0037853, 72, 507.55072, 73, 516.88342, 77, 38.125000, 79, 1.2201934, 83,         0,110,         1,116,         4, 84, 3.6982727
4AC,2016/03/08 00:18:00, 50, 435.01117, 13,       254, 49,        32, 56, 1.0037853, 72, 507.54059, 73, 516.85419, 77, 38.125000, 79, 1.2153320, 83,         0,110,         1,116,         4, 84, 3.6952209
45C,2016/03/08 00:19:00, 50, 264.06061, 13,       254, 49,        32, 56, 1.0037853, 72, 507.53931, 73, 516.88342, 77, 38.093750, 79, 1.2250546, 83,         0,110,         1,116,         4, 84, 3.6967468
4DC,2016/03/08 00:20:00, 50, 1503.4846, 13,       254, 49,        32, 56, 1.0037853, 72, 507.54211, 73, 516.88342, 77, 38.125000, 79, 1.2104707, 83,         0,110,         1,116,         4, 84, 3.6985779
4EC,2016/03/08 00:21:00, 50, 1044.6289, 13,       254, 49,        16, 56, 1.0037853, 72, 507.51447, 73, 516.85419, 77, 38.156250, 79, 1.2153320, 83,         0,110,         1,116,         4, 84, 3.6997986
49C,2016/03/08 00:22:00, 50, 1903.9451, 13,       254, 49,        16, 56, 1.0037853, 72, 507.49994, 73, 516.79572, 77, 38.187500, 79, 1.2153320, 83,         0,110,         1,116,         4, 84, 3.6964417
44C,2016/03/08 00:23:00, 50,-11.369734, 13,       254, 49,        32, 56, 1.0037853, 72, 507.55518, 73, 516.85419, 77, 38.187500, 79, 1.2153320, 83,         0,110,         1,116,         4, 84, 3.6975098
41C,2016/03/08 00:24:00, 50,-94.326904, 13,       254, 49,        32, 56, 1.0037853, 72, 507.55396, 73, 516.91266, 77, 38.156250, 79, 1.2153320, 83,         0,110,         1,116,         4, 84, 3.6950684
4DC,2016/03/08 00:25:00, 50, 2061.7383, 13,       254, 49,        32, 56, 1.0037853, 72, 507.56171, 73, 516.94196, 77, 38.156250, 79, 1.2201934, 83,         0,110,         1,116,         4, 84, 3.6982727
4AC,2016/03/08 00:26:00, 50, 320.75354, 13,       254, 49,        32, 56, 1.0037853, 72, 507.54834, 73, 516.88342, 77, 38.187500, 79, 1.2153320, 83,         0,110,         1,116,         4, 84, 3.6959839
4AC,2016/03/08 00:27:00, 50, 772.58191, 13,       254, 49,        32, 56, 1.0037853, 72, 507.52502, 73, 516.88342, 77, 38.187500, 79, 1.2201934, 83,         0,110,         1,116,         4, 84, 3.6944580
4FC,2016/03/08 00:28:00, 50, 808.53784, 13,       254, 49,        32, 56, 1.0037853, 72, 507.53033, 73, 516.91266, 77, 38.187500, 79, 1.2153320, 83,         0,110,         1,116,         4, 84, 3.6927795
4AC,2016/03/08 00:29:00, 50, 1490.7820, 13,       254, 49,        32, 56, 1.0037853, 72, 507.49103, 73, 516.85419, 77, 38.187500, 79, 1.2201934, 83,         0,110,         1,116,         4, 84, 3.6950684
44C,2016/03/08 00:30:00, 50, 1173.9082, 13,       254, 49,        16, 56, 1.0037853, 72, 507.47833, 73, 516.82495, 77, 38.187500, 79, 1.2153320, 83,         0,110,         1,116,         4, 84, 3.6955261
48C,2016/03/08 00:31:00, 50, 1689.1028, 13,       254, 49,        32, 56, 1.0037853, 72, 507.47986, 73, 516.88342, 77, 38.187500, 79, 1.2153320, 83,         0,110,         1,116,         4, 84, 3.6958313
44C,2016/03/08 00:32:00, 50, 1517.7476, 13,       254, 49,        32, 56, 1.0037853, 72, 507.51007, 73, 516.88342, 77, 38.156250, 79, 1.2056093, 83,         0,110,         1,116,         4, 84, 3.6936951
49C,2016/03/08 00:33:00, 50, 357.94421, 13,       254, 49,        32, 56, 1.0037853, 72, 507.50067, 73, 516.88342, 77, 38.187500, 79, 1.2153320, 83,         0,110,         1,116,         4, 84, 3.6901855
47C,2016/03/08 00:34:00, 50, 1091.8562, 13,       254, 49,        32, 56, 1.0037853, 72, 507.46124, 73, 516.88342, 77, 38.218750, 79, 1.2201934, 83,         0,110,         1,116,         4, 84, 3.6920166
44C,2016/03/08 00:35:00, 50, 999.98999, 13,       254, 49,        32, 56, 1.0037853, 72, 507.49963, 73, 516.88342, 77, 38.187500, 79, 1.2104707, 83,         0,110,         1,116,         4, 84, 3.6921692
49C,2016/03/08 00:36:00, 50,-222.66550, 13,       254, 49,        32, 56, 1.0037853, 72, 507.46625, 73, 516.85419, 77, 38.156250, 79, 1.2201934, 83,         0,110,         1,116,         4, 84, 3.6883545
48C,2016/03/08 00:37:00, 50,-530.65430, 13,       254, 49,        32, 56, 1.0037853, 72, 507.47717, 73, 516.88342, 77, 38.218750, 79, 1.2153320, 83,         0,110,         1,116,         4, 84, 3.6898804
45C,2016/03/08 00:38:00, 50, 2478.0605, 13,       254, 49,        32, 56, 1.0037853, 72, 507.43085, 73, 516.88342, 77, 38.187500, 79, 1.2153320, 83,         0,110,         1,116,         4, 84, 3.6924744
45C,2016/03/08 00:39:00, 50, 1097.0967, 13,       254, 49,        32, 56, 1.0037853, 72, 507.45691, 73, 516.85419, 77, 38.218750, 79, 1.2153320, 83,         0,110,         1,116,         4, 84, 3.6883545
48C,2016/03/08 00:40:00, 50,-332.73285, 13,       254, 49,        16, 56, 1.0037853, 72, 507.41803, 73, 516.82495, 77, 38.218750, 79, 1.2056093, 83,         0,110,         1,116,         4, 84, 3.6869812
49C,2016/03/08 00:41:00, 50, 230.82605, 13,       254, 49,        16, 56, 1.0037853, 72, 507.37787, 73, 516.79572, 77, 38.218750, 79, 1.2104707, 83,         0,110,         1,116,         4, 84, 3.6863708
42C,2016/03/08 00:42:00, 50, 1359.3997, 13,       254, 49,        16, 56, 1.0037853, 72, 507.37982, 73, 516.82495, 77, 38.187500, 79, 1.2153320, 83,         0,110,         1,116,         4, 84, 3.6880493
4AC,2016/03/08 00:43:00, 50, 1104.4338, 13,       254, 49,        16, 56, 1.0037853, 72, 507.39288, 73, 516.76648, 77, 38.187500, 79, 1.2153320, 83,         0,110,         1,116,         4, 84, 3.6885071
40C,2016/03/08 00:44:00, 50, 3082.1152, 13,       254, 49,        16, 56, 1.0037853, 72, 507.40771, 73, 516.82495, 77, 38.187500, 79, 1.2153320, 83,         0,110,         1,116,         4, 84, 3.6869812
49C,2016/03/08 00:45:00, 50, 1254.3633, 13,       254, 49,        16, 56, 1.0037853, 72, 507.38147, 73, 516.76648, 77, 38.187500, 79, 1.2153320, 83,         0,110,         1,116,         4, 84, 3.6836243
4FC,2016/03/08 00:46:00, 50,-23.898674, 13,       254, 49,        16, 56, 1.0037853, 72, 507.39624, 73, 516.79572, 77, 38.218750, 79, 1.2201934, 83,         0,110,         1,116,         4, 84, 3.6846924
43C,2016/03/08 00:47:00, 50, 1422.7092, 13,       254, 49,        32, 56, 1.0037853, 72, 507.40106, 73, 516.85419, 77, 38.218750, 79, 1.2104707, 83,         0,110,         1,116,         4, 84, 3.6857605
42C,2016/03/08 00:48:00, 50, 916.68506, 13,       254, 49,        32, 56, 1.0037853, 72, 507.39551, 73, 516.79572, 77, 38.218750, 79, 1.2153320, 83,         0,110,         1,116,         4, 84, 3.6857605
46C,2016/03/08 00:49:00, 50, 1676.7476, 13,       254, 49,        32, 56, 1.0037853, 72, 507.36230, 73, 516.85419, 77, 38.218750, 79, 1.2153320, 83,         0,110,         1,116,         4, 84, 3.6845398
4AC,2016/03/08 00:50:00, 50, 542.68933, 13,       254, 49,        32, 56, 1.0037853, 72, 507.36652, 73, 516.82495, 77, 38.187500, 79, 1.2153320, 83,         0,110,         1,116,         4, 84, 3.6865234
46C,2016/03/08 00:51:00, 50, 1969.4131, 13,       254, 49,        32, 56, 1.0037853, 72, 507.40656, 73, 516.79572, 77, 38.218750, 79, 1.2104707, 83,         0,110,         1,116,         4, 84, 3.6820984
4DC,2016/03/08 00:52:00, 50, 1353.5901, 13,       254, 49,        32, 56, 1.0037853, 72, 507.37830, 73, 516.76648, 77, 38.250000, 79, 1.2104707, 83,         0,110,         1,116,         4, 84, 3.6824036
44C,2016/03/08 00:53:00, 50, 2430.7637, 13,       254, 49,        32, 56, 1.0037853, 72, 507.39905, 73, 516.79572, 77, 38.218750, 79, 1.2153320, 83,         0,110,         1,116,         4, 84, 3.6824036
42C,2016/03/08 00:54:00, 50, 1345.2332, 13,       254, 49,        32, 56, 1.0037853, 72, 507.37024, 73, 516.79572, 77, 38.218750, 79, 1.2153320, 83,         0,110,         1,116,         4, 84, 3.6784363
4FC,2016/03/08 00:55:00, 50, 105.02431, 13,       254, 49,        32, 56, 1.0037853, 72, 507.34930, 73, 516.73724, 77, 38.250000, 79, 1.2201934, 83,         0,110,         1,116,         4, 84, 3.6785889
40C,2016/03/08 00:56:00, 50, 835.98108, 13,       254, 49,        32, 56, 1.0037853, 72, 507.35986, 73, 516.73724, 77, 38.281250, 79, 1.2104707, 83,         0,110,         1,116,         4, 84, 3.6778259
46C,2016/03/08 00:57:00, 50, 383.39758, 13,       254, 49,        32, 56, 1.0037853, 72, 507.36505, 73, 516.76648, 77, 38.250000, 79, 1.2153320, 83,         0,110,         1,116,         4, 84, 3.6784363
45C,2016/03/08 00:58:00, 50, 858.31494, 13,       254, 49,        32, 56, 1.0037853, 72, 507.33124, 73, 516.76648, 77, 38.250000, 79, 1.2104707, 83,         0,110,         1,116,         4, 84, 3.6761475
42C,2016/03/08 00:59:00, 50, 932.57080, 13,       254, 49,        32, 56, 1.0037853, 72, 507.33215, 73, 516.73724, 77, 38.312500, 79, 1.2153320, 83,         0,110,         1,116,         4, 84, 3.6756897
47C,2016/03/08 01:00:00, 50, 1616.6274, 13,       254, 49,        32, 56, 1.0037853, 72, 507.36401, 73, 516.76648, 77, 38.312500, 79, 1.2201934, 83,         0,110,         1,116,         4, 84, 3.6767578
45C,2016/03/08 01:01:00, 50, 467.40265, 13,       254, 49,        32, 56, 1.0037853, 72, 507.32208, 73, 516.73724, 77, 38.312500, 79, 1.2153320, 83,         0,110,         1,116,         4, 84, 3.6761475
40C,2016/03/08 01:02:00, 50, 381.77515, 13,       254, 49,        32, 56, 1.0037853, 72, 507.34113, 73, 516.70801, 77, 38.343750, 79, 1.2104707, 83,         0,110,         1,116,         4, 84, 3.6741638
4FC,2016/03/08 01:03:00, 50, 1480.4243, 13,       254, 49,        32, 56, 1.0037853, 72, 507.37238, 73, 516.76648, 77, 38.312500, 79, 1.2201934, 83,         0,110,         1,116,         4, 84, 3.6740112
4FC,2016/03/08 01:04:00, 50, 1368.3044, 13,       254, 49,        32, 56, 1.0037853, 72, 507.32764, 73, 516.79572, 77, 38.312500, 79, 1.2201934, 83,         0,110,         1,116,         4, 84, 3.6732483
44C,2016/03/08 01:05:00, 50, 811.75928, 13,       254, 49,        32, 56, 1.0037853, 72, 507.32190, 73, 516.76648, 77, 38.312500, 79, 1.2153320, 83,         0,110,         1,116,         4, 84, 3.6720276
44C,2016/03/08 01:06:00, 50, 1426.8860, 13,       254, 49,        32, 56, 1.0037853, 72, 507.33203, 73, 516.73724, 77, 38.343750, 79, 1.2201934, 83,         0,110,         1,116,         4, 84, 3.6711121
4CC,2016/03/08 01:07:00, 50, 486.90021, 13,       254, 49,        32, 56, 1.0037853, 72, 507.31683, 73, 516.76648, 77, 38.312500, 79, 1.2104707, 83,         0,110,         1,116,         4, 84, 3.6674500
42C,2016/03/08 01:08:00, 50, 1735.1709, 13,       254, 49,        32, 56, 1.0037853, 72, 507.28882, 73, 516.73724, 77, 38.312500, 79, 1.2153320, 83,         0,110,         1,116,         4, 84, 3.6692810
48C,2016/03/08 01:09:00, 50, 1589.9868, 13,       254, 49,        32, 56, 1.0037853, 72, 507.30554, 73, 516.73724, 77, 38.312500, 79, 1.2153320, 83,         0,110,         1,116,         4, 84, 3.6637878
46C,2016/03/08 01:10:00, 50, 542.22827, 13,       254, 49,        32, 56, 1.0037853, 72, 507.27704, 73, 516.76648, 77, 38.312500, 79, 1.2153320, 83,         0,110,         1,116,         4, 84, 3.6679077
4FC,2016/03/08 01:11:00, 50, 426.35590, 13,       254, 49,        32, 56, 1.0037853, 72, 507.27136, 73, 516.70801, 77, 38.343750, 79, 1.2104707, 83,         0,110,         1,116,         4, 84, 3.6695862
45C,2016/03/08 01:12:00, 50, 10183.715, 13,       254, 49,        16, 56, 1.0037853, 72, 507.29169, 73, 516.64954, 77, 38.312500, 79, 1.2104707, 83,         0,110,         1,116,         4, 84, 3.6671448
49C,2016/03/08 01:13:00, 50, 2221.3823, 13,       254, 49,        32, 56, 1.0037853, 72, 507.25488, 73, 516.70801, 77, 38.343750, 79, 1.2153320, 83,         0,110,         1,116,         4, 84, 3.6708069
42C,2016/03/08 01:14:00, 50, 863.09607, 13,       254, 49,        32, 56, 1.0037853, 72, 507.26099, 73, 516.70801, 77, 38.343750, 79, 1.2056093, 83,         0,110,         1,116,         4, 84, 3.6679077
44C,2016/03/08 01:15:00, 50, 1180.5940, 13,       254, 49,        32, 56, 1.0037853, 72, 507.24365, 73, 516.67877, 77, 38.343750, 79, 1.2153320, 83,         0,110,         1,116,         4, 84, 3.6691284
46C,2016/03/08 01:16:00, 50, 1336.5613, 13,       254, 49,        32, 56, 1.0037853, 72, 507.25494, 73, 516.67877, 77, 38.312500, 79, 1.2201934, 83,         0,110,         1,116,         4, 84, 3.6677551
46C,2016/03/08 01:17:00, 50, 1353.9758, 13,       254, 49,        16, 56, 1.0037853, 72, 507.20569, 73, 516.64954, 77, 38.375000, 79, 1.2201934, 83,         0,110,         1,116,         4, 84, 3.6676025
49C,2016/03/08 01:18:00, 50, 2622.0991, 13,       254, 49,        32, 56, 1.0037853, 72, 507.18237, 73, 516.67877, 77, 38.375000, 79, 1.2201934, 83,         0,110,         1,116,         4, 84, 3.6674500
47C,2016/03/08 01:19:00, 50, 1691.8530, 13,       254, 49,        16, 56, 1.0037853, 72, 507.18427, 73, 516.64954, 77, 38.375000, 79, 1.2201934, 83,         0,110,         1,116,         4, 84, 3.6672974
4DC,2016/03/08 01:20:00, 50, 1658.3665, 13,       254, 49,        16, 56, 1.0037853, 72, 507.15082, 73, 516.62024, 77, 38.375000, 79, 1.2104707, 83,         0,110,         1,116,         4, 84, 3.6647034
41C,2016/03/08 01:21:00, 50, 3103.1719, 13,       254, 49,        16, 56, 1.0037853, 72, 507.17981, 73, 516.64954, 77, 38.343750, 79, 1.2153320, 83,         0,110,         1,116,         4, 84, 3.6621094
4EC,2016/03/08 01:22:00, 50, 424.77429, 13,       254, 49,        16, 56, 1.0037853, 72, 507.15527, 73, 516.59100, 77, 38.375000, 79, 1.2153320, 83,         0,110,         1,116,         4, 84, 3.6654663
4DC,2016/03/08 01:23:00, 50,-761.75403, 13,       254, 49,        32, 56, 1.0037853, 72, 507.14349, 73, 516.62024, 77, 38.406250, 79, 1.2201934, 83,         0,110,         1,116,         4, 84, 3.6645508
4CC,2016/03/08 01:24:00, 50, 875.84192, 13,       254, 49,        32, 56, 1.0037853, 72, 507.20483, 73, 516.62024, 77, 38.406250, 79, 1.2104707, 83,         0,110,         1,116,         4, 84, 3.6636353
4DC,2016/03/08 01:25:00, 50, 1399.9841, 13,       254, 49,        32, 56, 1.0037853, 72, 507.21826, 73, 516.64954, 77, 38.375000, 79, 1.2153320, 83,         0,110,         1,116,         4, 84, 3.6631775
48C,2016/03/08 01:26:00, 50, 627.06738, 13,       254, 49,        32, 56, 1.0037853, 72, 507.20483, 73, 516.59100, 77, 38.375000, 79, 1.2153320, 83,         0,110,         1,116,         4, 84, 3.6605835
45C,2016/03/08 01:27:00, 50, 1380.9221, 13,       254, 49,        16, 56, 1.0037853, 72, 507.11011, 73, 516.56177, 77, 38.406250, 79, 1.2153320, 83,         0,110,         1,116,         4, 84, 3.6645508
4DC,2016/03/08 01:28:00, 50, 727.19592, 13,       254, 49,        32, 56, 1.0037853, 72, 507.11475, 73, 516.62024, 77, 38.406250, 79, 1.2104707, 83,         0,110,         1,116,         4, 84, 3.6621094
43C,2016/03/08 01:29:00, 50, 507.07886, 13,       254, 49,        32, 56, 1.0037853, 72, 507.15240, 73, 516.59100, 77, 38.375000, 79, 1.2153320, 83,         0,110,         1,116,         4, 84, 3.6634827
49C,2016/03/08 01:30:00, 50, 1490.5417, 13,       254, 49,        32, 56, 1.0037853, 72, 507.11871, 73, 516.59100, 77, 38.375000, 79, 1.2250546, 83,         0,110,         1,116,         4, 84, 3.6634827
4DC,2016/03/08 01:31:00, 50,-41.016708, 13,       254, 49,        32, 56, 1.0037853, 72, 507.09235, 73, 516.56177, 77, 38.437500, 79, 1.2201934, 83,         0,110,         1,116,         4, 84, 3.6601257
42C,2016/03/08 01:32:00, 50, 435.27136, 13,       254, 49,        32, 56, 1.0037853, 72, 507.12366, 73, 516.56177, 77, 38.406250, 79, 1.2201934, 83,         0,110,         1,116,         4, 84, 3.6582947
43C,2016/03/08 01:33:00, 50,-1732.6838, 13,       254, 49,        32, 56, 1.0037853, 72, 507.10449, 73, 516.50330, 77, 38.375000, 79, 1.2153320, 83,         0,110,         1,116,         4, 84, 3.6608887
48C,2016/03/08 01:34:00, 50, 1153.5183, 13,       254, 49,        32, 56, 1.0037853, 72, 507.10254, 73, 516.56177, 77, 38.437500, 79, 1.2201934, 83,         0,110,         1,116,         4, 84, 3.6570740
4CC,2016/03/08 01:35:00, 50, 1080.5476, 13,       254, 49,        32, 56, 1.0037853, 72, 507.08411, 73, 516.53253, 77, 38.437500, 79, 1.2153320, 83,         0,110,         1,116,         4, 84, 3.6589050
4AC,2016/03/08 01:36:00, 50,-1136.2908, 13,       254, 49,        32, 56, 1.0037853, 72, 507.11273, 73, 516.50330, 77, 38.406250, 79, 1.2201934, 83,         0,110,         1,116,         4, 84, 3.6563110
48C,2016/03/08 01:37:00, 50, 432.25659, 13,       254, 49,        32, 56, 1.0037853, 72, 507.09540, 73, 516.56177, 77, 38.406250, 79, 1.2201934, 83,         0,110,         1,116,         4, 84, 3.6584473
45C,2016/03/08 01:38:00, 50,-182.88785, 13,       254, 49,        32, 56, 1.0037853, 72, 507.12518, 73, 516.53253, 77, 38.406250, 79, 1.2104707, 83,         0,110,         1,116,         4, 84, 3.6563110
45C,2016/03/08 01:39:00, 50, 1022.8662, 13,       254, 49,        32, 56, 1.0037853, 72, 507.11890, 73, 516.56177, 77, 38.375000, 79, 1.2201934, 83,         0,110,         1,116,         4, 84, 3.6564636
4EC,2016/03/08 01:40:00, 50, 245.58978, 13,       254, 49,        32, 56, 1.0037853, 72, 507.07837, 73, 516.53253, 77, 38.375000, 79, 1.2104707, 83,         0,110,         1,116,         4, 84, 3.6566162
40C,2016/03/08 01:41:00, 50, 697.86096, 13,       254, 49,        32, 56, 1.0037853, 72, 507.10571, 73, 516.53253, 77, 38.406250, 79, 1.2153320, 83,         0,110,         1,116,         4, 84, 3.6557007
46C,2016/03/08 01:42:00, 50, 981.23914, 13,       254, 49,        32, 56, 1.0037853, 72, 507.09283, 73, 516.59100, 77, 38.375000, 79, 1.2104707, 83,         0,110,         1,116,         4, 84, 3.6534119
46C,2016/03/08 01:43:00, 50, 808.53345, 13,       254, 49,        32, 56, 1.0037853, 72, 507.09076, 73, 516.59100, 77, 38.375000, 79, 1.2153320, 83,         0,110,         1,116,         4, 84, 3.6514282
43C,2016/03/08 01:44:00, 50, 628.52417, 13,       254, 49,        32, 56, 1.0037853, 72, 507.08002, 73, 516.56177, 77, 38.437500, 79, 1.2153320, 83,         0,110,         1,116,         4, 84, 3.6529541
43C,2016/03/08 01:45:00, 50, 549.72559, 13,       254, 49,        32, 56, 1.0037853, 72, 507.10919, 73, 516.56177, 77, 38.406250, 79, 1.2153320, 83,         0,110,         1,116,         4, 84, 3.6474609
4BC,2016/03/08 01:46:00, 50, 319.51044, 13,       254, 49,        32, 56, 1.0037853, 72, 507.06921, 73, 516.59100, 77, 38.468750, 79, 1.2201934, 83,         0,110,         1,116,         4, 84, 3.6544800
46C,2016/03/08 01:47:00, 50, 494.45062, 13,       254, 49,        16, 56, 1.0037853, 72, 507.01117, 73, 516.47406, 77, 38.406250, 79, 1.2153320, 83,         0,110,         1,116,         4, 84, 3.6495972
46C,2016/03/08 01:48:00, 50,-1349.8481, 13,       254, 49,        32, 56, 1.0037853, 72, 507.00604, 73, 516.53253, 77, 38.406250, 79, 1.2153320, 83,         0,110,         1,116,         4, 84, 3.6503601
41C,2016/03/08 01:49:00, 50,-224.61414, 13,       254, 49,        32, 56, 1.0037853, 72, 507.05609, 73, 516.53253, 77, 38.468750, 79, 1.2201934, 83,         0,110,         1,116,         4, 84, 3.6488342
44C,2016/03/08 01:50:00, 50, 1736.9185, 13,       254, 49,        32, 56, 1.0037853, 72, 507.07178, 73, 516.53253, 77, 38.468750, 79, 1.2153320, 83,         0,110,         1,116,         4, 84, 3.6544800
4EC,2016/03/08 01:51:00, 50, 2594.6577, 13,       254, 49,        32, 56, 1.0037853, 72, 507.05316, 73, 516.56177, 77, 38.437500, 79, 1.2153320, 83,         0,110,         1,116,         4, 84, 3.6521912
49C,2016/03/08 01:52:00, 50, 191.48505, 13,       254, 49,        32, 56, 1.0037853, 72, 507.03229, 73, 516.53253, 77, 38.468750, 79, 1.2104707, 83,         0,110,         1,116,         4, 84, 3.6488342
41C,2016/03/08 01:53:00, 50, 1047.5552, 13,       254, 49,        32, 56, 1.0037853, 72, 507.03864, 73, 516.50330, 77, 38.437500, 79, 1.2104707, 83,         0,110,         1,116,         4, 84, 3.6488342
42C,2016/03/08 01:54:00, 50, 3.0814109, 13,       254, 49,        32, 56, 1.0037853, 72, 507.02722, 73, 516.50330, 77, 38.468750, 79, 1.2201934, 83,         0,110,         1,116,         4, 84, 3.6459351
4CC,2016/03/08 01:55:00, 50, 1102.1541, 13,       254, 49,        32, 56, 1.0037853, 72, 507.04309, 73, 516.53253, 77, 38.406250, 79, 1.2153320, 83,         0,110,         1,116,         4, 84, 3.6524963
44C,2016/03/08 01:56:00, 50, 1843.0596, 13,       254, 49,        32, 56, 1.0037853, 72, 507.03857, 73, 516.50330, 77, 38.468750, 79, 1.2153320, 83,         0,110,         1,116,         4, 84, 3.6509705
44C,2016/03/08 01:57:00, 50, 339.13647, 13,       254, 49,        32, 56, 1.0037853, 72, 507.03699, 73, 516.47406, 77, 38.468750, 79, 1.2201934, 83,         0,110,         1,116,         4, 84, 3.6482239
4EC,2016/03/08 01:58:00, 50, 1056.0845, 13,       254, 49,        32, 56, 1.0037853, 72, 507.03632, 73, 516.53253, 77, 38.437500, 79, 1.2153320, 83,         0,110,         1,116,         4, 84, 3.6465454
4DC,2016/03/08 01:59:00, 50,-148.87384, 13,       254, 49,        32, 56, 1.0037853, 72, 507.01343, 73, 516.47406, 77, 38.468750, 79, 1.2153320, 83,         0,110,         1,116,         4, 84, 3.6495972
45C,2016/03/08 02:00:00, 50, 1384.2339, 13,       254, 49,        32, 56, 1.0037853, 72, 507.00226, 73, 516.47406, 77, 38.468750, 79, 1.2153320, 83,         0,110,         1,116,         4, 84, 3.6477661
44C,2016/03/08 02:01:00, 50, 1148.9761, 13,       254, 49,        32, 56, 1.0037853, 72, 506.96417, 73, 516.50330, 77, 38.468750, 79, 1.2056093, 83,         0,110,         1,116,         4, 84, 3.6451721
4BC,2016/03/08 02:02:00, 50, 1220.9348, 13,       254, 49,        32, 56, 1.0037853, 72, 506.98480, 73, 516.47406, 77, 38.468750, 79, 1.2104707, 83,         0,110,         1,116,         4, 84, 3.6463928
42C,2016/03/08 02:03:00, 50, 646.56506, 13,       254, 49,        32, 56, 1.0037853, 72, 506.94629, 73, 516.44482, 77, 38.500000, 79, 1.2153320, 83,         0,110,         1,116,         4, 84, 3.6502075
48C,2016/03/08 02:04:00, 50, 158.40256, 13,       254, 49,        32, 56, 1.0037853, 72, 506.96417, 73, 516.44482, 77, 38.468750, 79, 1.2153320, 83,         0,110,         1,116,         4, 84, 3.6419678
41C,2016/03/08 02:05:00, 50, 2710.7539, 13,       254, 49,        32, 56, 1.0037853, 72, 506.95752, 73, 516.47406, 77, 38.468750, 79, 1.2104707, 83,         0,110,         1,116,         4, 84, 3.6427307
49C,2016/03/08 02:06:00, 50, 1435.4751, 13,       254, 49,        32, 56, 1.0037853, 72, 506.95483, 73, 516.47406, 77, 38.562500, 79, 1.2153320, 83,         0,110,         1,116,         4, 84, 3.6428833
49C,2016/03/08 02:07:00, 50, 120.52252, 13,       254, 49,        32, 56, 1.0037853, 72, 506.96210, 73, 516.44482, 77, 38.468750, 79, 1.2153320, 83,         0,110,         1,116,         4, 84, 3.6439514
4CC,2016/03/08 02:08:00, 50, 1027.2544, 13,       254, 49,        32, 56, 1.0037853, 72, 506.97363, 73, 516.47406, 77, 38.531250, 79, 1.2201934, 83,         0,110,         1,116,         4, 84, 3.6399841
42C,2016/03/08 02:09:00, 50, 2794.9551, 13,       254, 49,        16, 56, 1.0037853, 72, 506.92615, 73, 516.38635, 77, 38.500000, 79, 1.2153320, 83,         0,110,         1,116,         4, 84, 3.6421204
44C,2016/03/08 02:10:00, 50, 1539.0366, 13,       254, 49,        16, 56, 1.0037853, 72, 506.88153, 73, 516.41559, 77, 38.468750, 79, 1.2201934, 83,         0,110,         1,116,         4, 84, 3.6381531
47C,2016/03/08 02:11:00, 50,-331.67719, 13,       254, 49,        32, 56, 1.0037853, 72, 506.91376, 73, 516.44482, 77, 38.500000, 79, 1.2153320, 83,         0,110,         1,116,         4, 84, 3.6358643
49C,2016/03/08 02:12:00, 50,-182.77307, 13,       254, 49,        32, 56, 1.0037853, 72, 506.93402, 73, 516.47406, 77, 38.531250, 79, 1.2104707, 83,         0,110,         1,116,         4, 84, 3.6376953
44C,2016/03/08 02:13:00, 50,-906.95532, 13,       254, 49,        32, 56, 1.0037853, 72, 506.92792, 73, 516.41559, 77, 38.500000, 79, 1.2104707, 83,         0,110,         1,116,         4, 84, 3.6360168
4AC,2016/03/08 02:14:00, 50, 683.14099, 13,       254, 49,        16, 56, 1.0037853, 72, 506.87262, 73, 516.38635, 77, 38.468750, 79, 1.2056093, 83,         0,110,         1,116,         4, 84, 3.6358643
48C,2016/03/08 02:15:00, 50,-462.96600, 13,       254, 49,        32, 56, 1.0037853, 72, 506.88049, 73, 516.44482, 77, 38.500000, 79, 1.2153320, 83,         0,110,         1,116,         4, 84, 3.6340332
4BC,2016/03/08 02:16:00, 50,-696.11560, 13,       254, 49,        32, 56, 1.0037853, 72, 506.92297, 73, 516.38635, 77, 38.562500, 79, 1.2299160, 83,         0,110,         1,116,         4, 84, 3.6344910
40C,2016/03/08 02:17:00, 50,-540.23352, 13,       254, 49,        32, 56, 1.0037853, 72, 506.91180, 73, 516.38635, 77, 38.531250, 79, 1.2201934, 83,         0,110,         1,116,         4, 84, 3.6340332
4FC,2016/03/08 02:18:00, 50, 785.33594, 13,       254, 49,        32, 56, 1.0037853, 72, 506.92377, 73, 516.38635, 77, 38.531250, 79, 1.2104707, 83,         0,110,         1,116,         4, 84, 3.6328125
4DC,2016/03/08 02:19:00, 50, 1084.0723, 13,       254, 49,        32, 56, 1.0037853, 72, 506.86700, 73, 516.38635, 77, 38.531250, 79, 1.2153320, 83,         0,110,         1,116,         4, 84, 3.6309814
43C,2016/03/08 02:20:00, 50,-634.56873, 13,       254, 49,        32, 56, 1.0037853, 72, 506.86798, 73, 516.38635, 77, 38.562500, 79, 1.2104707, 83,         0,110,         1,116,         4, 84, 3.6297607
4CC,2016/03/08 02:21:00, 50, 802.42163, 13,       254, 49,        32, 56, 1.0037853, 72, 506.87976, 73, 516.38635, 77, 38.531250, 79, 1.2153320, 83,         0,110,         1,116,         4, 84, 3.6325073
43C,2016/03/08 02:22:00, 50, 2210.7773, 13,       254, 49,        32, 56, 1.0037853, 72, 506.83490, 73, 516.35712, 77, 38.531250, 79, 1.2104707, 83,         0,110,         1,116,         4, 84, 3.6329651
4CC,2016/03/08 02:23:00, 50, 2814.1016, 13,       254, 49,        32, 56, 1.0037853, 72, 506.84399, 73, 516.35712, 77, 38.562500, 79, 1.2201934, 83,         0,110,         1,116,         4, 84, 3.6297607
44C,2016/03/08 02:24:00, 50, 579.10913, 13,       254, 49,        32, 56, 1.0037853, 72, 506.83917, 73, 516.32782, 77, 38.593750, 79, 1.2250546, 83,         0,110,         1,116,         4, 84, 3.6343384
42C,2016/03/08 02:25:00, 50, 1650.5479, 13,       254, 49,        32, 56, 1.0037853, 72, 506.83563, 73, 516.35712, 77, 38.593750, 79, 1.2153320, 83,         0,110,         1,116,         4, 84, 3.6306763
41C,2016/03/08 02:26:00, 50, 1610.7681, 13,       254, 49,        32, 56, 1.0037853, 72, 506.83197, 73, 516.35712, 77, 38.593750, 79, 1.2201934, 83,         0,110,         1,116,         4, 84, 3.6322021
43C,2016/03/08 02:27:00, 50, 1148.6016, 13,       254, 49,        32, 56, 1.0037853, 72, 506.78107, 73, 516.29858, 77, 38.531250, 79, 1.2153320, 83,         0,110,         1,116,         4, 84, 3.6309814
45C,2016/03/08 02:28:00, 50, 1418.5403, 13,       254, 49,        16, 56, 1.0037853, 72, 506.81793, 73, 516.26935, 77, 38.531250, 79, 1.2153320, 83,         0,110,         1,116,         4, 84, 3.6241150
43C,2016/03/08 02:29:00, 50, 1209.4753, 13,       254, 49,        16, 56, 1.0037853, 72, 506.72577, 73, 516.26935, 77, 38.531250, 79, 1.2201934, 83,         0,110,         1,116,         4, 84, 3.6267090
4DC,2016/03/08 02:30:00, 50, 1380.3525, 13,       254, 49,        32, 56, 1.0037853, 72, 506.72961, 73, 516.32782, 77, 38.562500, 79, 1.2153320, 83,         0,110,         1,116,         4, 84, 3.6273193
4AC,2016/03/08 02:31:00, 50, 1167.5935, 13,       254, 49,        32, 56, 1.0037853, 72, 506.80908, 73, 516.32782, 77, 38.531250, 79, 1.2104707, 83,         0,110,         1,116,         4, 84, 3.6274719
4AC,2016/03/08 02:32:00, 50, 1525.9087, 13,       254, 49,        32, 56, 1.0037853, 72, 506.82764, 73, 516.35712, 77, 38.593750, 79, 1.2153320, 83,         0,110,         1,116,         4, 84, 3.6289978
4FC,2016/03/08 02:33:00, 50,-258.99054, 13,       254, 49,        32, 56, 1.0037853, 72, 506.80035, 73, 516.32782, 77, 38.593750, 79, 1.2201934, 83,         0,110,         1,116,         4, 84, 3.6260986
40C,2016/03/08 02:34:00, 50, 1630.8083, 13,       254, 49,        32, 56, 1.0037853, 72, 506.78162, 73, 516.32782, 77, 38.593750, 79, 1.2201934, 83,         0,110,         1,116,         4, 84, 3.6285400
4FC,2016/03/08 02:35:00, 50, 54.905075, 13,       254, 49,        32, 56, 1.0037853, 72, 506.80542, 73, 516.29858, 77, 38.593750, 79, 1.2153320, 83,         0,110,         1,116,         4, 84, 3.6253357
43C,2016/03/08 02:36:00, 50,-180.28650, 13,       254, 49,        32, 56, 1.0037853, 72, 506.77380, 73, 516.29858, 77, 38.593750, 79, 1.2201934, 83,         0,110,         1,116,         4, 84, 3.6280823
4DC,2016/03/08 02:37:00, 50, 865.84973, 13,       254, 49,        32, 56, 1.0037853, 72, 506.82025, 73, 516.32782, 77, 38.562500, 79, 1.2201934, 83,         0,110,         1,116,         4, 84, 3.6265564
44C,2016/03/08 02:38:00, 50, 946.47925, 13,       254, 49,        32, 56, 1.0037853, 72, 506.77966, 73, 516.32782, 77, 38.562500, 79, 1.2153320, 83,         0,110,         1,116,         4, 84, 3.6260986
4CC,2016/03/08 02:39:00, 50, 885.20776, 13,       254, 49,        32, 56, 1.0037853, 72, 506.79218, 73, 516.29858, 77, 38.593750, 79, 1.2201934, 83,         0,110,         1,116,         4, 84, 3.6250305
4AC,2016/03/08 02:40:00, 50, 320.94153, 13,       254, 49,        32, 56, 1.0037853, 72, 506.78381, 73, 516.32782, 77, 38.625000, 79, 1.2104707, 83,         0,110,         1,116,         4, 84, 3.6231995
45C,2016/03/08 02:41:00, 50, 263.04626, 13,       254, 49,        32, 56, 1.0037853, 72, 506.80139, 73, 516.32782, 77, 38.656250, 79, 1.2201934, 83,         0,110,         1,116,         4, 84, 3.6256409
40C,2016/03/08 02:42:00, 50, 436.32220, 13,       254, 49,        32, 56, 1.0037853, 72, 506.82568, 73, 516.32782, 77, 38.625000, 79, 1.2104707, 83,         0,110,         1,116,         4, 84, 3.6203003
4AC,2016/03/08 02:43:00, 50,-14.854631, 13,       254, 49,        32, 56, 1.0037853, 72, 506.79584, 73, 516.35712, 77, 38.625000, 79, 1.2153320, 83,         0,110,         1,116,         4, 84, 3.6236572
4AC,2016/03/08 02:44:00, 50, 1337.9590, 13,       254, 49,        32, 56, 1.0037853, 72, 506.78436, 73, 516.32782, 77, 38.625000, 79, 1.2104707, 83,         0,110,         1,116,         4, 84, 3.6244202
46C,2016/03/08 02:45:00, 50,-171.32260, 13,       254, 49,        16, 56, 1.0037853, 72, 506.74707, 73, 516.29858, 77, 38.625000, 79, 1.2153320, 83,         0,110,         1,116,         4, 84, 3.6192322
41C,2016/03/08 02:46:00, 50, 826.23840, 13,       254, 49,        16, 56, 1.0037853, 72, 506.72772, 73, 516.26935, 77, 38.656250, 79, 1.2104707, 83,         0,110,         1,116,         4, 84, 3.6175537
4EC,2016/03/08 02:47:00, 50, 579.23035, 13,       254, 49,        16, 56, 1.0037853, 72, 506.74359, 73, 516.24011, 77, 38.656250, 79, 1.2153320, 83,         0,110,         1,116,         4, 84, 3.6210632
4DC,2016/03/08 02:48:00, 50, 1021.3639, 13,       254, 49,        16, 56, 1.0037853, 72, 506.74640, 73, 516.26935, 77, 38.625000, 79, 1.2201934, 83,         0,110,         1,116,         4, 84, 3.6167908
42C,2016/03/08 02:49:00, 50, 1534.0896, 13,       254, 49,        16, 56, 1.0037853, 72, 506.67395, 73, 516.26935, 77, 38.687500, 79, 1.2153320, 83,         0,110,         1,116,         4, 84, 3.6193848
42C,2016/03/08 02:50:00, 50, 617.05762, 13,       254, 49,        16, 56, 1.0037853, 72, 506.71252, 73, 516.26935, 77, 38.687500, 79, 1.2104707, 83,         0,110,         1,116,         4, 84, 3.6126709
45C,2016/03/08 02:51:00, 50, 836.35388, 13,       254, 49,        16, 56, 1.0037853, 72, 506.73578, 73, 516.26935, 77, 38.593750, 79, 1.2104707, 83,         0,110,         1,116,         4, 84, 3.6137390
4AC,2016/03/08 02:52:00, 50, 1476.5410, 13,       254, 49,        16, 56, 1.0037853, 72, 506.73901, 73, 516.24011, 77, 38.656250, 79, 1.2201934, 83,         0,110,         1,116,         4, 84, 3.6149597
46C,2016/03/08 02:53:00, 50, 602.56689, 13,       254, 49,        32, 56, 1.0037853, 72, 506.77264, 73, 516.26935, 77, 38.625000, 79, 1.2153320, 83,         0,110,         1,116,         4, 84, 3.6119080
4FC,2016/03/08 02:54:00, 50, 3432.7974, 13,       254, 49,        16, 56, 1.0037853, 72, 506.70374, 73, 516.24011, 77, 38.718750, 79, 1.2201934, 83,         0,110,         1,116,         4, 84, 3.6131287
4BC,2016/03/08 02:55:00, 50, 1436.4277, 13,       254, 49,        16, 56, 1.0037853, 72, 506.70392, 73, 516.24011, 77, 38.625000, 79, 1.2201934, 83,         0,110,         1,116,         4, 84, 3.6117554
4AC,2016/03/08 02:56:00, 50, 270.54584, 13,       254, 49,        16, 56, 1.0037853, 72, 506.69397, 73, 516.24011, 77, 38.718750, 79, 1.2250546, 83,         0,110,         1,116,         4, 84, 3.6140442
4FC,2016/03/08 02:57:00, 50, 2551.1562, 13,       254, 49,        32, 56, 1.0037853, 72, 506.72675, 73, 516.29858, 77, 38.625000, 79, 1.2153320, 83,         0,110,         1,116,         4, 84, 3.6126709
4FC,2016/03/08 02:58:00, 50,-1104.1714, 13,       254, 49,        32, 56, 1.0037853, 72, 506.71869, 73, 516.29858, 77, 38.625000, 79, 1.2153320, 83,         0,110,         1,116,         4, 84, 3.6079407
48C,2016/03/08 02:59:00, 50, 529.68884, 13,       254, 49,        32, 56, 1.0037853, 72, 506.75378, 73, 516.26935, 77, 38.687500, 79, 1.2201934, 83,         0,110,         1,116,         4, 84, 3.6085510
4CC,2016/03/08 03:00:00, 50, 4.5898390, 13,       254, 49,        32, 56, 1.0037853, 72, 506.72711, 73, 516.29858, 77, 38.656250, 79, 1.2201934, 83,         0,110,         1,116,         4, 84, 3.6071777
4EC,2016/03/08 03:01:00, 50, 313.22205, 13,       254, 49,        32, 56, 1.0037853, 72, 506.73267, 73, 516.29858, 77, 38.687500, 79, 1.2201934, 83,         0,110,         1,116,         4, 84, 3.6045837
4BC,2016/03/08 03:02:00, 50,-95.292755, 13,       254, 49,        32, 56, 1.0037853, 72, 506.75006, 73, 516.24011, 77, 38.750000, 79, 1.2104707, 83,         0,110,         1,116,         4, 84, 3.6093140
4BC,2016/03/08 03:03:00, 50, 338.55585, 13,       254, 49,        32, 56, 1.0037853, 72, 506.72876, 73, 516.26935, 77, 38.687500, 79, 1.2153320, 83,         0,110,         1,116,         4, 84, 3.6100769
43C,2016/03/08 03:04:00, 50, 187.10556, 13,       254, 49,        32, 56, 1.0037853, 72, 506.73395, 73, 516.29858, 77, 38.750000, 79, 1.2153320, 83,         0,110,         1,116,         4, 84, 3.6067200
41C,2016/03/08 03:05:00, 50, 691.26270, 13,       254, 49,        32, 56, 1.0037853, 72, 506.77002, 73, 516.26935, 77, 38.750000, 79, 1.2104707, 83,         0,110,         1,116,         4, 84, 3.6085510
46C,2016/03/08 03:06:00, 50, 284.38617, 13,       254, 49,        32, 56, 1.0037853, 72, 506.74878, 73, 516.24011, 77, 38.687500, 79, 1.2153320, 83,         0,110,         1,116,         4, 84, 3.6071777
4FC,2016/03/08 03:07:00, 50, 969.24023, 13,       254, 49,        32, 56, 1.0037853, 72, 506.75360, 73, 516.29858, 77, 38.718750, 79, 1.2104707, 83,         0,110,         1,116,         4, 84, 3.6099243
4DC,2016/03/08 03:08:00, 50, 647.95959, 13,       254, 49,        32, 56, 1.0037853, 72, 506.77167, 73, 516.26935, 77, 38.718750, 79, 1.2201934, 83,         0,110,         1,116,         4, 84, 3.6064148
46C,2016/03/08 03:09:00, 50, 305.83392, 13,       254, 49,        32, 56, 1.0037853, 72, 506.79163, 73, 516.29858, 77, 38.750000, 79, 1.2201934, 83,         0,110,         1,116,         4, 84, 3.6068726
44C,2016/03/08 03:10:00, 50, 2168.0679, 13,       254, 49,        32, 56, 1.0037853, 72, 506.79059, 73, 516.32782, 77, 38.750000, 79, 1.2153320, 83,         0,110,         1,116,         4, 84, 3.6096191
41C,2016/03/08 03:11:00, 50, 1984.8965, 13,       254, 49,        32, 56, 1.0037853, 72, 506.78448, 73, 516.29858, 77, 38.781250, 79, 1.2104707, 83,         0,110,         1,116,         4, 84, 3.6056519
49C,2016/03/08 03:12:00, 50, 645.93018, 13,       254, 49,        32, 56, 1.0037853, 72, 506.79846, 73, 516.26935, 77, 38.812500, 79, 1.2104707, 83,         0,110,         1,116,         4, 84, 3.6065674
46C,2016/03/08 03:13:00, 50, 2620.4702, 13,       254, 49,        32, 56, 1.0037853, 72, 506.74615, 73, 516.35712, 77, 38.718750, 79, 1.2250546, 83,         0,110,         1,116,         4, 84, 3.6074829
40C,2016/03/08 03:14:00, 50, 1650.3975, 13,       254, 49,        32, 56, 1.0037853, 72, 506.77893, 73, 516.32782, 77, 38.781250, 79, 1.2104707, 83,         0,110,         1,116,         4, 84, 3.6038208
4DC,2016/03/08 03:15:00, 50, 2463.7773, 13,       254, 49,        32, 56, 1.0037853, 72, 506.80078, 73, 516.29858, 77, 38.718750, 79, 1.2201934, 83,         0,110,         1,116,         4, 84, 3.6039734
41C,2016/03/08 03:16:00, 50, 1514.0608, 13,       254, 49,        32, 56, 1.0037853, 72, 506.74475, 73, 516.29858, 77, 38.718750, 79, 1.2153320, 83,         0,110,         1,116,         4, 84, 3.6022949
4EC,2016/03/08 03:17:00, 50, 1384.4619, 13,       254, 49,        32, 56, 1.0037853, 72, 506.78082, 73, 516.29858, 77, 38.781250, 79, 1.2153320, 83,         0,110,         1,116,         4, 84, 3.6035156
4FC,2016/03/08 03:18:00, 50, 571.84583, 13,       254, 49,        32, 56, 1.0037853, 72, 506.76923, 73, 516.29858, 77, 38.750000, 79, 1.2104707, 83,         0,110,         1,116,         4, 84, 3.6001587
47C,2016/03/08 03:19:00, 50, 3354.3105, 13,       254, 49,        32, 56, 1.0037853, 72, 506.75629, 73, 516.32782, 77, 38.750000, 79, 1.2201934, 83,         0,110,         1,116,         4, 84, 3.6036682
41C,2016/03/08 03:20:00, 50, 359.77808, 13,       254, 49,        32, 56, 1.0037853, 72, 506.74524, 73, 516.29858, 77, 38.812500, 79, 1.2250546, 83,         0,110,         1,116,         4, 84, 3.6010742
4DC,2016/03/08 03:21:00, 50, 600.77051, 13,       254, 49,        32, 56, 1.0037853, 72, 506.72070, 73, 516.29858, 77, 38.781250, 79, 1.2201934, 83,         0,110,         1,116,         4, 84, 3.6007690
48C,2016/03/08 03:22:00, 50, 2650.3594, 13,       254, 49,        32, 56, 1.0037853, 72, 506.76727, 73, 516.29858, 77, 38.750000, 79, 1.2153320, 83,     33024,110,         1,116,         4, 84, 3.5981750
4CC,2016/03/08 03:23:00, 50, 63.801926, 13,       254, 49,        32, 56, 1.0037853, 72, 506.73529, 73, 516.29858, 77, 38.750000, 79, 1.2153320, 83,         0,110,         1,116,         4, 84, 3.6003113
4FC,2016/03/08 03:24:00, 50, 1196.1777, 13,       254, 49,        32, 56, 1.0037853, 72, 506.78992, 73, 516.29858, 77, 38.781250, 79, 1.2153320, 83,         0,110,         1,116,         4, 84, 3.6010742
44C,2016/03/08 03:25:00, 50, 644.86707, 13,       254, 49,        32, 56, 1.0037853, 72, 506.77582, 73, 516.26935, 77, 38.812500, 79, 1.2104707, 83,         0,110,         1,116,         4, 84, 3.6007690
45C,2016/03/08 03:26:00, 50, 1899.6853, 13,       254, 49,        32, 56, 1.0037853, 72, 506.76648, 73, 516.29858, 77, 38.781250, 79, 1.2104707, 83,         0,110,         1,116,         4, 84, 3.6033630
4BC,2016/03/08 03:27:00, 50, 151.39981, 13,       254, 49,        16, 56, 1.0037853, 72, 506.70587, 73, 516.21088, 77, 38.781250, 79, 1.2104707, 83,     33024,110,         1,116,         4, 84, 3.5977173
47C,2016/03/08 03:28:00, 50, 3955.0039, 13,       254, 49,        16, 56, 1.0037853, 72, 506.69733, 73, 516.26935, 77, 38.781250, 79, 1.2104707, 83,         0,110,         1,116,         4, 84, 3.6007690
48C,2016/03/08 03:29:00, 50, 2383.0376, 13,       254, 49,        32, 56, 1.0037853, 72, 506.76709, 73, 516.35712, 77, 38.781250, 79, 1.2153320, 83,         0,110,         1,116,         4, 84, 3.6027527
4EC,2016/03/08 03:30:00, 50, 2226.6851, 13,       254, 49,        16, 56, 1.0037853, 72, 506.73792, 73, 516.29858, 77, 38.781250, 79, 1.2153320, 83,         0,110,         1,116,         4, 84, 3.6044312
40C,2016/03/08 03:31:00, 50, 885.07825, 13,       254, 49,        32, 56, 1.0037853, 72, 506.79108, 73, 516.29858, 77, 38.781250, 79, 1.2153320, 83,     33024,110,         1,116,         4, 84, 3.5942078
44C,2016/03/08 03:32:00, 50, 776.31201, 13,       254, 49,        32, 56, 1.0037853, 72, 506.76434, 73, 516.35712, 77, 38.781250, 79, 1.2104707, 83,     33024,110,         1,116,         4, 84, 3.5993958
43C,2016/03/08 03:33:00, 50, 2873.7573, 13,       254, 49,        16, 56, 1.0037853, 72, 506.79651, 73, 516.35712, 77, 38.781250, 79, 1.2104707, 83,     33024,110,         1,116,         4, 84, 3.5925293
48C,2016/03/08 03:34:00, 50,-439.08136, 13,       254, 49,        32, 56, 1.0037853, 72, 506.80750, 73, 516.35712, 77, 38.781250, 79, 1.2104707, 83,     33024,110,         1,116,         4, 84, 3.5946655
40C,2016/03/08 03:35:00, 50, 2201.0024, 13,       254, 49,        32, 56, 1.0037853, 72, 506.78027, 73, 516.38635, 77, 38.781250, 79, 1.2104707, 83,     33024,110,         1,116,         4, 84, 3.5952759
47C,2016/03/08 03:36:00, 50, 20.227623, 13,       254, 49,        16, 56, 1.0037853, 72, 506.79889, 73, 516.26935, 77, 38.781250, 79, 1.2201934, 83,     33024,110,         1,116,         4, 84, 3.5939026
42C,2016/03/08 03:37:00, 50, 339.53125, 13,       254, 49,        32, 56, 1.0037853, 72, 506.82587, 73, 516.38635, 77, 38.750000, 79, 1.2153320, 83,     33024,110,         1,116,         4, 84, 3.5914612
47C,2016/03/08 03:38:00, 50,-1331.2988, 13,       254, 49,        32, 56, 1.0037853, 72, 506.79138, 73, 516.32782, 77, 38.750000, 79, 1.2104707, 83,     33024,110,         1,116,         4, 84, 3.5906982
43C,2016/03/08 03:39:00, 50, 247.39481, 13,       254, 49,        32, 56, 1.0037853, 72, 506.82666, 73, 516.38635, 77, 38.781250, 79, 1.2201934, 83,     33024,110,         1,116,         4, 84, 3.5864258
45C,2016/03/08 03:40:00, 50, 581.61719, 13,       254, 49,        32, 56, 1.0037853, 72, 506.83112, 73, 516.35712, 77, 38.781250, 79, 1.2104707, 83,     33024,110,         1,116,         4, 84, 3.5867310
44C,2016/03/08 03:41:00, 50, 1590.5339, 13,       254, 49,        32, 56, 1.0037853, 72, 506.83276, 73, 516.38635, 77, 38.781250, 79, 1.2153320, 83,     33024,110,         1,116,         4, 84, 3.5864258
43C,2016/03/08 03:42:00, 50, 1522.0020, 13,       254, 49,        32, 56, 1.0037853, 72, 506.83783, 73, 516.38635, 77, 38.781250, 79, 1.2104707, 83,     33024,110,         1,116,         4, 84, 3.5862732
49C,2016/03/08 03:43:00, 50, 1990.4131, 13,       254, 49,        32, 56, 1.0037853, 72, 506.83856, 73, 516.38635, 77, 38.781250, 79, 1.2153320, 83,     33024,110,         1,116,         4, 84, 3.5893250
4DC,2016/03/08 03:44:00, 50, 409.34894, 13,       254, 49,        32, 56, 1.0037853, 72, 506.84381, 73, 516.38635, 77, 38.750000, 79, 1.2201934, 83,     33024,110,         1,116,         4, 84, 3.5871887
45C,2016/03/08 03:45:00, 50, 134.98441, 13,       254, 49,        32, 56, 1.0037853, 72, 506.81299, 73, 516.41559, 77, 38.750000, 79, 1.2153320, 83,     33024,110,         1,116,         4, 84, 3.5874939
49C,2016/03/08 03:46:00, 50, 822.07458, 13,       254, 49,        32, 56, 1.0037853, 72, 506.84052, 73, 516.38635, 77, 38.781250, 79, 1.2153320, 83,     33024,110,         1,116,         4, 84, 3.5861206
40C,2016/03/08 03:47:00, 50, 868.77942, 13,       254, 49,        32, 56, 1.0037853, 72, 506.84839, 73, 516.41559, 77, 38.812500, 79, 1.2153320, 83,     33024,110,         1,116,         4, 84, 3.5877991
41C,2016/03/08 03:48:00, 50, 1060.7900, 13,       254, 49,        32, 56, 1.0037853, 72, 506.83203, 73, 516.41559, 77, 38.781250, 79, 1.2153320, 83,     33024,110,         1,116,         4, 84, 3.5887146
46C,2016/03/08 03:49:00, 50, 2801.3105, 13,       254, 49,        32, 56, 1.0037853, 72, 506.87573, 73, 516.44482, 77, 38.781250, 79, 1.2153320, 83,     33024,110,         1,116,         4, 84, 3.5885620
42C,2016/03/08 03:50:00, 50, 1086.8008, 13,       254, 49,        32, 56, 1.0037853, 72, 506.88208, 73, 516.41559, 77, 38.750000, 79, 1.2250546, 83,     33024,110,         1,116,         4, 84, 3.5896301
46C,2016/03/08 03:51:00, 50, 2120.1035, 13,       254, 49,        32, 56, 1.0037853, 72, 506.89154, 73, 516.44482, 77, 38.812500, 79, 1.2104707, 83,     33024,110,         1,116,         4, 84, 3.5871887
44C,2016/03/08 03:52:00, 50, 139.52261, 13,       254, 49,        32, 56, 1.0037853, 72, 506.90021, 73, 516.41559, 77, 38.843750, 79, 1.2104707, 83,     33024,110,         1,116,         4, 84, 3.5826111
42C,2016/03/08 03:53:00, 50, 1182.3694, 13,       254, 49,        32, 56, 1.0037853, 72, 506.88757, 73, 516.47406, 77, 38.843750, 79, 1.2201934, 83,     33024,110,         1,116,         4, 84, 3.5847473
42C,2016/03/08 03:54:00, 50, 967.07861, 13,       254, 49,        32, 56, 1.0037853, 72, 506.86304, 73, 516.47406, 77, 38.812500, 79, 1.2153320, 83,     33024,110,         1,116,         4, 84, 3.5905457
45C,2016/03/08 03:55:00, 50, 1715.5046, 13,       254, 49,        16, 56, 1.0037853, 72, 506.84326, 73, 516.38635, 77, 38.812500, 79, 1.2153320, 83,     33024,110,         1,116,         4, 84, 3.5881042
45C,2016/03/08 03:56:00, 50, 574.43787, 13,       254, 49,        32, 56, 1.0037853, 72, 506.90021, 73, 516.44482, 77, 38.812500, 79, 1.2153320, 83,     33024,110,         1,116,         4, 84, 3.5859680
43C,2016/03/08 03:57:00, 50, 522.83923, 13,       254, 49,        32, 56, 1.0037853, 72, 506.88428, 73, 516.44482, 77, 38.781250, 79, 1.2201934, 83,     33024,110,         1,116,         4, 84, 3.5839844
4BC,2016/03/08 03:58:00, 50, 1596.5598, 13,       254, 49,        32, 56, 1.0037853, 72, 506.88214, 73, 516.47406, 77, 38.781250, 79, 1.2104707, 83,     33024,110,         1,116,         4, 84, 3.5827637
49C,2016/03/08 03:59:00, 50, 329.63202, 13,       254, 49,        32, 56, 1.0037853, 72, 506.85730, 73, 516.44482, 77, 38.812500, 79, 1.2104707, 83,     33024,110,         1,116,         4, 84, 3.5848999
48C,2016/03/08 04:00:00, 50, 329.93054, 13,       254, 49,        32, 56, 1.0037853, 72, 506.88770, 73, 516.47406, 77, 38.812500, 79, 1.2153320, 83,     33024,110,         1,116,         4, 84, 3.5835266
43C,2016/03/08 04:01:00, 50, 1173.6025, 13,       254, 49,        32, 56, 1.0037853, 72, 506.88098, 73, 516.44482, 77, 38.781250, 79, 1.2153320, 83,     33024,110,         1,116,         4, 84, 3.5838318
40C,2016/03/08 04:02:00, 50, 748.44019, 13,       254, 49,        32, 56, 1.0037853, 72, 506.85895, 73, 516.47406, 77, 38.812500, 79, 1.2153320, 83,     33024,110,         1,116,         4, 84, 3.5827637
43C,2016/03/08 04:03:00, 50, 2147.9023, 13,       254, 49,        16, 56, 1.0037853, 72, 506.87146, 73, 516.35712, 77, 38.781250, 79, 1.2153320, 83,     33024,110,         1,116,         4, 84, 3.5836792
4BC,2016/03/08 04:04:00, 50,-24.478767, 13,       254, 49,        16, 56, 1.0037853, 72, 506.84955, 73, 516.35712, 77, 38.843750, 79, 1.2201934, 83,     33024,110,         1,116,         4, 84, 3.5809326
46C,2016/03/08 04:05:00, 50,-676.08606, 13,       254, 49,        32, 56, 1.0037853, 72, 506.81665, 73, 516.44482, 77, 38.812500, 79, 1.2104707, 83,     33024,110,         1,116,         4, 84, 3.5809326
43C,2016/03/08 04:06:00, 50, 841.23181, 13,       254, 49,        32, 56, 1.0037853, 72, 506.90009, 73, 516.47406, 77, 38.781250, 79, 1.2153320, 83,     33024,110,         1,116,         4, 84, 3.5801697
4DC,2016/03/08 04:07:00, 50, 1932.4053, 13,       254, 49,        32, 56, 1.0037853, 72, 506.85089, 73, 516.44482, 77, 38.781250, 79, 1.2201934, 83,     33024,110,         1,116,         4, 84, 3.5871887
49C,2016/03/08 04:08:00, 50, 1149.5642, 13,       254, 49,        32, 56, 1.0037853, 72, 506.88922, 73, 516.44482, 77, 38.781250, 79, 1.2153320, 83,     33024,110,         1,116,         4, 84, 3.5806274
40C,2016/03/08 04:09:00, 50,-732.71448, 13,       254, 49,        32, 56, 1.0037853, 72, 506.90613, 73, 516.44482, 77, 38.812500, 79, 1.2153320, 83,     33024,110,         1,116,         4, 84, 3.5841370
49C,2016/03/08 04:10:00, 50, 1670.6460, 13,       254, 49,        32, 56, 1.0037853, 72, 506.91711, 73, 516.50330, 77, 38.781250, 79, 1.2153320, 83,     33024,110,         1,116,         4, 84, 3.5813904
45C,2016/03/08 04:11:00, 50, 676.48352, 13,       254, 49,        32, 56, 1.0037853, 72, 506.92072, 73, 516.44482, 77, 38.781250, 79, 1.2153320, 83,     33024,110,         1,116,         4, 84, 3.5789490
49C,2016/03/08 04:12:00, 50, 1862.7439, 13,       254, 49,        32, 56, 1.0037853, 72, 506.91956, 73, 516.50330, 77, 38.781250, 79, 1.2056093, 83,     33024,110,         1,116,         4, 84, 3.5813904
4CC,2016/03/08 04:13:00, 50, 1248.4719, 13,       254, 49,        32, 56, 1.0037853, 72, 506.95905, 73, 516.50330, 77, 38.781250, 79, 1.2056093, 83,     33024,110,         1,116,         4, 84, 3.5798645
44C,2016/03/08 04:14:00, 50, 1621.4724, 13,       254, 49,        32, 56, 1.0037853, 72, 506.97339, 73, 516.56177, 77, 38.750000, 79, 1.2104707, 83,     33024,110,         1,116,         4, 84, 3.5835266
41C,2016/03/08 04:15:00, 50, 2688.4478, 13,       254, 49,        32, 56, 1.0037853, 72, 506.95758, 73, 516.53253, 77, 38.750000, 79, 1.2201934, 83,     33024,110,         1,116,         4, 84, 3.5794067
47C,2016/03/08 04:16:00, 50, 1120.5496, 13,       254, 49,        32, 56, 1.0037853, 72, 506.96619, 73, 516.53253, 77, 38.781250, 79, 1.2104707, 83,     33024,110,         1,116,         4, 84, 3.5729980
49C,2016/03/08 04:17:00, 50, 344.66473, 13,       254, 49,        16, 56, 1.0037853, 72, 506.93005, 73, 516.47406, 77, 38.781250, 79, 1.2153320, 83,     33024,110,         1,116,         4, 84, 3.5762024
41C,2016/03/08 04:18:00, 50, 717.92773, 13,       254, 49,        16, 56, 1.0037853, 72, 506.90692, 73, 516.47406, 77, 38.781250, 79, 1.2201934, 83,     33024,110,         1,116,         4, 84, 3.5769653
4EC,2016/03/08 04:19:00, 50, 757.30920, 13,       254, 49,        16, 56, 1.0037853, 72, 506.87360, 73, 516.47406, 77, 38.750000, 79, 1.2201934, 83,     33024,110,         1,116,         4, 84, 3.5751343
4BC,2016/03/08 04:20:00, 50, 83.505997, 13,       254, 49,        32, 56, 1.0037853, 72, 506.93195, 73, 516.53253, 77, 38.781250, 79, 1.2153320, 83,     33024,110,         1,116,         4, 84, 3.5740662
4BC,2016/03/08 04:21:00, 50, 218.90167, 13,       254, 49,        32, 56, 1.0037853, 72, 506.97449, 73, 516.53253, 77, 38.750000, 79, 1.2104707, 83,     33024,110,         1,116,         4, 84, 3.5731506
46C,2016/03/08 04:22:00, 50, 1145.6855, 13,       254, 49,        32, 56, 1.0037853, 72, 506.95911, 73, 516.47406, 77, 38.750000, 79, 1.2104707, 83,     33024,110,         1,116,         4, 84, 3.5749817
48C,2016/03/08 04:23:00, 50, 358.15570, 13,       254, 49,        32, 56, 1.0037853, 72, 506.90039, 73, 516.50330, 77, 38.781250, 79, 1.2201934, 83,     33024,110,         1,116,         4, 84, 3.5719299
4CC,2016/03/08 04:24:00, 50, 572.71143, 13,       254, 49,        32, 56, 1.0037853, 72, 506.95691, 73, 516.50330, 77, 38.781250, 79, 1.2201934, 83,     33024,110,         1,116,         4, 84, 3.5725403
4CC,2016/03/08 04:25:00, 50, 1434.4949, 13,       254, 49,        32, 56, 1.0037853, 72, 506.98071, 73, 516.47406, 77, 38.781250, 79, 1.2153320, 83,     33024,110,         1,116,         4, 84, 3.5723877
4CC,2016/03/08 04:26:00, 50, 532.70166, 13,       254, 49,        32, 56, 1.0037853, 72, 506.96167, 73, 516.53253, 77, 38.781250, 79, 1.2153320, 83,     33024,110,         1,116,         4, 84, 3.5704041
4BC,2016/03/08 04:27:00, 50, 973.04541, 13,       254, 49,        32, 56, 1.0037853, 72, 506.96222, 73, 516.50330, 77, 38.781250, 79, 1.2153320, 83,     33024,110,         1,116,         4, 84, 3.5694885
41C,2016/03/08 04:28:00, 50, 826.97058, 13,       254, 49,        32, 56, 1.0037853, 72, 506.93549, 73, 516.44482, 77, 38.781250, 79, 1.2104707, 83,     33024,110,         1,116,         4, 84, 3.5624695
4CC,2016/03/08 04:29:00, 50, 1689.5989, 13,       254, 49,        32, 56, 1.0037853, 72, 506.94397, 73, 516.50330, 77, 38.812500, 79, 1.2056093, 83,     33024,110,         1,116,         4, 84, 3.5708618
46C,2016/03/08 04:30:00, 50, 327.72363, 13,       254, 49,        32, 56, 1.0037853, 72, 506.90637, 73, 516.47406, 77, 38.781250, 79, 1.2153320, 83,     33024,110,         1,116,         4, 84, 3.5667419
4CC,2016/03/08 04:31:00, 50, 1503.5886, 13,       254, 49,        32, 56, 1.0037853, 72, 506.92377, 73, 516.47406, 77, 38.750000, 79, 1.2104707, 83,     33024,110,         1,116,         4, 84, 3.5679626
49C,2016/03/08 04:32:00, 50, 1050.2520, 13,       254, 49,        32, 56, 1.0037853, 72, 506.94025, 73, 516.47406, 77, 38.781250, 79, 1.2104707, 83,     33024,110,         1,116,         4, 84, 3.5665894
4DC,2016/03/08 04:33:00, 50, 1397.8271, 13,       254, 49,        32, 56, 1.0037853, 72, 506.93359, 73, 516.56177, 77, 38.781250, 79, 1.2153320, 83,     33024,110,         1,116,         4, 84, 3.5647583
4EC,2016/03/08 04:34:00, 50, 1155.9531, 13,       254, 49,        32, 56, 1.0037853, 72, 506.93512, 73, 516.47406, 77, 38.750000, 79, 1.2104707, 83,     33024,110,         1,116,         4, 84, 3.5650635
4FC,2016/03/08 04:35:00, 50, 2396.2075, 13,       254, 49,        32, 56, 1.0037853, 72, 506.94025, 73, 516.50330, 77, 38.750000, 79, 1.2201934, 83,     33024,110,         1,116,         4, 84, 3.5664368
43C,2016/03/08 04:36:00, 50, 472.95123, 13,       254, 49,        32, 56, 1.0037853, 72, 506.90082, 73, 516.50330, 77, 38.750000, 79, 1.2153320, 83,     33024,110,         1,116,         4, 84, 3.5652161
49C,2016/03/08 04:37:00, 50, 2819.8120, 13,       254, 49,        32, 56, 1.0037853, 72, 506.93311, 73, 516.50330, 77, 38.750000, 79, 1.2201934, 83,     33024,110,         1,116,         4, 84, 3.5653687
43C,2016/03/08 04:38:00, 50, 930.27283, 13,       254, 49,        32, 56, 1.0037853, 72, 506.86456, 73, 516.50330, 77, 38.781250, 79, 1.2153320, 83,     33024,110,         1,116,         4, 84, 3.5650635
4DC,2016/03/08 04:39:00, 50, 1593.4001, 13,       254, 49,        32, 56, 1.0037853, 72, 506.93018, 73, 516.50330, 77, 38.781250, 79, 1.2153320, 83,     33024,110,         1,116,         4, 84, 3.5667419
41C,2016/03/08 04:40:00, 50, 351.30811, 13,       254, 49,        32, 56, 1.0037853, 72, 506.93201, 73, 516.50330, 77, 38.750000, 79, 1.2250546, 83,     33024,110,         1,116,         4, 84, 3.5678101
45C,2016/03/08 04:41:00, 50, 643.08374, 13,       254, 49,        16, 56, 1.0037853, 72, 506.92999, 73, 516.44482, 77, 38.781250, 79, 1.2153320, 83,     33024,110,         1,116,         4, 84, 3.5635376
4AC,2016/03/08 04:42:00, 50, 1177.5422, 13,       254, 49,        16, 56, 1.0037853, 72, 506.89392, 73, 516.44482, 77, 38.750000, 79, 1.2153320, 83,     33024,110,         1,116,         4, 84, 3.5711670
43C,2016/03/08 04:43:00, 50, 1372.7925, 13,       254, 49,        32, 56, 1.0037853, 72, 506.93829, 73, 516.50330, 77, 38.718750, 79, 1.2201934, 83,     33024,110,         1,116,         4, 84, 3.5656738
4BC,2016/03/08 04:44:00, 50, 1538.9895, 13,       254, 49,        32, 56, 1.0037853, 72, 506.89667, 73, 516.50330, 77, 38.750000, 79, 1.2201934, 83,     33024,110,         1,116,         4, 84, 3.5658264
4BC,2016/03/08 04:45:00, 50,-164.70084, 13,       254, 49,        32, 56, 1.0037853, 72, 506.93738, 73, 516.50330, 77, 38.750000, 79, 1.2056093, 83,     33024,110,         1,116,         4, 84, 3.5623169
4CC,2016/03/08 04:46:00, 50,-32.092354, 13,       254, 49,        32, 56, 1.0037853, 72, 506.93219, 73, 516.50330, 77, 38.750000, 79, 1.2153320, 83,     33024,110,         1,116,         4, 84, 3.5659790
4EC,2016/03/08 04:47:00, 50, 852.56885, 13,       254, 49,        32, 56, 1.0037853, 72, 506.93890, 73, 516.50330, 77, 38.718750, 79, 1.2153320, 83,     33024,110,         1,116,         4, 84, 3.5609436
49C,2016/03/08 04:48:00, 50, 857.31458, 13,       254, 49,        32, 56, 1.0037853, 72, 506.90997, 73, 516.50330, 77, 38.750000, 79, 1.2104707, 83,     33024,110,         1,116,         4, 84, 3.5614014
4CC,2016/03/08 04:49:00, 50, 3063.1377, 13,       254, 49,        32, 56, 1.0037853, 72, 506.93463, 73, 516.53253, 77, 38.718750, 79, 1.2104707, 83,     33024,110,         1,116,         4, 84, 3.5667419
48C,2016/03/08 04:50:00, 50, 515.81262, 13,       254, 49,        32, 56, 1.0037853, 72, 506.92297, 73, 516.47406, 77, 38.718750, 79, 1.2201934, 83,     33024,110,         1,116,         4, 84, 3.5610962
4BC,2016/03/08 04:51:00, 50, 843.47241, 13,       254, 49,        32, 56, 1.0037853, 72, 506.92554, 73, 516.47406, 77, 38.750000, 79, 1.2104707, 83,     33024,110,         1,116,         4, 84, 3.5626221
4CC,2016/03/08 04:52:00, 50, 109.11804, 13,       254, 49,        32, 56, 1.0037853, 72, 506.96600, 73, 516.50330, 77, 38.718750, 79, 1.2250546, 83,     33024,110,         1,116,         4, 84, 3.5644531
47C,2016/03/08 04:53:00, 50, 1093.3865, 13,       254, 49,        32, 56, 1.0037853, 72, 506.95502, 73, 516.50330, 77, 38.781250, 79, 1.2201934, 83,     33024,110,         1,116,         4, 84, 3.5646057
4EC,2016/03/08 04:54:00, 50,-323.59564, 13,       254, 49,        32, 56, 1.0037853, 72, 506.96118, 73, 516.50330, 77, 38.718750, 79, 1.2056093, 83,     33024,110,         1,116,         4, 84, 3.5597229
4EC,2016/03/08 04:55:00, 50, 1123.1377, 13,       254, 49,        32, 56, 1.0037853, 72, 506.98926, 73, 516.53253, 77, 38.750000, 79, 1.2153320, 83,     33024,110,         1,116,         4, 84, 3.5565186
4EC,2016/03/08 04:56:00, 50, 571.62793, 13,       254, 49,        32, 56, 1.0037853, 72, 506.97430, 73, 516.50330, 77, 38.750000, 79, 1.2104707, 83,     33024,110,         1,116,         4, 84, 3.5586548
42C,2016/03/08 04:57:00, 50, 1222.5588, 13,       254, 49,        32, 56, 1.0037853, 72, 506.98676, 73, 516.47406, 77, 38.750000, 79, 1.2250546, 83,     33024,110,         1,116,         4, 84, 3.5601807
43C,2016/03/08 04:58:00, 50, 569.62390, 13,       254, 49,        32, 56, 1.0037853, 72, 506.98486, 73, 516.53253, 77, 38.750000, 79, 1.2201934, 83,     33024,110,         1,116,         4, 84, 3.5581970
4CC,2016/03/08 04:59:00, 50, 619.34009, 13,       254, 49,        32, 56, 1.0037853, 72, 506.96436, 73, 516.50330, 77, 38.718750, 79, 1.2104707, 83,     33024,110,         1,116,         4, 84, 3.5572815
48C,2016/03/08 05:00:00, 50, 470.12531, 13,       254, 49,        32, 56, 1.0037853, 72, 506.95917, 73, 516.47406, 77, 38.718750, 79, 1.2153320, 83,     33024,110,         1,116,         4, 84, 3.5569763
4BC,2016/03/08 05:01:00, 50, 1094.3896, 13,       254, 49,        32, 56, 1.0037853, 72, 506.95380, 73, 516.47406, 77, 38.718750, 79, 1.2104707, 83,     33024,110,         1,116,         4, 84, 3.5566711
46C,2016/03/08 05:02:00, 50, 125.94130, 13,       254, 49,        32, 56, 1.0037853, 72, 506.95172, 73, 516.47406, 77, 38.718750, 79, 1.2153320, 83,     33024,110,         1,116,         4, 84, 3.5557556
42C,2016/03/08 05:03:00, 50,-238.60577, 13,       254, 49,        32, 56, 1.0037853, 72, 506.95984, 73, 516.44482, 77, 38.750000, 79, 1.2153320, 83,     33024,110,         1,116,         4, 84, 3.5534668
40C,2016/03/08 05:04:00, 50, 537.79687, 13,       254, 49,        32, 56, 1.0037853, 72, 506.95245, 73, 516.50330, 77, 38.750000, 79, 1.2153320, 83,     33024,110,         1,116,         4, 84, 3.5551453
4CC,2016/03/08 05:05:00, 50, 803.25830, 13,       254, 49,        32, 56, 1.0037853, 72, 506.95563, 73, 516.50330, 77, 38.718750, 79, 1.2153320, 83,     33024,110,         1,116,         4, 84, 3.5533142
4EC,2016/03/08 05:06:00, 50, 858.24951, 13,       254, 49,        32, 56, 1.0037853, 72, 507.00549, 73, 516.47406, 77, 38.750000, 79, 1.2201934, 83,     33024,110,         1,116,         4, 84, 3.5575867
47C,2016/03/08 05:07:00, 50, 532.61572, 13,       254, 49,        32, 56, 1.0037853, 72, 506.96942, 73, 516.47406, 77, 38.750000, 79, 1.2104707, 83,     33024,110,         1,116,         4, 84, 3.5545349
46C,2016/03/08 05:08:00, 50, 599.94019, 13,       254, 49,        32, 56, 1.0037853, 72, 506.95837, 73, 516.50330, 77, 38.750000, 79, 1.2153320, 83,     33024,110,         1,116,         4, 84, 3.5508728
43C,2016/03/08 05:09:00, 50, 1206.4075, 13,       254, 49,        16, 56, 1.0037853, 72, 506.95154, 73, 516.44482, 77, 38.750000, 79, 1.2201934, 83,     33024,110,         1,116,         4, 84, 3.5546875
4AC,2016/03/08 05:10:00, 50, 1057.6726, 13,       254, 49,        16, 56, 1.0037853, 72, 506.90778, 73, 516.47406, 77, 38.718750, 79, 1.2201934, 83,     33024,110,         1,116,         4, 84, 3.5552979
40C,2016/03/08 05:11:00, 50, 1502.3389, 13,       254, 49,        32, 56, 1.0037853, 72, 506.92145, 73, 516.56177, 77, 38.750000, 79, 1.2104707, 83,     33024,110,         1,116,         4, 84, 3.5531616
45C,2016/03/08 05:12:00, 50, 2061.2886, 13,       254, 49,        32, 56, 1.0037853, 72, 506.97363, 73, 516.50330, 77, 38.718750, 79, 1.2056093, 83,     33024,110,         1,116,         4, 84, 3.5540771
4DC,2016/03/08 05:13:00, 50, 643.03491, 13,       254, 49,        16, 56, 1.0037853, 72, 506.98688, 73, 516.44482, 77, 38.687500, 79, 1.2201934, 83,     33024,110,         1,116,         4, 84, 3.5517883
4DC,2016/03/08 05:14:00, 50, 2016.5496, 13,       254, 49,        16, 56, 1.0037853, 72, 506.95135, 73, 516.47406, 77, 38.718750, 79, 1.2056093, 83,     33024,110,         1,116,         4, 84, 3.5556030
4EC,2016/03/08 05:15:00, 50, 1313.0396, 13,       254, 49,        16, 56, 1.0037853, 72, 506.94116, 73, 516.47406, 77, 38.750000, 79, 1.2201934, 83,     33024,110,         1,116,         4, 84, 3.5527039
40C,2016/03/08 05:16:00, 50, 2134.2251, 13,       254, 49,        16, 56, 1.0037853, 72, 506.96204, 73, 516.50330, 77, 38.750000, 79, 1.2153320, 83,     33024,110,         1,116,         4, 84, 3.5502625
45C,2016/03/08 05:17:00, 50, 685.29956, 13,       254, 49,        16, 56, 1.0037853, 72, 506.96661, 73, 516.50330, 77, 38.781250, 79, 1.2153320, 83,     33024,110,         1,116,         4, 84, 3.5501099
45C,2016/03/08 05:18:00, 50, 1606.4456, 13,       254, 49,        32, 56, 1.0037853, 72, 506.96204, 73, 516.56177, 77, 38.718750, 79, 1.2153320, 83,     33024,110,         1,116,         4, 84, 3.5563660
45C,2016/03/08 05:19:00, 50, 1057.5596, 13,       254, 49,        32, 56, 1.0037853, 72, 507.00665, 73, 516.56177, 77, 38.687500, 79, 1.2153320, 83,     33024,110,         1,116,         4, 84, 3.5513306
4AC,2016/03/08 05:20:00, 50, 700.21545, 13,       254, 49,        32, 56, 1.0037853, 72, 507.00006, 73, 516.53253, 77, 38.750000, 79, 1.2104707, 83,     33024,110,         1,116,         4, 84, 3.5485840
45C,2016/03/08 05:21:00, 50, 634.64294, 13,       254, 49,        32, 56, 1.0037853, 72, 507.01202, 73, 516.56177, 77, 38.718750, 79, 1.2201934, 83,     33024,110,         1,116,         4, 84, 3.5502625
44C,2016/03/08 05:22:00, 50, 1129.6670, 13,       254, 49,        32, 56, 1.0037853, 72, 507.01385, 73, 516.56177, 77, 38.687500, 79, 1.2056093, 83,     33024,110,         1,116,         4, 84, 3.5476685
46C,2016/03/08 05:23:00, 50, 2067.2290, 13,       254, 49,        32, 56, 1.0037853, 72, 507.02075, 73, 516.59100, 77, 38.718750, 79, 1.2153320, 83,     33024,110,         1,116,         4, 84, 3.5501099
41C,2016/03/08 05:24:00, 50, 1269.7100, 13,       254, 49,        32, 56, 1.0037853, 72, 507.02753, 73, 516.56177, 77, 38.718750, 79, 1.2153320, 83,     33024,110,         1,116,         4, 84, 3.5479736
4EC,2016/03/08 05:25:00, 50, 2029.7932, 13,       254, 49,        16, 56, 1.0037853, 72, 507.02661, 73, 516.53253, 77, 38.750000, 79, 1.2104707, 83,     33024,110,         1,116,         4, 84, 3.5438538
48C,2016/03/08 05:26:00, 50, 2261.4189, 13,       254, 49,        16, 56, 1.0037853, 72, 506.97791, 73, 516.50330, 77, 38.718750, 79, 1.2104707, 83,     33024,110,         1,116,         4, 84, 3.5469055
41C,2016/03/08 05:27:00, 50, 300.68158, 13,       254, 49,        16, 56, 1.0037853, 72, 506.96350, 73, 516.50330, 77, 38.718750, 79, 1.2201934, 83,     33024,110,         1,116,         4, 84, 3.5426331
4EC,2016/03/08 05:28:00, 50, 1136.7664, 13,       254, 49,        16, 56, 1.0037853, 72, 506.97375, 73, 516.53253, 77, 38.687500, 79, 1.2201934, 83,     33024,110,         1,116,         4, 84, 3.5455322
40C,2016/03/08 05:29:00, 50, 1805.2556, 13,       254, 49,        16, 56, 1.0037853, 72, 506.94733, 73, 516.53253, 77, 38.687500, 79, 1.2153320, 83,     33024,110,         1,116,         4, 84, 3.5435486
4AC,2016/03/08 05:30:00, 50, 1111.6682, 13,       254, 49,        16, 56, 1.0037853, 72, 506.96259, 73, 516.53253, 77, 38.718750, 79, 1.2201934, 83,     33024,110,         1,116,         4, 84, 3.5435486
40C,2016/03/08 05:31:00, 50, 218.51016, 13,       254, 49,        16, 56, 1.0037853, 72, 506.95001, 73, 516.50330, 77, 38.718750, 79, 1.2201934, 83,     33024,110,         1,116,         4, 84, 3.5427856
46C,2016/03/08 05:32:00, 50, 745.14331, 13,       254, 49,        16, 56, 1.0037853, 72, 506.95715, 73, 516.53253, 77, 38.718750, 79, 1.2153320, 83,     33024,110,         1,116,         4, 84, 3.5406494
4EC,2016/03/08 05:33:00, 50,-130.49551, 13,       254, 49,        32, 56, 1.0037853, 72, 506.99500, 73, 516.53253, 77, 38.718750, 79, 1.2153320, 83,     33024,110,         1,116,         4, 84, 3.5424805
48C,2016/03/08 05:34:00, 50, 583.04333, 13,       254, 49,        32, 56, 1.0037853, 72, 506.99628, 73, 516.53253, 77, 38.687500, 79, 1.2104707, 83,     33024,110,         1,116,         4, 84, 3.5408020
4CC,2016/03/08 05:35:00, 50, 1085.8513, 13,       254, 49,        32, 56, 1.0037853, 72, 506.98065, 73, 516.56177, 77, 38.718750, 79, 1.2201934, 83,     33024,110,         1,116,         4, 84, 3.5404968
43C,2016/03/08 05:36:00, 50, 1003.3741, 13,       254, 49,        32, 56, 1.0037853, 72, 506.99469, 73, 516.50330, 77, 38.750000, 79, 1.2201934, 83,     33024,110,         1,116,         4, 84, 3.5406494
46C,2016/03/08 05:37:00, 50, 2132.0845, 13,       254, 49,        32, 56, 1.0037853, 72, 507.02087, 73, 516.50330, 77, 38.687500, 79, 1.2153320, 83,     33024,110,         1,116,         4, 84, 3.5403442
41C,2016/03/08 05:38:00, 50, 1906.9565, 13,       254, 49,        32, 56, 1.0037853, 72, 506.98987, 73, 516.56177, 77, 38.718750, 79, 1.2153320, 83,     33024,110,         1,116,         4, 84, 3.5415649
4AC,2016/03/08 05:39:00, 50, 2778.6875, 13,       254, 49,        32, 56, 1.0037853, 72, 507.01489, 73, 516.53253, 77, 38.718750, 79, 1.2153320, 83,     33024,110,         1,116,         4, 84, 3.5377502
41C,2016/03/08 05:40:00, 50, 2143.8311, 13,       254, 49,        32, 56, 1.0037853, 72, 507.01111, 73, 516.56177, 77, 38.718750, 79, 1.2153320, 83,     33024,110,         1,116,         4, 84, 3.5389709
45C,2016/03/08 05:41:00, 50, 3987.0479, 13,       254, 49,        16, 56, 1.0037853, 72, 506.96033, 73, 516.50330, 77, 38.718750, 79, 1.2153320, 83,     33024,110,         1,116,         4, 84, 3.5371399
49C,2016/03/08 05:42:00, 50, 1523.1914, 13,       254, 49,        16, 56, 1.0037853, 72, 506.91589, 73, 516.50330, 77, 38.718750, 79, 1.2201934, 83,     33024,110,         1,116,         4, 84, 3.5371399
40C,2016/03/08 05:43:00, 50, 929.96655, 13,       254, 49,        16, 56, 1.0037853, 72, 506.91693, 73, 516.50330, 77, 38.718750, 79, 1.2201934, 83,     33024,110,         1,116,         4, 84, 3.5353088
49C,2016/03/08 05:44:00, 50, 2460.6372, 13,       254, 49,        16, 56, 1.0037853, 72, 506.94415, 73, 516.50330, 77, 38.718750, 79, 1.2153320, 83,     33024,110,         1,116,         4, 84, 3.5331726
48C,2016/03/08 05:45:00, 50, 1743.9014, 13,       254, 49,        16, 56, 1.0037853, 72, 506.95343, 73, 516.50330, 77, 38.718750, 79, 1.2153320, 83,     33024,110,         1,116,         4, 84, 3.5348511
44C,2016/03/08 05:46:00, 50, 3436.4868, 13,       254, 49,        16, 56, 1.0037853, 72, 506.95197, 73, 516.53253, 77, 38.750000, 79, 1.2153320, 83,     33024,110,         1,116,         4, 84, 3.5314941
41C,2016/03/08 05:47:00, 50, 4195.5400, 13,       254, 49,        16, 56, 1.0037853, 72, 506.97339, 73, 516.53253, 77, 38.718750, 79, 1.2153320, 83,     33024,110,         1,116,         4, 84, 3.5328674
4AC,2016/03/08 05:48:00, 50, 2330.3081, 13,       254, 49,        16, 56, 1.0037853, 72, 506.92963, 73, 516.50330, 77, 38.718750, 79, 1.2153320, 83,     33024,110,         1,116,         4, 84, 3.5305786
4FC,2016/03/08 05:49:00, 50, 1259.4739, 13,       254, 49,        16, 56, 1.0037853, 72, 506.94366, 73, 516.50330, 77, 38.718750, 79, 1.2153320, 83,     33024,110,         1,116,         4, 84, 3.5337830
41C,2016/03/08 05:50:00, 50, 894.57458, 13,       254, 49,        32, 56, 1.0037853, 72, 507.01044, 73, 516.56177, 77, 38.718750, 79, 1.2201934, 83,     33024,110,         1,116,         4, 84, 3.5317993
45C,2016/03/08 05:51:00, 50, 524.37842, 13,       254, 49,        32, 56, 1.0037853, 72, 507.00464, 73, 516.56177, 77, 38.718750, 79, 1.2104707, 83,     33024,110,         1,116,         4, 84, 3.5290527
41C,2016/03/08 05:52:00, 50, 1573.3772, 13,       254, 49,        32, 56, 1.0037853, 72, 507.02240, 73, 516.53253, 77, 38.718750, 79, 1.2201934, 83,     33024,110,         1,116,         4, 84, 3.5252380
42C,2016/03/08 05:53:00, 50, 2986.1514, 13,       254, 49,        32, 56, 1.0037853, 72, 507.01031, 73, 516.59100, 77, 38.718750, 79, 1.2153320, 83,     33024,110,         1,116,         4, 84, 3.5295105
48C,2016/03/08 05:54:00, 50, 992.80151, 13,       254, 49,        16, 56, 1.0037853, 72, 506.96185, 73, 516.50330, 77, 38.718750, 79, 1.2201934, 83,     33024,110,         1,116,         4, 84, 3.5287476
48C,2016/03/08 05:55:00, 50, 2331.7891, 13,       254, 49,        16, 56, 1.0037853, 72, 506.94586, 73, 516.50330, 77, 38.718750, 79, 1.2153320, 83,     33024,110,         1,116,         4, 84, 3.5278320
43C,2016/03/08 05:56:00, 50, 1763.0154, 13,       254, 49,        32, 56, 1.0037853, 72, 506.98413, 73, 516.56177, 77, 38.750000, 79, 1.2153320, 83,     33024,110,         1,116,         4, 84, 3.5275269
46C,2016/03/08 05:57:00, 50, 3961.7324, 13,       254, 49,        16, 56, 1.0037853, 72, 506.96497, 73, 516.56177, 77, 38.750000, 79, 1.2250546, 83,     33024,110,         1,116,         4, 84, 3.5255432
4EC,2016/03/08 05:58:00, 50, 1902.1187, 13,       254, 49,        16, 56, 1.0037853, 72, 506.92438, 73, 516.53253, 77, 38.750000, 79, 1.2153320, 83,     33024,110,         1,116,         4, 84, 3.5275269
4BC,2016/03/08 05:59:00, 50, 2122.5786, 13,       254, 49,        16, 56, 1.0037853, 72, 506.95349, 73, 516.59100, 77, 38.781250, 79, 1.2153320, 83,     33024,110,         1,116,         4, 84, 3.5244751
45C,2016/03/08 06:00:00, 50, 3160.2739, 13,       254, 49,        16, 56, 1.0037853, 72, 506.98828, 73, 516.59100, 77, 38.812500, 79, 1.2201934, 83,     33024,110,         1,116,         4, 84, 3.5231018
48C,2016/03/08 06:01:00, 50, 1956.1702, 13,       254, 49,        16, 56, 1.0037853, 72, 506.96295, 73, 516.59100, 77, 38.812500, 79, 1.2201934, 83,     33024,110,         1,116,         4, 84, 3.5218811
49C,2016/03/08 06:02:00, 50, 965.08765, 13,       254, 49,        16, 56, 1.0037853, 72, 506.95569, 73, 516.56177, 77, 38.843750, 79, 1.2250546, 83,     33024,110,         1,116,         4, 84, 3.5250854
4BC,2016/03/08 06:03:00, 50, 817.30872, 13,       254, 49,        16, 56, 1.0037853, 72, 506.98572, 73, 516.59100, 77, 38.812500, 79, 1.2153320, 83,     33024,110,         1,116,         4, 84, 3.5197449
4DC,2016/03/08 06:04:00, 50, 2496.0854, 13,       254, 49,        32, 56, 1.0037853, 72, 507.02417, 73, 516.64954, 77, 38.812500, 79, 1.2201934, 83,     33024,110,         1,116,         4, 84, 3.5215759
41C,2016/03/08 06:05:00, 50, 2356.9048, 13,       254, 49,        32, 56, 1.0037853, 72, 507.05243, 73, 516.67877, 77, 38.812500, 79, 1.2201934, 83,     33024,110,         1,116,         4, 84, 3.5192871
4EC,2016/03/08 06:06:00, 50, 3491.9756, 13,       254, 49,        32, 56, 1.0037853, 72, 507.04962, 73, 516.67877, 77, 38.875000, 79, 1.2153320, 83,     33024,110,         1,116,         4, 84, 3.5217285
45C,2016/03/08 06:07:00, 50, 2256.8228, 13,       254, 49,        16, 56, 1.0037853, 72, 507.01898, 73, 516.64954, 77, 38.843750, 79, 1.2201934, 83,     33024,110,         1,116,         4, 84, 3.5185242
41C,2016/03/08 06:08:00, 50, 1433.7070, 13,       254, 49,        16, 56, 1.0037853, 72, 506.97516, 73, 516.62024, 77, 38.875000, 79, 1.2153320, 83,     33024,110,         1,116,         4, 84, 3.5177612
48C,2016/03/08 06:09:00, 50, 2962.1294, 13,       254, 49,        32, 56, 1.0037853, 72, 506.99811, 73, 516.70801, 77, 38.875000, 79, 1.2153320, 83,     33024,110,         1,116,         4, 84, 3.5144043
47C,2016/03/08 06:10:00, 50, 858.40125, 13,       254, 49,        32, 56, 1.0037853, 72, 507.07715, 73, 516.70801, 77, 38.843750, 79, 1.2201934, 83,     33024,110,         1,116,         4, 84, 3.5133362
49C,2016/03/08 06:11:00, 50, 1641.6990, 13,       254, 49,        32, 56, 1.0037853, 72, 507.10345, 73, 516.64954, 77, 38.875000, 79, 1.2201934, 83,     33024,110,         1,116,         4, 84, 3.5122681
40C,2016/03/08 06:12:00, 50, 1514.2610, 13,       254, 49,        32, 56, 1.0037853, 72, 507.12018, 73, 516.70801, 77, 38.906250, 79, 1.2153320, 83,     33024,110,         1,116,         4, 84, 3.5130310
40C,2016/03/08 06:13:00, 50, 2449.8320, 13,       254, 49,        32, 56, 1.0037853, 72, 507.10736, 73, 516.73724, 77, 38.875000, 79, 1.2201934, 83,     33024,110,         1,116,         4, 84, 3.5139465
46C,2016/03/08 06:14:00, 50, 1711.4324, 13,       254, 49,        16, 56, 1.0037853, 72, 507.11322, 73, 516.64954, 77, 38.875000, 79, 1.2153320, 83,     33024,110,         1,116,         4, 84, 3.5101318
4DC,2016/03/08 06:15:00, 50, 2045.4417, 13,       254, 49,        16, 56, 1.0037853, 72, 507.04028, 73, 516.70801, 77, 38.875000, 79, 1.2201934, 83,     33024,110,         1,116,         4, 84, 3.5125732
4FC,2016/03/08 06:16:00, 50, 1798.4580, 13,       254, 49,        16, 56, 1.0037853, 72, 507.05652, 73, 516.67877, 77, 38.875000, 79, 1.2201934, 83,     33024,110,         1,116,         4, 84, 3.5110474
4CC,2016/03/08 06:17:00, 50, 2110.8984, 13,       254, 49,        16, 56, 1.0037853, 72, 507.08105, 73, 516.67877, 77, 38.906250, 79, 1.2201934, 83,     33024,110,         1,116,         4, 84, 3.5147095
43C,2016/03/08 06:18:00, 50, 2564.2114, 13,       254, 49,        16, 56, 1.0037853, 72, 507.10504, 73, 516.64954, 77, 38.843750, 79, 1.2153320, 83,     33024,110,         1,116,         4, 84, 3.5203552
47C,2016/03/08 06:19:00, 50, 4939.2334, 13,       254, 49,        16, 56, 1.0037853, 72, 507.12866, 73, 516.64954, 77, 38.781250, 79, 1.2153320, 83,     33024,110,         1,116,         4, 84, 3.5253906
43C,2016/03/08 06:20:00, 50, 2498.2031, 13,       254, 49,        16, 56, 1.0037853, 72, 507.12555, 73, 516.56177, 77, 38.687500, 79, 1.2201934, 83,     33024,110,         1,116,         4, 84, 3.5301208
4EC,2016/03/08 06:21:00, 50, 2651.1528, 13,       254, 49,        16, 56, 1.0037853, 72, 507.15314, 73, 516.50330, 77, 38.500000, 79, 1.2153320, 83,     33024,110,         1,116,         4, 84, 3.5337830
49C,2016/03/08 06:22:00, 50, 1056.5625, 13,       254, 49,        16, 56, 1.0037853, 72, 507.15997, 73, 516.44482, 77, 38.375000, 79, 1.2201934, 83,     33024,110,         1,116,         4, 84, 3.5359192
