42C,2016/04/14 18:08:00, 50, 0.0000000, 13,       176, 49,       128, 56, 1.0037853, 72, 513.67322, 73, 509.10504, 77, 19.718750, 79, 1.2493613, 83,     60161,110,        29,116,         4, 84,-0.0001526
4AC,2016/04/14 18:09:00, 50, 0.0000000, 13,       226, 49,         4, 56, 1.0037853, 72, 513.72949, 73, 509.71912, 77, 20.250000, 79, 1.2347773, 83,     60161,110,        29,116,         4, 84, 4.9649048
5DC,2016/04/14 18:10:00, 50, 0.0000000, 13,        51, 49,         1, 56, 1.0037853, 72, 513.81946, 73, 511.26898, 77, 20.687500, 79, 1.2396387, 83,     60161,110,        29,116,         4, 84, 4.0972900
50C,2016/04/14 18:11:00, 50, 0.0000000, 13,        67, 49,         1, 56, 1.0037853, 72, 513.77887, 73, 511.53217, 77, 21.093750, 79, 1.2396387, 83,     60161,110,        29,116,         4, 84, 3.4982300
53C,2016/04/14 18:12:00, 50, 0.0000000, 13,        76, 49,         1, 56, 1.0037853, 72, 513.91296, 73, 510.33325, 77, 21.437500, 79, 1.2396387, 83,     60161,110,        29,116,         4, 84, 3.8014221
5AC,2016/04/14 18:13:00, 50, 0.0000000, 13,        80, 49,       128, 56, 1.0037853, 72, 513.87317, 73, 510.56714, 77, 21.781250, 79, 1.2396387, 83,     60161,110,        29,116,         4, 84, 3.8320923
5EC,2016/04/14 18:14:00, 50, 0.0000000, 13,        83, 49,       128, 56, 1.0037853, 72, 513.90289, 73, 510.62567, 77, 22.125000, 79, 1.2347773, 83,     60161,110,        29,116,         4, 84, 3.8264465
54C,2016/04/14 18:15:00, 50, 0.0000000, 13,        85, 49,       128, 56, 1.0037853, 72, 513.88281, 73, 510.62567, 77, 22.437500, 79, 1.2347773, 83,     60161,110,        29,116,         4, 84, 3.8179016
4DC,2016/04/14 18:16:00, 50, 0.0000000, 13,        87, 49,        32, 56, 1.0037853, 72, 513.89191, 73, 510.74261, 77, 22.687500, 79, 1.2396387, 83,     60161,110,        29,116,         4, 84, 3.8107300
47C,2016/04/14 18:17:00, 50, 0.0000000, 13,        90, 49,        64, 56, 1.0037853, 72, 513.88019, 73, 510.88879, 77, 22.906250, 79, 1.2347773, 83,     60161,110,        29,116,         4, 84, 3.8256836
5EC,2016/04/14 18:18:00, 50, 0.0000000, 13,        93, 49,       128, 56, 1.0037853, 72, 513.81287, 73, 510.83032, 77, 23.093750, 79, 1.2347773, 83,     60161,110,        29,116,         4, 84, 3.8079834
48C,2016/04/14 18:19:00, 50, 0.0000000, 13,        95, 49,        16, 56, 1.0037853, 72, 513.77356, 73, 511.00580, 77, 23.343750, 79, 1.2347773, 83,     60161,110,        29,116,         4, 84, 3.8073730
42C,2016/04/14 18:20:00, 50, 0.0000000, 13,        98, 49,        32, 56, 1.0037853, 72, 513.75830, 73, 511.06427, 77, 23.593750, 79, 1.2396387, 83,     60161,110,        29,116,         4, 84, 3.8265991
47C,2016/04/14 18:21:00, 50, 0.0000000, 13,       100, 49,       128, 56, 1.0037853, 72, 513.74762, 73, 511.18121, 77, 23.843750, 79, 1.2347773, 83,     60161,110,        29,116,         4, 84, 3.8374329
52C,2016/04/14 18:22:00, 50, 0.0000000, 13,       101, 49,        16, 56, 1.0037853, 72, 513.70612, 73, 511.18121, 77, 24.031250, 79, 1.2347773, 83,     60161,110,        29,116,         4, 84, 3.8093567
5EC,2016/04/14 18:23:00, 50, 0.0000000, 13,       103, 49,        64, 56, 1.0037853, 72, 513.70270, 73, 511.32745, 77, 24.281250, 79, 1.2347773, 83,     60161,110,        29,116,         4, 84, 3.8246155
57C,2016/04/14 18:24:00, 50, 0.0000000, 13,       105, 49,        64, 56, 1.0037853, 72, 513.70618, 73, 511.35669, 77, 24.531250, 79, 1.2299160, 83,     60161,110,        29,116,         4, 84, 3.8296509
5EC,2016/04/14 18:25:00, 50, 0.0000000, 13,       107, 49,        64, 56, 1.0037853, 72, 504.99377, 73, 511.47369, 77, 24.781250, 79, 1.2493613, 83,     43777,110,        29,116,         4, 84, 3.8267517
5CC,2016/04/14 18:26:00, 50, 0.0000000, 13,       109, 49,        32, 56, 1.0037853, 72, 504.15784, 73, 511.67834, 77, 25.031250, 79, 1.2444999, 83,     41729,110,        29,116,         4, 84, 3.8067627
49C,2016/04/14 18:27:00, 50, 0.0000000, 13,       112, 49,         8, 56, 1.0037853, 72, 504.08551, 73, 511.61987, 77, 25.281250, 79, 1.2250546, 83,     41729,110,        29,116,         4, 84, 3.8175964
55C,2016/04/14 18:28:00, 50, 0.0000000, 13,       114, 49,        16, 56, 1.0037853, 72, 504.08258, 73, 511.76611, 77, 25.531250, 79, 1.2299160, 83,     41729,110,        29,116,         4, 84, 3.8023376
46C,2016/04/14 18:29:00, 50, 0.0000000, 13,       117, 49,         8, 56, 1.0037853, 72, 504.02905, 73, 512.00000, 77, 25.812500, 79, 1.2347773, 83,     41729,110,        29,116,         4, 84, 3.8090515
59C,2016/04/14 18:30:00, 50, 0.0000000, 13,       120, 49,         8, 56, 1.0037853, 72, 504.01978, 73, 511.91229, 77, 26.062500, 79, 1.2299160, 83,     33284,110,         6,116,         4, 84, 3.8192749
52C,2016/04/14 18:31:00, 50, 0.0000000, 13,       123, 49,         8, 56, 1.0037853, 72, 504.01978, 73, 511.97076, 77, 26.312500, 79, 1.2299160, 83,     33284,110,         6,116,         4, 84, 3.8075256
50C,2016/04/14 18:32:00, 50, 0.0000000, 13,       125, 49,       128, 56, 1.0037853, 72, 504.01978, 73, 512.02924, 77, 26.531250, 79, 1.2299160, 83,     33284,110,         6,116,         4, 84, 3.8046265
5CC,2016/04/14 18:33:00, 50, 0.0000000, 13,       128, 49,         4, 56, 1.0037853, 72, 504.01978, 73, 512.14624, 77, 26.718750, 79, 1.2299160, 83,     33284,110,         6,116,         4, 84, 3.8056946
41C,2016/04/14 18:34:00, 50, 0.0000000, 13,       131, 49,        16, 56, 1.0037853, 72, 504.01978, 73, 512.14624, 77, 26.968750, 79, 1.2250546, 83,     33284,110,         6,116,         4, 84, 3.8107300
55C,2016/04/14 18:35:00, 50, 0.0000000, 13,       134, 49,         8, 56, 1.0037853, 72, 504.01978, 73, 512.20471, 77, 27.156250, 79, 1.2201934, 83,     33284,110,         7,116,         4, 84, 3.8040161
4AC,2016/04/14 18:36:00, 50, 0.0000000, 13,       138, 49,         1, 56, 1.0037853, 72, 504.01978, 73, 512.35095, 77, 27.312500, 79, 1.2201934, 83,     33280,110,        28,116,         4, 84, 3.8088989
43C,2016/04/14 18:37:00, 50, 0.0000000, 13,       141, 49,        32, 56, 1.0037853, 72, 504.01978, 73, 512.52637, 77, 27.500000, 79, 1.2201934, 83,     33284,110,         6,116,         4, 84, 3.8209534
46C,2016/04/14 18:38:00, 50, 0.0000000, 13,       144, 49,        64, 56, 1.0037853, 72, 504.01978, 73, 512.55560, 77, 27.718750, 79, 1.2299160, 83,         4,110,         6,116,         4, 84, 3.8090515
4DC,2016/04/14 18:39:00, 50, 0.0000000, 13,       147, 49,        32, 56, 1.0037853, 72, 504.01978, 73, 512.55560, 77, 27.937500, 79, 1.2250546, 83,         4,110,         6,116,         4, 84, 3.8053894
47C,2016/04/14 18:40:00, 50, 0.0000000, 13,       149, 49,        32, 56, 1.0037853, 72, 504.01978, 73, 512.61407, 77, 28.156250, 79, 1.2299160, 83,         4,110,         7,116,         4, 84, 3.8142395
43C,2016/04/14 18:41:00, 50, 0.0000000, 13,       150, 49,        64, 56, 1.0037853, 72, 504.01978, 73, 512.67261, 77, 28.375000, 79, 1.2299160, 83,         0,110,         0,116,         4, 84, 3.8125610
4BC,2016/04/14 18:42:00, 50, 0.0000000, 13,       153, 49,        32, 56, 1.0037853, 72, 504.01978, 73, 512.73108, 77, 28.593750, 79, 1.2299160, 83,         0,110,         0,116,         4, 84, 3.8244629
48C,2016/04/14 18:43:00, 50, 0.0000000, 13,       156, 49,        32, 56, 1.0037853, 72, 504.01978, 73, 512.84802, 77, 28.750000, 79, 1.2201934, 83,         0,110,         0,116,         4, 84, 3.8195801
49C,2016/04/14 18:44:00, 50,-736.36938, 13,       159, 49,        64, 56, 1.0037853, 72, 504.07733, 73, 512.87726, 77, 28.937500, 79, 1.2299160, 83,         0,110,         1,116,         4, 84, 3.8088989
48C,2016/04/14 18:45:00, 50, 913.28833, 13,       162, 49,        64, 56, 1.0037853, 72, 506.02551, 73, 512.96503, 77, 29.125000, 79, 1.2201934, 83,         0,110,         1,116,         4, 84, 3.8072205
4AC,2016/04/14 18:46:00, 50, 476.01782, 13,       166, 49,        32, 56, 1.0037853, 72, 506.05438, 73, 512.96503, 77, 29.281250, 79, 1.2347773, 83,         0,110,         1,116,         4, 84, 3.8156128
41C,2016/04/14 18:47:00, 50, 689.21570, 13,       169, 49,        32, 56, 1.0037853, 72, 506.05225, 73, 513.05273, 77, 29.437500, 79, 1.2250546, 83,         0,110,         1,116,         4, 84, 3.8035583
4EC,2016/04/14 18:48:00, 50, 3957.1045, 13,       174, 49,        32, 56, 1.0037853, 72, 506.07123, 73, 513.11121, 77, 29.656250, 79, 1.2250546, 83,         0,110,         1,116,         4, 84, 3.8084412
47C,2016/04/14 18:49:00, 50, 877.93311, 13,       179, 49,        32, 56, 1.0037853, 72, 506.07550, 73, 513.16968, 77, 29.750000, 79, 1.2250546, 83,         0,110,         1,116,         4, 84, 3.8107300
49C,2016/04/14 18:50:00, 50, 2256.7661, 13,       183, 49,        32, 56, 1.0037853, 72, 506.07074, 73, 513.28668, 77, 29.875000, 79, 1.2250546, 83,         0,110,         1,116,         4, 84, 3.8084412
46C,2016/04/14 18:51:00, 50, 2053.6348, 13,       187, 49,        32, 56, 1.0037853, 72, 506.09845, 73, 513.34515, 77, 30.031250, 79, 1.2299160, 83,         0,110,         1,116,         4, 84, 3.8137817
44C,2016/04/14 18:52:00, 50,-336.63678, 13,       190, 49,        32, 56, 1.0037853, 72, 506.05096, 73, 513.31592, 77, 30.156250, 79, 1.2299160, 83,         0,110,         1,116,         4, 84, 3.8020325
42C,2016/04/14 18:53:00, 50,-647.20447, 13,       194, 49,        64, 56, 1.0037853, 72, 506.08661, 73, 513.40363, 77, 30.281250, 79, 1.2250546, 83,         0,110,         1,116,         4, 84, 3.7991333
4CC,2016/04/14 18:54:00, 50, 1919.9507, 13,       196, 49,        32, 56, 1.0037853, 72, 506.09094, 73, 513.46210, 77, 30.406250, 79, 1.2250546, 83,         0,110,         1,116,         4, 84, 3.8154602
47C,2016/04/14 18:55:00, 50,-329.07452, 13,       198, 49,        32, 56, 1.0037853, 72, 506.09576, 73, 513.52063, 77, 30.468750, 79, 1.2250546, 83,         0,110,         1,116,         4, 84, 3.8024902
4FC,2016/04/14 18:56:00, 50,-3045.2988, 13,       201, 49,        64, 56, 1.0037853, 72, 506.03534, 73, 513.52063, 77, 30.562500, 79, 1.2201934, 83,         0,110,         1,116,         4, 84, 3.8092041
46C,2016/04/14 18:57:00, 50, 1280.3416, 13,       203, 49,        32, 56, 1.0037853, 72, 506.06561, 73, 513.57910, 77, 30.625000, 79, 1.2201934, 83,         0,110,         1,116,         4, 84, 3.8127136
49C,2016/04/14 18:58:00, 50,-474.42474, 13,       206, 49,        64, 56, 1.0037853, 72, 506.08246, 73, 513.66681, 77, 30.718750, 79, 1.2347773, 83,         0,110,         1,116,         4, 84, 3.8082886
45C,2016/04/14 18:59:00, 50, 3716.7446, 13,       207, 49,        32, 56, 1.0037853, 72, 506.07556, 73, 513.69604, 77, 30.812500, 79, 1.2250546, 83,         0,110,         1,116,         4, 84, 3.7977600
4EC,2016/04/14 19:00:00, 50, 895.24500, 13,       208, 49,        32, 56, 1.0037853, 72, 506.11609, 73, 513.72528, 77, 30.812500, 79, 1.2396387, 83,         0,110,         1,116,         4, 84, 3.8107300
4FC,2016/04/14 19:01:00, 50, 2904.2793, 13,       209, 49,        32, 56, 1.0037853, 72, 506.12756, 73, 513.72528, 77, 30.875000, 79, 1.2250546, 83,         0,110,         1,116,         4, 84, 3.8270569
4EC,2016/04/14 19:02:00, 50, 2866.3691, 13,       209, 49,        32, 56, 1.0037853, 72, 506.12323, 73, 513.84229, 77, 30.906250, 79, 1.2250546, 83,         0,110,         1,116,         4, 84, 3.8163757
43C,2016/04/14 19:03:00, 50, 2666.7207, 13,       210, 49,        32, 56, 1.0037853, 72, 506.10760, 73, 513.78381, 77, 30.968750, 79, 1.2250546, 83,         0,110,         1,116,         4, 84, 3.8175964
4DC,2016/04/14 19:04:00, 50, 4214.9590, 13,       210, 49,        32, 56, 1.0037853, 72, 506.12671, 73, 513.84229, 77, 31.000000, 79, 1.2250546, 83,         0,110,         1,116,         4, 84, 3.8188171
49C,2016/04/14 19:05:00, 50, 2376.0840, 13,       210, 49,        32, 56, 1.0037853, 72, 506.13141, 73, 513.84229, 77, 31.031250, 79, 1.2299160, 83,         0,110,         1,116,         4, 84, 3.8082886
46C,2016/04/14 19:06:00, 50, 363.70337, 13,       211, 49,        64, 56, 1.0037853, 72, 506.14764, 73, 513.92999, 77, 31.062500, 79, 1.2250546, 83,         0,110,         1,116,         4, 84, 3.8175964
4DC,2016/04/14 19:07:00, 50, 4000.5352, 13,       211, 49,        32, 56, 1.0037853, 72, 506.17554, 73, 513.92999, 77, 31.093750, 79, 1.2444999, 83,         0,110,         1,116,         4, 84, 3.8110352
47C,2016/04/14 19:08:00, 50, 305.00995, 13,       212, 49,        32, 56, 1.0037853, 72, 506.19312, 73, 513.90076, 77, 31.125000, 79, 1.2201934, 83,         0,110,         1,116,         4, 84, 3.8252258
43C,2016/04/14 19:09:00, 50, 1697.6555, 13,       212, 49,        32, 56, 1.0037853, 72, 506.19104, 73, 513.90076, 77, 31.156250, 79, 1.2153320, 83,         0,110,         1,116,         4, 84, 3.8171387
4CC,2016/04/14 19:10:00, 50, 784.72791, 13,       212, 49,        32, 56, 1.0037853, 72, 506.21802, 73, 513.98846, 77, 31.187500, 79, 1.2347773, 83,         0,110,         1,116,         4, 84, 3.8119507
4DC,2016/04/14 19:11:00, 50, 1303.2566, 13,       213, 49,        32, 56, 1.0037853, 72, 506.21063, 73, 513.98846, 77, 31.250000, 79, 1.2153320, 83,         0,110,         1,116,         4, 84, 3.8238525
49C,2016/04/14 19:12:00, 50, 2149.9736, 13,       213, 49,        32, 56, 1.0037853, 72, 506.21814, 73, 513.98846, 77, 31.281250, 79, 1.2250546, 83,         0,110,         1,116,         4, 84, 3.8180542
4AC,2016/04/14 19:13:00, 50,-571.45618, 13,       213, 49,        64, 56, 1.0037853, 72, 506.21338, 73, 513.98846, 77, 31.312500, 79, 1.2250546, 83,         0,110,         1,116,         4, 84, 3.8040161
49C,2016/04/14 19:14:00, 50, 5152.3164, 13,       214, 49,        32, 56, 1.0037853, 72, 506.24969, 73, 514.04694, 77, 31.343750, 79, 1.2444999, 83,         0,110,         1,116,         4, 84, 3.8145447
47C,2016/04/14 19:15:00, 50, 2195.7129, 13,       214, 49,        32, 56, 1.0037853, 72, 506.23267, 73, 513.98846, 77, 31.343750, 79, 1.2250546, 83,         0,110,         1,116,         4, 84, 3.8108826
4FC,2016/04/14 19:16:00, 50, 608.42688, 13,       215, 49,        32, 56, 1.0037853, 72, 506.19287, 73, 513.92999, 77, 31.375000, 79, 1.2347773, 83,         0,110,         1,116,         4, 84, 3.8128662
43C,2016/04/14 19:17:00, 50, 2106.7500, 13,       215, 49,        32, 56, 1.0037853, 72, 506.17151, 73, 513.95923, 77, 31.406250, 79, 1.2347773, 83,         0,110,         1,116,         4, 84, 3.8049316
44C,2016/04/14 19:18:00, 50, 3895.0879, 13,       216, 49,        32, 56, 1.0037853, 72, 506.20850, 73, 513.98846, 77, 31.437500, 79, 1.2201934, 83,         0,110,         1,116,         4, 84, 3.8156128
45C,2016/04/14 19:19:00, 50, 4086.6143, 13,       216, 49,        32, 56, 1.0037853, 72, 506.18304, 73, 514.04694, 77, 31.468750, 79, 1.2299160, 83,         0,110,         1,116,         4, 84, 3.8107300
45C,2016/04/14 19:20:00, 50, 1917.6633, 13,       217, 49,        32, 56, 1.0037853, 72, 506.16461, 73, 514.01770, 77, 31.531250, 79, 1.2201934, 83,         0,110,         1,116,         4, 84, 3.8087463
4AC,2016/04/14 19:21:00, 50, 2102.8828, 13,       218, 49,        32, 56, 1.0037853, 72, 506.18604, 73, 513.98846, 77, 31.562500, 79, 1.2201934, 83,         0,110,         1,116,         4, 84, 3.8194275
40C,2016/04/14 19:22:00, 50, 2595.3306, 13,       218, 49,        32, 56, 1.0037853, 72, 506.22278, 73, 514.01770, 77, 31.656250, 79, 1.2250546, 83,         0,110,         1,116,         4, 84, 3.8075256
44C,2016/04/14 19:23:00, 50, 821.47766, 13,       219, 49,        64, 56, 1.0037853, 72, 506.21478, 73, 514.07623, 77, 31.718750, 79, 1.2201934, 83,         0,110,         1,116,         4, 84, 3.8096619
40C,2016/04/14 19:24:00, 50, 2206.6562, 13,       220, 49,        32, 56, 1.0037853, 72, 506.21271, 73, 514.16394, 77, 31.750000, 79, 1.2250546, 83,         0,110,         1,116,         4, 84, 3.8166809
44C,2016/04/14 19:25:00, 50, 1917.4033, 13,       220, 49,        32, 56, 1.0037853, 72, 506.25671, 73, 514.16394, 77, 31.812500, 79, 1.2250546, 83,         0,110,         1,116,         4, 84, 3.8116455
44C,2016/04/14 19:26:00, 50, 739.47400, 13,       221, 49,        32, 56, 1.0037853, 72, 506.24841, 73, 514.31012, 77, 31.875000, 79, 1.2250546, 83,         0,110,         1,116,         4, 84, 3.8166809
4CC,2016/04/14 19:27:00, 50,-550.05383, 13,       221, 49,        64, 56, 1.0037853, 72, 506.30365, 73, 514.22241, 77, 31.968750, 79, 1.2201934, 83,         0,110,         1,116,         4, 84, 3.8047791
4BC,2016/04/14 19:28:00, 50, 4116.6562, 13,       222, 49,        32, 56, 1.0037853, 72, 506.32593, 73, 514.33942, 77, 32.031250, 79, 1.2250546, 83,         0,110,         1,116,         4, 84, 3.8206482
41C,2016/04/14 19:29:00, 50, 1521.0525, 13,       222, 49,        32, 56, 1.0037853, 72, 506.33856, 73, 514.36865, 77, 32.062500, 79, 1.2250546, 83,         0,110,         1,116,         4, 84, 3.8125610
45C,2016/04/14 19:30:00, 50, 6415.0664, 13,       223, 49,        16, 56, 1.0037853, 72, 506.33875, 73, 514.36865, 77, 32.125000, 79, 1.2201934, 83,         0,110,         1,116,         4, 84, 3.8214111
48C,2016/04/14 19:31:00, 50, 4467.0684, 13,       223, 49,        32, 56, 1.0037853, 72, 506.35931, 73, 514.45636, 77, 32.218750, 79, 1.2250546, 83,         0,110,         1,116,         4, 84, 3.8076782
44C,2016/04/14 19:32:00, 50, 1903.7939, 13,       224, 49,        32, 56, 1.0037853, 72, 506.33636, 73, 514.48560, 77, 32.281250, 79, 1.2201934, 83,         0,110,         1,116,         4, 84, 3.8165283
47C,2016/04/14 19:33:00, 50, 158.28464, 13,       225, 49,        32, 56, 1.0037853, 72, 506.39996, 73, 514.51483, 77, 32.343750, 79, 1.2201934, 83,         0,110,         1,116,         4, 84, 3.8188171
4AC,2016/04/14 19:34:00, 50,-829.22034, 13,       225, 49,        64, 56, 1.0037853, 72, 506.40033, 73, 514.57330, 77, 32.437500, 79, 1.2201934, 83,         0,110,         1,116,         4, 84, 3.8157654
45C,2016/04/14 19:35:00, 50,-829.22034, 13,       226, 49,        32, 56, 1.0037853, 72, 506.40033, 73, 514.60254, 77, 32.500000, 79, 1.2201934, 83,         4,110,         6,116,         4, 84, 3.8201904
4BC,2016/04/14 19:36:00, 50,-829.22034, 13,       226, 49,        32, 56, 1.0037853, 72, 506.40033, 73, 514.63184, 77, 32.593750, 79, 1.2201934, 83,         4,110,         6,116,         4, 84, 3.8220215
4EC,2016/04/14 19:37:00, 50,-829.22034, 13,       227, 49,        32, 56, 1.0037853, 72, 506.40033, 73, 514.63184, 77, 32.656250, 79, 1.2201934, 83,         4,110,         7,116,         4, 84, 3.8229370
43C,2016/04/14 19:38:00, 50,-829.22034, 13,       227, 49,        32, 56, 1.0037853, 72, 506.40033, 73, 514.69031, 77, 32.750000, 79, 1.2250546, 83,         0,110,         0,116,         4, 84, 3.8113403
49C,2016/04/14 19:39:00, 50,-829.22034, 13,       228, 49,        32, 56, 1.0037853, 72, 506.40033, 73, 514.74878, 77, 32.781250, 79, 1.2250546, 83,         0,110,         0,116,         4, 84, 3.8241577
4AC,2016/04/14 19:40:00, 50,-829.22034, 13,       228, 49,        32, 56, 1.0037853, 72, 506.40033, 73, 514.74878, 77, 32.875000, 79, 1.2201934, 83,         0,110,         0,116,         4, 84, 3.8134766
45C,2016/04/14 19:41:00, 50,-829.22034, 13,       228, 49,        32, 56, 1.0037853, 72, 506.40033, 73, 514.80725, 77, 32.937500, 79, 1.2250546, 83,         0,110,         1,116,         4, 84, 3.8024902
48C,2016/04/14 19:42:00, 50, 463.72705, 13,       229, 49,        32, 56, 1.0037853, 72, 506.50195, 73, 514.86572, 77, 33.031250, 79, 1.2201934, 83,         0,110,         1,116,         4, 84, 3.8153076
48C,2016/04/14 19:43:00, 50, 640.30469, 13,       229, 49,        32, 56, 1.0037853, 72, 506.50366, 73, 514.92426, 77, 33.125000, 79, 1.2250546, 83,         0,110,         1,116,         4, 84, 3.8092041
42C,2016/04/14 19:44:00, 50, 1032.7236, 13,       230, 49,        32, 56, 1.0037853, 72, 506.56641, 73, 514.98273, 77, 33.187500, 79, 1.2250546, 83,         0,110,         1,116,         4, 84, 3.8203430
4FC,2016/04/14 19:45:00, 50, 2948.0850, 13,       230, 49,        32, 56, 1.0037853, 72, 506.59430, 73, 515.07043, 77, 33.281250, 79, 1.2250546, 83,         0,110,         1,116,         4, 84, 3.8168335
49C,2016/04/14 19:46:00, 50, 276.57007, 13,       230, 49,        32, 56, 1.0037853, 72, 506.59052, 73, 515.07043, 77, 33.281250, 79, 1.2201934, 83,         0,110,         1,116,         4, 84, 3.8087463
4EC,2016/04/14 19:47:00, 50, 1879.8296, 13,       231, 49,        32, 56, 1.0037853, 72, 506.63287, 73, 515.12891, 77, 33.312500, 79, 1.2201934, 83,         0,110,         1,116,         4, 84, 3.8159180
4CC,2016/04/14 19:48:00, 50,-310.02551, 13,       231, 49,        32, 56, 1.0037853, 72, 506.67346, 73, 515.12891, 77, 33.343750, 79, 1.2201934, 83,         0,110,         1,116,         4, 84, 3.8041687
4EC,2016/04/14 19:49:00, 50, 706.15930, 13,       232, 49,        32, 56, 1.0037853, 72, 506.71893, 73, 515.12891, 77, 33.343750, 79, 1.2250546, 83,         0,110,         1,116,         4, 84, 3.8188171
4BC,2016/04/14 19:50:00, 50,-1110.3950, 13,       232, 49,        32, 56, 1.0037853, 72, 506.69440, 73, 515.15814, 77, 33.437500, 79, 1.2250546, 83,         0,110,         1,116,         4, 84, 3.8151550
49C,2016/04/14 19:51:00, 50, 3157.5908, 13,       232, 49,        32, 56, 1.0037853, 72, 506.66772, 73, 515.21667, 77, 33.468750, 79, 1.2201934, 83,         0,110,         1,116,         4, 84, 3.8125610
4FC,2016/04/14 19:52:00, 50,-56.707855, 13,       233, 49,        32, 56, 1.0037853, 72, 506.69421, 73, 515.18738, 77, 33.500000, 79, 1.2201934, 83,         0,110,         1,116,         4, 84, 3.8163757
47C,2016/04/14 19:53:00, 50, 1367.4460, 13,       233, 49,        32, 56, 1.0037853, 72, 506.73517, 73, 515.27515, 77, 33.562500, 79, 1.2201934, 83,         0,110,         1,116,         4, 84, 3.8110352
4BC,2016/04/14 19:54:00, 50,-1213.7815, 13,       234, 49,        32, 56, 1.0037853, 72, 506.73737, 73, 515.27515, 77, 33.593750, 79, 1.2250546, 83,         0,110,         1,116,         4, 84, 3.8282776
4AC,2016/04/14 19:55:00, 50, 771.62183, 13,       234, 49,        32, 56, 1.0037853, 72, 506.74829, 73, 515.36285, 77, 33.656250, 79, 1.2201934, 83,         0,110,         1,116,         4, 84, 3.8136292
42C,2016/04/14 19:56:00, 50, 1680.7717, 13,       234, 49,        32, 56, 1.0037853, 72, 506.73480, 73, 515.36285, 77, 33.687500, 79, 1.2250546, 83,         0,110,         1,116,         4, 84, 3.8084412
43C,2016/04/14 19:57:00, 50,-1111.4900, 13,       235, 49,        64, 56, 1.0037853, 72, 506.74707, 73, 515.27515, 77, 33.718750, 79, 1.2250546, 83,         0,110,         1,116,         4, 84, 3.8151550
42C,2016/04/14 19:58:00, 50,-695.75281, 13,       235, 49,        64, 56, 1.0037853, 72, 506.74390, 73, 515.33362, 77, 33.812500, 79, 1.2250546, 83,         0,110,         1,116,         4, 84, 3.8018799
49C,2016/04/14 19:59:00, 50,-862.83228, 13,       237, 49,        32, 56, 1.0037853, 72, 506.73114, 73, 515.36285, 77, 33.812500, 79, 1.2250546, 83,         0,110,         1,116,         4, 84, 3.7988281
42C,2016/04/14 20:00:00, 50,-536.07849, 13,       237, 49,        32, 56, 1.0037853, 72, 506.74377, 73, 515.33362, 77, 33.875000, 79, 1.2250546, 83,         0,110,         1,116,         4, 84, 3.8288879
49C,2016/04/14 20:01:00, 50, 1333.6387, 13,       237, 49,        32, 56, 1.0037853, 72, 506.75122, 73, 515.39209, 77, 33.906250, 79, 1.2201934, 83,         0,110,         1,116,         4, 84, 3.8275146
48C,2016/04/14 20:02:00, 50, 2559.2725, 13,       237, 49,        32, 56, 1.0037853, 72, 506.74615, 73, 515.45056, 77, 33.937500, 79, 1.2250546, 83,         0,110,         1,116,         4, 84, 3.8204956
4FC,2016/04/14 20:03:00, 50,-2228.2651, 13,       237, 49,        32, 56, 1.0037853, 72, 506.75140, 73, 515.39209, 77, 33.968750, 79, 1.2250546, 83,         0,110,         1,116,         4, 84, 3.8047791
43C,2016/04/14 20:04:00, 50, 3015.3437, 13,       238, 49,        32, 56, 1.0037853, 72, 506.75110, 73, 515.50909, 77, 34.000000, 79, 1.2250546, 83,         0,110,         1,116,         4, 84, 3.8258362
4BC,2016/04/14 20:05:00, 50, 4699.8066, 13,       238, 49,        16, 56, 1.0037853, 72, 506.77808, 73, 515.47980, 77, 34.031250, 79, 1.2104707, 83,         0,110,         1,116,         4, 84, 3.8226318
45C,2016/04/14 20:06:00, 50, 2649.4404, 13,       238, 49,        32, 56, 1.0037853, 72, 506.79291, 73, 515.50909, 77, 34.125000, 79, 1.2201934, 83,         0,110,         1,116,         4, 84, 3.8090515
47C,2016/04/14 20:07:00, 50,-580.84863, 13,       239, 49,        64, 56, 1.0037853, 72, 506.79358, 73, 515.45056, 77, 34.156250, 79, 1.2250546, 83,         0,110,         1,116,         4, 84, 3.8069153
4AC,2016/04/14 20:08:00, 50, 3516.9932, 13,       239, 49,        16, 56, 1.0037853, 72, 506.79968, 73, 515.56757, 77, 34.187500, 79, 1.2201934, 83,         0,110,         1,116,         4, 84, 3.8223267
41C,2016/04/14 20:09:00, 50, 4809.7305, 13,       239, 49,        16, 56, 1.0037853, 72, 506.80737, 73, 515.47980, 77, 34.250000, 79, 1.2201934, 83,         0,110,         1,116,         4, 84, 3.8195801
46C,2016/04/14 20:10:00, 50, 2222.6201, 13,       240, 49,        32, 56, 1.0037853, 72, 506.80505, 73, 515.53833, 77, 34.250000, 79, 1.2153320, 83,         0,110,         1,116,         4, 84, 3.8230896
4FC,2016/04/14 20:11:00, 50, 3171.2949, 13,       241, 49,        32, 56, 1.0037853, 72, 506.83789, 73, 515.62604, 77, 34.312500, 79, 1.2201934, 83,         0,110,         1,116,         4, 84, 3.8301086
45C,2016/04/14 20:12:00, 50,-194.77216, 13,       241, 49,        32, 56, 1.0037853, 72, 506.83313, 73, 515.62604, 77, 34.312500, 79, 1.2201934, 83,         0,110,         1,116,         4, 84, 3.8211060
40C,2016/04/14 20:13:00, 50, 1788.0569, 13,       241, 49,        32, 56, 1.0037853, 72, 506.86774, 73, 515.68451, 77, 34.375000, 79, 1.2250546, 83,         0,110,         1,116,         4, 84, 3.8156128
44C,2016/04/14 20:14:00, 50, 274.71332, 13,       241, 49,        32, 56, 1.0037853, 72, 506.89056, 73, 515.68451, 77, 34.406250, 79, 1.2153320, 83,         0,110,         1,116,         4, 84, 3.8128662
43C,2016/04/14 20:15:00, 50, 1929.9031, 13,       242, 49,        32, 56, 1.0037853, 72, 506.87793, 73, 515.74298, 77, 34.437500, 79, 1.2201934, 83,         0,110,         1,116,         4, 84, 3.8154602
47C,2016/04/14 20:16:00, 50, 2552.4048, 13,       242, 49,        16, 56, 1.0037853, 72, 506.90643, 73, 515.74298, 77, 34.468750, 79, 1.2153320, 83,         0,110,         1,116,         4, 84, 3.8111877
42C,2016/04/14 20:17:00, 50, 2506.7808, 13,       242, 49,        32, 56, 1.0037853, 72, 506.90265, 73, 515.83075, 77, 34.531250, 79, 1.2250546, 83,         0,110,         1,116,         4, 84, 3.8072205
48C,2016/04/14 20:18:00, 50, 1204.6616, 13,       243, 49,        32, 56, 1.0037853, 72, 506.93597, 73, 515.80151, 77, 34.562500, 79, 1.2153320, 83,         0,110,         1,116,         4, 84, 3.8172913
46C,2016/04/14 20:19:00, 50,-44.148277, 13,       243, 49,        32, 56, 1.0037853, 72, 506.90082, 73, 515.80151, 77, 34.562500, 79, 1.2201934, 83,         0,110,         1,116,         4, 84, 3.8084412
41C,2016/04/14 20:20:00, 50,-391.75629, 13,       244, 49,        32, 56, 1.0037853, 72, 506.93921, 73, 515.80151, 77, 34.593750, 79, 1.2201934, 83,         0,110,         1,116,         4, 84, 3.8192749
40C,2016/04/14 20:21:00, 50,-1693.7903, 13,       244, 49,        32, 56, 1.0037853, 72, 506.93616, 73, 515.85999, 77, 34.625000, 79, 1.2104707, 83,         0,110,         1,116,         4, 84, 3.8140869
48C,2016/04/14 20:22:00, 50, 553.70398, 13,       244, 49,        32, 56, 1.0037853, 72, 506.97833, 73, 515.85999, 77, 34.687500, 79, 1.2250546, 83,         0,110,         1,116,         4, 84, 3.8133240
4BC,2016/04/14 20:23:00, 50, 472.39062, 13,       244, 49,        32, 56, 1.0037853, 72, 506.99744, 73, 515.88922, 77, 34.750000, 79, 1.2250546, 83,         0,110,         1,116,         4, 84, 3.8101196
4EC,2016/04/14 20:24:00, 50,-127.48357, 13,       245, 49,        32, 56, 1.0037853, 72, 507.03186, 73, 515.94769, 77, 34.750000, 79, 1.2201934, 83,         0,110,         1,116,         4, 84, 3.8174438
40C,2016/04/14 20:25:00, 50, 2396.1621, 13,       245, 49,        32, 56, 1.0037853, 72, 506.99292, 73, 515.97693, 77, 34.812500, 79, 1.2153320, 83,         0,110,         1,116,         4, 84, 3.8142395
42C,2016/04/14 20:26:00, 50, 980.48901, 13,       245, 49,        32, 56, 1.0037853, 72, 507.02216, 73, 515.97693, 77, 34.812500, 79, 1.2153320, 83,         0,110,         1,116,         4, 84, 3.8128662
49C,2016/04/14 20:27:00, 50,-539.48767, 13,       246, 49,        32, 56, 1.0037853, 72, 507.03204, 73, 515.94769, 77, 34.875000, 79, 1.2153320, 83,         0,110,         1,116,         4, 84, 3.8037109
48C,2016/04/14 20:28:00, 50,-183.42358, 13,       246, 49,        32, 56, 1.0037853, 72, 507.01422, 73, 515.97693, 77, 34.937500, 79, 1.2153320, 83,         0,110,         1,116,         4, 84, 3.8127136
41C,2016/04/14 20:29:00, 50, 1701.6843, 13,       246, 49,        32, 56, 1.0037853, 72, 507.03174, 73, 516.03540, 77, 34.968750, 79, 1.2201934, 83,         0,110,         1,116,         4, 84, 3.8122559
48C,2016/04/14 20:30:00, 50, 689.46240, 13,       247, 49,        32, 56, 1.0037853, 72, 507.01965, 73, 516.00616, 77, 35.000000, 79, 1.2201934, 83,         0,110,         1,116,         4, 84, 3.8069153
43C,2016/04/14 20:31:00, 50,-227.89020, 13,       247, 49,        32, 56, 1.0037853, 72, 506.98663, 73, 516.03540, 77, 35.031250, 79, 1.2250546, 83,         0,110,         1,116,         4, 84, 3.8137817
43C,2016/04/14 20:32:00, 50, 804.71130, 13,       247, 49,        32, 56, 1.0037853, 72, 507.00903, 73, 516.06470, 77, 35.062500, 79, 1.2153320, 83,         0,110,         1,116,         4, 84, 3.8108826
49C,2016/04/14 20:33:00, 50, 2171.2305, 13,       248, 49,        32, 56, 1.0037853, 72, 506.98767, 73, 516.09393, 77, 35.125000, 79, 1.2250546, 83,         0,110,         1,116,         4, 84, 3.8217163
49C,2016/04/14 20:34:00, 50, 1089.2422, 13,       248, 49,        32, 56, 1.0037853, 72, 506.99463, 73, 516.09393, 77, 35.125000, 79, 1.2201934, 83,         0,110,         1,116,         4, 84, 3.8119507
4FC,2016/04/14 20:35:00, 50,-550.47156, 13,       248, 49,        32, 56, 1.0037853, 72, 507.03662, 73, 516.03540, 77, 35.156250, 79, 1.2201934, 83,         0,110,         1,116,         4, 84, 3.8020325
44C,2016/04/14 20:36:00, 50, 1281.2549, 13,       248, 49,        32, 56, 1.0037853, 72, 507.00037, 73, 516.09393, 77, 35.156250, 79, 1.2250546, 83,         0,110,         1,116,         4, 84, 3.8056946
42C,2016/04/14 20:37:00, 50, 3331.4399, 13,       249, 49,        32, 56, 1.0037853, 72, 506.99548, 73, 516.12317, 77, 35.187500, 79, 1.2201934, 83,         0,110,         1,116,         4, 84, 3.8183594
49C,2016/04/14 20:38:00, 50,-139.10941, 13,       249, 49,        32, 56, 1.0037853, 72, 507.03271, 73, 516.09393, 77, 35.218750, 79, 1.2153320, 83,         0,110,         1,116,         4, 84, 3.8056946
43C,2016/04/14 20:39:00, 50,-207.48584, 13,       249, 49,        32, 56, 1.0037853, 72, 507.02362, 73, 516.12317, 77, 35.281250, 79, 1.2153320, 83,         0,110,         1,116,         4, 84, 3.8014221
47C,2016/04/14 20:40:00, 50,-486.93878, 13,       250, 49,        32, 56, 1.0037853, 72, 507.04089, 73, 516.12317, 77, 35.281250, 79, 1.2250546, 83,         0,110,         1,116,         4, 84, 3.8133240
4DC,2016/04/14 20:41:00, 50, 2566.3784, 13,       250, 49,        32, 56, 1.0037853, 72, 507.02917, 73, 516.18164, 77, 35.281250, 79, 1.2153320, 83,         0,110,         1,116,         4, 84, 3.8124084
48C,2016/04/14 20:42:00, 50, 4497.6094, 13,       250, 49,        16, 56, 1.0037853, 72, 507.01477, 73, 516.12317, 77, 35.375000, 79, 1.2153320, 83,         0,110,         1,116,         4, 84, 3.8088989
4FC,2016/04/14 20:43:00, 50,-1413.3137, 13,       251, 49,        32, 56, 1.0037853, 72, 507.06073, 73, 516.12317, 77, 35.375000, 79, 1.2153320, 83,         0,110,         1,116,         4, 84, 3.8133240
4FC,2016/04/14 20:44:00, 50, 490.43695, 13,       251, 49,        32, 56, 1.0037853, 72, 507.06439, 73, 516.18164, 77, 35.406250, 79, 1.2104707, 83,         0,110,         1,116,         4, 84, 3.8136292
47C,2016/04/14 20:45:00, 50, 596.82288, 13,       251, 49,        32, 56, 1.0037853, 72, 507.08582, 73, 516.24011, 77, 35.406250, 79, 1.2201934, 83,         0,110,         1,116,         4, 84, 3.8136292
48C,2016/04/14 20:46:00, 50, 1823.3330, 13,       252, 49,        32, 56, 1.0037853, 72, 507.06122, 73, 516.26935, 77, 35.437500, 79, 1.2201934, 83,         0,110,         1,116,         4, 84, 3.8220215
49C,2016/04/14 20:47:00, 50, 2289.2734, 13,       252, 49,        32, 56, 1.0037853, 72, 507.05115, 73, 516.26935, 77, 35.468750, 79, 1.2250546, 83,         0,110,         1,116,         4, 84, 3.8156128
4EC,2016/04/14 20:48:00, 50, 1179.4568, 13,       252, 49,        32, 56, 1.0037853, 72, 507.05573, 73, 516.24011, 77, 35.468750, 79, 1.2153320, 83,         0,110,         1,116,         4, 84, 3.8082886
4AC,2016/04/14 20:49:00, 50, 2573.8481, 13,       252, 49,        32, 56, 1.0037853, 72, 507.05914, 73, 516.26935, 77, 35.500000, 79, 1.2153320, 83,         0,110,         1,116,         4, 84, 3.8061523
46C,2016/04/14 20:50:00, 50, 111.04106, 13,       253, 49,        32, 56, 1.0037853, 72, 507.06799, 73, 516.29858, 77, 35.562500, 79, 1.2250546, 83,         0,110,         1,116,         4, 84, 3.8175964
47C,2016/04/14 20:51:00, 50, 1913.6543, 13,       253, 49,        32, 56, 1.0037853, 72, 507.11267, 73, 516.32782, 77, 35.562500, 79, 1.2201934, 83,         0,110,         1,116,         4, 84, 3.8156128
4DC,2016/04/14 20:52:00, 50, 1001.8660, 13,       253, 49,        32, 56, 1.0037853, 72, 507.10773, 73, 516.32782, 77, 35.625000, 79, 1.2201934, 83,         0,110,         1,116,         4, 84, 3.8040161
4FC,2016/04/14 20:53:00, 50, 2368.3667, 13,       253, 49,        32, 56, 1.0037853, 72, 507.09619, 73, 516.32782, 77, 35.625000, 79, 1.2104707, 83,         0,110,         1,116,         4, 84, 3.8021851
49C,2016/04/14 20:54:00, 50,-29.633938, 13,       254, 49,        32, 56, 1.0037853, 72, 507.11359, 73, 516.32782, 77, 35.656250, 79, 1.2153320, 83,         0,110,         1,116,         4, 84, 3.8175964
48C,2016/04/14 20:55:00, 50, 1145.2651, 13,       254, 49,        32, 56, 1.0037853, 72, 507.13800, 73, 516.35712, 77, 35.656250, 79, 1.2250546, 83,         0,110,         1,116,         4, 84, 3.8153076
43C,2016/04/14 20:56:00, 50, 2822.8286, 13,       254, 49,        32, 56, 1.0037853, 72, 507.16272, 73, 516.41559, 77, 35.687500, 79, 1.2347773, 83,         0,110,         1,116,         4, 84, 3.8069153
45C,2016/04/14 20:57:00, 50, 2189.9648, 13,       254, 49,        32, 56, 1.0037853, 72, 507.13647, 73, 516.44482, 77, 35.687500, 79, 1.2201934, 83,         0,110,         1,116,         4, 84, 3.8038635
46C,2016/04/14 20:58:00, 50, 1317.5034, 13,       254, 49,        32, 56, 1.0037853, 72, 507.19592, 73, 516.41559, 77, 35.718750, 79, 1.2347773, 83,         0,110,         1,116,         4, 84, 3.7988281
44C,2016/04/14 20:59:00, 50, 629.04895, 13,       254, 49,        32, 56, 1.0037853, 72, 507.18506, 73, 516.41559, 77, 35.750000, 79, 1.2153320, 83,         0,110,         1,116,         4, 84, 3.7982178
42C,2016/04/14 21:00:00, 50, 1541.3149, 13,       254, 49,        32, 56, 1.0037853, 72, 507.16388, 73, 516.44482, 77, 35.781250, 79, 1.2153320, 83,         0,110,         1,116,         4, 84, 3.7884521
4EC,2016/04/14 21:01:00, 50, 1753.4600, 13,       254, 49,        32, 56, 1.0037853, 72, 507.17609, 73, 516.44482, 77, 35.781250, 79, 1.2104707, 83,         0,110,         1,116,         4, 84, 3.7802124
45C,2016/04/14 21:02:00, 50, 1022.5601, 13,       254, 49,        16, 56, 1.0037853, 72, 507.16528, 73, 516.38635, 77, 35.812500, 79, 1.2153320, 83,         0,110,         1,116,         4, 84, 3.7786865
4BC,2016/04/14 21:03:00, 50, 2873.2529, 13,       254, 49,        32, 56, 1.0037853, 72, 507.13788, 73, 516.47406, 77, 35.843750, 79, 1.2250546, 83,         0,110,         1,116,         4, 84, 3.7692261
42C,2016/04/14 21:04:00, 50, 2922.9746, 13,       254, 49,        32, 56, 1.0037853, 72, 507.13123, 73, 516.47406, 77, 35.875000, 79, 1.2201934, 83,         0,110,         1,116,         4, 84, 3.7684631
46C,2016/04/14 21:05:00, 50, 4798.0850, 13,       254, 49,        16, 56, 1.0037853, 72, 507.15533, 73, 516.47406, 77, 35.875000, 79, 1.2153320, 83,         0,110,         1,116,         4, 84, 3.7623596
44C,2016/04/14 21:06:00, 50, 2452.0601, 13,       254, 49,        32, 56, 1.0037853, 72, 507.11029, 73, 516.47406, 77, 35.875000, 79, 1.2201934, 83,         0,110,         1,116,         4, 84, 3.7609863
40C,2016/04/14 21:07:00, 50, 1086.7205, 13,       254, 49,        32, 56, 1.0037853, 72, 507.11450, 73, 516.44482, 77, 35.937500, 79, 1.2153320, 83,         0,110,         1,116,         4, 84, 3.7524414
49C,2016/04/14 21:08:00, 50, 2009.3096, 13,       254, 49,        32, 56, 1.0037853, 72, 507.10486, 73, 516.47406, 77, 35.968750, 79, 1.2201934, 83,         0,110,         1,116,         4, 84, 3.7515259
4EC,2016/04/14 21:09:00, 50, 2515.0205, 13,       254, 49,        32, 56, 1.0037853, 72, 507.08557, 73, 516.47406, 77, 35.968750, 79, 1.2201934, 83,         0,110,         1,116,         4, 84, 3.7446594
46C,2016/04/14 21:10:00, 50, 2138.9102, 13,       254, 49,        32, 56, 1.0037853, 72, 507.07410, 73, 516.50330, 77, 35.968750, 79, 1.2153320, 83,         0,110,         1,116,         4, 84, 3.7432861
46C,2016/04/14 21:11:00, 50, 3462.6611, 13,       254, 49,        16, 56, 1.0037853, 72, 507.13495, 73, 516.47406, 77, 36.031250, 79, 1.2250546, 83,         0,110,         1,116,         4, 84, 3.7400818
46C,2016/04/14 21:12:00, 50, 5311.3262, 13,       254, 49,        16, 56, 1.0037853, 72, 507.11969, 73, 516.50330, 77, 36.031250, 79, 1.2153320, 83,         0,110,         1,116,         4, 84, 3.7338257
4FC,2016/04/14 21:13:00, 50, 1111.0686, 13,       254, 49,        32, 56, 1.0037853, 72, 507.11926, 73, 516.53253, 77, 36.062500, 79, 1.2250546, 83,         0,110,         1,116,         4, 84, 3.7300110
42C,2016/04/14 21:14:00, 50,-398.75305, 13,       254, 49,        32, 56, 1.0037853, 72, 507.10486, 73, 516.50330, 77, 36.062500, 79, 1.2201934, 83,         0,110,         1,116,         4, 84, 3.7255859
45C,2016/04/14 21:15:00, 50, 964.25183, 13,       254, 49,        32, 56, 1.0037853, 72, 507.14270, 73, 516.47406, 77, 36.093750, 79, 1.2153320, 83,         0,110,         1,116,         4, 84, 3.7217712
44C,2016/04/14 21:16:00, 50, 1595.7073, 13,       254, 49,        32, 56, 1.0037853, 72, 507.12207, 73, 516.53253, 77, 36.125000, 79, 1.2056093, 83,         0,110,         1,116,         4, 84, 3.7191772
49C,2016/04/14 21:17:00, 50, 1933.6379, 13,       254, 49,        32, 56, 1.0037853, 72, 507.09167, 73, 516.53253, 77, 36.156250, 79, 1.2104707, 83,         0,110,         1,116,         4, 84, 3.7115479
4DC,2016/04/14 21:18:00, 50, 102.60295, 13,       254, 49,        32, 56, 1.0037853, 72, 507.12231, 73, 516.50330, 77, 36.156250, 79, 1.2201934, 83,         0,110,         1,116,         4, 84, 3.7081909
44C,2016/04/14 21:19:00, 50, 117.36891, 13,       254, 49,        32, 56, 1.0037853, 72, 507.10785, 73, 516.56177, 77, 36.156250, 79, 1.2153320, 83,         0,110,         1,116,         4, 84, 3.7113953
47C,2016/04/14 21:20:00, 50,-22.857521, 13,       254, 49,        32, 56, 1.0037853, 72, 507.11963, 73, 516.50330, 77, 36.062500, 79, 1.2299160, 83,         0,110,         1,116,         4, 84, 3.7159729
4FC,2016/04/14 21:21:00, 50, 1908.0071, 13,       254, 49,        32, 56, 1.0037853, 72, 507.16235, 73, 516.41559, 77, 35.937500, 79, 1.2201934, 83,         0,110,         1,116,         4, 84, 3.7162781
40C,2016/04/14 21:22:00, 50, 3015.7817, 13,       254, 49,        32, 56, 1.0037853, 72, 507.14526, 73, 516.38635, 77, 35.781250, 79, 1.2104707, 83,         0,110,         1,116,         4, 84, 3.7228394
46C,2016/04/14 21:23:00, 50, 3182.6636, 13,       254, 49,        32, 56, 1.0037853, 72, 507.15204, 73, 516.32782, 77, 35.593750, 79, 1.2201934, 83,         0,110,         1,116,         4, 84, 3.7248230
4AC,2016/04/14 21:24:00, 50, 2935.8306, 13,       254, 49,        32, 56, 1.0037853, 72, 507.18365, 73, 516.29858, 77, 35.375000, 79, 1.2153320, 83,         0,110,         1,116,         4, 84, 3.7207031
4CC,2016/04/14 21:25:00, 50, 3222.9663, 13,       254, 49,        32, 56, 1.0037853, 72, 507.21075, 73, 516.24011, 77, 35.187500, 79, 1.2153320, 83,         0,110,         1,116,         4, 84, 3.7242126
49C,2016/04/14 21:26:00, 50, 1574.3870, 13,       254, 49,        32, 56, 1.0037853, 72, 507.24908, 73, 516.24011, 77, 34.937500, 79, 1.2201934, 83,         0,110,         1,116,         4, 84, 3.7193298
44C,2016/04/14 21:27:00, 50, 2432.1333, 13,       254, 49,        32, 56, 1.0037853, 72, 507.24591, 73, 516.24011, 77, 34.718750, 79, 1.2201934, 83,         0,110,         1,116,         4, 84, 3.7126160
4EC,2016/04/14 21:28:00, 50, 1866.6328, 13,       254, 49,        32, 56, 1.0037853, 72, 507.21918, 73, 516.15240, 77, 34.468750, 79, 1.2201934, 83,         0,110,         1,116,         4, 84, 3.7095642
4FC,2016/04/14 21:29:00, 50, 2382.8970, 13,       254, 49,        32, 56, 1.0037853, 72, 507.23615, 73, 516.15240, 77, 34.312500, 79, 1.2201934, 83,         0,110,         1,116,         4, 84, 3.7057495
4FC,2016/04/14 21:30:00, 50, 465.93817, 13,       254, 49,        32, 56, 1.0037853, 72, 507.23187, 73, 516.09393, 77, 34.125000, 79, 1.2201934, 83,         0,110,         1,116,         4, 84, 3.6990356
44C,2016/04/14 21:31:00, 50, 5091.7588, 13,       254, 49,        16, 56, 1.0037853, 72, 507.24225, 73, 516.09393, 77, 33.968750, 79, 1.2250546, 83,         0,110,         1,116,         4, 84, 3.7025452
4CC,2016/04/14 21:32:00, 50, 2206.4780, 13,       254, 49,        32, 56, 1.0037853, 72, 507.23077, 73, 516.09393, 77, 33.781250, 79, 1.2201934, 83,         0,110,         1,116,         4, 84, 3.6909485
4BC,2016/04/14 21:33:00, 50, 1549.3635, 13,       254, 49,        32, 56, 1.0037853, 72, 507.23529, 73, 516.03540, 77, 33.656250, 79, 1.2201934, 83,         0,110,         1,116,         4, 84, 3.6831665
49C,2016/04/14 21:34:00, 50, 1617.9380, 13,       254, 49,        32, 56, 1.0037853, 72, 507.23846, 73, 516.06470, 77, 33.593750, 79, 1.2201934, 83,         0,110,         1,116,         4, 84, 3.6750793
4BC,2016/04/14 21:35:00, 50,-1049.6589, 13,       254, 49,        32, 56, 1.0037853, 72, 507.24335, 73, 516.03540, 77, 33.500000, 79, 1.2250546, 83,         0,110,         1,116,         4, 84, 3.6695862
49C,2016/04/14 21:36:00, 50, 1683.7527, 13,       254, 49,        32, 56, 1.0037853, 72, 507.24207, 73, 516.06470, 77, 33.437500, 79, 1.2201934, 83,         0,110,         1,116,         4, 84, 3.6711121
44C,2016/04/14 21:37:00, 50, 1428.5247, 13,       254, 49,        32, 56, 1.0037853, 72, 507.26453, 73, 516.03540, 77, 33.375000, 79, 1.2201934, 83,         0,110,         1,116,         4, 84, 3.6579895
40C,2016/04/14 21:38:00, 50, 328.65179, 13,       254, 49,        32, 56, 1.0037853, 72, 507.26178, 73, 516.06470, 77, 33.312500, 79, 1.2201934, 83,         0,110,         1,116,         4, 84, 3.6499023
49C,2016/04/14 21:39:00, 50, 935.89429, 13,       254, 49,        32, 56, 1.0037853, 72, 507.26929, 73, 516.00616, 77, 33.312500, 79, 1.2201934, 83,         0,110,         1,116,         4, 84, 3.6436462
44C,2016/04/14 21:40:00, 50, 610.97375, 13,       254, 49,        32, 56, 1.0037853, 72, 507.27063, 73, 516.03540, 77, 33.281250, 79, 1.2299160, 83,         0,110,         1,116,         4, 84, 3.6373901
45C,2016/04/14 21:41:00, 50, 1141.8127, 13,       254, 49,        32, 56, 1.0037853, 72, 507.24884, 73, 516.06470, 77, 33.250000, 79, 1.2153320, 83,         0,110,         1,116,         4, 84, 3.6341858
4FC,2016/04/14 21:42:00, 50, 1603.3975, 13,       254, 49,        32, 56, 1.0037853, 72, 507.23846, 73, 516.06470, 77, 33.281250, 79, 1.2201934, 83,         0,110,         1,116,         4, 84, 3.6282349
42C,2016/04/14 21:43:00, 50, 2506.1367, 13,       254, 49,        32, 56, 1.0037853, 72, 507.25372, 73, 516.12317, 77, 33.281250, 79, 1.2201934, 83,         0,110,         1,116,         4, 84, 3.6219788
4EC,2016/04/14 21:44:00, 50, 1366.3567, 13,       254, 49,        32, 56, 1.0037853, 72, 507.22174, 73, 516.09393, 77, 33.312500, 79, 1.2201934, 83,         0,110,         1,116,         4, 84, 3.6218262
4EC,2016/04/14 21:45:00, 50, 1301.8223, 13,       254, 49,        32, 56, 1.0037853, 72, 507.28760, 73, 516.12317, 77, 33.375000, 79, 1.2201934, 83,         0,110,         1,116,         4, 84, 3.6112976
44C,2016/04/14 21:46:00, 50, 2682.0352, 13,       254, 49,        32, 56, 1.0037853, 72, 507.28839, 73, 516.15240, 77, 33.406250, 79, 1.2201934, 83,         0,110,         1,116,         4, 84, 3.6122131
49C,2016/04/14 21:47:00, 50, 2279.4702, 13,       254, 49,        32, 56, 1.0037853, 72, 507.32831, 73, 516.15240, 77, 33.593750, 79, 1.2250546, 83,         0,110,         1,116,         4, 84, 3.6079407
4FC,2016/04/14 21:48:00, 50, 2578.2002, 13,       254, 49,        32, 56, 1.0037853, 72, 507.30841, 73, 516.15240, 77, 33.687500, 79, 1.2250546, 83,         0,110,         1,116,         4, 84, 3.6109924
47C,2016/04/14 21:49:00, 50, 2485.7358, 13,       254, 49,        32, 56, 1.0037853, 72, 507.28870, 73, 516.12317, 77, 33.781250, 79, 1.2250546, 83,         0,110,         1,116,         4, 84, 3.6134338
49C,2016/04/14 21:50:00, 50, 2101.9912, 13,       254, 49,        32, 56, 1.0037853, 72, 507.25562, 73, 516.15240, 77, 33.812500, 79, 1.2250546, 83,         0,110,         1,116,         4, 84, 3.6126709
44C,2016/04/14 21:51:00, 50, 1966.1663, 13,       254, 49,        32, 56, 1.0037853, 72, 507.29486, 73, 516.09393, 77, 33.812500, 79, 1.2153320, 83,         0,110,         1,116,         4, 84, 3.6097717
40C,2016/04/14 21:52:00, 50, 1553.2161, 13,       254, 49,        32, 56, 1.0037853, 72, 507.27539, 73, 516.03540, 77, 33.781250, 79, 1.2201934, 83,         0,110,         1,116,         4, 84, 3.6070251
43C,2016/04/14 21:53:00, 50, 2320.2676, 13,       254, 49,        32, 56, 1.0037853, 72, 507.28754, 73, 516.00616, 77, 33.656250, 79, 1.2201934, 83,         0,110,         1,116,         4, 84, 3.6016846
43C,2016/04/14 21:54:00, 50, 3139.5703, 13,       254, 49,        32, 56, 1.0037853, 72, 507.25891, 73, 516.03540, 77, 33.562500, 79, 1.2250546, 83,         0,110,         1,116,         4, 84, 3.6096191
44C,2016/04/14 21:55:00, 50, 2955.4243, 13,       254, 49,        32, 56, 1.0037853, 72, 507.24585, 73, 516.00616, 77, 33.468750, 79, 1.2201934, 83,         0,110,         1,116,         4, 84, 3.6030579
4DC,2016/04/14 21:56:00, 50, 1961.0078, 13,       254, 49,        32, 56, 1.0037853, 72, 507.25604, 73, 516.00616, 77, 33.375000, 79, 1.2201934, 83,     33024,110,         1,116,         4, 84, 3.5987854
4FC,2016/04/14 21:57:00, 50, 1673.0964, 13,       254, 49,        32, 56, 1.0037853, 72, 507.23761, 73, 516.00616, 77, 33.343750, 79, 1.2153320, 83,     33024,110,         1,116,         4, 84, 3.5943604
45C,2016/04/14 21:58:00, 50, 1353.8259, 13,       254, 49,        32, 56, 1.0037853, 72, 507.24121, 73, 516.00616, 77, 33.343750, 79, 1.2201934, 83,     33024,110,         1,116,         4, 84, 3.5848999
44C,2016/04/14 21:59:00, 50,-358.47949, 13,       254, 49,        32, 56, 1.0037853, 72, 507.28131, 73, 516.00616, 77, 33.406250, 79, 1.2201934, 83,     33024,110,         1,116,         4, 84, 3.5816956
4FC,2016/04/14 22:00:00, 50, 1207.4534, 13,       254, 49,        32, 56, 1.0037853, 72, 507.28906, 73, 516.03540, 77, 33.468750, 79, 1.2201934, 83,     33024,110,         1,116,         4, 84, 3.5816956
47C,2016/04/14 22:01:00, 50, 692.38574, 13,       254, 49,        32, 56, 1.0037853, 72, 507.25403, 73, 515.97693, 77, 33.500000, 79, 1.2250546, 83,     33024,110,         1,116,         4, 84, 3.5803223
40C,2016/04/14 22:02:00, 50, 4076.5063, 13,       254, 49,        32, 56, 1.0037853, 72, 507.26050, 73, 516.06470, 77, 33.562500, 79, 1.2201934, 83,     33024,110,         1,116,         4, 84, 3.5772705
46C,2016/04/14 22:03:00, 50, 1028.4058, 13,       254, 49,        32, 56, 1.0037853, 72, 507.30603, 73, 516.00616, 77, 33.625000, 79, 1.2201934, 83,     33024,110,         1,116,         4, 84, 3.5704041
47C,2016/04/14 22:04:00, 50, 3132.9849, 13,       254, 49,        16, 56, 1.0037853, 72, 507.27429, 73, 515.97693, 77, 33.531250, 79, 1.2201934, 83,     33024,110,         1,116,         4, 84, 3.5711670
48C,2016/04/14 22:05:00, 50, 1655.1304, 13,       254, 49,        32, 56, 1.0037853, 72, 507.26788, 73, 515.94769, 77, 33.468750, 79, 1.2250546, 83,     33024,110,         1,116,         4, 84, 3.5667419
43C,2016/04/14 22:06:00, 50,-1991.0515, 13,       254, 49,        32, 56, 1.0037853, 72, 507.24243, 73, 515.94769, 77, 33.437500, 79, 1.2201934, 83,     33024,110,         1,116,         4, 84, 3.5575867
43C,2016/04/14 22:07:00, 50, 1416.7361, 13,       254, 49,        32, 56, 1.0037853, 72, 507.24762, 73, 516.00616, 77, 33.437500, 79, 1.2201934, 83,     33024,110,         1,116,         4, 84, 3.5620117
47C,2016/04/14 22:08:00, 50, 1881.8408, 13,       254, 49,        32, 56, 1.0037853, 72, 507.27765, 73, 515.97693, 77, 33.406250, 79, 1.2153320, 83,     33024,110,         1,116,         4, 84, 3.5635376
4FC,2016/04/14 22:09:00, 50, 38.855888, 13,       254, 49,        32, 56, 1.0037853, 72, 507.26300, 73, 515.91846, 77, 33.250000, 79, 1.2201934, 83,     33024,110,         1,116,         4, 84, 3.5633850
41C,2016/04/14 22:10:00, 50, 4677.2070, 13,       254, 49,        16, 56, 1.0037853, 72, 507.24518, 73, 515.85999, 77, 33.156250, 79, 1.2250546, 83,     33024,110,         1,116,         4, 84, 3.5649109
4BC,2016/04/14 22:11:00, 50, 94.492203, 13,       254, 49,        32, 56, 1.0037853, 72, 507.27802, 73, 515.80151, 77, 33.031250, 79, 1.2201934, 83,     33024,110,         1,116,         4, 84, 3.5667419
44C,2016/04/14 22:12:00, 50, 1198.4600, 13,       254, 49,        32, 56, 1.0037853, 72, 507.31628, 73, 515.85999, 77, 33.062500, 79, 1.2201934, 83,     33024,110,         1,116,         4, 84, 3.5633850
45C,2016/04/14 22:13:00, 50, 976.58752, 13,       254, 49,        32, 56, 1.0037853, 72, 507.25604, 73, 515.83075, 77, 33.093750, 79, 1.2153320, 83,     33024,110,         1,116,         4, 84, 3.5580444
40C,2016/04/14 22:14:00, 50, 2264.1646, 13,       254, 49,        32, 56, 1.0037853, 72, 507.25970, 73, 515.83075, 77, 33.187500, 79, 1.2201934, 83,     33024,110,         1,116,         4, 84, 3.5546875
47C,2016/04/14 22:15:00, 50, 2158.3359, 13,       254, 49,        32, 56, 1.0037853, 72, 507.29071, 73, 515.85999, 77, 33.218750, 79, 1.2201934, 83,     33024,110,         1,116,         4, 84, 3.5525513
47C,2016/04/14 22:16:00, 50, 694.93469, 13,       254, 49,        32, 56, 1.0037853, 72, 507.30139, 73, 515.85999, 77, 33.156250, 79, 1.2104707, 83,     33024,110,         1,116,         4, 84, 3.5470581
47C,2016/04/14 22:17:00, 50,-1108.6423, 13,       254, 49,        32, 56, 1.0037853, 72, 507.27448, 73, 515.80151, 77, 33.062500, 79, 1.2153320, 83,     33024,110,         1,116,         4, 84, 3.5398865
4EC,2016/04/14 22:18:00, 50, 116.26044, 13,       254, 49,        32, 56, 1.0037853, 72, 507.24542, 73, 515.83075, 77, 33.031250, 79, 1.2250546, 83,     33024,110,         1,116,         4, 84, 3.5353088
40C,2016/04/14 22:19:00, 50,-654.95203, 13,       254, 49,        32, 56, 1.0037853, 72, 507.25299, 73, 515.77222, 77, 33.000000, 79, 1.2250546, 83,     33024,110,         1,116,         4, 84, 3.5223389
4DC,2016/04/14 22:20:00, 50, 1706.8645, 13,       254, 49,        32, 56, 1.0037853, 72, 507.22522, 73, 515.85999, 77, 32.937500, 79, 1.2250546, 83,     33024,110,         1,116,         4, 84, 3.5282898
41C,2016/04/14 22:21:00, 50,-1938.0386, 13,       254, 49,        64, 56, 1.0037853, 72, 507.23822, 73, 515.80151, 77, 32.937500, 79, 1.2250546, 83,     33024,110,         1,116,         4, 84, 3.5232544
45C,2016/04/14 22:22:00, 50, 2172.2095, 13,       254, 49,        32, 56, 1.0037853, 72, 507.22247, 73, 515.85999, 77, 32.843750, 79, 1.2153320, 83,     33024,110,         1,116,         4, 84, 3.5217285
4DC,2016/04/14 22:23:00, 50, 3477.7495, 13,       254, 49,        16, 56, 1.0037853, 72, 507.26929, 73, 515.80151, 77, 32.812500, 79, 1.2153320, 83,     33024,110,         1,116,         4, 84, 3.5211182
4FC,2016/04/14 22:24:00, 50, 1890.3782, 13,       254, 49,        16, 56, 1.0037853, 72, 507.24304, 73, 515.80151, 77, 32.812500, 79, 1.2104707, 83,     33024,110,         1,116,         4, 84, 3.5147095
4FC,2016/04/14 22:25:00, 50,-57.376511, 13,       254, 49,        32, 56, 1.0037853, 72, 507.24213, 73, 515.83075, 77, 32.781250, 79, 1.2299160, 83,     33024,110,         1,116,         4, 84, 3.5102844
4FC,2016/04/14 22:26:00, 50, 2157.0801, 13,       254, 49,        32, 56, 1.0037853, 72, 507.23187, 73, 515.85999, 77, 32.750000, 79, 1.2250546, 83,     33024,110,         1,116,         4, 84, 3.5112000
4DC,2016/04/14 22:27:00, 50, 1123.3782, 13,       254, 49,        32, 56, 1.0037853, 72, 507.23529, 73, 515.85999, 77, 32.750000, 79, 1.2250546, 83,     33024,110,         1,116,         4, 84, 3.5002136
43C,2016/04/14 22:28:00, 50, 324.46924, 13,       254, 49,        32, 56, 1.0037853, 72, 507.22577, 73, 515.85999, 77, 32.718750, 79, 1.2153320, 83,     33024,110,         1,116,         4, 84, 3.4968567
4DC,2016/04/14 22:29:00, 50, 2521.6260, 13,       254, 49,        32, 56, 1.0037853, 72, 507.24249, 73, 515.88922, 77, 32.812500, 79, 1.2250546, 83,     33024,110,         1,116,         4, 84, 3.4954834
46C,2016/04/14 22:30:00, 50,-1614.2891, 13,       254, 49,        32, 56, 1.0037853, 72, 507.20190, 73, 515.85999, 77, 32.812500, 79, 1.2250546, 83,     33024,110,         1,116,         4, 84, 3.4873962
44C,2016/04/14 22:31:00, 50, 2000.2771, 13,       254, 49,        32, 56, 1.0037853, 72, 507.18915, 73, 515.85999, 77, 32.843750, 79, 1.2250546, 83,     33024,110,         1,116,         4, 84, 3.4899902
4EC,2016/04/14 22:32:00, 50,-469.03815, 13,       254, 49,        32, 56, 1.0037853, 72, 507.14935, 73, 515.83075, 77, 32.843750, 79, 1.2201934, 83,     33024,110,         1,116,         4, 84, 3.4826660
4DC,2016/04/14 22:33:00, 50, 2007.3025, 13,       254, 49,        32, 56, 1.0037853, 72, 507.15314, 73, 515.91846, 77, 32.875000, 79, 1.2201934, 83,     33024,110,         1,116,         4, 84, 3.4835815
48C,2016/04/14 22:34:00, 50, 2127.6025, 13,       254, 49,        32, 56, 1.0037853, 72, 507.17163, 73, 515.91846, 77, 32.875000, 79, 1.2250546, 83,     33024,110,         1,116,         4, 84, 3.4809875
44C,2016/04/14 22:35:00, 50, 5255.4111, 13,       254, 49,        16, 56, 1.0037853, 72, 507.17731, 73, 515.85999, 77, 32.906250, 79, 1.2201934, 83,     33024,110,         1,116,         4, 84, 3.4820557
4BC,2016/04/14 22:36:00, 50,-337.70172, 13,       254, 49,        32, 56, 1.0037853, 72, 507.14795, 73, 515.91846, 77, 32.968750, 79, 1.2201934, 83,     33024,110,         1,116,         4, 84, 3.4661865
42C,2016/04/14 22:37:00, 50, 2920.4800, 13,       254, 49,        32, 56, 1.0037853, 72, 507.17957, 73, 515.94769, 77, 32.968750, 79, 1.2153320, 83,     33024,110,         1,116,         4, 84, 3.4724426
49C,2016/04/14 22:38:00, 50, 7234.9541, 13,       254, 49,        16, 56, 1.0037853, 72, 507.17212, 73, 515.91846, 77, 33.000000, 79, 1.2250546, 83,     33024,110,         1,116,         4, 84, 3.4730530
4BC,2016/04/14 22:39:00, 50, 1332.0122, 13,       254, 49,        32, 56, 1.0037853, 72, 507.16608, 73, 515.94769, 77, 33.062500, 79, 1.2201934, 83,     33024,110,         1,116,         4, 84, 3.4684753
49C,2016/04/14 22:40:00, 50, 1647.5088, 13,       254, 49,        32, 56, 1.0037853, 72, 507.17828, 73, 515.97693, 77, 33.125000, 79, 1.2201934, 83,     33024,110,         1,116,         4, 84, 3.4580994
4EC,2016/04/14 22:41:00, 50, 945.63196, 13,       254, 49,        32, 56, 1.0037853, 72, 507.15527, 73, 515.97693, 77, 33.156250, 79, 1.2201934, 83,     33024,110,         1,116,         4, 84, 3.4606934
48C,2016/04/14 22:42:00, 50, 2030.6707, 13,       254, 49,        32, 56, 1.0037853, 72, 507.17993, 73, 516.03540, 77, 33.187500, 79, 1.2201934, 83,     33024,110,         1,116,         4, 84, 3.4538269
46C,2016/04/14 22:43:00, 50, 1038.5381, 13,       254, 49,        32, 56, 1.0037853, 72, 507.17151, 73, 516.06470, 77, 33.250000, 79, 1.2201934, 83,     33024,110,         1,116,         4, 84, 3.4611511
4BC,2016/04/14 22:44:00, 50, 1118.5063, 13,       254, 49,        32, 56, 1.0037853, 72, 507.14514, 73, 516.06470, 77, 33.312500, 79, 1.2201934, 83,     33024,110,         1,116,         4, 84, 3.4567261
48C,2016/04/14 22:45:00, 50, 419.33478, 13,       254, 49,        32, 56, 1.0037853, 72, 507.15979, 73, 516.03540, 77, 33.343750, 79, 1.2153320, 83,     33024,110,         1,116,         4, 84, 3.4503174
4CC,2016/04/14 22:46:00, 50, 211.19949, 13,       254, 49,        32, 56, 1.0037853, 72, 507.16193, 73, 516.03540, 77, 33.375000, 79, 1.2201934, 83,     33024,110,         1,116,         4, 84, 3.4475708
48C,2016/04/14 22:47:00, 50, 1273.3291, 13,       254, 49,        32, 56, 1.0037853, 72, 507.15967, 73, 516.03540, 77, 33.468750, 79, 1.2201934, 83,     33024,110,         1,116,         4, 84, 3.4397888
4AC,2016/04/14 22:48:00, 50, 3637.5493, 13,       254, 49,        16, 56, 1.0037853, 72, 507.16486, 73, 516.03540, 77, 33.500000, 79, 1.2201934, 83,     33024,110,         1,116,         4, 84, 3.4446716
43C,2016/04/14 22:49:00, 50, 4156.7852, 13,       254, 49,        32, 56, 1.0037853, 72, 507.16882, 73, 516.12317, 77, 33.562500, 79, 1.2201934, 83,     33024,110,         1,116,         4, 84, 3.4425354
4AC,2016/04/14 22:50:00, 50,-1535.0686, 13,       254, 49,        32, 56, 1.0037853, 72, 507.18976, 73, 516.06470, 77, 33.593750, 79, 1.2201934, 83,     33024,110,         1,116,         4, 84, 3.4356689
45C,2016/04/14 22:51:00, 50, 2553.4941, 13,       254, 49,        32, 56, 1.0037853, 72, 507.16705, 73, 516.15240, 77, 33.781250, 79, 1.2201934, 83,     33024,110,         1,116,         4, 84, 3.4300232
41C,2016/04/14 22:52:00, 50, 3230.1226, 13,       254, 49,        32, 56, 1.0037853, 72, 507.16187, 73, 516.18164, 77, 33.906250, 79, 1.2153320, 83,     33024,110,         1,116,         4, 84, 3.4339905
42C,2016/04/14 22:53:00, 50, 1393.3120, 13,       254, 49,        32, 56, 1.0037853, 72, 507.16797, 73, 516.18164, 77, 34.062500, 79, 1.2201934, 83,     33024,110,         1,116,         4, 84, 3.4286499
48C,2016/04/14 22:54:00, 50, 2127.7202, 13,       254, 49,        32, 56, 1.0037853, 72, 507.17627, 73, 516.21088, 77, 34.187500, 79, 1.2153320, 83,     33024,110,         1,116,         4, 84, 3.4269714
41C,2016/04/14 22:55:00, 50, 787.57996, 13,       254, 49,        32, 56, 1.0037853, 72, 507.18274, 73, 516.24011, 77, 34.312500, 79, 1.2201934, 83,     33024,110,         1,116,         4, 84, 3.4239197
45C,2016/04/14 22:56:00, 50, 218.10626, 13,       254, 49,        32, 56, 1.0037853, 72, 507.19220, 73, 516.26935, 77, 34.406250, 79, 1.2153320, 83,     33024,110,         1,116,         4, 84, 3.4115601
4BC,2016/04/14 22:57:00, 50, 1597.6143, 13,       254, 49,        32, 56, 1.0037853, 72, 507.17566, 73, 516.26935, 77, 34.531250, 79, 1.2104707, 83,     33024,110,         1,116,         4, 84, 3.4170532
43C,2016/04/14 22:58:00, 50, 57.220604, 13,       254, 49,        32, 56, 1.0037853, 72, 507.18518, 73, 516.29858, 77, 34.593750, 79, 1.2201934, 83,     33024,110,         1,116,         4, 84, 3.4172058
42C,2016/04/14 22:59:00, 50, 370.54535, 13,       254, 49,        32, 56, 1.0037853, 72, 507.18231, 73, 516.29858, 77, 34.687500, 79, 1.2250546, 83,     33024,110,         1,116,         4, 84, 3.4144592
47C,2016/04/14 23:00:00, 50, 2035.8054, 13,       254, 49,        32, 56, 1.0037853, 72, 507.16913, 73, 516.32782, 77, 34.750000, 79, 1.2201934, 83,     33024,110,         1,116,         4, 84, 3.4080505
43C,2016/04/14 23:01:00, 50, 397.61816, 13,       254, 49,        32, 56, 1.0037853, 72, 507.16156, 73, 516.29858, 77, 34.812500, 79, 1.2201934, 83,     33024,110,         1,116,         4, 84, 3.4115601
40C,2016/04/14 23:02:00, 50,-2002.8772, 13,       254, 49,        32, 56, 1.0037853, 72, 507.17529, 73, 516.32782, 77, 34.875000, 79, 1.2250546, 83,     33024,110,         1,116,         4, 84, 3.4030151
43C,2016/04/14 23:03:00, 50, 1423.9922, 13,       254, 49,        32, 56, 1.0037853, 72, 507.16919, 73, 516.38635, 77, 34.906250, 79, 1.2201934, 83,     33024,110,         1,116,         4, 84, 3.4075928
4FC,2016/04/14 23:04:00, 50, 2742.7876, 13,       254, 49,        32, 56, 1.0037853, 72, 507.17285, 73, 516.38635, 77, 34.968750, 79, 1.2201934, 83,     33024,110,         1,116,         4, 84, 3.4025574
41C,2016/04/14 23:05:00, 50,-726.42395, 13,       254, 49,        64, 56, 1.0037853, 72, 507.18152, 73, 516.38635, 77, 35.031250, 79, 1.2153320, 83,     33024,110,         1,116,         4, 84, 3.3930969
4BC,2016/04/14 23:06:00, 50, 1613.7078, 13,       254, 49,        32, 56, 1.0037853, 72, 507.20013, 73, 516.41559, 77, 35.093750, 79, 1.2153320, 83,     33024,110,         1,116,         4, 84, 3.3937073
46C,2016/04/14 23:07:00, 50, 1331.2278, 13,       254, 49,        32, 56, 1.0037853, 72, 507.21027, 73, 516.41559, 77, 35.156250, 79, 1.2201934, 83,     33024,110,         1,116,         4, 84, 3.3905029
4AC,2016/04/14 23:08:00, 50, 1806.0874, 13,       254, 49,        32, 56, 1.0037853, 72, 507.22174, 73, 516.44482, 77, 35.187500, 79, 1.2250546, 83,     33024,110,         1,116,         4, 84, 3.3900452
42C,2016/04/14 23:09:00, 50, 2060.4932, 13,       254, 49,        32, 56, 1.0037853, 72, 507.20050, 73, 516.41559, 77, 35.250000, 79, 1.2201934, 83,     33024,110,         1,116,         4, 84, 3.3886719
4AC,2016/04/14 23:10:00, 50,-2007.8706, 13,       254, 49,        32, 56, 1.0037853, 72, 507.20300, 73, 516.41559, 77, 35.281250, 79, 1.2250546, 83,     33024,110,         1,116,         4, 84, 3.3839417
4EC,2016/04/14 23:11:00, 50,-127.51192, 13,       254, 49,        32, 56, 1.0037853, 72, 507.22174, 73, 516.38635, 77, 35.343750, 79, 1.2250546, 83,     33024,110,         1,116,         4, 84, 3.3834839
4FC,2016/04/14 23:12:00, 50,-621.28247, 13,       254, 49,        32, 56, 1.0037853, 72, 507.23053, 73, 516.41559, 77, 35.375000, 79, 1.2250546, 83,     33024,110,         1,116,         4, 84, 3.3815002
45C,2016/04/14 23:13:00, 50, 4374.0400, 13,       254, 49,        32, 56, 1.0037853, 72, 507.24188, 73, 516.47406, 77, 35.406250, 79, 1.2104707, 83,     33024,110,         1,116,         4, 84, 3.3866882
44C,2016/04/14 23:14:00, 50, 2293.8872, 13,       254, 49,        32, 56, 1.0037853, 72, 507.22144, 73, 516.44482, 77, 35.437500, 79, 1.2201934, 83,     33024,110,         1,116,         4, 84, 3.3831787
43C,2016/04/14 23:15:00, 50, 168.49142, 13,       254, 49,        32, 56, 1.0037853, 72, 507.24078, 73, 516.44482, 77, 35.468750, 79, 1.2153320, 83,     33024,110,         1,116,         4, 84, 3.3799744
46C,2016/04/14 23:16:00, 50, 715.10339, 13,       254, 49,        32, 56, 1.0037853, 72, 507.18933, 73, 516.44482, 77, 35.468750, 79, 1.2104707, 83,     33024,110,         1,116,         4, 84, 3.3711243
4BC,2016/04/14 23:17:00, 50, 1168.3779, 13,       254, 49,        32, 56, 1.0037853, 72, 507.20398, 73, 516.44482, 77, 35.500000, 79, 1.2153320, 83,     33024,110,         1,116,         4, 84, 3.3709717
4AC,2016/04/14 23:18:00, 50, 2173.6514, 13,       254, 49,        32, 56, 1.0037853, 72, 507.16095, 73, 516.44482, 77, 35.500000, 79, 1.2201934, 83,     33024,110,         1,116,         4, 84, 3.3706665
43C,2016/04/14 23:19:00, 50,-429.50476, 13,       254, 49,        32, 56, 1.0037853, 72, 507.22278, 73, 516.56177, 77, 35.562500, 79, 1.2153320, 83,     33024,110,         1,116,         4, 84, 3.3695984
41C,2016/04/14 23:20:00, 50,-454.41992, 13,       254, 49,        32, 56, 1.0037853, 72, 507.23022, 73, 516.47406, 77, 35.593750, 79, 1.2153320, 83,     33024,110,         1,116,         4, 84, 3.3697510
4FC,2016/04/14 23:21:00, 50,-544.14990, 13,       254, 49,        32, 56, 1.0037853, 72, 507.25665, 73, 516.53253, 77, 35.625000, 79, 1.2153320, 83,     33024,110,         1,116,         4, 84, 3.3639526
4FC,2016/04/14 23:22:00, 50, 334.63239, 13,       254, 49,        32, 56, 1.0037853, 72, 507.20984, 73, 516.56177, 77, 35.656250, 79, 1.2153320, 83,     33024,110,         1,116,         4, 84, 3.3618164
49C,2016/04/14 23:23:00, 50, 3889.1338, 13,       254, 49,        32, 56, 1.0037853, 72, 507.27026, 73, 516.59100, 77, 35.687500, 79, 1.2201934, 83,     33024,110,         1,116,         4, 84, 3.3593750
41C,2016/04/14 23:24:00, 50, 3190.5083, 13,       254, 49,        32, 56, 1.0037853, 72, 507.24200, 73, 516.59100, 77, 35.687500, 79, 1.2201934, 83,     33024,110,         1,116,         4, 84, 3.3583069
40C,2016/04/14 23:25:00, 50, 383.80841, 13,       254, 49,        32, 56, 1.0037853, 72, 507.27454, 73, 516.56177, 77, 35.718750, 79, 1.2201934, 83,     33024,110,         1,116,         4, 84, 3.3540344
43C,2016/04/14 23:26:00, 50, 1854.2222, 13,       254, 49,        32, 56, 1.0037853, 72, 507.25555, 73, 516.56177, 77, 35.750000, 79, 1.2153320, 83,     33024,110,         1,116,         4, 84, 3.3479309
4BC,2016/04/14 23:27:00, 50,-2237.0723, 13,       254, 49,        64, 56, 1.0037853, 72, 507.26685, 73, 516.59100, 77, 35.781250, 79, 1.2250546, 83,     33024,110,         1,116,         4, 84, 3.3540344
48C,2016/04/14 23:28:00, 50,-1270.1506, 13,       254, 49,        32, 56, 1.0037853, 72, 507.29156, 73, 516.59100, 77, 35.812500, 79, 1.2250546, 83,     33024,110,         1,116,         4, 84, 3.3416748
41C,2016/04/14 23:29:00, 50, 2819.9121, 13,       254, 49,        32, 56, 1.0037853, 72, 507.22742, 73, 516.62024, 77, 35.812500, 79, 1.2201934, 83,     33024,110,         1,116,         4, 84, 3.3459473
49C,2016/04/14 23:30:00, 50, 1680.8069, 13,       254, 49,        32, 56, 1.0037853, 72, 507.27136, 73, 516.64954, 77, 35.843750, 79, 1.2201934, 83,     33024,110,         1,116,         4, 84, 3.3398437
4AC,2016/04/14 23:31:00, 50, 1141.1506, 13,       254, 49,        32, 56, 1.0037853, 72, 507.22858, 73, 516.62024, 77, 35.875000, 79, 1.2153320, 83,     33024,110,         1,116,         4, 84, 3.3380127
40C,2016/04/14 23:32:00, 50,-388.32050, 13,       254, 49,        32, 56, 1.0037853, 72, 507.26062, 73, 516.59100, 77, 35.906250, 79, 1.2250546, 83,     33024,110,         1,116,         4, 84, 3.3302307
41C,2016/04/14 23:33:00, 50, 1503.0425, 13,       254, 49,        32, 56, 1.0037853, 72, 507.25409, 73, 516.64954, 77, 35.937500, 79, 1.2201934, 83,     33024,110,         1,116,         4, 84, 3.3296204
4DC,2016/04/14 23:34:00, 50,-391.51221, 13,       254, 49,        32, 56, 1.0037853, 72, 507.29156, 73, 516.62024, 77, 36.000000, 79, 1.2201934, 83,     33024,110,         1,116,         4, 84, 3.3262634
45C,2016/04/14 23:35:00, 50, 1635.5396, 13,       254, 49,        32, 56, 1.0037853, 72, 507.22382, 73, 516.64954, 77, 36.031250, 79, 1.2299160, 83,     33024,110,         1,116,         4, 84, 3.3316040
40C,2016/04/14 23:36:00, 50, 715.00549, 13,       254, 49,        32, 56, 1.0037853, 72, 507.23315, 73, 516.64954, 77, 36.062500, 79, 1.2201934, 83,     33024,110,         1,116,         4, 84, 3.3248901
43C,2016/04/14 23:37:00, 50, 1406.5515, 13,       254, 49,        32, 56, 1.0037853, 72, 507.23584, 73, 516.62024, 77, 36.062500, 79, 1.2153320, 83,     33024,110,         1,116,         4, 84, 3.3302307
46C,2016/04/14 23:38:00, 50, 700.57007, 13,       254, 49,        32, 56, 1.0037853, 72, 507.22400, 73, 516.67877, 77, 36.093750, 79, 1.2299160, 83,     33024,110,         1,116,         4, 84, 3.3262634
4EC,2016/04/14 23:39:00, 50, 1154.0173, 13,       254, 49,        32, 56, 1.0037853, 72, 507.23633, 73, 516.64954, 77, 36.156250, 79, 1.2153320, 83,     33024,110,         1,116,         4, 84, 3.3248901
44C,2016/04/14 23:40:00, 50, 1291.7852, 13,       254, 49,        32, 56, 1.0037853, 72, 507.21210, 73, 516.67877, 77, 36.125000, 79, 1.2153320, 83,     33024,110,         1,116,         4, 84, 3.3209229
45C,2016/04/14 23:41:00, 50, 1055.1013, 13,       254, 49,        32, 56, 1.0037853, 72, 507.21582, 73, 516.70801, 77, 36.125000, 79, 1.2153320, 83,     33024,110,         1,116,         4, 84, 3.3189392
40C,2016/04/14 23:42:00, 50, 403.88611, 13,       254, 49,        32, 56, 1.0037853, 72, 507.19934, 73, 516.64954, 77, 36.093750, 79, 1.2250546, 83,     33024,110,         1,116,         4, 84, 3.3161926
46C,2016/04/14 23:43:00, 50, 1733.6763, 13,       254, 49,        32, 56, 1.0037853, 72, 507.21881, 73, 516.70801, 77, 36.125000, 79, 1.2153320, 83,     33024,110,         1,116,         4, 84, 3.3145142
4AC,2016/04/14 23:44:00, 50, 4432.2090, 13,       254, 49,        32, 56, 1.0037853, 72, 507.22278, 73, 516.70801, 77, 36.156250, 79, 1.2201934, 83,     33024,110,         1,116,         4, 84, 3.3160400
41C,2016/04/14 23:45:00, 50, 742.08093, 13,       254, 49,        32, 56, 1.0037853, 72, 507.18085, 73, 516.67877, 77, 36.156250, 79, 1.2153320, 83,     33024,110,         1,116,         4, 84, 3.3122253
4AC,2016/04/14 23:46:00, 50, 1033.8936, 13,       254, 49,        32, 56, 1.0037853, 72, 507.18115, 73, 516.70801, 77, 36.187500, 79, 1.2201934, 83,     33024,110,         1,116,         4, 84, 3.3059692
44C,2016/04/14 23:47:00, 50, 1653.6182, 13,       254, 49,        32, 56, 1.0037853, 72, 507.20850, 73, 516.70801, 77, 36.187500, 79, 1.2201934, 83,     33024,110,         1,116,         4, 84, 3.3045959
4EC,2016/04/14 23:48:00, 50,-1183.0027, 13,       254, 49,        32, 56, 1.0037853, 72, 507.18927, 73, 516.67877, 77, 36.281250, 79, 1.2201934, 83,     33024,110,         1,116,         4, 84, 3.3050537
48C,2016/04/14 23:49:00, 50, 194.44965, 13,       254, 49,        32, 56, 1.0037853, 72, 507.20605, 73, 516.67877, 77, 36.312500, 79, 1.2201934, 83,     33024,110,         1,116,         4, 84, 3.2984924
49C,2016/04/14 23:50:00, 50, 1255.6475, 13,       254, 49,        32, 56, 1.0037853, 72, 507.16400, 73, 516.64954, 77, 36.312500, 79, 1.2153320, 83,     33024,110,         1,116,         4, 84, 3.2994080
46C,2016/04/14 23:51:00, 50, 1255.6475, 13,       254, 49,        32, 56, 1.0037853, 72, 507.16400, 73, 516.62024, 77, 36.343750, 79, 1.2299160, 83,     33028,110,         6,116,         4, 84, 3.2958984
4EC,2016/04/14 23:52:00, 50, 1255.6475, 13,       254, 49,        32, 56, 1.0037853, 72, 507.16400, 73, 516.67877, 77, 36.312500, 79, 1.2201934, 83,     33028,110,         6,116,         4, 84, 3.3010864
46C,2016/04/14 23:53:00, 50, 1255.6475, 13,       254, 49,        32, 56, 1.0037853, 72, 507.16400, 73, 516.64954, 77, 36.375000, 79, 1.2250546, 83,     33028,110,         7,116,         4, 84, 3.2962036
45C,2016/04/14 23:54:00, 50, 1255.6475, 13,       254, 49,        32, 56, 1.0037853, 72, 507.16400, 73, 516.64954, 77, 36.375000, 79, 1.2250546, 83,     33024,110,         0,116,         4, 84, 3.2905579
41C,2016/04/14 23:55:00, 50, 1255.6475, 13,       254, 49,        32, 56, 1.0037853, 72, 507.16400, 73, 516.62024, 77, 36.375000, 79, 1.2201934, 83,     33024,110,         0,116,         4, 84, 3.2920837
4CC,2016/04/14 23:56:00, 50, 1255.6475, 13,       254, 49,        32, 56, 1.0037853, 72, 507.16400, 73, 516.64954, 77, 36.437500, 79, 1.2104707, 83,     33024,110,         0,116,         4, 84, 3.2882690
46C,2016/04/14 23:57:00, 50, 1255.6475, 13,       254, 49,        32, 56, 1.0037853, 72, 507.16400, 73, 516.70801, 77, 36.437500, 79, 1.2153320, 83,     33024,110,         1,116,         4, 84, 3.2800293
41C,2016/04/14 23:58:00, 50, 538.15857, 13,       254, 49,        32, 56, 1.0037853, 72, 507.04797, 73, 516.64954, 77, 36.500000, 79, 1.2104707, 83,     33024,110,         1,116,         4, 84, 3.2841492
49C,2016/04/14 23:59:00, 50,-935.61462, 13,       254, 49,        32, 56, 1.0037853, 72, 507.05902, 73, 516.62024, 77, 36.531250, 79, 1.2153320, 83,     33024,110,         1,116,         4, 84, 3.2778931
