42C,2019/01/28 18:26:00, 50, 0.0000000, 13,       242, 49,         1, 56, 1.0976870, 74, 11.838305, 73, 510.56104, 77, 19.531250, 79, 1.2396387, 75, 23.181114, 66,-0.3884888,116,         4, 84, 2.8692627
52C,2019/01/28 18:27:00, 50, 0.0000000, 13,        83, 49,         4, 56, 1.0976870, 74, 11.822749, 73, 509.74228, 77, 19.968750, 79, 1.2347773, 75, 24.221062, 66, 1.3510132,116,         4, 84, 4.8129272
5CC,2019/01/28 18:28:00, 50, 0.0000000, 13,        49, 49,         1, 56, 1.0976870, 74, 11.807193, 73, 510.09317, 77, 20.312500, 79, 1.2347773, 75, 25.064453, 66, 2.4719238,116,         4, 84, 4.0602112
57C,2019/01/28 18:29:00, 50, 0.0000000, 13,        49, 49,         2, 56, 1.0976870, 74, 11.807193, 73, 510.21014, 77, 20.625000, 79, 1.2347773, 75, 25.955536, 66,-0.2722168,116,         4, 84, 3.8749695
5DC,2019/01/28 18:30:00, 50, 0.0000000, 13,        52, 49,         1, 56, 1.0976870, 74, 11.807193, 73, 510.53180, 77, 20.906250, 79, 1.2347773, 75, 26.834167, 66,-0.3279114,116,         4, 84, 3.8070679
56C,2019/01/28 18:31:00, 50, 0.0000000, 13,        56, 49,         1, 56, 1.0976870, 74, 11.822749, 73, 511.81848, 77, 21.250000, 79, 1.2347773, 75, 27.758247, 66,-0.3833008,116,         4, 84, 3.8233948
5AC,2019/01/28 18:32:00, 50, 0.0000000, 13,        60, 49,         1, 56, 1.0976870, 74, 11.807193, 73, 512.11090, 77, 21.562500, 79, 1.2299160, 75, 28.669411, 66,-0.3829956,116,         4, 84, 3.8313293
5BC,2019/01/28 18:33:00, 50, 0.0000000, 13,        67, 49,         1, 56, 1.0976870, 74, 11.822749, 73, 512.22784, 77, 21.875000, 79, 1.2299160, 75, 29.568306, 66,-0.3811646,116,         4, 84, 3.7268066
59C,2019/01/28 18:34:00, 50, 0.0000000, 13,        72, 49,         1, 56, 1.0976870, 74, 11.807193, 73, 512.40332, 77, 22.218750, 79, 1.2347773, 75, 30.455582, 66,-0.3816223,116,         4, 84, 3.8241577
5FC,2019/01/28 18:35:00, 50, 0.0000000, 13,        77, 49,         1, 56, 1.0976870, 74, 11.807193, 73, 512.54950, 77, 22.531250, 79, 1.2396387, 75, 31.331871, 66,-0.3813171,116,         4, 84, 3.8298035
5FC,2019/01/28 18:36:00, 50, 0.0000000, 13,        85, 49,         1, 56, 1.0976870, 74, 11.807193, 73, 512.63721, 77, 22.843750, 79, 1.2396387, 75, 32.144005, 66,-0.3808594,116,         4, 84, 3.8233948
5BC,2019/01/28 18:37:00, 50, 0.0000000, 13,        90, 49,         1, 56, 1.0976870, 74, 11.807193, 73, 512.92963, 77, 23.156250, 79, 1.2347773, 75, 32.947578, 66,-0.3805542,116,         4, 84, 3.8224792
5FC,2019/01/28 18:38:00, 50, 0.0000000, 13,        95, 49,         1, 56, 1.0976870, 74, 11.807193, 73, 512.95886, 77, 23.437500, 79, 1.2396387, 75, 33.795914, 66,-0.3797913,116,         4, 84, 3.7982178
47C,2019/01/28 18:39:00, 50, 0.0000000, 13,       102, 49,         1, 56, 1.0976870, 74, 11.807193, 73, 513.07587, 77, 23.750000, 79, 1.2250546, 75, 34.583519, 66,-0.3794861,116,         4, 84, 3.8131714
48C,2019/01/28 18:40:00, 50, 0.0000000, 13,       105, 49,         1, 56, 1.0976870, 74, 11.807193, 73, 513.16357, 77, 23.968750, 79, 1.2299160, 75, 35.364220, 66,-0.3793335,116,         4, 84, 3.8192749
4FC,2019/01/28 18:41:00, 50, 0.0000000, 13,       108, 49,         1, 56, 1.0976870, 74, 11.807193, 73, 513.25128, 77, 24.281250, 79, 1.2250546, 75, 36.138527, 66,-0.3790283,116,         4, 84, 3.8285828
4BC,2019/01/28 18:42:00, 50, 0.0000000, 13,       110, 49,         1, 56, 1.0976870, 74, 11.807193, 73, 513.28058, 77, 24.593750, 79, 1.2299160, 75, 36.855927, 66,-0.3787231,116,         4, 84, 3.8279724
48C,2019/01/28 18:43:00, 50, 0.0000000, 13,       114, 49,         1, 56, 1.0976870, 74, 11.807193, 73, 513.36829, 77, 24.875000, 79, 1.2250546, 75, 37.568672, 66,-0.3782654,116,         4, 84, 3.8232422
4BC,2019/01/28 18:44:00, 50, 0.0000000, 13,       117, 49,         1, 56, 1.0976870, 74, 11.807193, 73, 513.45599, 77, 25.187500, 79, 1.2299160, 75, 38.327644, 66,-0.3779602,116,         4, 84, 3.8243103
40C,2019/01/28 18:45:00, 50, 0.0000000, 13,       120, 49,         1, 56, 1.0976870, 74, 11.807193, 73, 513.57300, 77, 25.500000, 79, 1.2250546, 75, 39.032112, 66,-0.3776550,116,         4, 84, 3.8146973
4BC,2019/01/28 18:46:00, 50, 0.0000000, 13,       123, 49,         1, 56, 1.0976870, 74, 11.807193, 73, 513.71918, 77, 25.781250, 79, 1.2201934, 75, 39.483200, 66,-0.3771973,116,         4, 84, 3.8117981
43C,2019/01/28 18:47:00, 50, 0.0000000, 13,       126, 49,         1, 56, 1.0976870, 74, 11.822749, 73, 513.77765, 77, 26.093750, 79, 1.2250546, 75, 40.331894, 66,-0.3768921,116,         4, 84, 3.8090515
41C,2019/01/28 18:48:00, 50, 0.0000000, 13,       130, 49,         1, 56, 1.0976870, 74, 11.822749, 73, 513.89465, 77, 26.375000, 79, 1.2201934, 75, 41.028000, 66,-0.3764343,116,         4, 84, 3.8197327
43C,2019/01/28 18:49:00, 50, 0.0000000, 13,       133, 49,         1, 56, 1.0976870, 74, 11.822749, 73, 514.01160, 77, 26.687500, 79, 1.2201934, 75, 41.672493, 66,-0.3761292,116,         4, 84, 3.8218689
4DC,2019/01/28 18:50:00, 50, 0.0000000, 13,       136, 49,         1, 56, 1.0976870, 74, 11.822749, 73, 514.09930, 77, 27.000000, 79, 1.2250546, 75, 42.315529, 66,-0.3758240,116,         4, 84, 3.8189697
4AC,2019/01/28 18:51:00, 50, 0.0000000, 13,       139, 49,         1, 56, 1.0976870, 74, 11.807193, 73, 514.18707, 77, 27.281250, 79, 1.2250546, 75, 42.957451, 66,-0.3755188,116,         4, 84, 3.8111877
4FC,2019/01/28 18:52:00, 50, 0.0000000, 13,       142, 49,         1, 56, 1.0976870, 74, 11.807193, 73, 514.27478, 77, 27.562500, 79, 1.2250546, 75, 43.549316, 66,-0.3752136,116,         4, 84, 3.8035583
49C,2019/01/28 18:53:00, 50, 0.0000000, 13,       146, 49,         1, 56, 1.0976870, 74, 11.869418, 73, 514.39172, 77, 27.843750, 79, 1.2250546, 75, 44.190079, 66,-0.3749084,116,         4, 84, 3.8130188
40C,2019/01/28 18:54:00, 50, 0.0000000, 13,       149, 49,         1, 56, 1.0976870, 74, 11.822749, 73, 514.50873, 77, 28.062500, 79, 1.2153320, 75, 44.781456, 66,-0.3746033,116,         4, 84, 3.8031006
49C,2019/01/28 18:55:00, 50, 0.0000000, 13,       153, 49,         1, 56, 1.0976870, 74, 11.822749, 73, 514.59644, 77, 28.343750, 79, 1.2299160, 75, 45.323708, 66,-0.3741455,116,         4, 84, 3.8160706
42C,2019/01/28 18:56:00, 50, 0.0000000, 13,       155, 49,         1, 56, 1.0976870, 74, 11.822749, 73, 514.71344, 77, 28.593750, 79, 1.2250546, 75, 45.570305, 66,-0.3739929,116,         4, 84, 3.8049316
4DC,2019/01/28 18:57:00, 50, 0.0000000, 13,       158, 49,         1, 56, 1.0976870, 74, 11.838305, 73, 514.77191, 77, 28.843750, 79, 1.2250546, 75, 45.915695, 66,-0.3736877,116,         4, 84, 3.8117981
40C,2019/01/28 18:58:00, 50, 0.0000000, 13,       161, 49,         1, 56, 1.0976870, 74, 11.838305, 73, 514.80115, 77, 29.093750, 79, 1.2201934, 75, 46.063789, 66,-0.3733826,116,         4, 84, 3.8195801
45C,2019/01/28 18:59:00, 50, 0.0000000, 13,       163, 49,         1, 56, 1.0976870, 74, 11.838305, 73, 514.88885, 77, 29.312500, 79, 1.2250546, 75, 46.508385, 66,-0.3732300,116,         4, 84, 3.8154602
4CC,2019/01/28 19:00:00, 50, 0.0000000, 13,       166, 49,         1, 56, 1.0976870, 74, 11.838305, 73, 514.97662, 77, 29.562500, 79, 1.2250546, 75, 47.151588, 66,-0.3729248,116,         4, 84, 3.8179016
48C,2019/01/28 19:01:00, 50, 0.0000000, 13,       169, 49,         1, 56, 1.0976870, 74, 11.853862, 73, 515.09357, 77, 29.781250, 79, 1.2201934, 75, 47.498535, 66,-0.3726196,116,         4, 84, 3.8148499
45C,2019/01/28 19:02:00, 50, 0.0000000, 13,       172, 49,         1, 56, 1.0976870, 74, 11.838305, 73, 515.12280, 77, 30.000000, 79, 1.2250546, 75, 47.945335, 66,-0.3724670,116,         4, 84, 3.8134766
4DC,2019/01/28 19:03:00, 50, 0.0000000, 13,       174, 49,         1, 56, 1.0976870, 74, 11.838305, 73, 515.21051, 77, 30.250000, 79, 1.2250546, 75, 48.692108, 66,-0.3721619,116,         4, 84, 3.8038635
4BC,2019/01/28 19:04:00, 50, 79.093155, 13,       178, 49,         1, 56, 1.0976870, 74, 11.822749, 73, 514.04083, 77, 30.437500, 79, 1.2201934, 75, 49.291733, 66, 1.2948608,116,         4, 84, 3.8114929
41C,2019/01/28 19:05:00, 50, 79.093155, 13,       181, 49,       128, 56, 1.0976870, 74, 11.838305, 73, 514.12860, 77, 30.593750, 79, 1.2250546, 75, 49.742920, 66, 0.6300354,116,         4, 84, 3.8049316
5FC,2019/01/28 19:06:00, 50, 79.093155, 13,       184, 49,        64, 56, 1.0976870, 74, 11.822749, 73, 514.15784, 77, 30.750000, 79, 1.2201934, 75, 50.094795, 66, 1.5695190,116,         4, 84, 3.8052368
53C,2019/01/28 19:07:00, 50, 79.093155, 13,       187, 49,        64, 56, 1.0976870, 74, 11.822749, 73, 514.15784, 77, 30.906250, 79, 1.2201934, 75, 50.397110, 66, 1.6517639,116,         4, 84, 3.8119507
5CC,2019/01/28 19:08:00, 50, 79.093155, 13,       189, 49,        64, 56, 1.0976870, 74, 11.822749, 73, 514.27478, 77, 31.062500, 79, 1.2250546, 75, 50.498032, 66, 1.7262268,116,         4, 84, 3.8058472
51C,2019/01/28 19:09:00, 50, 79.093155, 13,       191, 49,        64, 56, 1.0976870, 74, 11.853862, 73, 514.30402, 77, 31.218750, 79, 1.2250546, 75, 50.700111, 66, 1.8367004,116,         4, 84, 3.8084412
51C,2019/01/28 19:10:00, 50, 79.093155, 13,       193, 49,        64, 56, 1.0976870, 74, 11.838305, 73, 514.39172, 77, 31.375000, 79, 1.2153320, 75, 50.801277, 66, 2.4656677,116,         4, 84, 3.8078308
5BC,2019/01/28 19:11:00, 50, 79.093155, 13,       194, 49,        64, 56, 1.0976870, 74, 11.838305, 73, 514.42102, 77, 31.562500, 79, 1.2201934, 75, 50.851891, 66, 2.3602295,116,         4, 84, 3.8014221
52C,2019/01/28 19:12:00, 50, 292.47766, 13,       195, 49,        64, 56, 1.0976870, 74, 11.838305, 73, 514.42102, 77, 31.687500, 79, 1.2201934, 75, 50.851891, 66, 2.1818542,116,         4, 84, 3.8064575
5FC,2019/01/28 19:13:00, 50, 971.34717, 13,       196, 49,        64, 56, 1.0976870, 74, 11.869418, 73, 514.42102, 77, 31.843750, 79, 1.2201934, 75, 50.801277, 66, 2.2348022,116,         4, 84, 3.8156128
5AC,2019/01/28 19:14:00, 50, 1050.5220, 13,       196, 49,        64, 56, 1.0976870, 74, 11.869418, 73, 514.50873, 77, 32.031250, 79, 1.2250546, 75, 50.750687, 66, 2.3823547,116,         4, 84, 3.8069153
5EC,2019/01/28 19:15:00, 50, 1152.6045, 13,       196, 49,        64, 56, 1.0976870, 74, 11.838305, 73, 514.53796, 77, 32.156250, 79, 1.2201934, 75, 50.700111, 66, 2.3567200,116,         4, 84, 3.8024902
50C,2019/01/28 19:16:00, 50, 1211.1555, 13,       196, 49,        64, 56, 1.0976870, 74, 11.838305, 73, 514.59644, 77, 32.218750, 79, 1.2201934, 75, 50.649567, 66, 2.4362183,116,         4, 84, 3.8026428
50C,2019/01/28 19:17:00, 50, 2826.7412, 13,       196, 49,        32, 56, 1.0976870, 74, 11.869418, 73, 514.65491, 77, 32.218750, 79, 1.2056093, 75, 50.548523, 66, 1.5388489,116,         4, 84, 3.8014221
56C,2019/01/28 19:18:00, 50, 1777.0288, 13,       196, 49,        32, 56, 1.0976870, 74, 11.869418, 73, 514.68414, 77, 32.281250, 79, 1.2250546, 75, 50.498032, 66, 1.2701416,116,         4, 84, 3.8095093
5DC,2019/01/28 19:19:00, 50, 1654.9729, 13,       196, 49,        32, 56, 1.0976870, 74, 11.853862, 73, 514.71344, 77, 32.375000, 79, 1.2201934, 75, 50.397110, 66, 1.2597656,116,         4, 84, 3.8119507
5BC,2019/01/28 19:20:00, 50, 2269.2622, 13,       196, 49,        32, 56, 1.0976870, 74, 11.822749, 73, 514.74268, 77, 32.531250, 79, 1.2153320, 75, 50.346680, 66, 1.6821289,116,         4, 84, 3.8185120
5FC,2019/01/28 19:21:00, 50, 2611.0444, 13,       196, 49,        32, 56, 1.0976870, 74, 11.869418, 73, 514.77191, 77, 32.625000, 79, 1.2201934, 75, 50.296265, 66, 1.5000916,116,         4, 84, 3.8221741
5BC,2019/01/28 19:22:00, 50, 2493.2959, 13,       196, 49,        32, 56, 1.0976870, 74, 11.869418, 73, 514.83038, 77, 32.718750, 79, 1.2250546, 75, 50.245865, 66, 1.4535522,116,         4, 84, 3.8272095
54C,2019/01/28 19:23:00, 50, 2312.1479, 13,       196, 49,        32, 56, 1.0976870, 74, 11.869418, 73, 514.83038, 77, 32.812500, 79, 1.2201934, 75, 50.195496, 66, 1.3557434,116,         4, 84, 3.8331604
53C,2019/01/28 19:24:00, 50, 2037.4260, 13,       196, 49,        32, 56, 1.0976870, 74, 11.822749, 73, 514.88885, 77, 32.906250, 79, 1.2250546, 75, 50.145134, 66, 1.3468933,116,         4, 84, 3.8386536
56C,2019/01/28 19:25:00, 50, 1992.4739, 13,       196, 49,        32, 56, 1.0976870, 74, 11.869418, 73, 514.91809, 77, 33.000000, 79, 1.2201934, 75, 50.044472, 66, 1.3565063,116,         4, 84, 3.8439941
58C,2019/01/28 19:26:00, 50, 1991.7273, 13,       196, 49,        32, 56, 1.0976870, 74, 11.853862, 73, 514.94733, 77, 33.062500, 79, 1.2201934, 75, 50.094795, 66, 1.3540649,116,         4, 84, 3.8459778
5FC,2019/01/28 19:27:00, 50, 2015.2654, 13,       196, 49,        32, 56, 1.0976870, 74, 11.869418, 73, 514.97662, 77, 33.125000, 79, 1.2201934, 75, 50.044472, 66, 1.4346313,116,         4, 84, 3.8491821
59C,2019/01/28 19:28:00, 50, 2035.4646, 13,       196, 49,        32, 56, 1.0976870, 74, 11.822749, 73, 515.03510, 77, 33.218750, 79, 1.2104707, 75, 50.044472, 66, 1.3781738,116,         4, 84, 3.8529968
5CC,2019/01/28 19:29:00, 50, 2033.7915, 13,       196, 49,        32, 56, 1.0976870, 74, 11.869418, 73, 515.09357, 77, 33.250000, 79, 1.2153320, 75, 50.044472, 66, 1.3836670,116,         4, 84, 3.8537598
5DC,2019/01/28 19:30:00, 50, 2033.6599, 13,       196, 49,        32, 56, 1.0976870, 74, 11.853862, 73, 515.12280, 77, 33.343750, 79, 1.2201934, 75, 49.994171, 66, 1.3999939,116,         4, 84, 3.8540649
58C,2019/01/28 19:31:00, 50, 2050.6011, 13,       196, 49,        32, 56, 1.0976870, 74, 11.853862, 73, 515.12280, 77, 33.406250, 79, 1.2201934, 75, 49.994171, 66, 1.4582825,116,         4, 84, 3.8542175
5DC,2019/01/28 19:32:00, 50, 2074.4180, 13,       196, 49,        32, 56, 1.0976870, 74, 11.853862, 73, 515.18127, 77, 33.468750, 79, 1.2201934, 75, 49.943886, 66, 1.4007568,116,         4, 84, 3.8537598
58C,2019/01/28 19:33:00, 50, 2075.3437, 13,       196, 49,        32, 56, 1.0976870, 74, 11.869418, 73, 515.18127, 77, 33.562500, 79, 1.2201934, 75, 49.994171, 66, 1.3992310,116,         4, 84, 3.8404846
57C,2019/01/28 19:34:00, 50, 2077.4902, 13,       196, 49,        32, 56, 1.0976870, 74, 11.869418, 73, 515.18127, 77, 33.625000, 79, 1.2153320, 75, 49.994171, 66, 1.3992310,116,         4, 84, 3.8475037
55C,2019/01/28 19:35:00, 50, 2082.2090, 13,       196, 49,        32, 56, 1.0976870, 74, 11.838305, 73, 515.23975, 77, 33.687500, 79, 1.2250546, 75, 49.994171, 66, 1.4067078,116,         4, 84, 3.8473511
5AC,2019/01/28 19:36:00, 50, 2079.8462, 13,       196, 49,        32, 56, 1.0976870, 74, 11.838305, 73, 515.23975, 77, 33.750000, 79, 1.2201934, 75, 50.044472, 66, 1.3871765,116,         4, 84, 3.8447571
56C,2019/01/28 19:37:00, 50, 2083.8164, 13,       196, 49,        32, 56, 1.0976870, 74, 11.916087, 73, 515.26904, 77, 33.812500, 79, 1.2201934, 75, 49.994171, 66, 1.3867187,116,         4, 84, 3.8435364
58C,2019/01/28 19:38:00, 50, 2083.1177, 13,       196, 49,        32, 56, 1.0976870, 74, 11.853862, 73, 515.29828, 77, 33.875000, 79, 1.2104707, 75, 50.094795, 66, 1.3998413,116,         4, 84, 3.8420105
56C,2019/01/28 19:39:00, 50, 2088.1704, 13,       196, 49,        32, 56, 1.0976870, 74, 11.822749, 73, 515.35675, 77, 33.906250, 79, 1.2250546, 75, 49.994171, 66, 1.4369202,116,         4, 84, 3.8415527
52C,2019/01/28 19:40:00, 50, 2110.7471, 13,       196, 49,        32, 56, 1.0976870, 74, 11.869418, 73, 515.32751, 77, 33.937500, 79, 1.2153320, 75, 49.893616, 66, 1.4518738,116,         4, 84, 3.8424683
58C,2019/01/28 19:41:00, 50, 2137.5410, 13,       196, 49,        32, 56, 1.0976870, 74, 11.884974, 73, 515.35675, 77, 34.031250, 79, 1.2153320, 75, 50.044472, 66, 1.5692139,116,         4, 84, 3.8388062
5FC,2019/01/28 19:42:00, 50, 2254.7104, 13,       196, 49,        32, 56, 1.0976870, 74, 11.853862, 73, 515.35675, 77, 34.062500, 79, 1.2153320, 75, 49.943886, 66, 1.7446899,116,         4, 84, 3.8406372
5FC,2019/01/28 19:43:00, 50, 3658.9731, 13,       196, 49,        32, 56, 1.0976870, 74, 11.853862, 73, 515.38599, 77, 34.125000, 79, 1.2153320, 75, 49.943886, 66, 1.6850281,116,         4, 84, 3.8383484
51C,2019/01/28 19:44:00, 50, 2312.0669, 13,       196, 49,        32, 56, 1.0976870, 74, 11.822749, 73, 515.38599, 77, 34.156250, 79, 1.2153320, 75, 49.994171, 66, 1.4117432,116,         4, 84, 3.8359070
5DC,2019/01/28 19:45:00, 50, 2224.7563, 13,       196, 49,        32, 56, 1.0976870, 74, 11.900531, 73, 515.41522, 77, 34.218750, 79, 1.2201934, 75, 49.994171, 66, 1.4051819,116,         4, 84, 3.8343811
50C,2019/01/28 19:46:00, 50, 2220.8945, 13,       196, 49,        32, 56, 1.0976870, 74, 11.853862, 73, 515.44446, 77, 34.281250, 79, 1.2201934, 75, 50.094795, 66, 1.4112854,116,         4, 84, 3.8346863
5CC,2019/01/28 19:47:00, 50, 2292.2197, 13,       196, 49,        32, 56, 1.0976870, 74, 11.869418, 73, 515.47369, 77, 34.312500, 79, 1.2201934, 75, 49.943886, 66, 1.6166687,116,         4, 84, 3.8342285
5BC,2019/01/28 19:48:00, 50, 3694.9941, 13,       196, 49,        32, 56, 1.0976870, 74, 11.838305, 73, 515.50293, 77, 34.343750, 79, 1.2153320, 75, 49.994171, 66, 1.7874146,116,         4, 84, 3.8314819
56C,2019/01/28 19:49:00, 50, 3425.7612, 13,       196, 49,        32, 56, 1.0976870, 74, 11.884974, 73, 515.53217, 77, 34.375000, 79, 1.2201934, 75, 49.994171, 66, 1.6360474,116,         4, 84, 3.8314819
51C,2019/01/28 19:50:00, 50, 2430.4634, 13,       196, 49,        32, 56, 1.0976870, 74, 11.853862, 73, 515.53217, 77, 34.468750, 79, 1.2201934, 75, 49.994171, 66, 1.4555359,116,         4, 84, 3.8302612
50C,2019/01/28 19:51:00, 50, 2439.7485, 13,       196, 49,        32, 56, 1.0976870, 74, 11.838305, 73, 515.59070, 77, 34.500000, 79, 1.2201934, 75, 49.994171, 66, 1.6172791,116,         4, 84, 3.8319397
52C,2019/01/28 19:52:00, 50, 3486.3926, 13,       196, 49,        32, 56, 1.0976870, 74, 11.869418, 73, 515.59070, 77, 34.531250, 79, 1.2153320, 75, 50.044472, 66, 1.6294861,116,         4, 84, 3.8305664
5AC,2019/01/28 19:53:00, 50, 3049.5415, 13,       196, 49,        32, 56, 1.0976870, 74, 11.884974, 73, 515.61993, 77, 34.593750, 79, 1.2201934, 75, 49.994171, 66, 1.5270996,116,         4, 84, 3.8299561
54C,2019/01/28 19:54:00, 50, 2368.2612, 13,       196, 49,        32, 56, 1.0976870, 74, 11.869418, 73, 515.67841, 77, 34.593750, 79, 1.2201934, 75, 49.994171, 66, 1.4515686,116,         4, 84, 3.8294983
57C,2019/01/28 19:55:00, 50, 2304.1558, 13,       196, 49,        32, 56, 1.0976870, 74, 11.853862, 73, 515.70764, 77, 34.656250, 79, 1.2153320, 75, 50.044472, 66, 1.4234924,116,         4, 84, 3.8267517
57C,2019/01/28 19:56:00, 50, 2312.9521, 13,       196, 49,        32, 56, 1.0976870, 74, 11.838305, 73, 515.70764, 77, 34.718750, 79, 1.2201934, 75, 50.044472, 66, 1.4675903,116,         4, 84, 3.8261414
58C,2019/01/28 19:57:00, 50, 2349.3066, 13,       196, 49,        32, 56, 1.0976870, 74, 11.869418, 73, 515.76611, 77, 34.781250, 79, 1.2250546, 75, 49.994171, 66, 1.4892578,116,         4, 84, 3.8264465
5AC,2019/01/28 19:58:00, 50, 2496.8926, 13,       196, 49,        32, 56, 1.0976870, 74, 11.884974, 73, 515.82458, 77, 34.812500, 79, 1.2201934, 75, 50.044472, 66, 1.6099548,116,         4, 84, 3.8272095
51C,2019/01/28 19:59:00, 50, 2471.6230, 13,       196, 49,        32, 56, 1.0976870, 74, 11.838305, 73, 515.79535, 77, 34.843750, 79, 1.2153320, 75, 50.044472, 66, 1.4407349,116,         4, 84, 3.8246155
5AC,2019/01/28 20:00:00, 50, 2400.2153, 13,       196, 49,        32, 56, 1.0976870, 74, 11.822749, 73, 515.88312, 77, 34.906250, 79, 1.2201934, 75, 49.994171, 66, 1.4663696,116,         4, 84, 3.8246155
5DC,2019/01/28 20:01:00, 50, 2419.5532, 13,       196, 49,        32, 56, 1.0976870, 74, 11.884974, 73, 515.88312, 77, 34.937500, 79, 1.2153320, 75, 50.044472, 66, 1.4501953,116,         4, 84, 3.8243103
5CC,2019/01/28 20:02:00, 50, 2413.5347, 13,       196, 49,        32, 56, 1.0976870, 74, 11.869418, 73, 515.91235, 77, 34.968750, 79, 1.2104707, 75, 49.994171, 66, 1.5126038,116,         4, 84, 3.8235474
5AC,2019/01/28 20:03:00, 50, 2510.1060, 13,       196, 49,        32, 56, 1.0976870, 74, 11.853862, 73, 515.91235, 77, 35.031250, 79, 1.2153320, 75, 49.994171, 66, 1.5676880,116,         4, 84, 3.8232422
57C,2019/01/28 20:04:00, 50, 2557.5244, 13,       196, 49,        32, 56, 1.0976870, 74, 11.838305, 73, 515.88312, 77, 35.062500, 79, 1.2201934, 75, 49.994171, 66, 1.5080261,116,         4, 84, 3.8192749
57C,2019/01/28 20:05:00, 50, 3442.8770, 13,       196, 49,        32, 56, 1.0976870, 74, 11.869418, 73, 515.94159, 77, 35.093750, 79, 1.2250546, 75, 50.044472, 66, 1.8319702,116,         4, 84, 3.8182068
54C,2019/01/28 20:06:00, 50, 2655.8501, 13,       196, 49,        32, 56, 1.0976870, 74, 11.869418, 73, 515.94159, 77, 35.125000, 79, 1.2250546, 75, 49.994171, 66, 1.5037537,116,         4, 84, 3.8188171
51C,2019/01/28 20:07:00, 50, 3278.9043, 13,       196, 49,        32, 56, 1.0976870, 74, 11.853862, 73, 515.97083, 77, 35.156250, 79, 1.2153320, 75, 49.994171, 66, 1.6680908,116,         4, 84, 3.8171387
55C,2019/01/28 20:08:00, 50, 3822.3647, 13,       196, 49,        32, 56, 1.0976870, 74, 11.838305, 73, 516.00006, 77, 35.218750, 79, 1.2201934, 75, 49.994171, 66, 1.9293213,116,         4, 84, 3.8162231
5BC,2019/01/28 20:09:00, 50, 2769.3022, 13,       196, 49,        32, 56, 1.0976870, 74, 11.869418, 73, 516.02930, 77, 35.218750, 79, 1.2201934, 75, 50.044472, 66, 1.5238953,116,         4, 84, 3.8145447
55C,2019/01/28 20:10:00, 50, 2628.1792, 13,       196, 49,        32, 56, 1.0976870, 74, 11.869418, 73, 516.02930, 77, 35.281250, 79, 1.2250546, 75, 50.044472, 66, 1.5213013,116,         4, 84, 3.8133240
59C,2019/01/28 20:11:00, 50, 2628.1792, 13,       196, 49,        32, 56, 1.0976870, 74, 11.838305, 73, 516.05853, 77, 35.312500, 79, 1.2250546, 75, 50.044472, 66, 1.4050293,116,         4, 84, 3.8131714
52C,2019/01/28 20:12:00, 50, 2628.1792, 13,       196, 49,        32, 56, 1.0976870, 74, 11.838305, 73, 516.05853, 77, 35.343750, 79, 1.2153320, 75, 50.044472, 66, 1.3993835,116,         4, 84, 3.8124084
51C,2019/01/28 20:13:00, 50, 2628.1792, 13,       196, 49,        32, 56, 1.0976870, 74, 11.853862, 73, 516.05853, 77, 35.343750, 79, 1.2201934, 75, 49.994171, 66, 1.3916016,116,         4, 84, 3.8124084
5EC,2019/01/28 20:14:00, 50, 2628.1792, 13,       196, 49,        32, 56, 1.0976870, 74, 11.869418, 73, 516.08777, 77, 35.375000, 79, 1.2201934, 75, 49.994171, 66, 1.4208984,116,         4, 84, 3.8111877
5BC,2019/01/28 20:15:00, 50, 2628.1792, 13,       196, 49,        32, 56, 1.0976870, 74, 11.853862, 73, 516.17554, 77, 35.437500, 79, 1.2201934, 75, 49.994171, 66, 1.7137146,116,         4, 84, 3.8095093
5CC,2019/01/28 20:16:00, 50, 2628.1792, 13,       196, 49,        32, 56, 1.0976870, 74, 11.838305, 73, 516.20477, 77, 35.468750, 79, 1.2153320, 75, 49.994171, 66, 1.7907715,116,         4, 84, 3.8076782
54C,2019/01/28 20:17:00, 50, 2628.1792, 13,       196, 49,        32, 56, 1.0976870, 74, 11.869418, 73, 516.20477, 77, 35.500000, 79, 1.2250546, 75, 50.044472, 66, 1.5084839,116,         4, 84, 3.8052368
50C,2019/01/28 20:18:00, 50, 393.89136, 13,       196, 49,        32, 56, 1.0976870, 74, 11.869418, 73, 516.20477, 77, 35.531250, 79, 1.2104707, 75, 49.994171, 66, 1.4862061,116,         4, 84, 3.8066101
50C,2019/01/28 20:19:00, 50, 362.23553, 13,       196, 49,        32, 56, 1.0976870, 74, 11.853862, 73, 516.17554, 77, 35.562500, 79, 1.2201934, 75, 49.994171, 66, 1.4894104,116,         4, 84, 3.8046265
56C,2019/01/28 20:20:00, 50, 1204.9187, 13,       196, 49,        32, 56, 1.0976870, 74, 11.822749, 73, 516.20477, 77, 35.625000, 79, 1.2056093, 75, 50.044472, 66, 1.6856384,116,         4, 84, 3.8023376
5EC,2019/01/28 20:21:00, 50, 1148.8247, 13,       196, 49,        32, 56, 1.0976870, 74, 11.884974, 73, 516.26324, 77, 35.656250, 79, 1.2104707, 75, 50.044472, 66, 1.6069031,116,         4, 84, 3.8003540
5CC,2019/01/28 20:22:00, 50, 661.18481, 13,       197, 49,        32, 56, 1.0976870, 74, 11.869418, 73, 516.23401, 77, 35.687500, 79, 1.2153320, 75, 50.044472, 66, 1.5357971,116,         4, 84, 3.8201904
5DC,2019/01/28 20:23:00, 50, 580.36682, 13,       197, 49,        32, 56, 1.0976870, 74, 11.853862, 73, 516.23401, 77, 35.718750, 79, 1.2153320, 75, 50.044472, 66, 1.5057373,116,         4, 84, 3.8194275
55C,2019/01/28 20:24:00, 50, 693.94348, 13,       197, 49,        32, 56, 1.0976870, 74, 11.838305, 73, 516.35095, 77, 35.781250, 79, 1.2201934, 75, 50.044472, 66, 1.6203308,116,         4, 84, 3.8183594
5FC,2019/01/28 20:25:00, 50, 1571.5996, 13,       197, 49,        32, 56, 1.0976870, 74, 11.869418, 73, 516.38019, 77, 35.812500, 79, 1.2250546, 75, 49.994171, 66, 1.7848206,116,         4, 84, 3.8186646
5CC,2019/01/28 20:26:00, 50, 1185.2058, 13,       197, 49,        32, 56, 1.0976870, 74, 11.869418, 73, 516.40948, 77, 35.843750, 79, 1.2201934, 75, 50.044472, 66, 1.6317749,116,         4, 84, 3.8166809
5CC,2019/01/28 20:27:00, 50, 2604.0659, 13,       197, 49,        32, 56, 1.0976870, 74, 11.853862, 73, 516.43872, 77, 35.843750, 79, 1.2153320, 75, 50.044472, 66, 2.0541382,116,         4, 84, 3.8150024
58C,2019/01/28 20:28:00, 50, 2187.8984, 13,       197, 49,        32, 56, 1.0976870, 74, 11.822749, 73, 516.46796, 77, 35.906250, 79, 1.2299160, 75, 50.044472, 66, 1.8812561,116,         4, 84, 3.8139343
5EC,2019/01/28 20:29:00, 50, 1721.4417, 13,       197, 49,        32, 56, 1.0976870, 74, 11.853862, 73, 516.49719, 77, 35.906250, 79, 1.2250546, 75, 50.044472, 66, 1.6870117,116,         4, 84, 3.8142395
51C,2019/01/28 20:30:00, 50, 1069.6963, 13,       197, 49,        32, 56, 1.0976870, 74, 11.869418, 73, 516.49719, 77, 35.968750, 79, 1.2250546, 75, 50.044472, 66, 1.7002869,116,         4, 84, 3.8134766
53C,2019/01/28 20:31:00, 50, 1033.1487, 13,       197, 49,        32, 56, 1.0976870, 74, 11.869418, 73, 516.49719, 77, 35.968750, 79, 1.2104707, 75, 49.994171, 66, 1.5690613,116,         4, 84, 3.8146973
58C,2019/01/28 20:32:00, 50, 712.78369, 13,       197, 49,        32, 56, 1.0976870, 74, 11.838305, 73, 516.46796, 77, 36.031250, 79, 1.2153320, 75, 49.994171, 66, 1.5370178,116,         4, 84, 3.8143921
5FC,2019/01/28 20:33:00, 50, 1526.0793, 13,       197, 49,        32, 56, 1.0976870, 74, 11.869418, 73, 516.49719, 77, 36.031250, 79, 1.2104707, 75, 49.994171, 66, 1.7634583,116,         4, 84, 3.8130188
57C,2019/01/28 20:34:00, 50, 972.94617, 13,       197, 49,        32, 56, 1.0976870, 74, 11.869418, 73, 516.52643, 77, 36.062500, 79, 1.2250546, 75, 49.994171, 66, 1.5971375,116,         4, 84, 3.8114929
54C,2019/01/28 20:35:00, 50, 657.44836, 13,       197, 49,        32, 56, 1.0976870, 74, 11.853862, 73, 516.52643, 77, 36.062500, 79, 1.2250546, 75, 50.044472, 66, 1.5084839,116,         4, 84, 3.8093567
52C,2019/01/28 20:36:00, 50, 615.24231, 13,       197, 49,        32, 56, 1.0976870, 74, 11.838305, 73, 516.49719, 77, 36.093750, 79, 1.2250546, 75, 49.994171, 66, 1.5148926,116,         4, 84, 3.8088989
5BC,2019/01/28 20:37:00, 50, 533.14294, 13,       197, 49,        32, 56, 1.0976870, 74, 11.869418, 73, 516.52643, 77, 36.125000, 79, 1.2153320, 75, 49.994171, 66, 1.4857483,116,         4, 84, 3.8082886
58C,2019/01/28 20:38:00, 50, 479.15662, 13,       197, 49,        32, 56, 1.0976870, 74, 11.869418, 73, 516.52643, 77, 36.187500, 79, 1.2153320, 75, 50.044472, 66, 1.4790344,116,         4, 84, 3.8076782
5AC,2019/01/28 20:39:00, 50, 460.34662, 13,       197, 49,        32, 56, 1.0976870, 74, 11.853862, 73, 516.55566, 77, 36.187500, 79, 1.2007481, 75, 49.994171, 66, 1.4817810,116,         4, 84, 3.8075256
5DC,2019/01/28 20:40:00, 50, 445.49261, 13,       197, 49,        32, 56, 1.0976870, 74, 11.838305, 73, 516.58490, 77, 36.218750, 79, 1.2153320, 75, 49.994171, 66, 1.4871216,116,         4, 84, 3.8066101
50C,2019/01/28 20:41:00, 50, 437.38141, 13,       197, 49,        32, 56, 1.0976870, 74, 11.869418, 73, 516.58490, 77, 36.250000, 79, 1.2250546, 75, 49.994171, 66, 1.4889526,116,         4, 84, 3.8052368
51C,2019/01/28 20:42:00, 50, 428.28113, 13,       197, 49,        32, 56, 1.0976870, 74, 11.869418, 73, 516.67261, 77, 36.281250, 79, 1.2153320, 75, 49.994171, 66, 1.4869690,116,         4, 84, 3.8049316
51C,2019/01/28 20:43:00, 50, 428.50153, 13,       197, 49,        32, 56, 1.0976870, 74, 11.869418, 73, 516.67261, 77, 36.281250, 79, 1.2250546, 75, 49.994171, 66, 1.4990234,116,         4, 84, 3.8035583
53C,2019/01/28 20:44:00, 50, 426.66589, 13,       197, 49,        32, 56, 1.0976870, 74, 11.838305, 73, 516.70190, 77, 36.343750, 79, 1.2201934, 75, 50.044472, 66, 1.4770508,116,         4, 84, 3.8014221
52C,2019/01/28 20:45:00, 50, 421.29254, 13,       197, 49,        32, 56, 1.0976870, 74, 11.869418, 73, 516.76038, 77, 36.375000, 79, 1.2153320, 75, 49.994171, 66, 1.4819336,116,         4, 84, 3.8006592
53C,2019/01/28 20:46:00, 50, 419.74213, 13,       198, 49,        32, 56, 1.0976870, 74, 11.869418, 73, 516.70190, 77, 36.375000, 79, 1.2153320, 75, 50.044472, 66, 1.4880371,116,         4, 84, 3.8197327
54C,2019/01/28 20:47:00, 50, 421.50623, 13,       198, 49,        32, 56, 1.0976870, 74, 11.869418, 73, 516.76038, 77, 36.406250, 79, 1.2153320, 75, 50.044472, 66, 1.5214539,116,         4, 84, 3.8189697
5BC,2019/01/28 20:48:00, 50, 422.79749, 13,       198, 49,        32, 56, 1.0976870, 74, 11.822749, 73, 516.81885, 77, 36.437500, 79, 1.2153320, 75, 49.994171, 66, 1.5003967,116,         4, 84, 3.8180542
56C,2019/01/28 20:49:00, 50, 423.27521, 13,       198, 49,        32, 56, 1.0976870, 74, 11.869418, 73, 516.81885, 77, 36.437500, 79, 1.2153320, 75, 49.994171, 66, 1.4924622,116,         4, 84, 3.8165283
53C,2019/01/28 20:50:00, 50, 422.79718, 13,       198, 49,        32, 56, 1.0976870, 74, 11.869418, 73, 516.81885, 77, 36.468750, 79, 1.2250546, 75, 49.994171, 66, 1.4923096,116,         4, 84, 3.8163757
5EC,2019/01/28 20:51:00, 50, 421.83636, 13,       198, 49,        32, 56, 1.0976870, 74, 11.853862, 73, 516.81885, 77, 36.500000, 79, 1.2153320, 75, 49.994171, 66, 1.4848328,116,         4, 84, 3.8139343
5BC,2019/01/28 20:52:00, 50, 421.79224, 13,       198, 49,        32, 56, 1.0976870, 74, 11.838305, 73, 516.84808, 77, 36.531250, 79, 1.2201934, 75, 49.994171, 66, 1.4981079,116,         4, 84, 3.8125610
58C,2019/01/28 20:53:00, 50, 430.72437, 13,       198, 49,        32, 56, 1.0976870, 74, 11.869418, 73, 516.84808, 77, 36.562500, 79, 1.2201934, 75, 49.994171, 66, 1.5104675,116,         4, 84, 3.8128662
54C,2019/01/28 20:54:00, 50, 435.96509, 13,       198, 49,        32, 56, 1.0976870, 74, 11.869418, 73, 516.84808, 77, 36.562500, 79, 1.2104707, 75, 49.994171, 66, 1.5200806,116,         4, 84, 3.8110352
55C,2019/01/28 20:55:00, 50, 441.33777, 13,       198, 49,        32, 56, 1.0976870, 74, 11.853862, 73, 516.84808, 77, 36.593750, 79, 1.2201934, 75, 50.044472, 66, 1.5174866,116,         4, 84, 3.8095093
5EC,2019/01/28 20:56:00, 50, 453.72986, 13,       198, 49,        32, 56, 1.0976870, 74, 11.838305, 73, 516.81885, 77, 36.625000, 79, 1.2104707, 75, 50.044472, 66, 1.5280151,116,         4, 84, 3.8087463
54C,2019/01/28 20:57:00, 50, 461.18396, 13,       198, 49,        32, 56, 1.0976870, 74, 11.869418, 73, 516.87732, 77, 36.656250, 79, 1.2250546, 75, 50.044472, 66, 1.5126038,116,         4, 84, 3.8092041
56C,2019/01/28 20:58:00, 50, 465.26825, 13,       198, 49,        32, 56, 1.0976870, 74, 11.853862, 73, 516.93579, 77, 36.687500, 79, 1.2153320, 75, 50.044472, 66, 1.5180969,116,         4, 84, 3.8085937
56C,2019/01/28 20:59:00, 50, 471.48169, 13,       198, 49,        32, 56, 1.0976870, 74, 11.853862, 73, 516.87732, 77, 36.718750, 79, 1.2153320, 75, 50.044472, 66, 1.5042114,116,         4, 84, 3.8088989
5EC,2019/01/28 21:00:00, 50, 472.72974, 13,       198, 49,        32, 56, 1.0976870, 74, 11.838305, 73, 516.99432, 77, 36.718750, 79, 1.2201934, 75, 50.044472, 66, 1.5110779,116,         4, 84, 3.8069153
5BC,2019/01/28 21:01:00, 50, 478.84564, 13,       198, 49,        32, 56, 1.0976870, 74, 11.869418, 73, 517.02356, 77, 36.718750, 79, 1.2153320, 75, 50.044472, 66, 1.5283203,116,         4, 84, 3.8079834
5AC,2019/01/28 21:02:00, 50, 489.01135, 13,       198, 49,        32, 56, 1.0976870, 74, 11.853862, 73, 516.99432, 77, 36.781250, 79, 1.2153320, 75, 49.994171, 66, 1.5156555,116,         4, 84, 3.8087463
51C,2019/01/28 21:03:00, 50, 492.83875, 13,       198, 49,        32, 56, 1.0976870, 74, 11.869418, 73, 517.02356, 77, 36.781250, 79, 1.2153320, 75, 49.994171, 66, 1.5193176,116,         4, 84, 3.8084412
54C,2019/01/28 21:04:00, 50, 497.00684, 13,       198, 49,        32, 56, 1.0976870, 74, 11.822749, 73, 517.02356, 77, 36.812500, 79, 1.2250546, 75, 49.994171, 66, 1.5141296,116,         4, 84, 3.8076782
5EC,2019/01/28 21:05:00, 50, 500.45734, 13,       198, 49,        32, 56, 1.0976870, 74, 11.869418, 73, 517.02356, 77, 36.843750, 79, 1.2104707, 75, 49.994171, 66, 1.5196228,116,         4, 84, 3.8072205
5FC,2019/01/28 21:06:00, 50, 506.61047, 13,       198, 49,        32, 56, 1.0976870, 74, 11.853862, 73, 517.05280, 77, 36.843750, 79, 1.2104707, 75, 49.994171, 66, 1.5315247,116,         4, 84, 3.8055420
5BC,2019/01/28 21:07:00, 50, 515.25378, 13,       198, 49,        32, 56, 1.0976870, 74, 11.853862, 73, 517.05280, 77, 36.843750, 79, 1.2153320, 75, 49.994171, 66, 1.5382385,116,         4, 84, 3.8047791
55C,2019/01/28 21:08:00, 50, 535.79871, 13,       198, 49,        32, 56, 1.0976870, 74, 11.838305, 73, 517.08203, 77, 36.843750, 79, 1.2250546, 75, 49.994171, 66, 1.5429687,116,         4, 84, 3.8040161
5CC,2019/01/28 21:09:00, 50, 579.45300, 13,       198, 49,        32, 56, 1.0976870, 74, 11.869418, 73, 517.11127, 77, 36.937500, 79, 1.2153320, 75, 49.994171, 66, 1.5408325,116,         4, 84, 3.8009644
5BC,2019/01/28 21:10:00, 50, 610.25952, 13,       199, 49,        32, 56, 1.0976870, 74, 11.869418, 73, 517.11127, 77, 36.906250, 79, 1.2104707, 75, 50.044472, 66, 1.5426636,116,         4, 84, 3.8195801
5FC,2019/01/28 21:11:00, 50, 617.12524, 13,       199, 49,        32, 56, 1.0976870, 74, 11.853862, 73, 517.14050, 77, 36.937500, 79, 1.2153320, 75, 49.994171, 66, 1.5289307,116,         4, 84, 3.8200378
5AC,2019/01/28 21:12:00, 50, 619.09583, 13,       199, 49,        32, 56, 1.0976870, 74, 11.838305, 73, 517.14050, 77, 36.937500, 79, 1.2056093, 75, 49.994171, 66, 1.5438843,116,         4, 84, 3.8201904
5BC,2019/01/28 21:13:00, 50, 623.69226, 13,       199, 49,        32, 56, 1.0976870, 74, 11.869418, 73, 517.16974, 77, 36.937500, 79, 1.2104707, 75, 49.994171, 66, 1.5600586,116,         4, 84, 3.8180542
52C,2019/01/28 21:14:00, 50, 621.01758, 13,       199, 49,        32, 56, 1.0976870, 74, 11.853862, 73, 517.19897, 77, 37.000000, 79, 1.2201934, 75, 49.994171, 66, 1.5444946,116,         4, 84, 3.8177490
53C,2019/01/28 21:15:00, 50, 615.34155, 13,       199, 49,        32, 56, 1.0976870, 74, 11.869418, 73, 517.19897, 77, 37.031250, 79, 1.2153320, 75, 49.994171, 66, 1.5438843,116,         4, 84, 3.8172913
53C,2019/01/28 21:16:00, 50, 615.52173, 13,       199, 49,        32, 56, 1.0976870, 74, 11.822749, 73, 517.22821, 77, 37.031250, 79, 1.2104707, 75, 50.044472, 66, 1.5408325,116,         4, 84, 3.8154602
53C,2019/01/28 21:17:00, 50, 614.23718, 13,       199, 49,        32, 56, 1.0976870, 74, 11.869418, 73, 517.22821, 77, 37.093750, 79, 1.2153320, 75, 50.044472, 66, 1.5574646,116,         4, 84, 3.8162231
58C,2019/01/28 21:18:00, 50, 616.19751, 13,       199, 49,        32, 56, 1.0976870, 74, 11.869418, 73, 517.22821, 77, 37.218750, 79, 1.2153320, 75, 49.994171, 66, 1.5486145,116,         4, 84, 3.8159180
51C,2019/01/28 21:19:00, 50, 617.15198, 13,       199, 49,        32, 56, 1.0976870, 74, 11.853862, 73, 517.28674, 77, 37.281250, 79, 1.2201934, 75, 49.994171, 66, 1.5451050,116,         4, 84, 3.8139343
59C,2019/01/28 21:20:00, 50, 617.96680, 13,       199, 49,        32, 56, 1.0976870, 74, 11.838305, 73, 517.25745, 77, 37.406250, 79, 1.2153320, 75, 50.044472, 66, 1.5553284,116,         4, 84, 3.8125610
5FC,2019/01/28 21:21:00, 50, 638.25989, 13,       199, 49,        32, 56, 1.0976870, 74, 11.869418, 73, 517.31598, 77, 37.468750, 79, 1.2153320, 75, 50.044472, 66, 1.5565491,116,         4, 84, 3.8117981
55C,2019/01/28 21:22:00, 50, 673.96033, 13,       199, 49,        32, 56, 1.0976870, 74, 11.853862, 73, 517.31598, 77, 37.562500, 79, 1.2104707, 75, 50.044472, 66, 1.5908813,116,         4, 84, 3.8133240
56C,2019/01/28 21:23:00, 50, 868.99939, 13,       199, 49,        32, 56, 1.0976870, 74, 11.853862, 73, 517.34521, 77, 37.593750, 79, 1.2104707, 75, 49.994171, 66, 1.5951538,116,         4, 84, 3.8134766
55C,2019/01/28 21:24:00, 50, 813.40723, 13,       199, 49,        32, 56, 1.0976870, 74, 11.838305, 73, 517.37445, 77, 37.687500, 79, 1.2153320, 75, 50.044472, 66, 1.5814209,116,         4, 84, 3.8116455
56C,2019/01/28 21:25:00, 50, 723.21887, 13,       199, 49,        32, 56, 1.0976870, 74, 11.869418, 73, 517.34521, 77, 37.750000, 79, 1.2153320, 75, 50.044472, 66, 1.5597534,116,         4, 84, 3.8102722
5EC,2019/01/28 21:26:00, 50, 722.10022, 13,       199, 49,        32, 56, 1.0976870, 74, 11.869418, 73, 517.37445, 77, 37.812500, 79, 1.2153320, 75, 50.044472, 66, 1.5733337,116,         4, 84, 3.8101196
5DC,2019/01/28 21:27:00, 50, 714.25879, 13,       199, 49,        32, 56, 1.0976870, 74, 11.853862, 73, 517.40369, 77, 37.843750, 79, 1.2201934, 75, 49.994171, 66, 1.5704346,116,         4, 84, 3.8088989
5CC,2019/01/28 21:28:00, 50, 711.48889, 13,       199, 49,        32, 56, 1.0976870, 74, 11.838305, 73, 517.40369, 77, 37.937500, 79, 1.2153320, 75, 49.994171, 66, 1.5570068,116,         4, 84, 3.8073730
5CC,2019/01/28 21:29:00, 50, 707.74841, 13,       199, 49,        32, 56, 1.0976870, 74, 11.869418, 73, 517.37445, 77, 37.968750, 79, 1.2056093, 75, 50.044472, 66, 1.5579224,116,         4, 84, 3.8073730
5FC,2019/01/28 21:30:00, 50, 707.57886, 13,       199, 49,        32, 56, 1.0976870, 74, 11.853862, 73, 517.46216, 77, 38.000000, 79, 1.2153320, 75, 49.994171, 66, 1.5637207,116,         4, 84, 3.8056946
55C,2019/01/28 21:31:00, 50, 708.56165, 13,       199, 49,        32, 56, 1.0976870, 74, 11.853862, 73, 517.43292, 77, 38.031250, 79, 1.2201934, 75, 50.044472, 66, 1.5557861,116,         4, 84, 3.8050842
5AC,2019/01/28 21:32:00, 50, 706.89917, 13,       199, 49,        32, 56, 1.0976870, 74, 11.838305, 73, 517.46216, 77, 38.062500, 79, 1.2153320, 75, 49.994171, 66, 1.5635681,116,         4, 84, 3.8052368
58C,2019/01/28 21:33:00, 50, 716.59705, 13,       199, 49,        32, 56, 1.0976870, 74, 11.869418, 73, 517.49139, 77, 38.093750, 79, 1.2153320, 75, 50.044472, 66, 1.5734863,116,         4, 84, 3.8043213
5FC,2019/01/28 21:34:00, 50, 720.55823, 13,       199, 49,        32, 56, 1.0976870, 74, 11.884974, 73, 517.52063, 77, 38.156250, 79, 1.2104707, 75, 49.994171, 66, 1.5766907,116,         4, 84, 3.8032532
56C,2019/01/28 21:35:00, 50, 721.29480, 13,       199, 49,        32, 56, 1.0976870, 74, 11.853862, 73, 517.49139, 77, 38.156250, 79, 1.2153320, 75, 49.994171, 66, 1.5647888,116,         4, 84, 3.8024902
5AC,2019/01/28 21:36:00, 50, 721.83008, 13,       199, 49,        32, 56, 1.0976870, 74, 11.838305, 73, 517.52063, 77, 38.187500, 79, 1.2153320, 75, 49.994171, 66, 1.5686035,116,         4, 84, 3.8006592
55C,2019/01/28 21:37:00, 50, 729.07446, 13,       199, 49,        32, 56, 1.0976870, 74, 11.869418, 73, 517.57916, 77, 38.187500, 79, 1.2153320, 75, 49.994171, 66, 1.6156006,116,         4, 84, 3.8014221
5EC,2019/01/28 21:38:00, 50, 1524.5098, 13,       200, 49,        32, 56, 1.0976870, 74, 11.869418, 73, 517.57916, 77, 38.250000, 79, 1.2104707, 75, 50.044472, 66, 1.7512512,116,         4, 84, 3.8189697
56C,2019/01/28 21:39:00, 50, 901.38025, 13,       200, 49,        32, 56, 1.0976870, 74, 11.869418, 73, 517.57916, 77, 38.218750, 79, 1.2104707, 75, 50.044472, 66, 1.6239929,116,         4, 84, 3.8188171
53C,2019/01/28 21:40:00, 50, 979.25403, 13,       200, 49,        32, 56, 1.0976870, 74, 11.853862, 73, 517.57916, 77, 38.281250, 79, 1.2104707, 75, 49.994171, 66, 1.6200256,116,         4, 84, 3.8192749
55C,2019/01/28 21:41:00, 50, 986.05334, 13,       200, 49,        32, 56, 1.0976870, 74, 11.869418, 73, 517.63763, 77, 38.281250, 79, 1.2201934, 75, 49.943886, 66, 1.6528320,116,         4, 84, 3.8171387
58C,2019/01/28 21:42:00, 50, 1175.6543, 13,       200, 49,        32, 56, 1.0976870, 74, 11.884974, 73, 517.63763, 77, 38.281250, 79, 1.2153320, 75, 49.994171, 66, 1.6763306,116,         4, 84, 3.8189697
51C,2019/01/28 21:43:00, 50, 1017.1580, 13,       200, 49,        32, 56, 1.0976870, 74, 11.853862, 73, 517.66687, 77, 38.312500, 79, 1.2104707, 75, 49.943886, 66, 1.6378784,116,         4, 84, 3.8198853
59C,2019/01/28 21:44:00, 50, 928.58008, 13,       200, 49,        32, 56, 1.0976870, 74, 11.853862, 73, 517.66687, 77, 38.343750, 79, 1.2201934, 75, 49.994171, 66, 1.5933228,116,         4, 84, 3.8197327
54C,2019/01/28 21:45:00, 50, 777.69946, 13,       200, 49,        32, 56, 1.0976870, 74, 11.853862, 73, 517.66687, 77, 38.343750, 79, 1.2056093, 75, 49.994171, 66, 1.5905762,116,         4, 84, 3.8180542
58C,2019/01/28 21:46:00, 50, 778.00684, 13,       200, 49,        32, 56, 1.0976870, 74, 11.869418, 73, 517.69611, 77, 38.406250, 79, 1.2153320, 75, 49.943886, 66, 1.5972900,116,         4, 84, 3.8163757
51C,2019/01/28 21:47:00, 50, 798.25366, 13,       200, 49,        32, 56, 1.0976870, 74, 11.869418, 73, 517.69611, 77, 38.406250, 79, 1.2153320, 75, 49.994171, 66, 1.6007996,116,         4, 84, 3.8162231
5DC,2019/01/28 21:48:00, 50, 807.51636, 13,       200, 49,        32, 56, 1.0976870, 74, 11.838305, 73, 517.69611, 77, 38.375000, 79, 1.2250546, 75, 50.094795, 66, 1.5951538,116,         4, 84, 3.8136292
55C,2019/01/28 21:49:00, 50, 804.98987, 13,       200, 49,        32, 56, 1.0976870, 74, 11.853862, 73, 517.63763, 77, 38.437500, 79, 1.2104707, 75, 49.994171, 66, 1.5840149,116,         4, 84, 3.8134766
5BC,2019/01/28 21:50:00, 50, 803.59399, 13,       200, 49,        32, 56, 1.0976870, 74, 11.916087, 73, 517.69611, 77, 38.437500, 79, 1.2153320, 75, 50.044472, 66, 1.5884399,116,         4, 84, 3.8137817
5AC,2019/01/28 21:51:00, 50, 802.46069, 13,       200, 49,        32, 56, 1.0976870, 74, 11.853862, 73, 517.72534, 77, 38.468750, 79, 1.2153320, 75, 50.044472, 66, 1.5815735,116,         4, 84, 3.8121033
58C,2019/01/28 21:52:00, 50, 801.18884, 13,       200, 49,        32, 56, 1.0976870, 74, 11.869418, 73, 517.66687, 77, 38.500000, 79, 1.2104707, 75, 49.994171, 66, 1.5855408,116,         4, 84, 3.8104248
5EC,2019/01/28 21:53:00, 50, 800.77795, 13,       200, 49,        32, 56, 1.0976870, 74, 11.838305, 73, 517.63763, 77, 38.531250, 79, 1.2104707, 75, 49.994171, 66, 1.5750122,116,         4, 84, 3.8088989
58C,2019/01/28 21:54:00, 50, 800.39355, 13,       200, 49,        32, 56, 1.0976870, 74, 11.900531, 73, 517.69611, 77, 38.531250, 79, 1.2104707, 75, 49.893616, 66, 1.5824890,116,         4, 84, 3.8072205
53C,2019/01/28 21:55:00, 50, 800.81860, 13,       200, 49,        32, 56, 1.0976870, 74, 11.853862, 73, 517.63763, 77, 38.562500, 79, 1.2153320, 75, 49.994171, 66, 1.5731812,116,         4, 84, 3.8072205
5BC,2019/01/28 21:56:00, 50, 799.98669, 13,       200, 49,        32, 56, 1.0976870, 74, 11.822749, 73, 517.63763, 77, 38.562500, 79, 1.2201934, 75, 50.094795, 66, 1.5751648,116,         4, 84, 3.8056946
57C,2019/01/28 21:57:00, 50, 798.98511, 13,       200, 49,        32, 56, 1.0976870, 74, 11.869418, 73, 517.69611, 77, 38.593750, 79, 1.2104707, 75, 50.044472, 66, 1.5751648,116,         4, 84, 3.8056946
56C,2019/01/28 21:58:00, 50, 797.11230, 13,       200, 49,        32, 56, 1.0976870, 74, 11.869418, 73, 517.72534, 77, 38.593750, 79, 1.2104707, 75, 49.793137, 66, 1.5852356,116,         4, 84, 3.8064575
54C,2019/01/28 21:59:00, 50, 795.94507, 13,       200, 49,        32, 56, 1.0976870, 74, 11.900531, 73, 517.69611, 77, 38.625000, 79, 1.2104707, 75, 50.094795, 66, 1.5757751,116,         4, 84, 3.8053894
56C,2019/01/28 22:00:00, 50, 818.52539, 13,       200, 49,        32, 56, 1.0976870, 74, 11.869418, 73, 517.69611, 77, 38.656250, 79, 1.2153320, 75, 49.943886, 66, 1.6621399,116,         4, 84, 3.8040161
5FC,2019/01/28 22:01:00, 50, 862.83301, 13,       200, 49,        32, 56, 1.0976870, 74, 11.869418, 73, 517.72534, 77, 38.687500, 79, 1.2104707, 75, 49.893616, 66, 1.5953064,116,         4, 84, 3.8055420
5FC,2019/01/28 22:02:00, 50, 870.88733, 13,       200, 49,        32, 56, 1.0976870, 74, 11.853862, 73, 517.72534, 77, 38.718750, 79, 1.2104707, 75, 49.893616, 66, 1.6130066,116,         4, 84, 3.8058472
5BC,2019/01/28 22:03:00, 50, 953.55981, 13,       200, 49,        32, 56, 1.0976870, 74, 11.853862, 73, 517.75458, 77, 38.718750, 79, 1.2153320, 75, 50.044472, 66, 1.6239929,116,         4, 84, 3.8023376
53C,2019/01/28 22:04:00, 50, 981.45117, 13,       200, 49,        32, 56, 1.0976870, 74, 11.853862, 73, 517.78381, 77, 38.718750, 79, 1.2153320, 75, 49.943886, 66, 1.6078186,116,         4, 84, 3.8008118
5BC,2019/01/28 22:05:00, 50, 985.54663, 13,       200, 49,        32, 56, 1.0976870, 74, 11.869418, 73, 517.75458, 77, 38.750000, 79, 1.2201934, 75, 49.994171, 66, 1.6529846,116,         4, 84, 3.8032532
5AC,2019/01/28 22:06:00, 50, 1029.2239, 13,       200, 49,        32, 56, 1.0976870, 74, 11.884974, 73, 517.75458, 77, 38.750000, 79, 1.2104707, 75, 50.044472, 66, 1.6496277,116,         4, 84, 3.8026428
53C,2019/01/28 22:07:00, 50, 1054.5857, 13,       201, 49,        32, 56, 1.0976870, 74, 11.884974, 73, 517.78381, 77, 38.750000, 79, 1.2104707, 75, 50.094795, 66, 1.6571045,116,         4, 84, 3.8198853
5BC,2019/01/28 22:08:00, 50, 1048.5129, 13,       201, 49,        32, 56, 1.0976870, 74, 11.838305, 73, 517.78381, 77, 38.750000, 79, 1.2201934, 75, 50.044472, 66, 1.6381836,116,         4, 84, 3.8182068
57C,2019/01/28 22:09:00, 50, 1034.0266, 13,       201, 49,        32, 56, 1.0976870, 74, 11.869418, 73, 517.78381, 77, 38.750000, 79, 1.2201934, 75, 49.943886, 66, 1.6488647,116,         4, 84, 3.8203430
5CC,2019/01/28 22:10:00, 50, 1036.4102, 13,       201, 49,        32, 56, 1.0976870, 74, 11.884974, 73, 517.78381, 77, 38.781250, 79, 1.2153320, 75, 50.044472, 66, 1.6390991,116,         4, 84, 3.8174438
54C,2019/01/28 22:11:00, 50, 1035.7026, 13,       201, 49,        32, 56, 1.0976870, 74, 11.869418, 73, 517.78381, 77, 38.781250, 79, 1.2104707, 75, 50.044472, 66, 1.6493225,116,         4, 84, 3.8154602
57C,2019/01/28 22:12:00, 50, 1031.9880, 13,       201, 49,        32, 56, 1.0976870, 74, 11.838305, 73, 517.78381, 77, 38.781250, 79, 1.2153320, 75, 50.094795, 66, 1.6383362,116,         4, 84, 3.8162231
50C,2019/01/28 22:13:00, 50, 1032.0703, 13,       201, 49,        32, 56, 1.0976870, 74, 11.853862, 73, 517.81305, 77, 38.812500, 79, 1.2104707, 75, 50.044472, 66, 1.6574097,116,         4, 84, 3.8159180
51C,2019/01/28 22:14:00, 50, 1036.4709, 13,       201, 49,        32, 56, 1.0976870, 74, 11.884974, 73, 517.84229, 77, 38.875000, 79, 1.2104707, 75, 50.044472, 66, 1.6557312,116,         4, 84, 3.8151550
5EC,2019/01/28 22:15:00, 50, 1040.2773, 13,       201, 49,        32, 56, 1.0976870, 74, 11.853862, 73, 517.84229, 77, 38.812500, 79, 1.2104707, 75, 49.994171, 66, 1.6561890,116,         4, 84, 3.8145447
5EC,2019/01/28 22:16:00, 50, 1043.7446, 13,       201, 49,        32, 56, 1.0976870, 74, 11.822749, 73, 517.87158, 77, 38.812500, 79, 1.2056093, 75, 49.994171, 66, 1.6578674,116,         4, 84, 3.8163757
58C,2019/01/28 22:17:00, 50, 1048.9238, 13,       201, 49,        32, 56, 1.0976870, 74, 11.869418, 73, 517.90082, 77, 38.812500, 79, 1.2250546, 75, 50.044472, 66, 1.6607666,116,         4, 84, 3.8172913
52C,2019/01/28 22:18:00, 50, 1049.1450, 13,       201, 49,        32, 56, 1.0976870, 74, 11.869418, 73, 517.90082, 77, 38.875000, 79, 1.2104707, 75, 49.893616, 66, 1.6368103,116,         4, 84, 3.8142395
56C,2019/01/28 22:19:00, 50, 1049.0898, 13,       201, 49,        32, 56, 1.0976870, 74, 11.869418, 73, 517.90082, 77, 38.906250, 79, 1.2153320, 75, 50.145134, 66, 1.6416931,116,         4, 84, 3.8139343
57C,2019/01/28 22:20:00, 50, 1053.1321, 13,       201, 49,        32, 56, 1.0976870, 74, 11.822749, 73, 517.93005, 77, 38.875000, 79, 1.2153320, 75, 50.094795, 66, 1.6566467,116,         4, 84, 3.8128662
55C,2019/01/28 22:21:00, 50, 1056.4243, 13,       201, 49,        32, 56, 1.0976870, 74, 11.884974, 73, 517.90082, 77, 38.937500, 79, 1.2201934, 75, 49.994171, 66, 1.6561890,116,         4, 84, 3.8122559
51C,2019/01/28 22:22:00, 50, 1057.9236, 13,       201, 49,        32, 56, 1.0976870, 74, 11.869418, 73, 517.90082, 77, 38.906250, 79, 1.2104707, 75, 49.943886, 66, 1.6609192,116,         4, 84, 3.8127136
50C,2019/01/28 22:23:00, 50, 1065.8799, 13,       201, 49,        32, 56, 1.0976870, 74, 11.869418, 73, 517.90082, 77, 38.968750, 79, 1.2056093, 75, 50.044472, 66, 1.6716003,116,         4, 84, 3.8114929
51C,2019/01/28 22:24:00, 50, 1092.6562, 13,       201, 49,        32, 56, 1.0976870, 74, 11.853862, 73, 517.93005, 77, 38.937500, 79, 1.2153320, 75, 49.994171, 66, 1.7640686,116,         4, 84, 3.8110352
56C,2019/01/28 22:25:00, 50, 1869.5540, 13,       201, 49,        32, 56, 1.0976870, 74, 11.853862, 73, 517.93005, 77, 38.937500, 79, 1.2104707, 75, 50.044472, 66, 1.8228149,116,         4, 84, 3.8108826
55C,2019/01/28 22:26:00, 50, 1372.4363, 13,       201, 49,        32, 56, 1.0976870, 74, 11.853862, 73, 517.93005, 77, 38.968750, 79, 1.2153320, 75, 50.044472, 66, 1.7295837,116,         4, 84, 3.8108826
52C,2019/01/28 22:27:00, 50, 1367.5134, 13,       201, 49,        32, 56, 1.0976870, 74, 11.869418, 73, 517.93005, 77, 38.937500, 79, 1.2104707, 75, 50.044472, 66, 1.7276001,116,         4, 84, 3.8127136
5AC,2019/01/28 22:28:00, 50, 1344.3684, 13,       201, 49,        32, 56, 1.0976870, 74, 11.853862, 73, 517.93005, 77, 38.968750, 79, 1.2153320, 75, 50.044472, 66, 1.6775513,116,         4, 84, 3.8104248
5CC,2019/01/28 22:29:00, 50, 1056.5396, 13,       201, 49,        32, 56, 1.0976870, 74, 11.853862, 73, 517.93005, 77, 38.968750, 79, 1.2153320, 75, 50.044472, 66, 1.6484070,116,         4, 84, 3.8125610
54C,2019/01/28 22:30:00, 50, 1042.5410, 13,       201, 49,        32, 56, 1.0976870, 74, 11.853862, 73, 517.93005, 77, 39.000000, 79, 1.2056093, 75, 49.994171, 66, 1.6366577,116,         4, 84, 3.8107300
53C,2019/01/28 22:31:00, 50, 1008.3213, 13,       201, 49,        32, 56, 1.0976870, 74, 11.853862, 73, 517.95929, 77, 39.000000, 79, 1.2153320, 75, 49.994171, 66, 1.6215515,116,         4, 84, 3.8096619
5AC,2019/01/28 22:32:00, 50, 994.24451, 13,       201, 49,        32, 56, 1.0976870, 74, 11.853862, 73, 517.93005, 77, 39.031250, 79, 1.2104707, 75, 49.994171, 66, 1.6255188,116,         4, 84, 3.8085937
5BC,2019/01/28 22:33:00, 50, 990.87988, 13,       201, 49,        32, 56, 1.0976870, 74, 11.853862, 73, 517.95929, 77, 39.031250, 79, 1.2153320, 75, 49.994171, 66, 1.6421509,116,         4, 84, 3.8093567
50C,2019/01/28 22:34:00, 50, 983.76050, 13,       201, 49,        32, 56, 1.0976870, 74, 11.869418, 73, 517.93005, 77, 39.000000, 79, 1.2153320, 75, 49.994171, 66, 1.6311646,116,         4, 84, 3.8121033
5FC,2019/01/28 22:35:00, 50, 984.27295, 13,       201, 49,        32, 56, 1.0976870, 74, 11.853862, 73, 517.98853, 77, 39.062500, 79, 1.2104707, 75, 49.994171, 66, 1.6339111,116,         4, 84, 3.8096619
59C,2019/01/28 22:36:00, 50, 991.79077, 13,       201, 49,        32, 56, 1.0976870, 74, 11.838305, 73, 518.01776, 77, 39.031250, 79, 1.2104707, 75, 49.994171, 66, 1.6625977,116,         4, 84, 3.8096619
5FC,2019/01/28 22:37:00, 50, 1001.1116, 13,       201, 49,        32, 56, 1.0976870, 74, 11.853862, 73, 517.98853, 77, 39.062500, 79, 1.2153320, 75, 50.044472, 66, 1.6448975,116,         4, 84, 3.8063049
56C,2019/01/28 22:38:00, 50, 1001.7916, 13,       201, 49,        32, 56, 1.0976870, 74, 11.869418, 73, 517.98853, 77, 39.062500, 79, 1.2201934, 75, 49.994171, 66, 1.6270447,116,         4, 84, 3.8063049
56C,2019/01/28 22:39:00, 50, 997.52075, 13,       201, 49,        32, 56, 1.0976870, 74, 11.853862, 73, 518.01776, 77, 39.062500, 79, 1.2104707, 75, 49.994171, 66, 1.6116333,116,         4, 84, 3.8040161
59C,2019/01/28 22:40:00, 50, 992.12585, 13,       201, 49,        32, 56, 1.0976870, 74, 11.838305, 73, 517.98853, 77, 39.000000, 79, 1.2104707, 75, 49.994171, 66, 1.6317749,116,         4, 84, 3.8046265
51C,2019/01/28 22:41:00, 50, 990.28003, 13,       201, 49,        32, 56, 1.0976870, 74, 11.853862, 73, 517.95929, 77, 39.062500, 79, 1.2104707, 75, 49.994171, 66, 1.6174316,116,         4, 84, 3.8031006
52C,2019/01/28 22:42:00, 50, 988.71118, 13,       201, 49,        32, 56, 1.0976870, 74, 11.869418, 73, 517.98853, 77, 39.093750, 79, 1.2104707, 75, 50.044472, 66, 1.6178894,116,         4, 84, 3.8027954
54C,2019/01/28 22:43:00, 50, 986.50159, 13,       201, 49,        32, 56, 1.0976870, 74, 11.838305, 73, 517.95929, 77, 39.093750, 79, 1.2056093, 75, 50.044472, 66, 1.6123962,116,         4, 84, 3.8020325
59C,2019/01/28 22:44:00, 50, 985.89148, 13,       201, 49,        32, 56, 1.0976870, 74, 11.853862, 73, 517.98853, 77, 39.062500, 79, 1.2153320, 75, 50.044472, 66, 1.6348267,116,         4, 84, 3.8026428
58C,2019/01/28 22:45:00, 50, 984.20911, 13,       201, 49,        32, 56, 1.0976870, 74, 11.853862, 73, 517.98853, 77, 39.093750, 79, 1.2153320, 75, 50.044472, 66, 1.6165161,116,         4, 84, 3.8027954
53C,2019/01/28 22:46:00, 50, 989.59106, 13,       201, 49,        32, 56, 1.0976870, 74, 11.869418, 73, 517.98853, 77, 39.093750, 79, 1.2104707, 75, 50.044472, 66, 1.6773987,116,         4, 84, 3.8040161
5EC,2019/01/28 22:47:00, 50, 1587.1631, 13,       201, 49,        32, 56, 1.0976870, 74, 11.853862, 73, 518.01776, 77, 39.093750, 79, 1.2104707, 75, 49.994171, 66, 1.7915344,116,         4, 84, 3.8037109
59C,2019/01/28 22:48:00, 50, 1630.9617, 13,       201, 49,        32, 56, 1.0976870, 74, 11.838305, 73, 517.98853, 77, 39.125000, 79, 1.2153320, 75, 49.994171, 66, 1.7547607,116,         4, 84, 3.8046265
5CC,2019/01/28 22:49:00, 50, 1472.3047, 13,       201, 49,        32, 56, 1.0976870, 74, 11.853862, 73, 518.01776, 77, 39.062500, 79, 1.2201934, 75, 49.994171, 66, 1.7388916,116,         4, 84, 3.8037109
56C,2019/01/28 22:50:00, 50, 1312.3093, 13,       201, 49,        32, 56, 1.0976870, 74, 11.853862, 73, 518.01776, 77, 39.125000, 79, 1.2104707, 75, 49.994171, 66, 1.6874695,116,         4, 84, 3.8031006
5DC,2019/01/28 22:51:00, 50, 1293.2583, 13,       201, 49,        32, 56, 1.0976870, 74, 11.869418, 73, 517.98853, 77, 39.125000, 79, 1.2153320, 75, 49.994171, 66, 1.7625427,116,         4, 84, 3.8021851
50C,2019/01/28 22:52:00, 50, 3047.5283, 13,       201, 49,        32, 56, 1.0976870, 74, 11.853862, 73, 518.01776, 77, 39.156250, 79, 1.2153320, 75, 49.994171, 66, 2.1357727,116,         4, 84, 3.8003540
55C,2019/01/28 22:53:00, 50, 1940.7485, 13,       202, 49,        32, 56, 1.0976870, 74, 11.838305, 73, 518.04700, 77, 39.156250, 79, 1.2153320, 75, 49.994171, 66, 1.8370056,116,         4, 84, 3.8188171
5FC,2019/01/28 22:54:00, 50, 1213.0408, 13,       202, 49,        32, 56, 1.0976870, 74, 11.869418, 73, 517.98853, 77, 39.156250, 79, 1.2153320, 75, 49.994171, 66, 1.6787720,116,         4, 84, 3.8177490
58C,2019/01/28 22:55:00, 50, 1090.0728, 13,       202, 49,        32, 56, 1.0976870, 74, 11.869418, 73, 517.95929, 77, 39.156250, 79, 1.2153320, 75, 49.994171, 66, 1.6484070,116,         4, 84, 3.8169861
5CC,2019/01/28 22:56:00, 50, 1021.5508, 13,       202, 49,        32, 56, 1.0976870, 74, 11.838305, 73, 517.90082, 77, 39.250000, 79, 1.2104707, 75, 49.994171, 66, 1.6323853,116,         4, 84, 3.8156128
56C,2019/01/28 22:57:00, 50, 1004.9154, 13,       202, 49,        32, 56, 1.0976870, 74, 11.853862, 73, 517.90082, 77, 39.250000, 79, 1.2056093, 75, 49.994171, 66, 1.6357422,116,         4, 84, 3.8153076
5EC,2019/01/28 22:58:00, 50, 1002.1171, 13,       202, 49,        32, 56, 1.0976870, 74, 11.884974, 73, 517.90082, 77, 39.250000, 79, 1.2153320, 75, 49.994171, 66, 1.6329956,116,         4, 84, 3.8143921
56C,2019/01/28 22:59:00, 50, 997.58459, 13,       202, 49,        32, 56, 1.0976870, 74, 11.869418, 73, 517.87158, 77, 39.281250, 79, 1.2153320, 75, 50.044472, 66, 1.6427612,116,         4, 84, 3.8131714
5CC,2019/01/28 23:00:00, 50, 999.41028, 13,       202, 49,        32, 56, 1.0976870, 74, 11.853862, 73, 517.93005, 77, 39.281250, 79, 1.2104707, 75, 49.994171, 66, 1.6203308,116,         4, 84, 3.8131714
5CC,2019/01/28 23:01:00, 50, 1002.0364, 13,       202, 49,        32, 56, 1.0976870, 74, 11.838305, 73, 517.93005, 77, 39.281250, 79, 1.2104707, 75, 49.994171, 66, 1.6516113,116,         4, 84, 3.8142395
5CC,2019/01/28 23:02:00, 50, 1006.4794, 13,       202, 49,        32, 56, 1.0976870, 74, 11.853862, 73, 517.93005, 77, 39.312500, 79, 1.2201934, 75, 50.044472, 66, 1.6534424,116,         4, 84, 3.8136292
51C,2019/01/28 23:03:00, 50, 1011.8169, 13,       202, 49,        32, 56, 1.0976870, 74, 11.853862, 73, 517.93005, 77, 39.312500, 79, 1.2153320, 75, 49.994171, 66, 1.6456604,116,         4, 84, 3.8137817
52C,2019/01/28 23:04:00, 50, 1017.9585, 13,       202, 49,        32, 56, 1.0976870, 74, 11.853862, 73, 517.93005, 77, 39.281250, 79, 1.2104707, 75, 49.994171, 66, 1.6552734,116,         4, 84, 3.8130188
56C,2019/01/28 23:05:00, 50, 1021.4733, 13,       202, 49,        32, 56, 1.0976870, 74, 11.853862, 73, 517.90082, 77, 39.312500, 79, 1.2153320, 75, 49.994171, 66, 1.6532898,116,         4, 84, 3.8122559
5DC,2019/01/28 23:06:00, 50, 1026.0510, 13,       202, 49,        32, 56, 1.0976870, 74, 11.869418, 73, 517.90082, 77, 39.312500, 79, 1.2153320, 75, 49.994171, 66, 1.6516113,116,         4, 84, 3.8113403
50C,2019/01/28 23:07:00, 50, 1029.0525, 13,       202, 49,        32, 56, 1.0976870, 74, 11.869418, 73, 517.93005, 77, 39.312500, 79, 1.2153320, 75, 49.994171, 66, 1.6474915,116,         4, 84, 3.8114929
50C,2019/01/28 23:08:00, 50, 1031.3425, 13,       202, 49,        32, 56, 1.0976870, 74, 11.853862, 73, 517.90082, 77, 39.281250, 79, 1.2104707, 75, 49.994171, 66, 1.6552734,116,         4, 84, 3.8110352
5FC,2019/01/28 23:09:00, 50, 1034.4485, 13,       202, 49,        32, 56, 1.0976870, 74, 11.853862, 73, 517.87158, 77, 39.312500, 79, 1.2104707, 75, 49.994171, 66, 1.6465759,116,         4, 84, 3.8108826
5CC,2019/01/28 23:10:00, 50, 1038.0508, 13,       202, 49,        32, 56, 1.0976870, 74, 11.853862, 73, 517.90082, 77, 39.312500, 79, 1.2104707, 75, 49.994171, 66, 1.6578674,116,         4, 84, 3.8096619
59C,2019/01/28 23:11:00, 50, 1047.1838, 13,       202, 49,        32, 56, 1.0976870, 74, 11.853862, 73, 517.90082, 77, 39.343750, 79, 1.2153320, 75, 49.994171, 66, 1.6700745,116,         4, 84, 3.8082886
59C,2019/01/28 23:12:00, 50, 1052.1147, 13,       202, 49,        32, 56, 1.0976870, 74, 11.869418, 73, 517.90082, 77, 39.343750, 79, 1.2153320, 75, 50.044472, 66, 1.6696167,116,         4, 84, 3.8073730
51C,2019/01/28 23:13:00, 50, 1070.7253, 13,       202, 49,        32, 56, 1.0976870, 74, 11.853862, 73, 517.84229, 77, 39.343750, 79, 1.2153320, 75, 49.994171, 66, 1.7280579,116,         4, 84, 3.8078308
5EC,2019/01/28 23:14:00, 50, 1453.8342, 13,       202, 49,        32, 56, 1.0976870, 74, 11.869418, 73, 517.87158, 77, 39.343750, 79, 1.2104707, 75, 49.994171, 66, 1.7332458,116,         4, 84, 3.8066101
5EC,2019/01/28 23:15:00, 50, 1305.2368, 13,       202, 49,        32, 56, 1.0976870, 74, 11.853862, 73, 517.84229, 77, 39.375000, 79, 1.2104707, 75, 49.994171, 66, 1.6711426,116,         4, 84, 3.8053894
52C,2019/01/28 23:16:00, 50, 1122.4583, 13,       202, 49,        32, 56, 1.0976870, 74, 11.853862, 73, 517.87158, 77, 39.375000, 79, 1.2153320, 75, 49.994171, 66, 1.6503906,116,         4, 84, 3.8064575
59C,2019/01/28 23:17:00, 50, 1101.0615, 13,       202, 49,        32, 56, 1.0976870, 74, 11.838305, 73, 517.84229, 77, 39.406250, 79, 1.2153320, 75, 49.994171, 66, 1.6447449,116,         4, 84, 3.8059998
57C,2019/01/28 23:18:00, 50, 1101.0615, 13,       202, 49,        32, 56, 1.0976870, 74, 11.853862, 73, 517.84229, 77, 39.406250, 79, 1.2104707, 75, 50.044472, 66, 1.6191101,116,         4, 84, 3.8047791
53C,2019/01/28 23:19:00, 50, 1101.0615, 13,       202, 49,        32, 56, 1.0976870, 74, 11.853862, 73, 517.84229, 77, 39.406250, 79, 1.2201934, 75, 49.994171, 66, 1.6345215,116,         4, 84, 3.8055420
5CC,2019/01/28 23:20:00, 50, 1101.0615, 13,       202, 49,        32, 56, 1.0976870, 74, 11.838305, 73, 517.87158, 77, 39.406250, 79, 1.2104707, 75, 49.994171, 66, 1.6297913,116,         4, 84, 3.8049316
53C,2019/01/28 23:21:00, 50, 1101.0615, 13,       202, 49,        32, 56, 1.0976870, 74, 11.838305, 73, 517.81305, 77, 39.437500, 79, 1.2153320, 75, 49.994171, 66, 1.6265869,116,         4, 84, 3.8049316
52C,2019/01/28 23:22:00, 50, 1101.0615, 13,       202, 49,        32, 56, 1.0976870, 74, 11.869418, 73, 517.81305, 77, 39.406250, 79, 1.2153320, 75, 49.994171, 66, 1.6535950,116,         4, 84, 3.8044739
55C,2019/01/28 23:23:00, 50, 1101.0615, 13,       202, 49,        32, 56, 1.0976870, 74, 11.853862, 73, 517.81305, 77, 39.437500, 79, 1.2153320, 75, 49.994171, 66, 1.6596985,116,         4, 84, 3.8040161
53C,2019/01/28 23:24:00, 50, 1101.0615, 13,       202, 49,        32, 56, 1.0976870, 74, 11.869418, 73, 517.84229, 77, 39.437500, 79, 1.2153320, 75, 49.994171, 66, 1.6546631,116,         4, 84, 3.8037109
5BC,2019/01/28 23:25:00, 50, 911.16345, 13,       202, 49,        32, 56, 1.0976870, 74, 11.838305, 73, 517.84229, 77, 39.468750, 79, 1.2153320, 75, 50.044472, 66, 1.7808533,116,         4, 84, 3.8032532
52C,2019/01/28 23:26:00, 50, 284.01459, 13,       202, 49,        32, 56, 1.0976870, 74, 11.869418, 73, 517.84229, 77, 39.500000, 79, 1.2104707, 75, 49.994171, 66, 1.6662598,116,         4, 84, 3.8027954
5EC,2019/01/28 23:27:00, 50, 256.82190, 13,       202, 49,        32, 56, 1.0976870, 74, 11.853862, 73, 517.78381, 77, 39.500000, 79, 1.2201934, 75, 49.994171, 66, 1.6497803,116,         4, 84, 3.8023376
5CC,2019/01/28 23:28:00, 50, 260.44757, 13,       202, 49,        32, 56, 1.0976870, 74, 11.853862, 73, 517.78381, 77, 39.468750, 79, 1.2153320, 75, 49.994171, 66, 1.6854858,116,         4, 84, 3.8043213
5BC,2019/01/28 23:29:00, 50, 319.20709, 13,       202, 49,        32, 56, 1.0976870, 74, 11.853862, 73, 517.84229, 77, 39.500000, 79, 1.2104707, 75, 50.044472, 66, 1.6918945,116,         4, 84, 3.8029480
5AC,2019/01/28 23:30:00, 50, 301.92438, 13,       202, 49,        32, 56, 1.0976870, 74, 11.869418, 73, 517.81305, 77, 39.500000, 79, 1.2104707, 75, 49.994171, 66, 1.6674805,116,         4, 84, 3.8029480
5DC,2019/01/28 23:31:00, 50, 287.76331, 13,       202, 49,        32, 56, 1.0976870, 74, 11.853862, 73, 517.81305, 77, 39.500000, 79, 1.2153320, 75, 49.994171, 66, 1.6717529,116,         4, 84, 3.8020325
5FC,2019/01/28 23:32:00, 50, 284.30518, 13,       202, 49,        32, 56, 1.0976870, 74, 11.838305, 73, 517.78381, 77, 39.531250, 79, 1.2104707, 75, 49.994171, 66, 1.6732788,116,         4, 84, 3.8018799
5DC,2019/01/28 23:33:00, 50, 284.45081, 13,       202, 49,        32, 56, 1.0976870, 74, 11.853862, 73, 517.81305, 77, 39.500000, 79, 1.2104707, 75, 49.994171, 66, 1.6589355,116,         4, 84, 3.8014221
51C,2019/01/28 23:34:00, 50, 283.84259, 13,       202, 49,        32, 56, 1.0976870, 74, 11.869418, 73, 517.81305, 77, 39.531250, 79, 1.2153320, 75, 49.994171, 66, 1.6609192,116,         4, 84, 3.8011169
59C,2019/01/28 23:35:00, 50, 286.89270, 13,       203, 49,        32, 56, 1.0976870, 74, 11.853862, 73, 517.75458, 77, 39.531250, 79, 1.2104707, 75, 50.044472, 66, 1.6691589,116,         4, 84, 3.8172913
57C,2019/01/28 23:36:00, 50, 291.18939, 13,       203, 49,        32, 56, 1.0976870, 74, 11.853862, 73, 517.72534, 77, 39.531250, 79, 1.2153320, 75, 49.994171, 66, 1.6770935,116,         4, 84, 3.8180542
5EC,2019/01/28 23:37:00, 50, 297.11359, 13,       203, 49,        32, 56, 1.0976870, 74, 11.838305, 73, 517.78381, 77, 39.562500, 79, 1.2104707, 75, 49.994171, 66, 1.7053223,116,         4, 84, 3.8179016
50C,2019/01/28 23:38:00, 50, 309.67261, 13,       203, 49,        32, 56, 1.0976870, 74, 11.869418, 73, 517.75458, 77, 39.562500, 79, 1.2104707, 75, 49.994171, 66, 1.7393494,116,         4, 84, 3.8166809
55C,2019/01/28 23:39:00, 50, 375.51721, 13,       203, 49,        32, 56, 1.0976870, 74, 11.869418, 73, 517.81305, 77, 39.531250, 79, 1.2104707, 75, 49.994171, 66, 1.7160034,116,         4, 84, 3.8165283
5BC,2019/01/28 23:40:00, 50, 386.89258, 13,       203, 49,        32, 56, 1.0976870, 74, 11.853862, 73, 517.75458, 77, 39.531250, 79, 1.2153320, 75, 49.994171, 66, 1.6906738,116,         4, 84, 3.8154602
54C,2019/01/28 23:41:00, 50, 377.30988, 13,       203, 49,        32, 56, 1.0976870, 74, 11.822749, 73, 517.69611, 77, 39.562500, 79, 1.2104707, 75, 49.994171, 66, 1.6915894,116,         4, 84, 3.8146973
58C,2019/01/28 23:42:00, 50, 369.73999, 13,       203, 49,        32, 56, 1.0976870, 74, 11.869418, 73, 517.72534, 77, 39.562500, 79, 1.2153320, 75, 49.994171, 66, 1.6830444,116,         4, 84, 3.8137817
5CC,2019/01/28 23:43:00, 50, 365.16284, 13,       203, 49,        32, 56, 1.0976870, 74, 11.869418, 73, 517.75458, 77, 39.562500, 79, 1.2153320, 75, 49.994171, 66, 1.7002869,116,         4, 84, 3.8125610
5AC,2019/01/28 23:44:00, 50, 364.25977, 13,       203, 49,        32, 56, 1.0976870, 74, 11.853862, 73, 517.72534, 77, 39.562500, 79, 1.2104707, 75, 49.994171, 66, 1.6848755,116,         4, 84, 3.8114929
5CC,2019/01/28 23:45:00, 50, 364.35034, 13,       203, 49,        32, 56, 1.0976870, 74, 11.838305, 73, 517.69611, 77, 39.562500, 79, 1.2104707, 75, 50.044472, 66, 1.7004395,116,         4, 84, 3.8113403
50C,2019/01/28 23:46:00, 50, 373.41772, 13,       203, 49,        32, 56, 1.0976870, 74, 11.853862, 73, 517.69611, 77, 39.562500, 79, 1.2104707, 75, 49.994171, 66, 1.6995239,116,         4, 84, 3.8099670
54C,2019/01/28 23:47:00, 50, 391.71344, 13,       203, 49,        32, 56, 1.0976870, 74, 11.853862, 73, 517.72534, 77, 39.562500, 79, 1.2153320, 75, 49.994171, 66, 1.7593384,116,         4, 84, 3.8084412
51C,2019/01/28 23:48:00, 50, 747.85754, 13,       203, 49,        32, 56, 1.0976870, 74, 11.853862, 73, 517.69611, 77, 39.562500, 79, 1.2104707, 75, 50.044472, 66, 1.7404175,116,         4, 84, 3.8078308
58C,2019/01/28 23:49:00, 50, 570.02917, 13,       203, 49,        32, 56, 1.0976870, 74, 11.853862, 73, 517.69611, 77, 39.562500, 79, 1.2007481, 75, 50.044472, 66, 1.7115784,116,         4, 84, 3.8093567
59C,2019/01/28 23:50:00, 50, 455.13940, 13,       203, 49,        32, 56, 1.0976870, 74, 11.869418, 73, 517.66687, 77, 39.593750, 79, 1.2153320, 75, 50.044472, 66, 1.7280579,116,         4, 84, 3.8098145
5CC,2019/01/28 23:51:00, 50, 455.13940, 13,       203, 49,        32, 56, 1.0976870, 74, 11.853862, 73, 517.69611, 77, 39.562500, 79, 1.2104707, 75, 50.044472, 66, 1.6488647,116,         4, 84, 3.8095093
5CC,2019/01/28 23:52:00, 50, 455.13940, 13,       203, 49,        32, 56, 1.0976870, 74, 11.853862, 73, 517.69611, 77, 39.562500, 79, 1.2104707, 75, 50.044472, 66, 1.6534424,116,         4, 84, 3.8110352
58C,2019/01/28 23:53:00, 50, 455.13940, 13,       203, 49,        32, 56, 1.0976870, 74, 11.853862, 73, 517.66687, 77, 39.562500, 79, 1.2153320, 75, 49.994171, 66, 1.6755676,116,         4, 84, 3.8122559
5FC,2019/01/28 23:54:00, 50, 455.13940, 13,       203, 49,        32, 56, 1.0976870, 74, 11.869418, 73, 517.69611, 77, 39.531250, 79, 1.2201934, 75, 49.994171, 66, 1.6708374,116,         4, 84, 3.8127136
51C,2019/01/28 23:55:00, 50, 455.13940, 13,       203, 49,        32, 56, 1.0976870, 74, 11.853862, 73, 517.75458, 77, 39.531250, 79, 1.2104707, 75, 49.994171, 66, 1.7355347,116,         4, 84, 3.8127136
51C,2019/01/28 23:56:00, 50, 455.13940, 13,       203, 49,        32, 56, 1.0976870, 74, 11.838305, 73, 517.72534, 77, 39.562500, 79, 1.2153320, 75, 49.994171, 66, 1.7439270,116,         4, 84, 3.8133240
5BC,2019/01/28 23:57:00, 50, 455.13940, 13,       203, 49,        32, 56, 1.0976870, 74, 11.838305, 73, 517.69611, 77, 39.562500, 79, 1.2153320, 75, 49.994171, 66, 1.7390442,116,         4, 84, 3.8131714
56C,2019/01/28 23:58:00, 50, 435.55292, 13,       203, 49,        32, 56, 1.0976870, 74, 11.869418, 73, 517.75458, 77, 39.562500, 79, 1.2153320, 75, 49.994171, 66, 1.7388916,116,         4, 84, 3.8124084
58C,2019/01/28 23:59:00, 50, 420.31824, 13,       203, 49,        32, 56, 1.0976870, 74, 11.853862, 73, 517.72534, 77, 39.562500, 79, 1.2153320, 75, 49.994171, 66, 1.7352295,116,         4, 84, 3.8114929
