4EC,2018/12/28 19:27:00, 50, 0.0000000, 13,       231, 49,         1, 56, 1.0976870, 74, 11.822749, 73, 511.05817, 77, 18.000000, 79, 1.2493613, 75, 20.079651, 66,-0.3900146,116,         4, 84, 4.1790771
5EC,2018/12/28 19:28:00, 50, 0.0000000, 13,        63, 49,         2, 56, 1.0976870, 74, 11.822749, 73, 510.94116, 77, 18.500000, 79, 1.2444999, 75, 21.110039, 66,-0.3897095,116,         4, 84, 4.8466492
5AC,2018/12/28 19:29:00, 50, 0.0000000, 13,        40, 49,         1, 56, 1.0976870, 74, 11.822749, 73, 510.53180, 77, 18.875000, 79, 1.2444999, 75, 22.060257, 66, 2.3394775,116,         4, 84, 4.0686035
5BC,2018/12/28 19:30:00, 50, 0.0000000, 13,        40, 49,       128, 56, 1.0976870, 74, 11.822749, 73, 510.50256, 77, 19.218750, 79, 1.2347773, 75, 22.933823, 66, 0.1264954,116,         4, 84, 3.9213562
56C,2018/12/28 19:31:00, 50, 0.0000000, 13,        41, 49,         1, 56, 1.0976870, 74, 11.838305, 73, 511.02893, 77, 19.593750, 79, 1.2299160, 75, 23.917023, 66,-0.3375244,116,         4, 84, 3.8281250
5AC,2018/12/28 19:32:00, 50, 0.0000000, 13,        44, 49,         1, 56, 1.0976870, 74, 11.822749, 73, 512.16937, 77, 19.906250, 79, 1.2444999, 75, 24.884689, 66,-0.3848267,116,         4, 84, 3.8238525
5BC,2018/12/28 19:33:00, 50, 0.0000000, 13,        47, 49,         1, 56, 1.0976870, 74, 11.822749, 73, 512.34479, 77, 20.250000, 79, 1.2347773, 75, 25.778328, 66,-0.3845215,116,         4, 84, 3.7980652
53C,2018/12/28 19:34:00, 50, 0.0000000, 13,        52, 49,         1, 56, 1.0976870, 74, 11.822749, 73, 512.46179, 77, 20.531250, 79, 1.2396387, 75, 26.659409, 66,-0.3842163,116,         4, 84, 3.8299561
5BC,2018/12/28 19:35:00, 50, 0.0000000, 13,        56, 49,         1, 56, 1.0976870, 74, 11.822749, 73, 512.57874, 77, 20.781250, 79, 1.2299160, 75, 27.643456, 66,-0.3837585,116,         4, 84, 3.8272095
59C,2018/12/28 19:36:00, 50, 0.0000000, 13,        60, 49,         1, 56, 1.0976870, 74, 11.822749, 73, 512.63721, 77, 21.031250, 79, 1.2347773, 75, 28.499527, 66,-0.3834534,116,         4, 84, 3.8337708
57C,2018/12/28 19:41:00, 50, 0.0000000, 13,        64, 49,         1, 56, 1.0976870, 74, 11.822749, 73, 512.72498, 77, 21.312500, 79, 1.2250546, 75, 29.456596, 66,-0.3831482,116,         4, 84, 3.6730957
54C,2018/12/28 19:42:00, 50, 0.0000000, 13,        72, 49,         1, 56, 1.0976870, 74, 11.822749, 73, 512.78345, 77, 21.562500, 79, 1.2347773, 75, 30.290070, 66,-0.3826904,116,         4, 84, 3.8262939
54C,2018/12/28 19:43:00, 50, 0.0000000, 13,        76, 49,         1, 56, 1.0976870, 74, 11.822749, 73, 512.92963, 77, 21.781250, 79, 1.2396387, 75, 31.113792, 66,-0.3823853,116,         4, 84, 3.8105774
59C,2018/12/28 19:44:00, 50, 0.0000000, 13,        84, 49,         1, 56, 1.0976870, 74, 11.807193, 73, 513.04663, 77, 22.000000, 79, 1.2250546, 75, 31.982277, 66,-0.3820801,116,         4, 84, 3.8073730
5DC,2018/12/28 19:45:00, 50, 0.0000000, 13,        89, 49,         1, 56, 1.0976870, 74, 11.822749, 73, 513.13434, 77, 22.250000, 79, 1.2201934, 75, 32.734100, 66,-0.3814697,116,         4, 84, 3.8232422
53C,2018/12/28 19:46:00, 50, 0.0000000, 13,        93, 49,         1, 56, 1.0976870, 74, 11.822749, 73, 513.25128, 77, 22.468750, 79, 1.2299160, 75, 33.478821, 66,-0.3811646,116,         4, 84, 3.8072205
4DC,2018/12/28 19:47:00, 50, 0.0000000, 13,       100, 49,         1, 56, 1.0976870, 74, 11.822749, 73, 513.28058, 77, 22.718750, 79, 1.2347773, 75, 34.216866, 66,-0.3808594,116,         4, 84, 3.8169861
48C,2018/12/28 19:48:00, 50, 0.0000000, 13,       103, 49,         1, 56, 1.0976870, 74, 11.822749, 73, 513.36829, 77, 22.937500, 79, 1.2201934, 75, 34.948669, 66,-0.3805542,116,         4, 84, 3.8113403
47C,2018/12/28 19:49:00, 50, 0.0000000, 13,       105, 49,         1, 56, 1.0976870, 74, 11.822749, 73, 513.45599, 77, 23.187500, 79, 1.2396387, 75, 35.674675, 66,-0.3804016,116,         4, 84, 3.8088989
40C,2018/12/28 19:50:00, 50, 0.0000000, 13,       107, 49,         1, 56, 1.0976870, 74, 11.807193, 73, 513.54376, 77, 23.468750, 79, 1.2347773, 75, 36.395302, 66,-0.3800964,116,         4, 84, 3.8192749
48C,2018/12/28 19:51:00, 50, 0.0000000, 13,       109, 49,         1, 56, 1.0976870, 74, 11.822749, 73, 513.66071, 77, 23.718750, 79, 1.2396387, 75, 37.110992, 66,-0.3796387,116,         4, 84, 3.8209534
48C,2018/12/28 19:52:00, 50, 0.0000000, 13,       111, 49,         1, 56, 1.0976870, 74, 11.822749, 73, 513.74841, 77, 23.906250, 79, 1.2299160, 75, 37.720840, 66,-0.3793335,116,         4, 84, 3.8294983
40C,2018/12/28 19:53:00, 50, 0.0000000, 13,       116, 49,         1, 56, 1.0976870, 74, 11.822749, 73, 513.86542, 77, 24.187500, 79, 1.2299160, 75, 38.428505, 66,-0.3788757,116,         4, 84, 3.8220215
48C,2018/12/28 19:54:00, 50, 0.0000000, 13,       119, 49,         1, 56, 1.0976870, 74, 11.822749, 73, 513.95312, 77, 24.437500, 79, 1.2250546, 75, 39.082298, 66,-0.3784180,116,         4, 84, 3.8206482
41C,2018/12/28 19:55:00, 50, 0.0000000, 13,       122, 49,         1, 56, 1.0976870, 74, 11.822749, 73, 514.04083, 77, 24.718750, 79, 1.2250546, 75, 39.733246, 66,-0.3781128,116,         4, 84, 3.8093567
41C,2018/12/28 19:56:00, 50, 0.0000000, 13,       124, 49,         1, 56, 1.0976870, 74, 11.822749, 73, 514.15784, 77, 24.968750, 79, 1.2347773, 75, 40.331894, 66,-0.3778076,116,         4, 84, 3.8066101
4EC,2018/12/28 19:57:00, 50, 0.0000000, 13,       127, 49,         1, 56, 1.0976870, 74, 11.838305, 73, 514.24554, 77, 25.218750, 79, 1.2347773, 75, 40.978348, 66,-0.3773499,116,         4, 84, 3.8209534
46C,2018/12/28 19:58:00, 50, 0.0000000, 13,       130, 49,         1, 56, 1.0976870, 74, 11.838305, 73, 514.33325, 77, 25.468750, 79, 1.2250546, 75, 41.573441, 66,-0.3770447,116,         4, 84, 3.8014221
46C,2018/12/28 19:59:00, 50, 0.0000000, 13,       133, 49,         1, 56, 1.0976870, 74, 11.822749, 73, 514.42102, 77, 25.750000, 79, 1.2299160, 75, 42.167244, 66,-0.3767395,116,         4, 84, 3.8073730
4DC,2018/12/28 20:00:00, 50, 0.0000000, 13,       136, 49,         1, 56, 1.0976870, 74, 11.822749, 73, 514.50873, 77, 25.968750, 79, 1.2201934, 75, 42.760033, 66,-0.3764343,116,         4, 84, 3.8066101
4AC,2018/12/28 20:01:00, 50, 0.0000000, 13,       139, 49,         1, 56, 1.0976870, 74, 11.838305, 73, 514.62567, 77, 26.250000, 79, 1.2153320, 75, 43.352081, 66,-0.3761292,116,         4, 84, 3.8035583
41C,2018/12/28 20:02:00, 50, 0.0000000, 13,       142, 49,         1, 56, 1.0976870, 74, 11.838305, 73, 514.74268, 77, 26.437500, 79, 1.2250546, 75, 43.894371, 66,-0.3758240,116,         4, 84, 3.8139343
47C,2018/12/28 20:03:00, 50, 0.0000000, 13,       146, 49,         1, 56, 1.0976870, 74, 11.838305, 73, 514.83038, 77, 26.656250, 79, 1.2250546, 75, 44.436478, 66,-0.3755188,116,         4, 84, 3.8061523
45C,2018/12/28 20:04:00, 50, 0.0000000, 13,       149, 49,         1, 56, 1.0976870, 74, 11.822749, 73, 514.88885, 77, 26.906250, 79, 1.2250546, 75, 44.978607, 66,-0.3752136,116,         4, 84, 3.8198853
4FC,2018/12/28 20:05:00, 50, 0.0000000, 13,       152, 49,         1, 56, 1.0976870, 74, 11.822749, 73, 515.00586, 77, 27.093750, 79, 1.2299160, 75, 45.471657, 66,-0.3750610,116,         4, 84, 3.8162231
4AC,2018/12/28 20:06:00, 50, 0.0000000, 13,       154, 49,         1, 56, 1.0976870, 74, 11.838305, 73, 515.06433, 77, 27.312500, 79, 1.2299160, 75, 45.767639, 66,-0.3747559,116,         4, 84, 3.8121033
48C,2018/12/28 20:07:00, 50, 0.0000000, 13,       156, 49,         1, 56, 1.0976870, 74, 11.838305, 73, 515.15204, 77, 27.531250, 79, 1.2250546, 75, 45.767639, 66,-0.3744507,116,         4, 84, 3.8104248
48C,2018/12/28 20:08:00, 50, 0.0000000, 13,       157, 49,         1, 56, 1.0976870, 74, 11.822749, 73, 515.21051, 77, 27.687500, 79, 1.2250546, 75, 45.915695, 66,-0.3742981,116,         4, 84, 3.8040161
43C,2018/12/28 20:09:00, 50, 0.0000000, 13,       160, 49,         1, 56, 1.0976870, 74, 11.853862, 73, 515.26904, 77, 27.875000, 79, 1.2201934, 75, 46.458961, 66,-0.3739929,116,         4, 84, 3.8113403
41C,2018/12/28 20:10:00, 50, 0.0000000, 13,       162, 49,         1, 56, 1.0976870, 74, 11.838305, 73, 515.35675, 77, 28.093750, 79, 1.2250546, 75, 46.805084, 66,-0.3738403,116,         4, 84, 3.8072205
42C,2018/12/28 20:11:00, 50, 0.0000000, 13,       165, 49,         1, 56, 1.0976870, 74, 11.822749, 73, 515.38599, 77, 28.250000, 79, 1.2250546, 75, 47.151588, 66,-0.3736877,116,         4, 84, 3.8067627
4CC,2018/12/28 20:12:00, 50, 0.0000000, 13,       167, 49,         1, 56, 1.0976870, 74, 11.853862, 73, 515.44446, 77, 28.437500, 79, 1.2250546, 75, 47.647369, 66,-0.3733826,116,         4, 84, 3.8139343
41C,2018/12/28 20:13:00, 50, 0.0000000, 13,       169, 49,         1, 56, 1.0976870, 74, 11.838305, 73, 515.50293, 77, 28.656250, 79, 1.2299160, 75, 48.442863, 66,-0.3732300,116,         4, 84, 3.8031006
41C,2018/12/28 20:14:00, 50, 198.82736, 13,       172, 49,         2, 56, 1.0976870, 74, 11.822749, 73, 514.30402, 77, 28.781250, 79, 1.2250546, 75, 48.891747, 66, 1.4144897,116,         4, 84, 3.8017273
52C,2018/12/28 20:15:00, 50, 198.82736, 13,       176, 49,        64, 56, 1.0976870, 74, 11.853862, 73, 514.33325, 77, 28.937500, 79, 1.2250546, 75, 49.291733, 66, 1.5348816,116,         4, 84, 3.7997437
5CC,2018/12/28 20:16:00, 50, 198.82736, 13,       179, 49,        64, 56, 1.0976870, 74, 11.869418, 73, 514.33325, 77, 29.093750, 79, 1.2153320, 75, 49.692726, 66, 1.6253662,116,         4, 84, 3.8061523
59C,2018/12/28 20:17:00, 50, 198.82736, 13,       181, 49,        64, 56, 1.0976870, 74, 11.853862, 73, 514.39172, 77, 29.218750, 79, 1.2201934, 75, 50.044472, 66, 1.6802979,116,         4, 84, 3.8110352
58C,2018/12/28 20:18:00, 50, 198.82736, 13,       183, 49,        64, 56, 1.0976870, 74, 11.822749, 73, 514.45026, 77, 29.375000, 79, 1.2201934, 75, 50.245865, 66, 1.7881775,116,         4, 84, 3.8034058
5FC,2018/12/28 20:19:00, 50, 198.82736, 13,       185, 49,        64, 56, 1.0976870, 74, 11.838305, 73, 514.50873, 77, 29.500000, 79, 1.2250546, 75, 50.447563, 66, 1.9360352,116,         4, 84, 3.8058472
5FC,2018/12/28 20:20:00, 50, 198.82736, 13,       187, 49,        64, 56, 1.0976870, 74, 11.869418, 73, 514.53796, 77, 29.656250, 79, 1.2201934, 75, 50.548523, 66, 2.2161865,116,         4, 84, 3.8142395
5DC,2018/12/28 20:21:00, 50, 198.82736, 13,       188, 49,        64, 56, 1.0976870, 74, 11.853862, 73, 514.59644, 77, 29.812500, 79, 1.2201934, 75, 50.649567, 66, 2.3168945,116,         4, 84, 3.8044739
56C,2018/12/28 20:22:00, 50, 1185.6843, 13,       189, 49,        64, 56, 1.0976870, 74, 11.822749, 73, 514.62567, 77, 29.968750, 79, 1.2201934, 75, 50.700111, 66, 2.3500061,116,         4, 84, 3.8005066
5FC,2018/12/28 20:23:00, 50, 1336.7520, 13,       190, 49,        64, 56, 1.0976870, 74, 11.822749, 73, 514.65491, 77, 30.062500, 79, 1.2201934, 75, 50.700111, 66, 2.4224854,116,         4, 84, 3.8044739
54C,2018/12/28 20:24:00, 50, 1419.3865, 13,       193, 49,        64, 56, 1.0976870, 74, 11.869418, 73, 514.71344, 77, 30.187500, 79, 1.2250546, 75, 50.649567, 66, 2.5540161,116,         4, 84, 3.8453674
56C,2018/12/28 20:25:00, 50, 1502.4326, 13,       193, 49,        64, 56, 1.0976870, 74, 11.853862, 73, 514.74268, 77, 30.281250, 79, 1.2250546, 75, 50.649567, 66, 2.6213074,116,         4, 84, 3.8450623
5DC,2018/12/28 20:26:00, 50, 1574.7356, 13,       193, 49,        64, 56, 1.0976870, 74, 11.853862, 73, 514.74268, 77, 30.375000, 79, 1.2250546, 75, 50.599037, 66, 2.6698303,116,         4, 84, 3.8438416
52C,2018/12/28 20:27:00, 50, 1660.7681, 13,       193, 49,        64, 56, 1.0976870, 74, 11.838305, 73, 514.77191, 77, 30.531250, 79, 1.2250546, 75, 50.548523, 66, 2.7261353,116,         4, 84, 3.8395691
59C,2018/12/28 20:28:00, 50, 1808.1155, 13,       193, 49,        64, 56, 1.0976870, 74, 11.884974, 73, 514.85962, 77, 30.593750, 79, 1.2201934, 75, 50.498032, 66, 2.7622986,116,         4, 84, 3.8388062
5DC,2018/12/28 20:29:00, 50, 1984.3059, 13,       193, 49,        64, 56, 1.0976870, 74, 11.869418, 73, 514.85962, 77, 30.687500, 79, 1.2250546, 75, 50.447563, 66, 2.8330994,116,         4, 84, 3.8410950
56C,2018/12/28 20:30:00, 50, 2094.1050, 13,       193, 49,        64, 56, 1.0976870, 74, 11.853862, 73, 514.85962, 77, 30.718750, 79, 1.2201934, 75, 50.346680, 66, 2.8848267,116,         4, 84, 3.8488770
59C,2018/12/28 20:31:00, 50, 2196.1509, 13,       193, 49,        64, 56, 1.0976870, 74, 11.822749, 73, 514.91809, 77, 30.812500, 79, 1.2250546, 75, 50.346680, 66, 2.9450989,116,         4, 84, 3.8560486
59C,2018/12/28 20:32:00, 50, 2259.4175, 13,       193, 49,        64, 56, 1.0976870, 74, 11.869418, 73, 514.97662, 77, 30.875000, 79, 1.2201934, 75, 50.245865, 66, 2.9382324,116,         4, 84, 3.8612366
52C,2018/12/28 20:33:00, 50, 2296.9116, 13,       193, 49,        32, 56, 1.0976870, 74, 11.869418, 73, 514.91809, 77, 30.937500, 79, 1.2299160, 75, 50.245865, 66, 1.4958191,116,         4, 84, 3.8623047
52C,2018/12/28 20:34:00, 50, 2327.4136, 13,       193, 49,        32, 56, 1.0976870, 74, 11.853862, 73, 514.94733, 77, 30.968750, 79, 1.2250546, 75, 50.145134, 66, 1.5010071,116,         4, 84, 3.8677979
5DC,2018/12/28 20:35:00, 50, 2397.8818, 13,       193, 49,        32, 56, 1.0976870, 74, 11.838305, 73, 514.97662, 77, 31.062500, 79, 1.2201934, 75, 50.145134, 66, 1.5414429,116,         4, 84, 3.8743591
5BC,2018/12/28 20:36:00, 50, 2459.6621, 13,       193, 49,        32, 56, 1.0976870, 74, 11.884974, 73, 515.03510, 77, 31.093750, 79, 1.2201934, 75, 50.094795, 66, 1.5376282,116,         4, 84, 3.8790894
5FC,2018/12/28 20:37:00, 50, 2504.5068, 13,       193, 49,        32, 56, 1.0976870, 74, 11.884974, 73, 515.03510, 77, 31.156250, 79, 1.2299160, 75, 50.044472, 66, 1.5467834,116,         4, 84, 3.8838196
59C,2018/12/28 20:38:00, 50, 2543.5732, 13,       193, 49,        32, 56, 1.0976870, 74, 11.853862, 73, 515.06433, 77, 31.218750, 79, 1.2299160, 75, 50.044472, 66, 1.5635681,116,         4, 84, 3.8835144
51C,2018/12/28 20:39:00, 50, 2584.9487, 13,       193, 49,        32, 56, 1.0976870, 74, 11.838305, 73, 515.09357, 77, 31.281250, 79, 1.2250546, 75, 50.044472, 66, 1.5809631,116,         4, 84, 3.8862610
57C,2018/12/28 20:40:00, 50, 2618.2065, 13,       193, 49,        32, 56, 1.0976870, 74, 11.869418, 73, 515.15204, 77, 31.343750, 79, 1.2201934, 75, 49.994171, 66, 1.5969849,116,         4, 84, 3.8899231
54C,2018/12/28 20:41:00, 50, 2641.8638, 13,       193, 49,        32, 56, 1.0976870, 74, 11.869418, 73, 515.18127, 77, 31.406250, 79, 1.2153320, 75, 50.044472, 66, 1.6011047,116,         4, 84, 3.8951111
5DC,2018/12/28 20:42:00, 50, 2658.6187, 13,       193, 49,        32, 56, 1.0976870, 74, 11.853862, 73, 515.23975, 77, 31.500000, 79, 1.2104707, 75, 50.044472, 66, 1.5643311,116,         4, 84, 3.8977051
53C,2018/12/28 20:43:00, 50, 2666.3101, 13,       193, 49,        32, 56, 1.0976870, 74, 11.838305, 73, 515.23975, 77, 31.562500, 79, 1.2104707, 75, 49.994171, 66, 1.5834045,116,         4, 84, 3.9010620
5EC,2018/12/28 20:44:00, 50, 2674.5322, 13,       193, 49,        32, 56, 1.0976870, 74, 11.869418, 73, 515.23975, 77, 31.593750, 79, 1.2250546, 75, 49.994171, 66, 1.5795898,116,         4, 84, 3.9001465
50C,2018/12/28 20:45:00, 50, 2678.2983, 13,       193, 49,        32, 56, 1.0976870, 74, 11.869418, 73, 515.26904, 77, 31.656250, 79, 1.2201934, 75, 49.994171, 66, 1.5652466,116,         4, 84, 3.9010620
57C,2018/12/28 20:46:00, 50, 2682.2417, 13,       193, 49,        32, 56, 1.0976870, 74, 11.853862, 73, 515.26904, 77, 31.718750, 79, 1.2250546, 75, 49.994171, 66, 1.5760803,116,         4, 84, 3.9012146
53C,2018/12/28 20:47:00, 50, 2684.8325, 13,       193, 49,        32, 56, 1.0976870, 74, 11.838305, 73, 515.26904, 77, 31.812500, 79, 1.2250546, 75, 49.994171, 66, 1.5798950,116,         4, 84, 3.8990784
52C,2018/12/28 20:48:00, 50, 2688.0005, 13,       193, 49,        32, 56, 1.0976870, 74, 11.869418, 73, 515.29828, 77, 31.843750, 79, 1.2250546, 75, 49.994171, 66, 1.5707397,116,         4, 84, 3.8984680
55C,2018/12/28 20:49:00, 50, 2691.2808, 13,       193, 49,        32, 56, 1.0976870, 74, 11.869418, 73, 515.26904, 77, 31.875000, 79, 1.2201934, 75, 49.994171, 66, 1.5904236,116,         4, 84, 3.9018250
55C,2018/12/28 20:50:00, 50, 2697.7520, 13,       193, 49,        32, 56, 1.0976870, 74, 11.853862, 73, 515.32751, 77, 31.968750, 79, 1.2153320, 75, 49.994171, 66, 1.5928650,116,         4, 84, 3.9039612
53C,2018/12/28 20:51:00, 50, 2703.2720, 13,       193, 49,        32, 56, 1.0976870, 74, 11.838305, 73, 515.35675, 77, 32.000000, 79, 1.2250546, 75, 49.994171, 66, 1.6046143,116,         4, 84, 3.8983154
5FC,2018/12/28 20:52:00, 50, 2716.8193, 13,       193, 49,        32, 56, 1.0976870, 74, 11.853862, 73, 515.38599, 77, 32.093750, 79, 1.2056093, 75, 49.994171, 66, 1.6212463,116,         4, 84, 3.8964844
58C,2018/12/28 20:53:00, 50, 2731.8130, 13,       193, 49,        32, 56, 1.0976870, 74, 11.838305, 73, 515.38599, 77, 32.125000, 79, 1.2201934, 75, 49.994171, 66, 1.6725159,116,         4, 84, 3.8925171
53C,2018/12/28 20:54:00, 50, 2759.4873, 13,       193, 49,        32, 56, 1.0976870, 74, 11.853862, 73, 515.38599, 77, 32.187500, 79, 1.2104707, 75, 50.044472, 66, 1.6957092,116,         4, 84, 3.8952637
5BC,2018/12/28 20:55:00, 50, 2803.6709, 13,       193, 49,        32, 56, 1.0976870, 74, 11.853862, 73, 515.41522, 77, 32.187500, 79, 1.2201934, 75, 49.994171, 66, 1.7073059,116,         4, 84, 3.8935852
5FC,2018/12/28 20:56:00, 50, 2913.9355, 13,       193, 49,        32, 56, 1.0976870, 74, 11.869418, 73, 515.44446, 77, 32.218750, 79, 1.2299160, 75, 49.994171, 66, 1.6744995,116,         4, 84, 3.8931274
57C,2018/12/28 20:57:00, 50, 3028.1250, 13,       193, 49,        32, 56, 1.0976870, 74, 11.869418, 73, 515.47369, 77, 32.187500, 79, 1.2250546, 75, 49.994171, 66, 1.6467285,116,         4, 84, 3.8916016
5CC,2018/12/28 20:58:00, 50, 3168.4458, 13,       193, 49,        32, 56, 1.0976870, 74, 11.869418, 73, 515.50293, 77, 32.218750, 79, 1.2250546, 75, 50.044472, 66, 1.7866516,116,         4, 84, 3.8929749
51C,2018/12/28 20:59:00, 50, 3605.6807, 13,       193, 49,        32, 56, 1.0976870, 74, 11.853862, 73, 515.53217, 77, 32.218750, 79, 1.2201934, 75, 50.044472, 66, 1.8444824,116,         4, 84, 3.8925171
50C,2018/12/28 21:00:00, 50, 3719.6602, 13,       193, 49,        32, 56, 1.0976870, 74, 11.869418, 73, 515.56146, 77, 32.281250, 79, 1.2201934, 75, 50.044472, 66, 1.8156433,116,         4, 84, 3.8914490
5DC,2018/12/28 21:01:00, 50, 3597.6489, 13,       193, 49,        32, 56, 1.0976870, 74, 11.869418, 73, 515.56146, 77, 32.343750, 79, 1.2201934, 75, 50.044472, 66, 1.7749023,116,         4, 84, 3.8890076
5BC,2018/12/28 21:02:00, 50, 3556.0396, 13,       193, 49,        32, 56, 1.0976870, 74, 11.838305, 73, 515.59070, 77, 32.375000, 79, 1.2153320, 75, 50.044472, 66, 1.7623901,116,         4, 84, 3.8862610
54C,2018/12/28 21:03:00, 50, 3653.3667, 13,       193, 49,        32, 56, 1.0976870, 74, 11.838305, 73, 515.64917, 77, 32.406250, 79, 1.2201934, 75, 50.044472, 66, 1.8338013,116,         4, 84, 3.8856506
5FC,2018/12/28 21:04:00, 50, 3588.9937, 13,       193, 49,        32, 56, 1.0976870, 74, 11.884974, 73, 515.67841, 77, 32.468750, 79, 1.2201934, 75, 49.994171, 66, 1.7617798,116,         4, 84, 3.8877869
5DC,2018/12/28 21:05:00, 50, 3574.3418, 13,       193, 49,        32, 56, 1.0976870, 74, 11.869418, 73, 515.64917, 77, 32.531250, 79, 1.2153320, 75, 50.044472, 66, 1.7588806,116,         4, 84, 3.8858032
51C,2018/12/28 21:06:00, 50, 3578.1816, 13,       193, 49,        32, 56, 1.0976870, 74, 11.853862, 73, 515.70764, 77, 32.562500, 79, 1.2153320, 75, 49.994171, 66, 1.8778992,116,         4, 84, 3.8890076
53C,2018/12/28 21:07:00, 50, 3679.1475, 13,       193, 49,        32, 56, 1.0976870, 74, 11.838305, 73, 515.70764, 77, 32.625000, 79, 1.2201934, 75, 49.994171, 66, 1.8357849,116,         4, 84, 3.8883972
54C,2018/12/28 21:08:00, 50, 3643.4175, 13,       193, 49,        32, 56, 1.0976870, 74, 11.853862, 73, 515.73688, 77, 32.656250, 79, 1.2153320, 75, 49.994171, 66, 1.7739868,116,         4, 84, 3.8887024
5BC,2018/12/28 21:09:00, 50, 3582.8037, 13,       193, 49,        32, 56, 1.0976870, 74, 11.853862, 73, 515.73688, 77, 32.718750, 79, 1.2201934, 75, 50.044472, 66, 1.6950989,116,         4, 84, 3.8880920
54C,2018/12/28 21:10:00, 50, 3433.2061, 13,       193, 49,        32, 56, 1.0976870, 74, 11.853862, 73, 515.73688, 77, 32.750000, 79, 1.2201934, 75, 49.994171, 66, 1.6773987,116,         4, 84, 3.8862610
57C,2018/12/28 21:11:00, 50, 3330.3916, 13,       193, 49,        32, 56, 1.0976870, 74, 11.838305, 73, 515.79535, 77, 32.781250, 79, 1.2201934, 75, 50.044472, 66, 1.7103577,116,         4, 84, 3.8877869
56C,2018/12/28 21:12:00, 50, 3341.6392, 13,       193, 49,        32, 56, 1.0976870, 74, 11.869418, 73, 515.79535, 77, 32.812500, 79, 1.2250546, 75, 49.994171, 66, 1.7379761,116,         4, 84, 3.8876343
52C,2018/12/28 21:13:00, 50, 3420.7671, 13,       193, 49,        32, 56, 1.0976870, 74, 11.869418, 73, 515.76611, 77, 32.843750, 79, 1.2250546, 75, 50.044472, 66, 1.8441772,116,         4, 84, 3.8868713
53C,2018/12/28 21:14:00, 50, 3602.5259, 13,       193, 49,        32, 56, 1.0976870, 74, 11.869418, 73, 515.79535, 77, 32.906250, 79, 1.2201934, 75, 49.994171, 66, 1.7793274,116,         4, 84, 3.8861084
57C,2018/12/28 21:15:00, 50, 3445.6279, 13,       193, 49,        32, 56, 1.0976870, 74, 11.838305, 73, 515.82458, 77, 32.937500, 79, 1.2201934, 75, 50.044472, 66, 1.7189026,116,         4, 84, 3.8839722
5DC,2018/12/28 21:16:00, 50, 3584.4541, 13,       193, 49,        32, 56, 1.0976870, 74, 11.853862, 73, 515.85388, 77, 33.000000, 79, 1.2153320, 75, 49.994171, 66, 1.8661499,116,         4, 84, 3.8832092
5FC,2018/12/28 21:17:00, 50, 3659.9160, 13,       193, 49,        32, 56, 1.0976870, 74, 11.884974, 73, 515.82458, 77, 33.031250, 79, 1.2201934, 75, 49.994171, 66, 1.7425537,116,         4, 84, 3.8835144
58C,2018/12/28 21:18:00, 50, 3330.7300, 13,       193, 49,        32, 56, 1.0976870, 74, 11.853862, 73, 515.79535, 77, 33.062500, 79, 1.2201934, 75, 49.994171, 66, 1.6592407,116,         4, 84, 3.8824463
50C,2018/12/28 21:19:00, 50, 3055.2612, 13,       193, 49,        32, 56, 1.0976870, 74, 11.838305, 73, 515.82458, 77, 33.125000, 79, 1.2153320, 75, 49.994171, 66, 1.5980530,116,         4, 84, 3.8795471
59C,2018/12/28 21:20:00, 50, 3081.3301, 13,       193, 49,        32, 56, 1.0976870, 74, 11.869418, 73, 515.79535, 77, 33.156250, 79, 1.2201934, 75, 49.994171, 66, 1.6275024,116,         4, 84, 3.8804626
59C,2018/12/28 21:21:00, 50, 3064.4893, 13,       193, 49,        32, 56, 1.0976870, 74, 11.853862, 73, 515.79535, 77, 33.156250, 79, 1.2153320, 75, 49.994171, 66, 1.6801453,116,         4, 84, 3.8786316
58C,2018/12/28 21:22:00, 50, 3196.1123, 13,       193, 49,        32, 56, 1.0976870, 74, 11.869418, 73, 515.85388, 77, 33.218750, 79, 1.2201934, 75, 49.994171, 66, 1.7506409,116,         4, 84, 3.8783264
5AC,2018/12/28 21:23:00, 50, 3302.7798, 13,       193, 49,        32, 56, 1.0976870, 74, 11.838305, 73, 515.85388, 77, 33.250000, 79, 1.2201934, 75, 50.094795, 66, 1.6857910,116,         4, 84, 3.8754272
52C,2018/12/28 21:24:00, 50, 3275.0435, 13,       193, 49,        32, 56, 1.0976870, 74, 11.869418, 73, 515.85388, 77, 33.281250, 79, 1.2201934, 75, 50.044472, 66, 1.6572571,116,         4, 84, 3.8801575
5DC,2018/12/28 21:25:00, 50, 3159.0815, 13,       193, 49,        32, 56, 1.0976870, 74, 11.869418, 73, 515.91235, 77, 33.312500, 79, 1.2201934, 75, 49.994171, 66, 1.6409302,116,         4, 84, 3.8786316
50C,2018/12/28 21:26:00, 50, 3154.7354, 13,       193, 49,        32, 56, 1.0976870, 74, 11.853862, 73, 515.91235, 77, 33.375000, 79, 1.2201934, 75, 49.994171, 66, 1.6744995,116,         4, 84, 3.8784790
55C,2018/12/28 21:27:00, 50, 3139.7583, 13,       193, 49,        32, 56, 1.0976870, 74, 11.838305, 73, 515.94159, 77, 33.406250, 79, 1.2153320, 75, 49.994171, 66, 1.6540527,116,         4, 84, 3.8745117
50C,2018/12/28 21:28:00, 50, 3224.4971, 13,       193, 49,        32, 56, 1.0976870, 74, 11.884974, 73, 515.94159, 77, 33.468750, 79, 1.2153320, 75, 49.994171, 66, 1.7788696,116,         4, 84, 3.8732910
57C,2018/12/28 21:29:00, 50, 3983.4370, 13,       193, 49,        32, 56, 1.0976870, 74, 11.869418, 73, 516.00006, 77, 33.500000, 79, 1.2153320, 75, 50.044472, 66, 1.9204712,116,         4, 84, 3.8755798
5DC,2018/12/28 21:30:00, 50, 4483.1084, 13,       193, 49,        32, 56, 1.0976870, 74, 11.853862, 73, 516.00006, 77, 33.500000, 79, 1.2153320, 75, 49.994171, 66, 1.9721985,116,         4, 84, 3.8752747
55C,2018/12/28 21:31:00, 50, 3807.4531, 13,       193, 49,        32, 56, 1.0976870, 74, 11.838305, 73, 516.00006, 77, 33.531250, 79, 1.2201934, 75, 49.843369, 66, 1.8203735,116,         4, 84, 3.8774109
5DC,2018/12/28 21:32:00, 50, 3807.4531, 13,       193, 49,        32, 56, 1.0976870, 74, 11.853862, 73, 515.97083, 77, 33.593750, 79, 1.2153320, 75, 49.994171, 66, 1.4605713,116,         4, 84, 3.8763428
59C,2018/12/28 21:33:00, 50, 3807.4531, 13,       193, 49,        32, 56, 1.0976870, 74, 11.869418, 73, 515.97083, 77, 33.625000, 79, 1.2153320, 75, 49.943886, 66, 1.4616394,116,         4, 84, 3.8769531
51C,2018/12/28 21:34:00, 50, 3807.4531, 13,       193, 49,        32, 56, 1.0976870, 74, 11.853862, 73, 515.97083, 77, 33.625000, 79, 1.2153320, 75, 50.044472, 66, 1.4686584,116,         4, 84, 3.8758850
51C,2018/12/28 21:35:00, 50, 3807.4531, 13,       193, 49,        32, 56, 1.0976870, 74, 11.807193, 73, 515.97083, 77, 33.687500, 79, 1.2201934, 75, 49.893616, 66, 1.4593506,116,         4, 84, 3.8745117
59C,2018/12/28 21:36:00, 50, 3807.4531, 13,       193, 49,        32, 56, 1.0976870, 74, 11.884974, 73, 516.02930, 77, 33.750000, 79, 1.2201934, 75, 50.044472, 66, 1.7503357,116,         4, 84, 3.8751221
5DC,2018/12/28 21:37:00, 50, 3807.4531, 13,       193, 49,        32, 56, 1.0976870, 74, 11.900531, 73, 516.02930, 77, 33.781250, 79, 1.2201934, 75, 50.044472, 66, 1.8228149,116,         4, 84, 3.8749695
50C,2018/12/28 21:38:00, 50, 3807.4531, 13,       193, 49,        32, 56, 1.0976870, 74, 11.869418, 73, 516.02930, 77, 33.781250, 79, 1.2153320, 75, 49.994171, 66, 1.7610168,116,         4, 84, 3.8746643
59C,2018/12/28 21:39:00, 50, 1028.8132, 13,       193, 49,        32, 56, 1.0976870, 74, 11.838305, 73, 516.02930, 77, 33.843750, 79, 1.2201934, 75, 49.943886, 66, 1.7265320,116,         4, 84, 3.8717651
5EC,2018/12/28 21:40:00, 50, 1176.4983, 13,       193, 49,        32, 56, 1.0976870, 74, 11.900531, 73, 516.05853, 77, 33.906250, 79, 1.2201934, 75, 49.943886, 66, 1.7192078,116,         4, 84, 3.8716125
56C,2018/12/28 21:41:00, 50, 1012.7754, 13,       193, 49,        32, 56, 1.0976870, 74, 11.884974, 73, 516.05853, 77, 33.906250, 79, 1.2250546, 75, 49.994171, 66, 1.6656494,116,         4, 84, 3.8685608
57C,2018/12/28 21:42:00, 50, 1018.8165, 13,       193, 49,        32, 56, 1.0976870, 74, 11.884974, 73, 516.05853, 77, 33.937500, 79, 1.2201934, 75, 49.994171, 66, 1.7044067,116,         4, 84, 3.8662720
53C,2018/12/28 21:43:00, 50, 1050.5234, 13,       193, 49,        32, 56, 1.0976870, 74, 11.822749, 73, 516.02930, 77, 33.968750, 79, 1.2153320, 75, 50.044472, 66, 1.7088318,116,         4, 84, 3.8658142
5DC,2018/12/28 21:44:00, 50, 1103.6304, 13,       193, 49,        32, 56, 1.0976870, 74, 11.884974, 73, 516.05853, 77, 34.000000, 79, 1.2153320, 75, 49.994171, 66, 1.7442322,116,         4, 84, 3.8670349
52C,2018/12/28 21:45:00, 50, 2114.5127, 13,       193, 49,        32, 56, 1.0976870, 74, 11.884974, 73, 516.05853, 77, 34.031250, 79, 1.2201934, 75, 49.994171, 66, 1.9729614,116,         4, 84, 3.8693237
54C,2018/12/28 21:46:00, 50, 2121.1245, 13,       193, 49,        32, 56, 1.0976870, 74, 11.884974, 73, 516.05853, 77, 34.031250, 79, 1.2153320, 75, 50.044472, 66, 1.9006348,116,         4, 84, 3.8661194
54C,2018/12/28 21:47:00, 50, 1722.4116, 13,       193, 49,        32, 56, 1.0976870, 74, 11.838305, 73, 516.05853, 77, 34.093750, 79, 1.2201934, 75, 49.943886, 66, 1.8672180,116,         4, 84, 3.8656616
51C,2018/12/28 21:48:00, 50, 1660.7166, 13,       193, 49,        32, 56, 1.0976870, 74, 11.884974, 73, 516.02930, 77, 34.062500, 79, 1.2153320, 75, 49.994171, 66, 1.7880249,116,         4, 84, 3.8647461
53C,2018/12/28 21:49:00, 50, 1627.4426, 13,       193, 49,        32, 56, 1.0976870, 74, 11.869418, 73, 516.08777, 77, 34.125000, 79, 1.2153320, 75, 50.044472, 66, 1.8077087,116,         4, 84, 3.8639832
5BC,2018/12/28 21:50:00, 50, 1600.8936, 13,       193, 49,        32, 56, 1.0976870, 74, 11.869418, 73, 516.08777, 77, 34.125000, 79, 1.2153320, 75, 50.044472, 66, 1.7973328,116,         4, 84, 3.8650513
58C,2018/12/28 21:51:00, 50, 2211.3613, 13,       193, 49,        32, 56, 1.0976870, 74, 11.822749, 73, 516.08777, 77, 34.156250, 79, 1.2153320, 75, 49.994171, 66, 1.9174194,116,         4, 84, 3.8653564
54C,2018/12/28 21:52:00, 50, 1563.9697, 13,       193, 49,        32, 56, 1.0976870, 74, 11.869418, 73, 516.08777, 77, 34.156250, 79, 1.2153320, 75, 50.044472, 66, 1.7860413,116,         4, 84, 3.8676453
52C,2018/12/28 21:53:00, 50, 1427.2029, 13,       193, 49,        32, 56, 1.0976870, 74, 11.853862, 73, 516.11700, 77, 34.187500, 79, 1.2153320, 75, 50.044472, 66, 1.7547607,116,         4, 84, 3.8682556
52C,2018/12/28 21:54:00, 50, 1357.3838, 13,       193, 49,        32, 56, 1.0976870, 74, 11.853862, 73, 516.11700, 77, 34.187500, 79, 1.2153320, 75, 49.994171, 66, 1.7373657,116,         4, 84, 3.8682556
5CC,2018/12/28 21:55:00, 50, 1244.1260, 13,       193, 49,        32, 56, 1.0976870, 74, 11.838305, 73, 516.08777, 77, 34.218750, 79, 1.2153320, 75, 49.994171, 66, 1.6758728,116,         4, 84, 3.8667297
57C,2018/12/28 21:56:00, 50, 1075.3052, 13,       193, 49,        32, 56, 1.0976870, 74, 11.853862, 73, 516.11700, 77, 34.218750, 79, 1.2201934, 75, 50.044472, 66, 1.6957092,116,         4, 84, 3.8644409
55C,2018/12/28 21:57:00, 50, 1104.1306, 13,       193, 49,        32, 56, 1.0976870, 74, 11.869418, 73, 516.14630, 77, 34.218750, 79, 1.2153320, 75, 49.994171, 66, 1.7227173,116,         4, 84, 3.8641357
5BC,2018/12/28 21:58:00, 50, 1156.0117, 13,       193, 49,        32, 56, 1.0976870, 74, 11.853862, 73, 516.14630, 77, 34.250000, 79, 1.2153320, 75, 49.994171, 66, 1.7453003,116,         4, 84, 3.8659668
5DC,2018/12/28 21:59:00, 50, 1185.2180, 13,       193, 49,        32, 56, 1.0976870, 74, 11.853862, 73, 516.14630, 77, 34.250000, 79, 1.2153320, 75, 49.994171, 66, 1.7401123,116,         4, 84, 3.8642883
57C,2018/12/28 22:00:00, 50, 1198.7061, 13,       193, 49,        32, 56, 1.0976870, 74, 11.853862, 73, 516.11700, 77, 34.281250, 79, 1.2153320, 75, 49.994171, 66, 1.7510986,116,         4, 84, 3.8633728
5FC,2018/12/28 22:01:00, 50, 1220.2573, 13,       193, 49,        32, 56, 1.0976870, 74, 11.869418, 73, 516.11700, 77, 34.281250, 79, 1.2201934, 75, 49.994171, 66, 1.7535400,116,         4, 84, 3.8647461
54C,2018/12/28 22:02:00, 50, 1240.0781, 13,       193, 49,        32, 56, 1.0976870, 74, 11.853862, 73, 516.08777, 77, 34.281250, 79, 1.2153320, 75, 49.994171, 66, 1.7875671,116,         4, 84, 3.8642883
50C,2018/12/28 22:03:00, 50, 1301.2893, 13,       193, 49,        32, 56, 1.0976870, 74, 11.838305, 73, 516.08777, 77, 34.312500, 79, 1.2153320, 75, 49.994171, 66, 1.7926025,116,         4, 84, 3.8627625
51C,2018/12/28 22:04:00, 50, 1333.5061, 13,       193, 49,        32, 56, 1.0976870, 74, 11.853862, 73, 516.11700, 77, 34.343750, 79, 1.2153320, 75, 49.994171, 66, 1.7495728,116,         4, 84, 3.8618469
5CC,2018/12/28 22:05:00, 50, 1339.4451, 13,       193, 49,        32, 56, 1.0976870, 74, 11.884974, 73, 516.08777, 77, 34.343750, 79, 1.2153320, 75, 50.044472, 66, 1.7881775,116,         4, 84, 3.8633728
58C,2018/12/28 22:06:00, 50, 1369.5051, 13,       193, 49,        32, 56, 1.0976870, 74, 11.838305, 73, 516.08777, 77, 34.343750, 79, 1.2153320, 75, 50.044472, 66, 1.7510986,116,         4, 84, 3.8604736
5AC,2018/12/28 22:07:00, 50, 1343.6426, 13,       193, 49,        32, 56, 1.0976870, 74, 11.838305, 73, 516.11700, 77, 34.375000, 79, 1.2153320, 75, 49.994171, 66, 1.7646790,116,         4, 84, 3.8604736
5FC,2018/12/28 22:08:00, 50, 1327.4751, 13,       193, 49,        32, 56, 1.0976870, 74, 11.838305, 73, 516.08777, 77, 34.375000, 79, 1.2153320, 75, 49.994171, 66, 1.7433167,116,         4, 84, 3.8589478
57C,2018/12/28 22:09:00, 50, 1346.7134, 13,       193, 49,        32, 56, 1.0976870, 74, 11.869418, 73, 516.11700, 77, 34.375000, 79, 1.2153320, 75, 50.044472, 66, 1.8386841,116,         4, 84, 3.8577271
57C,2018/12/28 22:10:00, 50, 2187.5005, 13,       193, 49,        32, 56, 1.0976870, 74, 11.869418, 73, 516.08777, 77, 34.375000, 79, 1.2153320, 75, 50.044472, 66, 1.9125366,116,         4, 84, 3.8581848
5AC,2018/12/28 22:11:00, 50, 1559.4907, 13,       193, 49,        32, 56, 1.0976870, 74, 11.853862, 73, 516.11700, 77, 34.437500, 79, 1.2153320, 75, 50.044472, 66, 1.7977905,116,         4, 84, 3.8604736
55C,2018/12/28 22:12:00, 50, 1478.7471, 13,       193, 49,        32, 56, 1.0976870, 74, 11.838305, 73, 516.11700, 77, 34.468750, 79, 1.2201934, 75, 49.994171, 66, 1.7878723,116,         4, 84, 3.8583374
5BC,2018/12/28 22:13:00, 50, 1406.2861, 13,       193, 49,        32, 56, 1.0976870, 74, 11.869418, 73, 516.08777, 77, 34.468750, 79, 1.2153320, 75, 49.994171, 66, 1.7167664,116,         4, 84, 3.8552856
5FC,2018/12/28 22:14:00, 50, 1564.8203, 13,       193, 49,        32, 56, 1.0976870, 74, 11.853862, 73, 516.11700, 77, 34.500000, 79, 1.2153320, 75, 50.044472, 66, 1.8951416,116,         4, 84, 3.8560486
5DC,2018/12/28 22:15:00, 50, 1479.8738, 13,       193, 49,        32, 56, 1.0976870, 74, 11.838305, 73, 516.11700, 77, 34.500000, 79, 1.2201934, 75, 49.994171, 66, 1.7651367,116,         4, 84, 3.8554382
53C,2018/12/28 22:16:00, 50, 1389.8137, 13,       193, 49,        32, 56, 1.0976870, 74, 11.869418, 73, 516.11700, 77, 34.500000, 79, 1.2201934, 75, 49.994171, 66, 1.7932129,116,         4, 84, 3.8574219
58C,2018/12/28 22:17:00, 50, 1430.3833, 13,       193, 49,        32, 56, 1.0976870, 74, 11.869418, 73, 516.08777, 77, 34.531250, 79, 1.2201934, 75, 49.994171, 66, 1.8093872,116,         4, 84, 3.8562012
5FC,2018/12/28 22:18:00, 50, 1443.1833, 13,       193, 49,        32, 56, 1.0976870, 74, 11.869418, 73, 516.11700, 77, 34.531250, 79, 1.2201934, 75, 50.044472, 66, 1.7575073,116,         4, 84, 3.8548279
5CC,2018/12/28 22:19:00, 50, 1445.4832, 13,       193, 49,        32, 56, 1.0976870, 74, 11.853862, 73, 516.17554, 77, 34.593750, 79, 1.2153320, 75, 50.044472, 66, 1.8431091,116,         4, 84, 3.8572693
5BC,2018/12/28 22:20:00, 50, 2140.1289, 13,       193, 49,        32, 56, 1.0976870, 74, 11.838305, 73, 516.14630, 77, 34.625000, 79, 1.2201934, 75, 49.994171, 66, 1.9625854,116,         4, 84, 3.8562012
5AC,2018/12/28 22:21:00, 50, 2070.4126, 13,       193, 49,        32, 56, 1.0976870, 74, 11.869418, 73, 516.17554, 77, 34.625000, 79, 1.2153320, 75, 49.994171, 66, 1.9515991,116,         4, 84, 3.8528442
56C,2018/12/28 22:22:00, 50, 2071.4395, 13,       193, 49,        32, 56, 1.0976870, 74, 11.853862, 73, 516.17554, 77, 34.656250, 79, 1.2104707, 75, 49.994171, 66, 1.9049072,116,         4, 84, 3.8529968
5FC,2018/12/28 22:23:00, 50, 2011.5298, 13,       193, 49,        32, 56, 1.0976870, 74, 11.838305, 73, 516.17554, 77, 34.656250, 79, 1.2250546, 75, 49.994171, 66, 1.8875122,116,         4, 84, 3.8507080
53C,2018/12/28 22:24:00, 50, 1904.7092, 13,       193, 49,        32, 56, 1.0976870, 74, 11.869418, 73, 516.20477, 77, 34.687500, 79, 1.2153320, 75, 49.994171, 66, 1.8551636,116,         4, 84, 3.8523865
5EC,2018/12/28 22:25:00, 50, 1633.9016, 13,       193, 49,        32, 56, 1.0976870, 74, 11.869418, 73, 516.17554, 77, 34.718750, 79, 1.2201934, 75, 50.044472, 66, 1.8112183,116,         4, 84, 3.8534546
5BC,2018/12/28 22:26:00, 50, 1411.1233, 13,       193, 49,        32, 56, 1.0976870, 74, 11.869418, 73, 516.14630, 77, 34.750000, 79, 1.2153320, 75, 49.994171, 66, 1.7572021,116,         4, 84, 3.8534546
52C,2018/12/28 22:27:00, 50, 1390.6301, 13,       193, 49,        32, 56, 1.0976870, 74, 11.838305, 73, 516.14630, 77, 34.750000, 79, 1.2201934, 75, 49.994171, 66, 1.7826843,116,         4, 84, 3.8519287
5BC,2018/12/28 22:28:00, 50, 2434.6265, 13,       193, 49,        32, 56, 1.0976870, 74, 11.853862, 73, 516.17554, 77, 34.781250, 79, 1.2201934, 75, 49.994171, 66, 2.0437622,116,         4, 84, 3.8502502
5EC,2018/12/28 22:29:00, 50, 2339.6733, 13,       193, 49,        32, 56, 1.0976870, 74, 11.869418, 73, 516.14630, 77, 34.781250, 79, 1.2201934, 75, 49.994171, 66, 1.9781494,116,         4, 84, 3.8487244
51C,2018/12/28 22:30:00, 50, 1974.6995, 13,       193, 49,        32, 56, 1.0976870, 74, 11.853862, 73, 516.17554, 77, 34.812500, 79, 1.2153320, 75, 49.994171, 66, 1.9447327,116,         4, 84, 3.8500977
59C,2018/12/28 22:31:00, 50, 2017.2527, 13,       193, 49,        32, 56, 1.0976870, 74, 11.838305, 73, 516.17554, 77, 34.843750, 79, 1.2104707, 75, 49.994171, 66, 1.8898010,116,         4, 84, 3.8505554
5CC,2018/12/28 22:32:00, 50, 1858.8765, 13,       193, 49,        32, 56, 1.0976870, 74, 11.853862, 73, 516.17554, 77, 34.843750, 79, 1.2250546, 75, 50.044472, 66, 1.8406677,116,         4, 84, 3.8482666
5FC,2018/12/28 22:33:00, 50, 1456.1760, 13,       193, 49,        32, 56, 1.0976870, 74, 11.853862, 73, 516.14630, 77, 34.875000, 79, 1.2201934, 75, 50.044472, 66, 1.7883301,116,         4, 84, 3.8467407
58C,2018/12/28 22:34:00, 50, 1529.4590, 13,       193, 49,        32, 56, 1.0976870, 74, 11.869418, 73, 516.14630, 77, 34.906250, 79, 1.2201934, 75, 50.044472, 66, 1.8054199,116,         4, 84, 3.8468933
52C,2018/12/28 22:35:00, 50, 1648.5007, 13,       193, 49,        32, 56, 1.0976870, 74, 11.838305, 73, 516.14630, 77, 34.906250, 79, 1.2153320, 75, 49.994171, 66, 1.8395996,116,         4, 84, 3.8442993
5CC,2018/12/28 22:36:00, 50, 1631.9521, 13,       193, 49,        32, 56, 1.0976870, 74, 11.853862, 73, 516.11700, 77, 34.937500, 79, 1.2201934, 75, 50.044472, 66, 1.8232727,116,         4, 84, 3.8418579
51C,2018/12/28 22:37:00, 50, 1768.2114, 13,       193, 49,        32, 56, 1.0976870, 74, 11.869418, 73, 516.14630, 77, 34.937500, 79, 1.2201934, 75, 50.044472, 66, 1.9284058,116,         4, 84, 3.8420105
52C,2018/12/28 22:38:00, 50, 2043.7349, 13,       193, 49,        32, 56, 1.0976870, 74, 11.853862, 73, 516.11700, 77, 35.000000, 79, 1.2153320, 75, 50.044472, 66, 1.9885254,116,         4, 84, 3.8441467
58C,2018/12/28 22:39:00, 50, 1909.3372, 13,       193, 49,        32, 56, 1.0976870, 74, 11.838305, 73, 516.11700, 77, 34.968750, 79, 1.2153320, 75, 50.044472, 66, 1.8806458,116,         4, 84, 3.8447571
55C,2018/12/28 22:40:00, 50, 1978.5017, 13,       193, 49,        32, 56, 1.0976870, 74, 11.853862, 73, 516.11700, 77, 35.031250, 79, 1.2153320, 75, 50.044472, 66, 1.9091797,116,         4, 84, 3.8455200
51C,2018/12/28 22:41:00, 50, 1960.1526, 13,       193, 49,        32, 56, 1.0976870, 74, 11.869418, 73, 516.05853, 77, 35.000000, 79, 1.2104707, 75, 49.994171, 66, 1.8453979,116,         4, 84, 3.8461304
54C,2018/12/28 22:42:00, 50, 2011.8132, 13,       193, 49,        32, 56, 1.0976870, 74, 11.869418, 73, 516.05853, 77, 35.062500, 79, 1.2201934, 75, 49.994171, 66, 1.9628906,116,         4, 84, 3.8481140
54C,2018/12/28 22:43:00, 50, 3282.1299, 13,       193, 49,        32, 56, 1.0976870, 74, 11.853862, 73, 516.08777, 77, 35.062500, 79, 1.2153320, 75, 49.994171, 66, 2.2196960,116,         4, 84, 3.8467407
56C,2018/12/28 22:44:00, 50, 1771.2661, 13,       193, 49,        32, 56, 1.0976870, 74, 11.853862, 73, 516.05853, 77, 35.093750, 79, 1.2153320, 75, 49.943886, 66, 1.8434143,116,         4, 84, 3.8468933
59C,2018/12/28 22:45:00, 50, 1619.4380, 13,       193, 49,        32, 56, 1.0976870, 74, 11.869418, 73, 516.05853, 77, 35.125000, 79, 1.2201934, 75, 49.994171, 66, 1.7999268,116,         4, 84, 3.8449097
52C,2018/12/28 22:46:00, 50, 1559.9036, 13,       193, 49,        32, 56, 1.0976870, 74, 11.853862, 73, 516.02930, 77, 35.156250, 79, 1.2201934, 75, 49.994171, 66, 1.7512512,116,         4, 84, 3.8418579
54C,2018/12/28 22:47:00, 50, 1573.0269, 13,       193, 49,        32, 56, 1.0976870, 74, 11.853862, 73, 516.05853, 77, 35.156250, 79, 1.2201934, 75, 49.994171, 66, 1.8254089,116,         4, 84, 3.8418579
50C,2018/12/28 22:48:00, 50, 1620.6831, 13,       193, 49,        32, 56, 1.0976870, 74, 11.838305, 73, 516.08777, 77, 35.156250, 79, 1.2153320, 75, 49.994171, 66, 1.7835999,116,         4, 84, 3.8429260
53C,2018/12/28 22:49:00, 50, 1524.6609, 13,       193, 49,        32, 56, 1.0976870, 74, 11.869418, 73, 516.02930, 77, 35.156250, 79, 1.2201934, 75, 49.994171, 66, 1.7997742,116,         4, 84, 3.8410950
54C,2018/12/28 22:50:00, 50, 1512.4976, 13,       193, 49,        32, 56, 1.0976870, 74, 11.853862, 73, 516.00006, 77, 35.156250, 79, 1.2250546, 75, 49.994171, 66, 1.8197632,116,         4, 84, 3.8394165
59C,2018/12/28 22:51:00, 50, 1472.1499, 13,       193, 49,        32, 56, 1.0976870, 74, 11.838305, 73, 515.97083, 77, 35.187500, 79, 1.2153320, 75, 50.044472, 66, 1.7288208,116,         4, 84, 3.8417053
56C,2018/12/28 22:52:00, 50, 1395.4768, 13,       193, 49,        32, 56, 1.0976870, 74, 11.838305, 73, 516.00006, 77, 35.218750, 79, 1.2153320, 75, 49.994171, 66, 1.7730713,116,         4, 84, 3.8385010
59C,2018/12/28 22:53:00, 50, 1249.0730, 13,       193, 49,        32, 56, 1.0976870, 74, 11.869418, 73, 516.00006, 77, 35.218750, 79, 1.2201934, 75, 49.994171, 66, 1.7012024,116,         4, 84, 3.8391113
5BC,2018/12/28 22:54:00, 50, 1221.4009, 13,       193, 49,        32, 56, 1.0976870, 74, 11.853862, 73, 515.97083, 77, 35.250000, 79, 1.2250546, 75, 50.044472, 66, 1.7472839,116,         4, 84, 3.8386536
5EC,2018/12/28 22:55:00, 50, 1216.5688, 13,       193, 49,        32, 56, 1.0976870, 74, 11.838305, 73, 516.00006, 77, 35.250000, 79, 1.2153320, 75, 50.044472, 66, 1.7274475,116,         4, 84, 3.8423157
54C,2018/12/28 22:56:00, 50, 1332.6467, 13,       193, 49,        32, 56, 1.0976870, 74, 11.838305, 73, 516.05853, 77, 35.250000, 79, 1.2153320, 75, 49.994171, 66, 1.7379761,116,         4, 84, 3.8432312
50C,2018/12/28 22:57:00, 50, 1254.4053, 13,       193, 49,        32, 56, 1.0976870, 74, 11.869418, 73, 516.05853, 77, 35.281250, 79, 1.2153320, 75, 49.994171, 66, 1.7289734,116,         4, 84, 3.8407898
5DC,2018/12/28 22:58:00, 50, 1253.5571, 13,       193, 49,        32, 56, 1.0976870, 74, 11.869418, 73, 516.05853, 77, 35.312500, 79, 1.2153320, 75, 49.994171, 66, 1.7219543,116,         4, 84, 3.8400269
54C,2018/12/28 22:59:00, 50, 1219.5286, 13,       193, 49,        32, 56, 1.0976870, 74, 11.869418, 73, 516.08777, 77, 35.281250, 79, 1.2201934, 75, 49.994171, 66, 1.6848755,116,         4, 84, 3.8394165
5AC,2018/12/28 23:00:00, 50, 1170.0232, 13,       193, 49,        32, 56, 1.0976870, 74, 11.853862, 73, 516.08777, 77, 35.281250, 79, 1.2104707, 75, 49.994171, 66, 1.6793823,116,         4, 84, 3.8380432
54C,2018/12/28 23:01:00, 50, 1114.2808, 13,       193, 49,        32, 56, 1.0976870, 74, 11.853862, 73, 516.08777, 77, 35.312500, 79, 1.2201934, 75, 49.994171, 66, 1.6714478,116,         4, 84, 3.8380432
5CC,2018/12/28 23:02:00, 50, 1277.7759, 13,       193, 49,        32, 56, 1.0976870, 74, 11.869418, 73, 516.08777, 77, 35.312500, 79, 1.2153320, 75, 49.994171, 66, 1.7800903,116,         4, 84, 3.8357544
5CC,2018/12/28 23:03:00, 50, 1720.9048, 13,       193, 49,        32, 56, 1.0976870, 74, 11.853862, 73, 516.11700, 77, 35.312500, 79, 1.2201934, 75, 49.994171, 66, 1.8605042,116,         4, 84, 3.8359070
54C,2018/12/28 23:04:00, 50, 1658.1636, 13,       193, 49,        32, 56, 1.0976870, 74, 11.838305, 73, 516.08777, 77, 35.343750, 79, 1.2201934, 75, 50.044472, 66, 1.7691040,116,         4, 84, 3.8337708
5DC,2018/12/28 23:05:00, 50, 1316.6394, 13,       193, 49,        32, 56, 1.0976870, 74, 11.869418, 73, 516.05853, 77, 35.375000, 79, 1.2250546, 75, 50.044472, 66, 1.7401123,116,         4, 84, 3.8339233
56C,2018/12/28 23:06:00, 50, 1287.0728, 13,       193, 49,        32, 56, 1.0976870, 74, 11.853862, 73, 516.08777, 77, 35.375000, 79, 1.2153320, 75, 49.994171, 66, 1.7276001,116,         4, 84, 3.8359070
5EC,2018/12/28 23:07:00, 50, 1256.2187, 13,       193, 49,        32, 56, 1.0976870, 74, 11.853862, 73, 516.02930, 77, 35.406250, 79, 1.2153320, 75, 49.994171, 66, 1.7179871,116,         4, 84, 3.8346863
53C,2018/12/28 23:08:00, 50, 1242.6238, 13,       193, 49,        32, 56, 1.0976870, 74, 11.838305, 73, 516.02930, 77, 35.437500, 79, 1.2153320, 75, 49.994171, 66, 1.7138672,116,         4, 84, 3.8351440
5AC,2018/12/28 23:09:00, 50, 1218.2539, 13,       193, 49,        32, 56, 1.0976870, 74, 11.853862, 73, 516.02930, 77, 35.437500, 79, 1.2250546, 75, 49.994171, 66, 1.6946411,116,         4, 84, 3.8357544
53C,2018/12/28 23:10:00, 50, 1181.0061, 13,       193, 49,        32, 56, 1.0976870, 74, 11.869418, 73, 516.05853, 77, 35.437500, 79, 1.2201934, 75, 49.943886, 66, 1.6696167,116,         4, 84, 3.8351440
51C,2018/12/28 23:11:00, 50, 1092.9143, 13,       193, 49,        32, 56, 1.0976870, 74, 11.838305, 73, 516.05853, 77, 35.437500, 79, 1.2153320, 75, 49.994171, 66, 1.6694641,116,         4, 84, 3.8333130
54C,2018/12/28 23:12:00, 50, 1026.1013, 13,       193, 49,        32, 56, 1.0976870, 74, 11.853862, 73, 516.02930, 77, 35.437500, 79, 1.2153320, 75, 49.994171, 66, 1.6571045,116,         4, 84, 3.8322449
55C,2018/12/28 23:13:00, 50, 993.73071, 13,       193, 49,        32, 56, 1.0976870, 74, 11.869418, 73, 516.05853, 77, 35.468750, 79, 1.2201934, 75, 49.994171, 66, 1.6458130,116,         4, 84, 3.8320923
58C,2018/12/28 23:14:00, 50, 976.46167, 13,       193, 49,        32, 56, 1.0976870, 74, 11.853862, 73, 516.05853, 77, 35.468750, 79, 1.2201934, 75, 49.994171, 66, 1.6467285,116,         4, 84, 3.8334656
55C,2018/12/28 23:15:00, 50, 971.73523, 13,       193, 49,        32, 56, 1.0976870, 74, 11.853862, 73, 516.05853, 77, 35.468750, 79, 1.2153320, 75, 49.994171, 66, 1.6624451,116,         4, 84, 3.8356018
50C,2018/12/28 23:16:00, 50, 984.06323, 13,       193, 49,        32, 56, 1.0976870, 74, 11.853862, 73, 516.02930, 77, 35.468750, 79, 1.2153320, 75, 49.994171, 66, 1.6731262,116,         4, 84, 3.8334656
59C,2018/12/28 23:17:00, 50, 983.95862, 13,       193, 49,        32, 56, 1.0976870, 74, 11.869418, 73, 516.02930, 77, 35.500000, 79, 1.2153320, 75, 49.994171, 66, 1.6508484,116,         4, 84, 3.8323975
54C,2018/12/28 23:18:00, 50, 985.83008, 13,       193, 49,        32, 56, 1.0976870, 74, 11.869418, 73, 515.97083, 77, 35.500000, 79, 1.2250546, 75, 49.994171, 66, 1.6635132,116,         4, 84, 3.8331604
50C,2018/12/28 23:19:00, 50, 984.46472, 13,       193, 49,        32, 56, 1.0976870, 74, 11.853862, 73, 515.97083, 77, 35.500000, 79, 1.2153320, 75, 49.994171, 66, 1.6601562,116,         4, 84, 3.8330078
55C,2018/12/28 23:20:00, 50, 984.35974, 13,       193, 49,        32, 56, 1.0976870, 74, 11.853862, 73, 516.00006, 77, 35.531250, 79, 1.2153320, 75, 50.044472, 66, 1.6656494,116,         4, 84, 3.8342285
57C,2018/12/28 23:21:00, 50, 988.70020, 13,       193, 49,        32, 56, 1.0976870, 74, 11.869418, 73, 515.97083, 77, 35.562500, 79, 1.2153320, 75, 50.044472, 66, 1.6520691,116,         4, 84, 3.8345337
5EC,2018/12/28 23:22:00, 50, 990.39685, 13,       193, 49,        32, 56, 1.0976870, 74, 11.853862, 73, 515.94159, 77, 35.531250, 79, 1.2201934, 75, 49.994171, 66, 1.6607666,116,         4, 84, 3.8357544
52C,2018/12/28 23:23:00, 50, 998.46069, 13,       193, 49,        32, 56, 1.0976870, 74, 11.853862, 73, 515.94159, 77, 35.562500, 79, 1.2201934, 75, 50.044472, 66, 1.7108154,116,         4, 84, 3.8343811
58C,2018/12/28 23:24:00, 50, 1271.3987, 13,       193, 49,        32, 56, 1.0976870, 74, 11.838305, 73, 515.97083, 77, 35.562500, 79, 1.2201934, 75, 49.994171, 66, 1.7181396,116,         4, 84, 3.8333130
5EC,2018/12/28 23:25:00, 50, 1217.2700, 13,       193, 49,        32, 56, 1.0976870, 74, 11.869418, 73, 515.94159, 77, 35.593750, 79, 1.2153320, 75, 49.994171, 66, 1.7146301,116,         4, 84, 3.8308716
55C,2018/12/28 23:26:00, 50, 1131.7817, 13,       193, 49,        32, 56, 1.0976870, 74, 11.853862, 73, 515.94159, 77, 35.593750, 79, 1.2104707, 75, 49.994171, 66, 1.6665649,116,         4, 84, 3.8304138
56C,2018/12/28 23:27:00, 50, 1191.3398, 13,       193, 49,        32, 56, 1.0976870, 74, 11.853862, 73, 515.97083, 77, 35.593750, 79, 1.2153320, 75, 50.044472, 66, 1.7256165,116,         4, 84, 3.8304138
5DC,2018/12/28 23:28:00, 50, 1061.2405, 13,       193, 49,        32, 56, 1.0976870, 74, 11.853862, 73, 515.94159, 77, 35.625000, 79, 1.2153320, 75, 50.044472, 66, 1.6726685,116,         4, 84, 3.8310242
54C,2018/12/28 23:29:00, 50, 1143.5918, 13,       193, 49,        32, 56, 1.0976870, 74, 11.853862, 73, 515.94159, 77, 35.625000, 79, 1.2153320, 75, 49.994171, 66, 1.7079163,116,         4, 84, 3.8299561
5DC,2018/12/28 23:30:00, 50, 2041.7307, 13,       193, 49,        32, 56, 1.0976870, 74, 11.853862, 73, 515.94159, 77, 35.656250, 79, 1.2153320, 75, 50.044472, 66, 1.9171143,116,         4, 84, 3.8308716
5AC,2018/12/28 23:31:00, 50, 1579.4932, 13,       193, 49,        32, 56, 1.0976870, 74, 11.838305, 73, 515.97083, 77, 35.656250, 79, 1.2153320, 75, 50.044472, 66, 1.7906189,116,         4, 84, 3.8304138
5EC,2018/12/28 23:32:00, 50, 1482.7668, 13,       193, 49,        32, 56, 1.0976870, 74, 11.838305, 73, 515.94159, 77, 35.656250, 79, 1.2153320, 75, 49.994171, 66, 1.7762756,116,         4, 84, 3.8308716
5EC,2018/12/28 23:33:00, 50, 1405.7043, 13,       193, 49,        32, 56, 1.0976870, 74, 11.869418, 73, 515.97083, 77, 35.687500, 79, 1.2250546, 75, 49.994171, 66, 1.7475891,116,         4, 84, 3.8320923
59C,2018/12/28 23:34:00, 50, 1329.3398, 13,       193, 49,        32, 56, 1.0976870, 74, 11.869418, 73, 515.94159, 77, 35.687500, 79, 1.2104707, 75, 49.994171, 66, 1.7111206,116,         4, 84, 3.8305664
53C,2018/12/28 23:35:00, 50, 1303.3359, 13,       193, 49,        32, 56, 1.0976870, 74, 11.853862, 73, 515.97083, 77, 35.718750, 79, 1.2299160, 75, 49.994171, 66, 1.7539978,116,         4, 84, 3.8304138
59C,2018/12/28 23:36:00, 50, 1428.5801, 13,       193, 49,        32, 56, 1.0976870, 74, 11.838305, 73, 515.97083, 77, 35.750000, 79, 1.2201934, 75, 49.994171, 66, 1.7906189,116,         4, 84, 3.8304138
5AC,2018/12/28 23:37:00, 50, 1575.1777, 13,       193, 49,        32, 56, 1.0976870, 74, 11.853862, 73, 516.00006, 77, 35.718750, 79, 1.2153320, 75, 49.994171, 66, 1.8000793,116,         4, 84, 3.8273621
54C,2018/12/28 23:38:00, 50, 1526.0203, 13,       193, 49,        32, 56, 1.0976870, 74, 11.869418, 73, 516.02930, 77, 35.750000, 79, 1.2104707, 75, 49.994171, 66, 1.7868042,116,         4, 84, 3.8252258
58C,2018/12/28 23:39:00, 50, 1532.4009, 13,       193, 49,        32, 56, 1.0976870, 74, 11.838305, 73, 516.00006, 77, 35.750000, 79, 1.2153320, 75, 50.044472, 66, 1.8034363,116,         4, 84, 3.8258362
51C,2018/12/28 23:40:00, 50, 1519.2534, 13,       193, 49,        32, 56, 1.0976870, 74, 11.838305, 73, 516.00006, 77, 35.781250, 79, 1.2201934, 75, 49.994171, 66, 1.7785645,116,         4, 84, 3.8241577
5DC,2018/12/28 23:41:00, 50, 1512.1831, 13,       193, 49,        32, 56, 1.0976870, 74, 11.869418, 73, 516.02930, 77, 35.812500, 79, 1.2201934, 75, 49.994171, 66, 1.7776489,116,         4, 84, 3.8233948
5DC,2018/12/28 23:42:00, 50, 1502.2468, 13,       193, 49,        32, 56, 1.0976870, 74, 11.869418, 73, 516.02930, 77, 35.812500, 79, 1.2201934, 75, 49.994171, 66, 1.7570496,116,         4, 84, 3.8218689
5DC,2018/12/28 23:43:00, 50, 1483.4338, 13,       193, 49,        32, 56, 1.0976870, 74, 11.838305, 73, 516.00006, 77, 35.812500, 79, 1.2250546, 75, 50.044472, 66, 1.7636108,116,         4, 84, 3.8215637
5CC,2018/12/28 23:44:00, 50, 1464.3281, 13,       193, 49,        32, 56, 1.0976870, 74, 11.838305, 73, 516.05853, 77, 35.812500, 79, 1.2153320, 75, 50.044472, 66, 1.7518616,116,         4, 84, 3.8221741
5AC,2018/12/28 23:45:00, 50, 1456.4290, 13,       193, 49,        32, 56, 1.0976870, 74, 11.853862, 73, 516.05853, 77, 35.843750, 79, 1.2250546, 75, 50.044472, 66, 1.7796326,116,         4, 84, 3.8240051
5EC,2018/12/28 23:46:00, 50, 1454.4136, 13,       193, 49,        32, 56, 1.0976870, 74, 11.869418, 73, 516.00006, 77, 35.843750, 79, 1.2201934, 75, 50.044472, 66, 1.7625427,116,         4, 84, 3.8244629
50C,2018/12/28 23:47:00, 50, 1447.4250, 13,       193, 49,        32, 56, 1.0976870, 74, 11.853862, 73, 516.00006, 77, 35.875000, 79, 1.2104707, 75, 49.994171, 66, 1.7564392,116,         4, 84, 3.8235474
5EC,2018/12/28 23:48:00, 50, 1433.3821, 13,       193, 49,        32, 56, 1.0976870, 74, 11.853862, 73, 516.02930, 77, 35.906250, 79, 1.2201934, 75, 49.994171, 66, 1.7340088,116,         4, 84, 3.8220215
50C,2018/12/28 23:49:00, 50, 1421.5894, 13,       193, 49,        32, 56, 1.0976870, 74, 11.869418, 73, 516.00006, 77, 35.906250, 79, 1.2201934, 75, 49.994171, 66, 1.7645264,116,         4, 84, 3.8211060
55C,2018/12/28 23:50:00, 50, 1422.7065, 13,       193, 49,        32, 56, 1.0976870, 74, 11.869418, 73, 515.97083, 77, 35.937500, 79, 1.2153320, 75, 49.994171, 66, 1.7607117,116,         4, 84, 3.8215637
5CC,2018/12/28 23:51:00, 50, 1422.7065, 13,       193, 49,        32, 56, 1.0976870, 74, 11.853862, 73, 515.91235, 77, 35.937500, 79, 1.2153320, 75, 49.994171, 66, 1.4987183,116,         4, 84, 3.8195801
52C,2018/12/28 23:52:00, 50, 1422.7065, 13,       193, 49,        32, 56, 1.0976870, 74, 11.853862, 73, 515.91235, 77, 35.968750, 79, 1.2104707, 75, 50.044472, 66, 1.4967346,116,         4, 84, 3.8179016
54C,2018/12/28 23:53:00, 50, 1422.7065, 13,       193, 49,        32, 56, 1.0976870, 74, 11.869418, 73, 515.91235, 77, 35.968750, 79, 1.2201934, 75, 49.994171, 66, 1.4982605,116,         4, 84, 3.8177490
57C,2018/12/28 23:54:00, 50, 1422.7065, 13,       193, 49,        32, 56, 1.0976870, 74, 11.869418, 73, 515.88312, 77, 35.968750, 79, 1.2153320, 75, 49.994171, 66, 1.5003967,116,         4, 84, 3.8182068
54C,2018/12/28 23:55:00, 50, 1422.7065, 13,       193, 49,        32, 56, 1.0976870, 74, 11.853862, 73, 515.91235, 77, 36.000000, 79, 1.2250546, 75, 50.044472, 66, 1.9494629,116,         4, 84, 3.8180542
56C,2018/12/28 23:56:00, 50, 1422.7065, 13,       193, 49,        32, 56, 1.0976870, 74, 11.838305, 73, 515.88312, 77, 36.031250, 79, 1.2201934, 75, 50.044472, 66, 1.7398071,116,         4, 84, 3.8203430
5EC,2018/12/28 23:57:00, 50, 1421.4624, 13,       193, 49,        32, 56, 1.0976870, 74, 11.869418, 73, 515.91235, 77, 36.062500, 79, 1.2104707, 75, 50.044472, 66, 1.7422485,116,         4, 84, 3.8206482
50C,2018/12/28 23:58:00, 50, 1139.4585, 13,       193, 49,        32, 56, 1.0976870, 74, 11.853862, 73, 515.91235, 77, 36.093750, 79, 1.2153320, 75, 49.994171, 66, 1.7286682,116,         4, 84, 3.8206482
54C,2018/12/28 23:59:00, 50, 1013.9612, 13,       193, 49,        32, 56, 1.0976870, 74, 11.853862, 73, 515.88312, 77, 36.125000, 79, 1.2153320, 75, 49.994171, 66, 1.7190552,116,         4, 84, 3.8200378
