40C,2017/01/11 16:24:00, 50, 0.0000000, 13,         0, 49,       128, 56, 1.0037853, 72, 512.64905, 73, 507.90140, 77, 24.281250, 79, 1.2347773, 83,     60163,110,        29,116,         0,164,         1
56C,2017/01/11 16:25:00, 50, 0.0000000, 13,       254, 49,        64, 56, 1.0037853, 72, 512.71185, 73, 508.39853, 77, 25.000000, 79, 1.2396387, 83,     60163,110,        29,116,         0,164,         1
55C,2017/01/11 16:26:00, 50, 0.0000000, 13,       254, 49,        64, 56, 1.0037853, 72, 512.72107, 73, 508.77863, 77, 25.531250, 79, 1.2250546, 83,     60163,110,        29,116,         0,164,         1
50C,2017/01/11 16:27:00, 50, 0.0000000, 13,       254, 49,        64, 56, 1.0037853, 72, 512.73810, 73, 509.15881, 77, 26.000000, 79, 1.2250546, 83,     60163,110,        29,116,         0,164,         1
50C,2017/01/11 16:28:00, 50, 0.0000000, 13,       254, 49,        64, 56, 1.0037853, 72, 512.73792, 73, 509.24652, 77, 26.468750, 79, 1.2396387, 83,     60163,110,        29,116,         0,164,         1
57C,2017/01/11 16:29:00, 50, 0.0000000, 13,       254, 49,        64, 56, 1.0037853, 72, 512.71478, 73, 509.36346, 77, 26.906250, 79, 1.2250546, 83,     60163,110,        29,116,         0,164,         1
53C,2017/01/11 16:30:00, 50, 0.0000000, 13,       254, 49,        64, 56, 1.0037853, 72, 512.69373, 73, 509.48047, 77, 27.343750, 79, 1.2201934, 83,     60163,110,        29,116,         0,164,         1
5BC,2017/01/11 16:31:00, 50, 0.0000000, 13,       254, 49,        64, 56, 1.0037853, 72, 512.66455, 73, 509.65588, 77, 27.750000, 79, 1.2299160, 83,     60163,110,        29,116,         0,164,         1
59C,2017/01/11 16:32:00, 50, 0.0000000, 13,       254, 49,        64, 56, 1.0037853, 72, 512.63489, 73, 509.74365, 77, 28.093750, 79, 1.2250546, 83,     60163,110,        29,116,         0,164,         1
5EC,2017/01/11 16:33:00, 50, 0.0000000, 13,       254, 49,        64, 56, 1.0037853, 72, 512.58844, 73, 509.86060, 77, 28.531250, 79, 1.2250546, 83,     60163,110,        29,116,         0,164,         1
55C,2017/01/11 16:34:00, 50, 0.0000000, 13,       254, 49,        32, 56, 1.0037853, 72, 512.55396, 73, 509.94830, 77, 28.906250, 79, 1.2250546, 83,     60163,110,        29,116,         0,164,         1
5EC,2017/01/11 16:35:00, 50, 0.0000000, 13,       254, 49,        32, 56, 1.0037853, 72, 512.47852, 73, 510.06531, 77, 29.281250, 79, 1.2250546, 83,     60163,110,        29,116,         0,164,         1
5CC,2017/01/11 16:36:00, 50, 0.0000000, 13,       254, 49,        32, 56, 1.0037853, 72, 512.44739, 73, 510.18225, 77, 29.625000, 79, 1.2250546, 83,     60163,110,        29,116,         0,164,         1
52C,2017/01/11 16:37:00, 50, 0.0000000, 13,       254, 49,        64, 56, 1.0037853, 72, 512.42987, 73, 510.24078, 77, 29.937500, 79, 1.2201934, 83,     60163,110,        29,116,         0,164,         1
5FC,2017/01/11 16:38:00, 50, 0.0000000, 13,       254, 49,        32, 56, 1.0037853, 72, 512.40002, 73, 510.29926, 77, 30.312500, 79, 1.2250546, 83,     60163,110,        29,116,         0,164,         1
5FC,2017/01/11 16:39:00, 50, 0.0000000, 13,       254, 49,        32, 56, 1.0037853, 72, 512.35364, 73, 510.38696, 77, 30.687500, 79, 1.2201934, 83,     60163,110,        29,116,         0,164,         1
59C,2017/01/11 16:40:00, 50, 0.0000000, 13,       254, 49,        32, 56, 1.0037853, 72, 512.34467, 73, 510.47467, 77, 30.968750, 79, 1.2201934, 83,     60163,110,        29,116,         0,164,         1
5FC,2017/01/11 16:41:00, 50, 0.0000000, 13,       254, 49,        32, 56, 1.0037853, 72, 512.26147, 73, 510.56244, 77, 31.250000, 79, 1.2250546, 83,     58115,110,        29,116,         0,164,         1
51C,2017/01/11 16:42:00, 50, 0.0000000, 13,       254, 49,        32, 56, 1.0037853, 72, 512.22369, 73, 510.62091, 77, 31.593750, 79, 1.2250546, 83,     58115,110,        29,116,         0,164,         1
50C,2017/01/11 16:43:00, 50, 0.0000000, 13,       254, 49,        32, 56, 1.0037853, 72, 512.16559, 73, 510.70862, 77, 31.937500, 79, 1.2250546, 83,     58115,110,        29,116,         0,164,         1
55C,2017/01/11 16:44:00, 50, 0.0000000, 13,       254, 49,        32, 56, 1.0037853, 72, 512.12451, 73, 510.79633, 77, 32.250000, 79, 1.2250546, 83,     58115,110,        29,116,         0,164,         1
55C,2017/01/11 16:45:00, 50, 0.0000000, 13,       254, 49,        32, 56, 1.0037853, 72, 512.09265, 73, 510.88409, 77, 32.406250, 79, 1.2201934, 83,     58115,110,        29,116,         0,164,         1
56C,2017/01/11 16:46:00, 50, 0.0000000, 13,       254, 49,        32, 56, 1.0037853, 72, 512.04761, 73, 510.94257, 77, 32.750000, 79, 1.2153320, 83,     58115,110,        29,116,         0,164,         1
57C,2017/01/11 16:47:00, 50, 0.0000000, 13,       254, 49,        32, 56, 1.0037853, 72, 511.99976, 73, 511.00104, 77, 33.062500, 79, 1.2201934, 83,     57603,110,        29,116,         0,164,         1
51C,2017/01/11 16:48:00, 50, 0.0000000, 13,       254, 49,        32, 56, 1.0037853, 72, 511.96381, 73, 511.11804, 77, 33.375000, 79, 1.2250546, 83,     57603,110,        29,116,         0,164,         1
52C,2017/01/11 16:49:00, 50, 0.0000000, 13,       254, 49,        32, 56, 1.0037853, 72, 511.27979, 73, 511.17651, 77, 33.625000, 79, 1.2201934, 83,     57603,110,        29,116,         0,164,         1
56C,2017/01/11 16:50:00, 50, 0.0000000, 13,       254, 49,        32, 56, 1.0037853, 72, 510.66638, 73, 511.23499, 77, 33.875000, 79, 1.2299160, 83,     57603,110,        29,116,         0,164,         1
5DC,2017/01/11 16:51:00, 50, 0.0000000, 13,       254, 49,        16, 56, 1.0037853, 72, 510.56042, 73, 511.29346, 77, 34.125000, 79, 1.2299160, 83,     57603,110,        29,116,         0,164,         1
54C,2017/01/11 16:52:00, 50, 0.0000000, 13,       254, 49,        16, 56, 1.0037853, 72, 510.49744, 73, 511.41046, 77, 34.343750, 79, 1.2201934, 83,     57603,110,        29,116,         0,164,         1
5CC,2017/01/11 16:53:00, 50, 0.0000000, 13,       254, 49,        32, 56, 1.0037853, 72, 510.42609, 73, 511.46893, 77, 34.593750, 79, 1.2201934, 83,     57603,110,        29,116,         0,164,         1
59C,2017/01/11 16:54:00, 50, 0.0000000, 13,       254, 49,        32, 56, 1.0037853, 72, 510.37787, 73, 511.52740, 77, 34.812500, 79, 1.2201934, 83,     57603,110,        29,116,         0,164,         1
57C,2017/01/11 16:55:00, 50, 0.0000000, 13,       254, 49,        32, 56, 1.0037853, 72, 510.33008, 73, 511.52740, 77, 34.968750, 79, 1.2201934, 83,     57603,110,        29,116,         0,164,         1
52C,2017/01/11 16:56:00, 50, 0.0000000, 13,       254, 49,        32, 56, 1.0037853, 72, 510.29095, 73, 511.61511, 77, 35.187500, 79, 1.2201934, 83,     57603,110,        29,116,         0,164,         1
57C,2017/01/11 16:57:00, 50, 0.0000000, 13,       254, 49,        32, 56, 1.0037853, 72, 510.23309, 73, 511.64435, 77, 35.375000, 79, 1.2201934, 83,     57603,110,        29,116,         0,164,         1
57C,2017/01/11 16:58:00, 50, 0.0000000, 13,       254, 49,        32, 56, 1.0037853, 72, 510.17517, 73, 511.67358, 77, 35.562500, 79, 1.2153320, 83,     57603,110,        29,116,         0,164,         1
5CC,2017/01/11 16:59:00, 50, 0.0000000, 13,       254, 49,        32, 56, 1.0037853, 72, 510.15601, 73, 511.73212, 77, 35.750000, 79, 1.2153320, 83,     57603,110,        29,116,         0,164,         1
5EC,2017/01/11 17:00:00, 50, 0.0000000, 13,       254, 49,        32, 56, 1.0037853, 72, 510.13379, 73, 511.73212, 77, 35.875000, 79, 1.2201934, 83,     57603,110,        29,116,         0,164,         1
56C,2017/01/11 17:01:00, 50, 0.0000000, 13,       254, 49,        16, 56, 1.0037853, 72, 510.10980, 73, 511.79059, 77, 36.031250, 79, 1.2153320, 83,     57603,110,        29,116,         0,164,         1
52C,2017/01/11 17:02:00, 50, 0.0000000, 13,       254, 49,        32, 56, 1.0037853, 72, 510.08777, 73, 511.87830, 77, 36.187500, 79, 1.2250546, 83,     57603,110,        29,116,         0,164,         1
5DC,2017/01/11 17:03:00, 50, 0.0000000, 13,       254, 49,        32, 56, 1.0037853, 72, 510.09918, 73, 511.87830, 77, 36.312500, 79, 1.2153320, 83,     57603,110,        29,116,         0,164,         1
51C,2017/01/11 17:04:00, 50, 0.0000000, 13,       254, 49,        32, 56, 1.0037853, 72, 510.09796, 73, 511.93677, 77, 36.437500, 79, 1.2201934, 83,     57603,110,        29,116,         0,164,         1
5AC,2017/01/11 17:05:00, 50, 0.0000000, 13,       254, 49,        16, 56, 1.0037853, 72, 510.06793, 73, 511.96606, 77, 36.531250, 79, 1.2201934, 83,     57603,110,        29,116,         0,164,         1
5EC,2017/01/11 17:06:00, 50, 0.0000000, 13,       254, 49,        32, 56, 1.0037853, 72, 510.09418, 73, 511.99530, 77, 36.687500, 79, 1.2153320, 83,     57603,110,        29,116,         0,164,         1
54C,2017/01/11 17:07:00, 50, 0.0000000, 13,       254, 49,        32, 56, 1.0037853, 72, 510.07886, 73, 511.99530, 77, 36.781250, 79, 1.2201934, 83,     57603,110,        29,116,         0,164,         1
52C,2017/01/11 17:08:00, 50, 0.0000000, 13,       254, 49,        32, 56, 1.0037853, 72, 510.12146, 73, 512.05377, 77, 36.875000, 79, 1.2201934, 83,     41219,110,        29,116,         0,164,         1
5FC,2017/01/11 17:09:00, 50, 0.0000000, 13,       254, 49,        16, 56, 1.0037853, 72, 510.08228, 73, 512.05377, 77, 36.937500, 79, 1.2201934, 83,     57603,110,        29,116,         0,164,         1
59C,2017/01/11 17:10:00, 50, 0.0000000, 13,       254, 49,        32, 56, 1.0037853, 72, 510.09497, 73, 512.11224, 77, 37.000000, 79, 1.2201934, 83,     57603,110,        29,116,         0,164,         1
5BC,2017/01/11 17:11:00, 50, 0.0000000, 13,       254, 49,        16, 56, 1.0037853, 72, 510.07275, 73, 512.14148, 77, 37.031250, 79, 1.2201934, 83,     41219,110,        29,116,         0,164,         1
56C,2017/01/11 17:12:00, 50, 0.0000000, 13,       254, 49,        16, 56, 1.0037853, 72, 510.08777, 73, 512.14148, 77, 37.093750, 79, 1.2153320, 83,     41219,110,        29,116,         0,164,         1
51C,2017/01/11 17:13:00, 50, 0.0000000, 13,       254, 49,        32, 56, 1.0037853, 72, 510.07892, 73, 512.19995, 77, 37.156250, 79, 1.2104707, 83,     41219,110,        29,116,         0,164,         1
58C,2017/01/11 17:14:00, 50, 0.0000000, 13,       254, 49,        32, 56, 1.0037853, 72, 510.08527, 73, 512.28772, 77, 37.250000, 79, 1.2250546, 83,     41219,110,        29,116,         0,164,         1
5BC,2017/01/11 17:15:00, 50, 0.0000000, 13,       254, 49,        32, 56, 1.0037853, 72, 510.10150, 73, 512.28772, 77, 37.312500, 79, 1.2201934, 83,     41219,110,        29,116,         0,164,         1
54C,2017/01/11 17:16:00, 50, 0.0000000, 13,       254, 49,        32, 56, 1.0037853, 72, 510.11322, 73, 512.34619, 77, 37.406250, 79, 1.2153320, 83,     41219,110,        29,116,         0,164,         1
5BC,2017/01/11 17:17:00, 50, 0.0000000, 13,       254, 49,        32, 56, 1.0037853, 72, 510.09137, 73, 512.37543, 77, 37.468750, 79, 1.2104707, 83,     41219,110,        29,116,         0,164,         1
5EC,2017/01/11 17:18:00, 50, 0.0000000, 13,       254, 49,        16, 56, 1.0037853, 72, 510.09198, 73, 512.37543, 77, 37.562500, 79, 1.2250546, 83,     41219,110,        29,116,         0,164,         1
50C,2017/01/11 17:19:00, 50, 0.0000000, 13,       254, 49,        32, 56, 1.0037853, 72, 510.05951, 73, 512.43390, 77, 37.625000, 79, 1.2153320, 83,     41219,110,        29,116,         0,164,         1
54C,2017/01/11 17:20:00, 50, 0.0000000, 13,       254, 49,        32, 56, 1.0037853, 72, 510.07721, 73, 512.49237, 77, 37.750000, 79, 1.2153320, 83,     41219,110,        29,116,         0,164,         1
59C,2017/01/11 17:21:00, 50, 0.0000000, 13,       254, 49,        16, 56, 1.0037853, 72, 510.09729, 73, 512.49237, 77, 37.812500, 79, 1.2153320, 83,     41219,110,        29,116,         0,164,         1
5CC,2017/01/11 17:22:00, 50, 0.0000000, 13,       254, 49,        32, 56, 1.0037853, 72, 510.11865, 73, 512.52161, 77, 37.875000, 79, 1.2153320, 83,     41219,110,        29,116,         0,164,         1
50C,2017/01/11 17:23:00, 50, 0.0000000, 13,       254, 49,        16, 56, 1.0037853, 72, 510.10266, 73, 512.60937, 77, 37.906250, 79, 1.2201934, 83,     41219,110,        29,116,         0,164,         1
5FC,2017/01/11 17:24:00, 50, 0.0000000, 13,       254, 49,        32, 56, 1.0037853, 72, 510.13214, 73, 512.58014, 77, 37.937500, 79, 1.2153320, 83,     41219,110,        29,116,         0,164,         1
57C,2017/01/11 17:25:00, 50, 0.0000000, 13,       254, 49,        16, 56, 1.0037853, 72, 510.17395, 73, 512.60937, 77, 37.937500, 79, 1.2153320, 83,     41219,110,        29,116,         0,164,         1
54C,2017/01/11 17:26:00, 50, 0.0000000, 13,       254, 49,        32, 56, 1.0037853, 72, 510.16644, 73, 512.58014, 77, 37.968750, 79, 1.2153320, 83,     41219,110,        29,116,         0,164,         1
58C,2017/01/11 17:27:00, 50, 0.0000000, 13,       254, 49,        32, 56, 1.0037853, 72, 510.16943, 73, 512.60937, 77, 37.937500, 79, 1.2201934, 83,     41219,110,        29,116,         0,164,         1
5EC,2017/01/11 17:28:00, 50, 0.0000000, 13,       254, 49,        16, 56, 1.0037853, 72, 510.21417, 73, 512.60937, 77, 38.000000, 79, 1.2201934, 83,     41219,110,        29,116,         0,164,         1
58C,2017/01/11 17:29:00, 50, 0.0000000, 13,       254, 49,        32, 56, 1.0037853, 72, 510.19537, 73, 512.58014, 77, 37.968750, 79, 1.2201934, 83,     41219,110,        29,116,         0,164,         1
52C,2017/01/11 17:30:00, 50, 0.0000000, 13,       254, 49,        16, 56, 1.0037853, 72, 510.18268, 73, 512.52161, 77, 38.000000, 79, 1.2153320, 83,     41219,110,        29,116,         0,164,         1
5FC,2017/01/11 17:31:00, 50, 0.0000000, 13,       254, 49,        32, 56, 1.0037853, 72, 510.20502, 73, 512.60937, 77, 38.000000, 79, 1.2153320, 83,     41219,110,        29,116,         0,164,         1
59C,2017/01/11 17:32:00, 50, 0.0000000, 13,       254, 49,        16, 56, 1.0037853, 72, 510.23724, 73, 512.58014, 77, 38.031250, 79, 1.2153320, 83,     41219,110,        29,116,         0,164,         1
5EC,2017/01/11 17:33:00, 50, 0.0000000, 13,       254, 49,        32, 56, 1.0037853, 72, 510.26862, 73, 512.60937, 77, 38.031250, 79, 1.2201934, 83,     41219,110,        29,116,         0,164,         1
5CC,2017/01/11 17:34:00, 50, 0.0000000, 13,       254, 49,        16, 56, 1.0037853, 72, 510.21808, 73, 512.58014, 77, 38.031250, 79, 1.2153320, 83,     41219,110,        29,116,         0,164,         1
52C,2017/01/11 17:35:00, 50, 0.0000000, 13,       254, 49,        32, 56, 1.0037853, 72, 510.21570, 73, 512.58014, 77, 38.031250, 79, 1.2201934, 83,     41219,110,        29,116,         0,164,         1
59C,2017/01/11 17:36:00, 50, 0.0000000, 13,       254, 49,        16, 56, 1.0037853, 72, 510.25537, 73, 512.55090, 77, 38.031250, 79, 1.2104707, 83,     41219,110,        29,116,         0,164,         1
5CC,2017/01/11 17:37:00, 50, 0.0000000, 13,       254, 49,        16, 56, 1.0037853, 72, 510.26318, 73, 512.58014, 77, 38.000000, 79, 1.2201934, 83,     41219,110,        29,116,         0,164,         1
50C,2017/01/11 17:38:00, 50, 0.0000000, 13,       254, 49,        32, 56, 1.0037853, 72, 510.26654, 73, 512.60937, 77, 38.000000, 79, 1.2153320, 83,     41219,110,        29,116,         0,164,         1
5CC,2017/01/11 17:39:00, 50, 0.0000000, 13,       254, 49,        16, 56, 1.0037853, 72, 510.28931, 73, 512.55090, 77, 38.000000, 79, 1.2201934, 83,     41219,110,        29,116,         0,164,         1
51C,2017/01/11 17:40:00, 50, 0.0000000, 13,       254, 49,        32, 56, 1.0037853, 72, 510.31738, 73, 512.58014, 77, 38.000000, 79, 1.2153320, 83,     41219,110,        29,116,         0,164,         1
52C,2017/01/11 17:41:00, 50, 0.0000000, 13,       254, 49,        16, 56, 1.0037853, 72, 510.30200, 73, 512.58014, 77, 38.000000, 79, 1.2201934, 83,     41219,110,        29,116,         0,164,         1
5AC,2017/01/11 17:42:00, 50, 0.0000000, 13,       254, 49,        32, 56, 1.0037853, 72, 510.34515, 73, 512.58014, 77, 37.968750, 79, 1.2201934, 83,     41219,110,        29,116,         0,164,         1
58C,2017/01/11 17:43:00, 50, 0.0000000, 13,       254, 49,        16, 56, 1.0037853, 72, 510.29504, 73, 512.52161, 77, 37.968750, 79, 1.2201934, 83,     41219,110,        29,116,         0,164,         1
5FC,2017/01/11 17:44:00, 50, 0.0000000, 13,       254, 49,        32, 56, 1.0037853, 72, 510.30841, 73, 512.55090, 77, 38.000000, 79, 1.2201934, 83,     41219,110,        29,116,         0,164,         1
51C,2017/01/11 17:45:00, 50, 0.0000000, 13,       254, 49,        16, 56, 1.0037853, 72, 510.32581, 73, 512.55090, 77, 37.968750, 79, 1.2201934, 83,     41219,110,        29,116,         0,164,         1
5AC,2017/01/11 17:46:00, 50, 0.0000000, 13,       254, 49,        16, 56, 1.0037853, 72, 510.34851, 73, 512.52161, 77, 37.937500, 79, 1.2153320, 83,     41219,110,        29,116,         0,164,         1
53C,2017/01/11 17:47:00, 50, 0.0000000, 13,       254, 49,        32, 56, 1.0037853, 72, 510.38745, 73, 512.55090, 77, 37.937500, 79, 1.2153320, 83,     41219,110,        29,116,         0,164,         1
5EC,2017/01/11 17:48:00, 50, 0.0000000, 13,       254, 49,        32, 56, 1.0037853, 72, 510.39301, 73, 512.58014, 77, 37.937500, 79, 1.2250546, 83,     41219,110,        29,116,         0,164,         1
5DC,2017/01/11 17:49:00, 50, 0.0000000, 13,       254, 49,        16, 56, 1.0037853, 72, 510.42480, 73, 512.58014, 77, 37.906250, 79, 1.2153320, 83,     41219,110,        29,116,         0,164,         1
58C,2017/01/11 17:50:00, 50, 0.0000000, 13,       254, 49,        32, 56, 1.0037853, 72, 510.43420, 73, 512.58014, 77, 37.937500, 79, 1.2153320, 83,     41219,110,        29,116,         0,164,         1
5FC,2017/01/11 17:51:00, 50, 0.0000000, 13,       254, 49,        16, 56, 1.0037853, 72, 510.43134, 73, 512.58014, 77, 37.906250, 79, 1.2153320, 83,     41219,110,        29,116,         0,164,         1
59C,2017/01/11 17:52:00, 50, 0.0000000, 13,       254, 49,        32, 56, 1.0037853, 72, 510.47839, 73, 512.60937, 77, 37.906250, 79, 1.2153320, 83,     41219,110,        29,116,         0,164,         1
5FC,2017/01/11 17:53:00, 50, 0.0000000, 13,       254, 49,        16, 56, 1.0037853, 72, 510.47229, 73, 512.63861, 77, 37.906250, 79, 1.2201934, 83,     41219,110,        29,116,         0,164,         1
59C,2017/01/11 17:54:00, 50, 0.0000000, 13,       254, 49,        32, 56, 1.0037853, 72, 510.44086, 73, 512.60937, 77, 37.875000, 79, 1.2201934, 83,     41219,110,        29,116,         0,164,         1
56C,2017/01/11 17:55:00, 50, 0.0000000, 13,       254, 49,        16, 56, 1.0037853, 72, 510.45154, 73, 512.60937, 77, 37.843750, 79, 1.2201934, 83,     41219,110,        29,116,         0,164,         1
5BC,2017/01/11 17:56:00, 50, 0.0000000, 13,       254, 49,        32, 56, 1.0037853, 72, 510.47742, 73, 512.60937, 77, 37.843750, 79, 1.2153320, 83,     41219,110,        29,116,         0,164,         1
57C,2017/01/11 17:57:00, 50, 0.0000000, 13,       254, 49,        16, 56, 1.0037853, 72, 510.48242, 73, 512.63861, 77, 37.843750, 79, 1.2153320, 83,     41219,110,        29,116,         0,164,         1
58C,2017/01/11 17:58:00, 50, 0.0000000, 13,       254, 49,        32, 56, 1.0037853, 72, 510.46960, 73, 512.63861, 77, 37.812500, 79, 1.2153320, 83,     41219,110,        29,116,         0,164,         1
59C,2017/01/11 17:59:00, 50, 0.0000000, 13,       254, 49,        16, 56, 1.0037853, 72, 510.48987, 73, 512.60937, 77, 37.812500, 79, 1.2153320, 83,     41219,110,        29,116,         0,164,         1
5DC,2017/01/11 18:00:00, 50, 0.0000000, 13,       254, 49,        32, 56, 1.0037853, 72, 510.47101, 73, 512.58014, 77, 37.812500, 79, 1.2201934, 83,     41219,110,        29,116,         0,164,         1
51C,2017/01/11 18:01:00, 50, 0.0000000, 13,       254, 49,        16, 56, 1.0037853, 72, 510.47791, 73, 512.60937, 77, 37.781250, 79, 1.2201934, 83,     41219,110,        29,116,         0,164,         1
59C,2017/01/11 18:02:00, 50, 0.0000000, 13,       254, 49,        32, 56, 1.0037853, 72, 510.49396, 73, 512.60937, 77, 37.781250, 79, 1.2201934, 83,     41219,110,        29,116,         0,164,         1
58C,2017/01/11 18:03:00, 50, 0.0000000, 13,       254, 49,        16, 56, 1.0037853, 72, 510.44934, 73, 512.55090, 77, 37.750000, 79, 1.2201934, 83,     41219,110,        29,116,         0,164,         1
53C,2017/01/11 18:04:00, 50, 0.0000000, 13,       254, 49,        16, 56, 1.0037853, 72, 510.46112, 73, 512.60937, 77, 37.750000, 79, 1.2201934, 83,     41219,110,        29,116,         0,164,         1
55C,2017/01/11 18:05:00, 50, 0.0000000, 13,       254, 49,        16, 56, 1.0037853, 72, 510.47223, 73, 512.55090, 77, 37.718750, 79, 1.2153320, 83,     41219,110,        29,116,         0,164,         1
58C,2017/01/11 18:06:00, 50, 0.0000000, 13,       254, 49,        32, 56, 1.0037853, 72, 510.49609, 73, 512.58014, 77, 37.687500, 79, 1.2201934, 83,     41219,110,        29,116,         0,164,         1
5DC,2017/01/11 18:07:00, 50, 0.0000000, 13,       254, 49,        16, 56, 1.0037853, 72, 510.52209, 73, 512.55090, 77, 37.656250, 79, 1.2153320, 83,     57603,110,        29,116,         0,164,         1
54C,2017/01/11 18:08:00, 50, 0.0000000, 13,       254, 49,        32, 56, 1.0037853, 72, 510.53668, 73, 512.60937, 77, 37.687500, 79, 1.2250546, 83,     41219,110,        29,116,         0,164,         1
58C,2017/01/11 18:09:00, 50, 0.0000000, 13,       254, 49,        16, 56, 1.0037853, 72, 510.54279, 73, 512.58014, 77, 37.656250, 79, 1.2201934, 83,     57603,110,        29,116,         0,164,         1
5DC,2017/01/11 18:10:00, 50, 0.0000000, 13,       254, 49,        16, 56, 1.0037853, 72, 510.52979, 73, 512.58014, 77, 37.625000, 79, 1.2153320, 83,     41219,110,        29,116,         0,164,         1
5AC,2017/01/11 18:11:00, 50, 0.0000000, 13,       254, 49,        32, 56, 1.0037853, 72, 510.53076, 73, 512.58014, 77, 37.593750, 79, 1.2201934, 83,     41219,110,        29,116,         0,164,         1
56C,2017/01/11 18:12:00, 50, 0.0000000, 13,       254, 49,        16, 56, 1.0037853, 72, 510.56793, 73, 512.55090, 77, 37.562500, 79, 1.2201934, 83,     57603,110,        29,116,         0,164,         1
5EC,2017/01/11 18:13:00, 50, 0.0000000, 13,       254, 49,        16, 56, 1.0037853, 72, 510.53815, 73, 512.58014, 77, 37.531250, 79, 1.2201934, 83,     41219,110,        29,116,         0,164,         1
54C,2017/01/11 18:14:00, 50, 0.0000000, 13,       254, 49,        16, 56, 1.0037853, 72, 510.56799, 73, 512.60937, 77, 37.531250, 79, 1.2201934, 83,     41219,110,        29,116,         0,164,         1
56C,2017/01/11 18:15:00, 50, 0.0000000, 13,       254, 49,        32, 56, 1.0037853, 72, 510.58331, 73, 512.60937, 77, 37.468750, 79, 1.2250546, 83,     57603,110,        29,116,         0,164,         1
57C,2017/01/11 18:16:00, 50, 0.0000000, 13,       254, 49,        32, 56, 1.0037853, 72, 510.60162, 73, 512.60937, 77, 37.468750, 79, 1.2201934, 83,     57603,110,        29,116,         0,164,         1
54C,2017/01/11 18:17:00, 50, 0.0000000, 13,       254, 49,        32, 56, 1.0037853, 72, 510.60272, 73, 512.63861, 77, 37.375000, 79, 1.2201934, 83,     41219,110,        29,116,         0,164,         1
5DC,2017/01/11 18:18:00, 50, 0.0000000, 13,       254, 49,        32, 56, 1.0037853, 72, 510.65106, 73, 512.63861, 77, 37.375000, 79, 1.2153320, 83,     57603,110,        29,116,         0,164,         1
5FC,2017/01/11 18:19:00, 50, 0.0000000, 13,       254, 49,        16, 56, 1.0037853, 72, 510.64368, 73, 512.69708, 77, 37.343750, 79, 1.2201934, 83,     41219,110,        29,116,         0,164,         1
50C,2017/01/11 18:20:00, 50, 0.0000000, 13,       254, 49,        16, 56, 1.0037853, 72, 510.68079, 73, 512.66785, 77, 37.343750, 79, 1.2201934, 83,     41219,110,        29,116,         0,164,         1
5CC,2017/01/11 18:21:00, 50, 0.0000000, 13,       254, 49,        32, 56, 1.0037853, 72, 510.68286, 73, 512.69708, 77, 37.312500, 79, 1.2201934, 83,     41219,110,        29,116,         0,164,         1
5AC,2017/01/11 18:22:00, 50, 0.0000000, 13,       254, 49,        32, 56, 1.0037853, 72, 510.73810, 73, 512.72632, 77, 37.312500, 79, 1.2201934, 83,     57603,110,        29,116,         0,164,         1
53C,2017/01/11 18:23:00, 50, 0.0000000, 13,       254, 49,        32, 56, 1.0037853, 72, 510.70905, 73, 512.75555, 77, 37.343750, 79, 1.2201934, 83,     41219,110,        29,116,         0,164,         1
58C,2017/01/11 18:24:00, 50, 0.0000000, 13,       254, 49,        16, 56, 1.0037853, 72, 510.73004, 73, 512.78479, 77, 37.312500, 79, 1.2201934, 83,     41219,110,        29,116,         0,164,         1
5BC,2017/01/11 18:25:00, 50, 0.0000000, 13,       254, 49,        32, 56, 1.0037853, 72, 510.74323, 73, 512.87256, 77, 37.343750, 79, 1.2250546, 83,     41219,110,        29,116,         0,164,         1
52C,2017/01/11 18:26:00, 50, 0.0000000, 13,       254, 49,        16, 56, 1.0037853, 72, 510.78937, 73, 512.90179, 77, 37.375000, 79, 1.2250546, 83,     41219,110,        29,116,         0,164,         1
57C,2017/01/11 18:27:00, 50, 0.0000000, 13,       254, 49,        32, 56, 1.0037853, 72, 510.76990, 73, 512.87256, 77, 37.406250, 79, 1.2201934, 83,     41219,110,        29,116,         0,164,         1
59C,2017/01/11 18:28:00, 50, 0.0000000, 13,       254, 49,        16, 56, 1.0037853, 72, 510.77838, 73, 512.90179, 77, 37.437500, 79, 1.2250546, 83,     41219,110,        29,116,         0,164,         1
54C,2017/01/11 18:29:00, 50, 0.0000000, 13,       254, 49,        16, 56, 1.0037853, 72, 510.78790, 73, 512.93103, 77, 37.437500, 79, 1.2250546, 83,     41219,110,        29,116,         0,164,         1
59C,2017/01/11 18:30:00, 50, 0.0000000, 13,       254, 49,        32, 56, 1.0037853, 72, 510.78424, 73, 512.96027, 77, 37.468750, 79, 1.2250546, 83,     41219,110,        29,116,         0,164,         1
5EC,2017/01/11 18:31:00, 50, 0.0000000, 13,       254, 49,        32, 56, 1.0037853, 72, 510.79700, 73, 512.98950, 77, 37.531250, 79, 1.2201934, 83,     41219,110,        29,116,         0,164,         1
54C,2017/01/11 18:32:00, 50, 0.0000000, 13,       254, 49,        16, 56, 1.0037853, 72, 510.80579, 73, 513.04797, 77, 37.562500, 79, 1.2201934, 83,     41219,110,        29,116,         0,164,         1
5AC,2017/01/11 18:33:00, 50, 0.0000000, 13,       254, 49,        32, 56, 1.0037853, 72, 510.83636, 73, 513.10645, 77, 37.593750, 79, 1.2201934, 83,     41219,110,        29,116,         0,164,         1
5BC,2017/01/11 18:34:00, 50, 0.0000000, 13,       254, 49,        32, 56, 1.0037853, 72, 510.83734, 73, 513.13574, 77, 37.625000, 79, 1.2153320, 83,     41219,110,        29,116,         0,164,         1
5EC,2017/01/11 18:35:00, 50, 0.0000000, 13,       254, 49,        16, 56, 1.0037853, 72, 510.86279, 73, 513.16498, 77, 37.687500, 79, 1.2153320, 83,     41219,110,        29,116,         0,164,         1
57C,2017/01/11 18:36:00, 50, 0.0000000, 13,       254, 49,        32, 56, 1.0037853, 72, 510.86151, 73, 513.16498, 77, 37.750000, 79, 1.2201934, 83,     41219,110,        29,116,         0,164,         1
59C,2017/01/11 18:37:00, 50, 0.0000000, 13,       254, 49,        16, 56, 1.0037853, 72, 510.87341, 73, 513.16498, 77, 37.750000, 79, 1.2153320, 83,     41219,110,        29,116,         0,164,         1
52C,2017/01/11 18:38:00, 50, 0.0000000, 13,       254, 49,        32, 56, 1.0037853, 72, 510.88586, 73, 513.22345, 77, 37.781250, 79, 1.2201934, 83,     41219,110,        29,116,         0,164,         1
5CC,2017/01/11 18:39:00, 50, 0.0000000, 13,       254, 49,        16, 56, 1.0037853, 72, 510.88678, 73, 513.25269, 77, 37.875000, 79, 1.2201934, 83,     41219,110,        29,116,         0,164,         1
5BC,2017/01/11 18:40:00, 50, 0.0000000, 13,       254, 49,        16, 56, 1.0037853, 72, 510.90320, 73, 513.28192, 77, 37.937500, 79, 1.2201934, 83,     41219,110,        29,116,         0,164,         1
57C,2017/01/11 18:41:00, 50, 0.0000000, 13,       254, 49,        32, 56, 1.0037853, 72, 510.92706, 73, 513.31116, 77, 38.062500, 79, 1.2153320, 83,     41219,110,        29,116,         0,164,         1
51C,2017/01/11 18:42:00, 50, 0.0000000, 13,       254, 49,        16, 56, 1.0037853, 72, 510.92377, 73, 513.31116, 77, 38.187500, 79, 1.2201934, 83,     41219,110,        29,116,         0,164,         1
58C,2017/01/11 18:43:00, 50, 0.0000000, 13,       254, 49,        32, 56, 1.0037853, 72, 510.91107, 73, 513.36963, 77, 38.312500, 79, 1.2153320, 83,     41219,110,        29,116,         0,164,         1
5BC,2017/01/11 18:44:00, 50, 0.0000000, 13,       254, 49,        32, 56, 1.0037853, 72, 510.92767, 73, 513.39893, 77, 38.468750, 79, 1.2201934, 83,     41219,110,        29,116,         0,164,         1
50C,2017/01/11 18:45:00, 50, 0.0000000, 13,       254, 49,        32, 56, 1.0037853, 72, 510.93329, 73, 513.39893, 77, 38.593750, 79, 1.2201934, 83,     41219,110,        29,116,         0,164,         1
54C,2017/01/11 18:46:00, 50, 0.0000000, 13,       254, 49,        32, 56, 1.0037853, 72, 510.94946, 73, 513.45740, 77, 38.718750, 79, 1.2104707, 83,     41219,110,        29,116,         0,164,         1
5FC,2017/01/11 18:47:00, 50, 0.0000000, 13,       254, 49,        32, 56, 1.0037853, 72, 510.97845, 73, 513.51587, 77, 38.812500, 79, 1.2250546, 83,     41219,110,        29,116,         0,164,         1
5CC,2017/01/11 18:48:00, 50, 0.0000000, 13,       254, 49,        16, 56, 1.0037853, 72, 510.97333, 73, 513.51587, 77, 38.906250, 79, 1.2153320, 83,     41219,110,        29,116,         0,164,         1
59C,2017/01/11 18:49:00, 50, 0.0000000, 13,       254, 49,        16, 56, 1.0037853, 72, 510.97284, 73, 513.54510, 77, 39.000000, 79, 1.2201934, 83,     41219,110,        29,116,         0,164,         1
5EC,2017/01/11 18:50:00, 50, 0.0000000, 13,       254, 49,        16, 56, 1.0037853, 72, 510.94153, 73, 513.54510, 77, 39.031250, 79, 1.2201934, 83,     41219,110,        29,116,         0,164,         1
54C,2017/01/11 18:51:00, 50, 0.0000000, 13,       254, 49,        16, 56, 1.0037853, 72, 510.96735, 73, 513.57434, 77, 39.156250, 79, 1.2153320, 83,     41219,110,        29,116,         0,164,         1
51C,2017/01/11 18:52:00, 50, 0.0000000, 13,       254, 49,        16, 56, 1.0037853, 72, 510.98315, 73, 513.57434, 77, 39.187500, 79, 1.2153320, 83,     41219,110,        29,116,         0,164,         1
53C,2017/01/11 18:53:00, 50, 0.0000000, 13,       254, 49,        16, 56, 1.0037853, 72, 510.97845, 73, 513.57434, 77, 39.218750, 79, 1.2153320, 83,     41219,110,        29,116,         0,164,         1
50C,2017/01/11 18:54:00, 50, 0.0000000, 13,       254, 49,        16, 56, 1.0037853, 72, 511.01868, 73, 513.57434, 77, 39.281250, 79, 1.2153320, 83,     41219,110,        29,116,         0,164,         1
56C,2017/01/11 18:55:00, 50, 0.0000000, 13,       254, 49,        16, 56, 1.0037853, 72, 510.99646, 73, 513.60358, 77, 39.343750, 79, 1.2250546, 83,     41219,110,        29,116,         0,164,         1
5FC,2017/01/11 18:56:00, 50, 0.0000000, 13,       254, 49,        16, 56, 1.0037853, 72, 511.04309, 73, 513.63281, 77, 39.375000, 79, 1.2250546, 83,     41219,110,        29,116,         0,164,         1
5EC,2017/01/11 18:57:00, 50, 0.0000000, 13,       254, 49,        16, 56, 1.0037853, 72, 511.01721, 73, 513.66205, 77, 39.406250, 79, 1.2153320, 83,     41219,110,        29,116,         0,164,         1
55C,2017/01/11 18:58:00, 50, 0.0000000, 13,       254, 49,        16, 56, 1.0037853, 72, 511.02844, 73, 513.66205, 77, 39.437500, 79, 1.2201934, 83,     41219,110,        29,116,         0,164,         1
59C,2017/01/11 18:59:00, 50, 0.0000000, 13,       254, 49,        16, 56, 1.0037853, 72, 511.07458, 73, 513.69135, 77, 39.468750, 79, 1.2153320, 83,     41219,110,        29,116,         0,164,         1
54C,2017/01/11 19:00:00, 50, 0.0000000, 13,       254, 49,        16, 56, 1.0037853, 72, 511.08038, 73, 513.69135, 77, 39.500000, 79, 1.2153320, 83,     41219,110,        29,116,         0,164,         1
50C,2017/01/11 19:01:00, 50, 0.0000000, 13,       254, 49,        16, 56, 1.0037853, 72, 511.13593, 73, 513.74982, 77, 39.500000, 79, 1.2104707, 83,     41219,110,        29,116,         0,164,         1
59C,2017/01/11 19:02:00, 50, 0.0000000, 13,       254, 49,        16, 56, 1.0037853, 72, 511.14825, 73, 513.80829, 77, 39.531250, 79, 1.2153320, 83,     41219,110,        29,116,         0,164,         1
57C,2017/01/11 19:03:00, 50, 0.0000000, 13,       254, 49,        16, 56, 1.0037853, 72, 511.17163, 73, 513.80829, 77, 39.562500, 79, 1.2104707, 83,     41219,110,        29,116,         0,164,         1
5FC,2017/01/11 19:04:00, 50, 0.0000000, 13,       254, 49,        16, 56, 1.0037853, 72, 511.21692, 73, 513.80829, 77, 39.562500, 79, 1.2153320, 83,     41219,110,        29,116,         0,164,         1
5DC,2017/01/11 19:05:00, 50, 0.0000000, 13,       254, 49,        16, 56, 1.0037853, 72, 511.16443, 73, 513.83752, 77, 39.593750, 79, 1.2153320, 83,     41219,110,        29,116,         0,164,         1
56C,2017/01/11 19:06:00, 50, 0.0000000, 13,       254, 49,        16, 56, 1.0037853, 72, 511.18744, 73, 513.86676, 77, 39.593750, 79, 1.2153320, 83,     41219,110,        29,116,         0,164,         1
5FC,2017/01/11 19:07:00, 50, 0.0000000, 13,       254, 49,        16, 56, 1.0037853, 72, 511.19220, 73, 513.83752, 77, 39.625000, 79, 1.2153320, 83,     41219,110,        29,116,         0,164,         1
5DC,2017/01/11 19:08:00, 50, 0.0000000, 13,       254, 49,        16, 56, 1.0037853, 72, 511.20007, 73, 513.83752, 77, 39.625000, 79, 1.2153320, 83,     41219,110,        29,116,         0,164,         1
52C,2017/01/11 19:09:00, 50, 0.0000000, 13,       254, 49,        16, 56, 1.0037853, 72, 511.20819, 73, 513.86676, 77, 39.625000, 79, 1.2201934, 83,     41219,110,        29,116,         0,164,         1
56C,2017/01/11 19:10:00, 50, 0.0000000, 13,       254, 49,        16, 56, 1.0037853, 72, 511.19580, 73, 513.86676, 77, 39.656250, 79, 1.2104707, 83,     41219,110,        29,116,         0,164,         1
5AC,2017/01/11 19:11:00, 50, 0.0000000, 13,       254, 49,        16, 56, 1.0037853, 72, 511.23596, 73, 513.89600, 77, 39.687500, 79, 1.2153320, 83,     41219,110,        29,116,         0,164,         1
58C,2017/01/11 19:12:00, 50, 0.0000000, 13,       254, 49,        16, 56, 1.0037853, 72, 511.22076, 73, 513.92523, 77, 39.718750, 79, 1.2104707, 83,     41219,110,        29,116,         0,164,         1
51C,2017/01/11 19:13:00, 50, 0.0000000, 13,       254, 49,        16, 56, 1.0037853, 72, 511.25806, 73, 513.89600, 77, 39.718750, 79, 1.2201934, 83,     41219,110,        29,116,         0,164,         1
52C,2017/01/11 19:14:00, 50, 0.0000000, 13,       254, 49,        16, 56, 1.0037853, 72, 511.28223, 73, 513.98376, 77, 39.687500, 79, 1.2201934, 83,     41219,110,        29,116,         0,164,         1
5AC,2017/01/11 19:15:00, 50, 0.0000000, 13,       254, 49,        16, 56, 1.0037853, 72, 511.29401, 73, 513.95447, 77, 39.750000, 79, 1.2104707, 83,     41219,110,        29,116,         0,164,         1
54C,2017/01/11 19:16:00, 50, 0.0000000, 13,       254, 49,        16, 56, 1.0037853, 72, 511.30505, 73, 513.95447, 77, 39.750000, 79, 1.2104707, 83,     41219,110,        29,116,         0,164,         1
56C,2017/01/11 19:17:00, 50, 0.0000000, 13,       254, 49,        16, 56, 1.0037853, 72, 511.30817, 73, 514.01300, 77, 39.781250, 79, 1.2201934, 83,     41219,110,        29,116,         0,164,         1
58C,2017/01/11 19:18:00, 50, 0.0000000, 13,       254, 49,        16, 56, 1.0037853, 72, 511.33862, 73, 514.01300, 77, 39.781250, 79, 1.2201934, 83,     41219,110,        29,116,         0,164,         1
52C,2017/01/11 19:19:00, 50, 0.0000000, 13,       254, 49,        16, 56, 1.0037853, 72, 511.34576, 73, 514.01300, 77, 39.781250, 79, 1.2056093, 83,     41219,110,        29,116,         0,164,         1
5CC,2017/01/11 19:20:00, 50, 0.0000000, 13,       254, 49,        16, 56, 1.0037853, 72, 511.35205, 73, 514.04224, 77, 39.781250, 79, 1.2201934, 83,     41219,110,        29,116,         0,164,         1
5AC,2017/01/11 19:21:00, 50, 0.0000000, 13,       254, 49,        16, 56, 1.0037853, 72, 511.37750, 73, 514.10071, 77, 39.812500, 79, 1.2201934, 83,     41219,110,        29,116,         0,164,         1
57C,2017/01/11 19:22:00, 50, 0.0000000, 13,       254, 49,        16, 56, 1.0037853, 72, 511.37158, 73, 514.10071, 77, 39.812500, 79, 1.2201934, 83,     41219,110,        29,116,         0,164,         1
50C,2017/01/11 19:23:00, 50, 0.0000000, 13,       254, 49,        16, 56, 1.0037853, 72, 511.40570, 73, 514.10071, 77, 39.843750, 79, 1.2153320, 83,     41219,110,        29,116,         0,164,         1
52C,2017/01/11 19:24:00, 50, 0.0000000, 13,       254, 49,        16, 56, 1.0037853, 72, 511.38019, 73, 514.15918, 77, 39.843750, 79, 1.2104707, 83,     41219,110,        29,116,         0,164,         1
56C,2017/01/11 19:25:00, 50, 0.0000000, 13,       254, 49,        16, 56, 1.0037853, 72, 511.38739, 73, 514.12994, 77, 39.843750, 79, 1.2153320, 83,     41219,110,        29,116,         0,164,         1
5BC,2017/01/11 19:26:00, 50, 0.0000000, 13,       254, 49,        16, 56, 1.0037853, 72, 511.39453, 73, 514.15918, 77, 39.843750, 79, 1.2104707, 83,     41219,110,        29,116,         0,164,         1
5CC,2017/01/11 19:27:00, 50, 0.0000000, 13,       254, 49,        16, 56, 1.0037853, 72, 511.43475, 73, 514.15918, 77, 39.875000, 79, 1.2201934, 83,     41219,110,        29,116,         0,164,         1
57C,2017/01/11 19:28:00, 50, 0.0000000, 13,       254, 49,        16, 56, 1.0037853, 72, 511.45782, 73, 514.21765, 77, 39.906250, 79, 1.2104707, 83,     41219,110,        29,116,         0,164,         1
56C,2017/01/11 19:29:00, 50, 0.0000000, 13,       254, 49,        16, 56, 1.0037853, 72, 511.44702, 73, 514.24689, 77, 39.906250, 79, 1.2007481, 83,     41219,110,        29,116,         0,164,         1
58C,2017/01/11 19:30:00, 50, 0.0000000, 13,       254, 49,        16, 56, 1.0037853, 72, 511.44318, 73, 514.21765, 77, 39.937500, 79, 1.2104707, 83,     41219,110,        29,116,         0,164,         1
54C,2017/01/11 19:31:00, 50, 0.0000000, 13,       254, 49,        16, 56, 1.0037853, 72, 511.43524, 73, 514.21765, 77, 39.906250, 79, 1.2153320, 83,     41219,110,        29,116,         0,164,         1
55C,2017/01/11 19:32:00, 50, 0.0000000, 13,       254, 49,        16, 56, 1.0037853, 72, 511.44409, 73, 514.24689, 77, 39.968750, 79, 1.2153320, 83,     41219,110,        29,116,         0,164,         1
5DC,2017/01/11 19:33:00, 50, 0.0000000, 13,       254, 49,        16, 56, 1.0037853, 72, 511.45374, 73, 514.27618, 77, 39.937500, 79, 1.2104707, 83,     41219,110,        29,116,         0,164,         1
55C,2017/01/11 19:34:00, 50, 0.0000000, 13,       254, 49,        16, 56, 1.0037853, 72, 511.50159, 73, 514.27618, 77, 40.000000, 79, 1.2104707, 83,     41219,110,        29,116,         0,164,         1
55C,2017/01/11 19:35:00, 50, 0.0000000, 13,       254, 49,        16, 56, 1.0037853, 72, 511.49280, 73, 514.24689, 77, 39.937500, 79, 1.2153320, 83,     41219,110,        29,116,         0,164,         1
5FC,2017/01/11 19:36:00, 50, 0.0000000, 13,       254, 49,        16, 56, 1.0037853, 72, 511.50476, 73, 514.33466, 77, 39.968750, 79, 1.2250546, 83,     41219,110,        29,116,         0,164,         1
50C,2017/01/11 19:37:00, 50, 0.0000000, 13,       254, 49,        16, 56, 1.0037853, 72, 511.52545, 73, 514.33466, 77, 40.000000, 79, 1.2153320, 83,     41219,110,        29,116,         0,164,         1
59C,2017/01/11 19:38:00, 50, 0.0000000, 13,       254, 49,        16, 56, 1.0037853, 72, 511.52917, 73, 514.33466, 77, 39.968750, 79, 1.2250546, 83,     41219,110,        29,116,         0,164,         1
5CC,2017/01/11 19:39:00, 50, 0.0000000, 13,       254, 49,        16, 56, 1.0037853, 72, 511.57489, 73, 514.36389, 77, 40.031250, 79, 1.2153320, 83,     41219,110,        29,116,         0,164,         1
5FC,2017/01/11 19:40:00, 50, 0.0000000, 13,       254, 49,        16, 56, 1.0037853, 72, 511.53876, 73, 514.36389, 77, 40.000000, 79, 1.2153320, 83,     41219,110,        29,116,         0,164,         1
59C,2017/01/11 19:41:00, 50, 0.0000000, 13,       254, 49,        16, 56, 1.0037853, 72, 511.55933, 73, 514.33466, 77, 40.062500, 79, 1.2104707, 83,     41219,110,        29,116,         0,164,         1
55C,2017/01/11 19:42:00, 50, 0.0000000, 13,       254, 49,        16, 56, 1.0037853, 72, 511.58441, 73, 514.36389, 77, 40.093750, 79, 1.2104707, 83,     41219,110,        29,116,         0,164,         1
52C,2017/01/11 19:43:00, 50, 0.0000000, 13,       254, 49,        16, 56, 1.0037853, 72, 511.54529, 73, 514.39313, 77, 40.062500, 79, 1.2104707, 83,     41219,110,        29,116,         0,164,         1
55C,2017/01/11 19:44:00, 50, 0.0000000, 13,       254, 49,        16, 56, 1.0037853, 72, 511.57214, 73, 514.39313, 77, 40.093750, 79, 1.2153320, 83,     41219,110,        29,116,         0,164,         1
54C,2017/01/11 19:45:00, 50, 0.0000000, 13,       254, 49,        16, 56, 1.0037853, 72, 511.58496, 73, 514.36389, 77, 40.093750, 79, 1.2056093, 83,     41219,110,        29,116,         0,164,         1
53C,2017/01/11 19:46:00, 50, 0.0000000, 13,       254, 49,        16, 56, 1.0037853, 72, 511.54767, 73, 514.39313, 77, 40.156250, 79, 1.2201934, 83,     41219,110,        29,116,         0,164,         1
5FC,2017/01/11 19:47:00, 50, 0.0000000, 13,       254, 49,        16, 56, 1.0037853, 72, 511.58698, 73, 514.39313, 77, 40.062500, 79, 1.2056093, 83,     41219,110,        29,116,         0,164,         1
57C,2017/01/11 19:48:00, 50, 0.0000000, 13,       254, 49,        16, 56, 1.0037853, 72, 511.58447, 73, 514.36389, 77, 40.156250, 79, 1.2153320, 83,     41219,110,        29,116,         0,164,         1
5AC,2017/01/11 19:49:00, 50, 0.0000000, 13,       254, 49,        16, 56, 1.0037853, 72, 511.57965, 73, 514.39313, 77, 40.093750, 79, 1.2056093, 83,     41219,110,        29,116,         0,164,         1
5EC,2017/01/11 19:50:00, 50, 0.0000000, 13,       254, 49,        16, 56, 1.0037853, 72, 511.57544, 73, 514.42236, 77, 40.156250, 79, 1.2201934, 83,     41219,110,        29,116,         0,164,         1
50C,2017/01/11 19:51:00, 50, 0.0000000, 13,       254, 49,        16, 56, 1.0037853, 72, 511.62128, 73, 514.45160, 77, 40.156250, 79, 1.2201934, 83,     41219,110,        29,116,         0,164,         1
52C,2017/01/11 19:52:00, 50, 0.0000000, 13,       254, 49,        16, 56, 1.0037853, 72, 511.61060, 73, 514.42236, 77, 40.125000, 79, 1.2153320, 83,     41219,110,        29,116,         0,164,         1
57C,2017/01/11 19:53:00, 50, 0.0000000, 13,       254, 49,        16, 56, 1.0037853, 72, 511.63232, 73, 514.48083, 77, 40.156250, 79, 1.2250546, 83,     41219,110,        29,116,         0,164,         1
50C,2017/01/11 19:54:00, 50, 0.0000000, 13,       254, 49,        16, 56, 1.0037853, 72, 511.63672, 73, 514.48083, 77, 40.156250, 79, 1.2250546, 83,     41219,110,        29,116,         0,164,         1
54C,2017/01/11 19:55:00, 50, 0.0000000, 13,       254, 49,        16, 56, 1.0037853, 72, 511.64508, 73, 514.53931, 77, 40.156250, 79, 1.2153320, 83,     41219,110,        29,116,         0,164,         1
5FC,2017/01/11 19:56:00, 50, 0.0000000, 13,       254, 49,        16, 56, 1.0037853, 72, 511.63898, 73, 514.53931, 77, 40.156250, 79, 1.2201934, 83,     41219,110,        29,116,         0,164,         1
52C,2017/01/11 19:57:00, 50, 0.0000000, 13,       254, 49,        16, 56, 1.0037853, 72, 511.69617, 73, 514.59784, 77, 40.187500, 79, 1.2153320, 83,     41219,110,        29,116,         0,164,         1
5DC,2017/01/11 19:58:00, 50, 0.0000000, 13,       254, 49,        16, 56, 1.0037853, 72, 511.73914, 73, 514.56860, 77, 40.125000, 79, 1.2153320, 83,     41219,110,        29,116,         0,164,         1
5EC,2017/01/11 19:59:00, 50, 0.0000000, 13,       254, 49,        16, 56, 1.0037853, 72, 511.72406, 73, 514.56860, 77, 40.187500, 79, 1.2153320, 83,     41219,110,        29,116,         0,164,         1
51C,2017/01/11 20:00:00, 50, 0.0000000, 13,       254, 49,        16, 56, 1.0037853, 72, 511.72803, 73, 514.56860, 77, 40.187500, 79, 1.2153320, 83,     41219,110,        29,116,         0,164,         1
52C,2017/01/11 20:01:00, 50, 0.0000000, 13,       254, 49,        16, 56, 1.0037853, 72, 511.71912, 73, 514.56860, 77, 40.187500, 79, 1.2153320, 83,     41219,110,        29,116,         0,164,         1
50C,2017/01/11 20:02:00, 50, 0.0000000, 13,       254, 49,        16, 56, 1.0037853, 72, 511.72455, 73, 514.56860, 77, 40.250000, 79, 1.2153320, 83,     41219,110,        29,116,         0,164,         1
5FC,2017/01/11 20:03:00, 50, 0.0000000, 13,       254, 49,        16, 56, 1.0037853, 72, 511.65918, 73, 514.56860, 77, 40.187500, 79, 1.2153320, 83,     41219,110,        29,116,         0,164,         1
51C,2017/01/11 20:04:00, 50, 0.0000000, 13,       254, 49,        16, 56, 1.0037853, 72, 511.73877, 73, 514.62708, 77, 40.187500, 79, 1.2153320, 83,     41219,110,        29,116,         0,164,         1
5EC,2017/01/11 20:05:00, 50, 0.0000000, 13,       254, 49,        16, 56, 1.0037853, 72, 511.78479, 73, 514.59784, 77, 40.187500, 79, 1.2201934, 83,     41219,110,        29,116,         0,164,         1
56C,2017/01/11 20:06:00, 50, 0.0000000, 13,       254, 49,        16, 56, 1.0037853, 72, 511.77765, 73, 514.59784, 77, 40.218750, 79, 1.2104707, 83,     41219,110,        29,116,         0,164,         1
5FC,2017/01/11 20:07:00, 50, 0.0000000, 13,       254, 49,        16, 56, 1.0037853, 72, 511.79346, 73, 514.59784, 77, 40.218750, 79, 1.2153320, 83,     41219,110,        29,116,         0,164,         1
52C,2017/01/11 20:08:00, 50, 0.0000000, 13,       254, 49,        16, 56, 1.0037853, 72, 511.79779, 73, 514.68555, 77, 40.218750, 79, 1.2250546, 83,     41219,110,        29,116,         0,164,         1
58C,2017/01/11 20:09:00, 50, 0.0000000, 13,       254, 49,        16, 56, 1.0037853, 72, 511.80103, 73, 514.68555, 77, 40.218750, 79, 1.2153320, 83,     41219,110,        29,116,         0,164,         1
53C,2017/01/11 20:10:00, 50, 0.0000000, 13,       254, 49,        16, 56, 1.0037853, 72, 511.80298, 73, 514.65631, 77, 40.250000, 79, 1.2153320, 83,     41219,110,        29,116,         0,164,         1
5CC,2017/01/11 20:11:00, 50, 0.0000000, 13,       254, 49,        16, 56, 1.0037853, 72, 511.80219, 73, 514.68555, 77, 40.250000, 79, 1.2201934, 83,     41219,110,        29,116,         0,164,         1
5BC,2017/01/11 20:12:00, 50, 0.0000000, 13,       254, 49,        16, 56, 1.0037853, 72, 511.84509, 73, 514.71478, 77, 40.281250, 79, 1.2153320, 83,     41219,110,        29,116,         0,164,         1
56C,2017/01/11 20:13:00, 50, 0.0000000, 13,       254, 49,        16, 56, 1.0037853, 72, 511.84338, 73, 514.71478, 77, 40.250000, 79, 1.2104707, 83,     41219,110,        29,116,         0,164,         1
5DC,2017/01/11 20:14:00, 50, 0.0000000, 13,       254, 49,        16, 56, 1.0037853, 72, 511.82135, 73, 514.71478, 77, 40.250000, 79, 1.2250546, 83,     41219,110,        29,116,         0,164,         1
55C,2017/01/11 20:15:00, 50, 0.0000000, 13,       254, 49,        16, 56, 1.0037853, 72, 511.85236, 73, 514.74402, 77, 40.250000, 79, 1.2153320, 83,     41219,110,        29,116,         0,164,         1
58C,2017/01/11 20:16:00, 50, 0.0000000, 13,       254, 49,        16, 56, 1.0037853, 72, 511.87946, 73, 514.74402, 77, 40.250000, 79, 1.2153320, 83,     41219,110,        29,116,         0,164,         1
5CC,2017/01/11 20:17:00, 50, 0.0000000, 13,       254, 49,        16, 56, 1.0037853, 72, 511.87476, 73, 514.74402, 77, 40.250000, 79, 1.2201934, 83,     41219,110,        29,116,         0,164,         1
55C,2017/01/11 20:18:00, 50, 0.0000000, 13,       254, 49,        16, 56, 1.0037853, 72, 511.86737, 73, 514.80249, 77, 40.281250, 79, 1.2104707, 83,     41219,110,        29,116,         0,164,         1
55C,2017/01/11 20:19:00, 50, 0.0000000, 13,       254, 49,        16, 56, 1.0037853, 72, 511.85193, 73, 514.71478, 77, 40.281250, 79, 1.2104707, 83,     41219,110,        29,116,         0,164,         1
57C,2017/01/11 20:20:00, 50, 0.0000000, 13,       254, 49,        16, 56, 1.0037853, 72, 511.88824, 73, 514.77325, 77, 40.312500, 79, 1.2104707, 83,     41219,110,        29,116,         0,164,         1
59C,2017/01/11 20:21:00, 50, 0.0000000, 13,       254, 49,        16, 56, 1.0037853, 72, 511.89624, 73, 514.80249, 77, 40.312500, 79, 1.2153320, 83,     41219,110,        29,116,         0,164,         1
58C,2017/01/11 20:22:00, 50, 0.0000000, 13,       254, 49,        16, 56, 1.0037853, 72, 511.93555, 73, 514.86102, 77, 40.312500, 79, 1.2250546, 83,     41219,110,        29,116,         0,164,         1
5DC,2017/01/11 20:23:01, 50, 0.0000000, 13,       254, 49,        16, 56, 1.0037853, 72, 511.93195, 73, 514.89026, 77, 40.343750, 79, 1.2153320, 83,     41219,110,        29,116,         0,164,         1
57C,2017/01/11 20:24:00, 50, 0.0000000, 13,       254, 49,        16, 56, 1.0037853, 72, 511.97601, 73, 514.91949, 77, 40.343750, 79, 1.2201934, 83,     41219,110,        29,116,         0,164,         1
5CC,2017/01/11 20:25:00, 50, 0.0000000, 13,       254, 49,        16, 56, 1.0037853, 72, 511.93903, 73, 514.83179, 77, 40.343750, 79, 1.2153320, 83,     41219,110,        29,116,         0,164,         1
5AC,2017/01/11 20:26:00, 50, 0.0000000, 13,       254, 49,        16, 56, 1.0037853, 72, 511.94507, 73, 514.86102, 77, 40.343750, 79, 1.2104707, 83,     41219,110,        29,116,         0,164,         1
56C,2017/01/11 20:27:00, 50, 0.0000000, 13,       254, 49,        16, 56, 1.0037853, 72, 511.96460, 73, 514.89026, 77, 40.375000, 79, 1.2104707, 83,     41219,110,        29,116,         0,164,         1
59C,2017/01/11 20:28:00, 50, 0.0000000, 13,       254, 49,        16, 56, 1.0037853, 72, 512.02899, 73, 514.89026, 77, 40.343750, 79, 1.2153320, 83,     41219,110,        29,116,         0,164,         1
52C,2017/01/11 20:29:00, 50, 0.0000000, 13,       254, 49,        16, 56, 1.0037853, 72, 512.02258, 73, 514.91949, 77, 40.375000, 79, 1.2104707, 83,     41219,110,        29,116,         0,164,         1
5CC,2017/01/11 20:30:00, 50, 0.0000000, 13,       254, 49,        16, 56, 1.0037853, 72, 512.03265, 73, 514.89026, 77, 40.375000, 79, 1.2104707, 83,     41219,110,        29,116,         0,164,         1
5CC,2017/01/11 20:31:00, 50, 0.0000000, 13,       254, 49,        16, 56, 1.0037853, 72, 512.01984, 73, 514.94873, 77, 40.375000, 79, 1.2153320, 83,     41219,110,        29,116,         0,164,         1
5DC,2017/01/11 20:32:00, 50, 0.0000000, 13,       254, 49,        16, 56, 1.0037853, 72, 512.05817, 73, 514.91949, 77, 40.375000, 79, 1.2153320, 83,     41219,110,        29,116,         0,164,         1
52C,2017/01/11 20:33:00, 50, 0.0000000, 13,       254, 49,        16, 56, 1.0037853, 72, 512.05737, 73, 514.91949, 77, 40.375000, 79, 1.2104707, 83,     41219,110,        29,116,         0,164,         1
5DC,2017/01/11 20:34:00, 50, 0.0000000, 13,       254, 49,        16, 56, 1.0037853, 72, 512.04150, 73, 514.97797, 77, 40.375000, 79, 1.2250546, 83,     41219,110,        29,116,         0,164,         1
58C,2017/01/11 20:35:00, 50, 0.0000000, 13,       254, 49,        16, 56, 1.0037853, 72, 512.04449, 73, 514.97797, 77, 40.406250, 79, 1.2201934, 83,     41219,110,        29,116,         0,164,         1
5FC,2017/01/11 20:36:00, 50, 0.0000000, 13,       254, 49,        16, 56, 1.0037853, 72, 512.05853, 73, 514.94873, 77, 40.375000, 79, 1.2201934, 83,     41219,110,        29,116,         0,164,         1
5CC,2017/01/11 20:37:00, 50, 0.0000000, 13,       254, 49,        16, 56, 1.0037853, 72, 512.06500, 73, 515.00720, 77, 40.406250, 79, 1.2153320, 83,     41219,110,        29,116,         0,164,         1
5DC,2017/01/11 20:38:00, 50, 0.0000000, 13,       254, 49,        16, 56, 1.0037853, 72, 512.07947, 73, 515.00720, 77, 40.406250, 79, 1.2153320, 83,     41219,110,        29,116,         0,164,         1
51C,2017/01/11 20:39:00, 50, 0.0000000, 13,       254, 49,        16, 56, 1.0037853, 72, 512.13342, 73, 515.06567, 77, 40.437500, 79, 1.2153320, 83,     41219,110,        29,116,         0,164,         1
56C,2017/01/11 20:40:00, 50, 0.0000000, 13,       254, 49,        16, 56, 1.0037853, 72, 512.16669, 73, 515.06567, 77, 40.406250, 79, 1.2153320, 83,     41219,110,        29,116,         0,164,         1
50C,2017/01/11 20:41:00, 50, 0.0000000, 13,       254, 49,        16, 56, 1.0037853, 72, 512.16534, 73, 515.09491, 77, 40.437500, 79, 1.2201934, 83,     41219,110,        29,116,         0,164,         1
5BC,2017/01/11 20:42:00, 50, 0.0000000, 13,       254, 49,        16, 56, 1.0037853, 72, 512.14801, 73, 515.12421, 77, 40.437500, 79, 1.2201934, 83,     41219,110,        29,116,         0,164,         1
52C,2017/01/11 20:43:00, 50, 0.0000000, 13,       254, 49,        16, 56, 1.0037853, 72, 512.19135, 73, 515.12421, 77, 40.406250, 79, 1.2153320, 83,     41219,110,        29,116,         0,164,         1
58C,2017/01/11 20:44:00, 50, 0.0000000, 13,       254, 49,        16, 56, 1.0037853, 72, 512.18744, 73, 515.15344, 77, 40.437500, 79, 1.2056093, 83,     41219,110,        29,116,         0,164,         1
5FC,2017/01/11 20:45:00, 50, 0.0000000, 13,       254, 49,        16, 56, 1.0037853, 72, 512.22015, 73, 515.15344, 77, 40.437500, 79, 1.2104707, 83,     41219,110,        29,116,         0,164,         1
54C,2017/01/11 20:46:00, 50, 0.0000000, 13,       254, 49,        16, 56, 1.0037853, 72, 512.22589, 73, 515.15344, 77, 40.437500, 79, 1.2201934, 83,     41219,110,        29,116,         0,164,         1
52C,2017/01/11 20:47:00, 50, 0.0000000, 13,       254, 49,        16, 56, 1.0037853, 72, 512.21948, 73, 515.12421, 77, 40.468750, 79, 1.2153320, 83,     41219,110,        29,116,         0,164,         1
50C,2017/01/11 20:48:00, 50, 0.0000000, 13,       254, 49,        16, 56, 1.0037853, 72, 512.21271, 73, 515.18268, 77, 40.437500, 79, 1.2153320, 83,     41219,110,        29,116,         0,164,         1
5CC,2017/01/11 20:49:00, 50, 0.0000000, 13,       254, 49,        16, 56, 1.0037853, 72, 512.25110, 73, 515.18268, 77, 40.468750, 79, 1.2153320, 83,     41219,110,        29,116,         0,164,         1
51C,2017/01/11 20:50:00, 50, 0.0000000, 13,       254, 49,        16, 56, 1.0037853, 72, 512.24066, 73, 515.21191, 77, 40.468750, 79, 1.2201934, 83,     41219,110,        29,116,         0,164,         1
57C,2017/01/11 20:51:00, 50, 0.0000000, 13,       254, 49,        16, 56, 1.0037853, 72, 512.23859, 73, 515.18268, 77, 40.468750, 79, 1.2153320, 83,     41219,110,        29,116,         0,164,         1
5DC,2017/01/11 20:52:00, 50, 0.0000000, 13,       254, 49,        16, 56, 1.0037853, 72, 512.27026, 73, 515.18268, 77, 40.500000, 79, 1.2153320, 83,     41219,110,        29,116,         0,164,         1
5AC,2017/01/11 20:53:00, 50, 0.0000000, 13,       254, 49,        16, 56, 1.0037853, 72, 512.26782, 73, 515.18268, 77, 40.468750, 79, 1.2104707, 83,     41219,110,        29,116,         0,164,         1
5FC,2017/01/11 20:54:00, 50, 0.0000000, 13,       254, 49,        16, 56, 1.0037853, 72, 512.26636, 73, 515.21191, 77, 40.468750, 79, 1.2153320, 83,     41219,110,        29,116,         0,164,         1
57C,2017/01/11 20:55:00, 50, 0.0000000, 13,       254, 49,        16, 56, 1.0037853, 72, 512.24152, 73, 515.15344, 77, 40.468750, 79, 1.2104707, 83,     41219,110,        29,116,         0,164,         1
5CC,2017/01/11 20:56:00, 50, 0.0000000, 13,       254, 49,        16, 56, 1.0037853, 72, 512.28693, 73, 515.21191, 77, 40.468750, 79, 1.2153320, 83,     41219,110,        29,116,         0,164,         1
55C,2017/01/11 20:57:00, 50, 0.0000000, 13,       254, 49,        16, 56, 1.0037853, 72, 512.26947, 73, 515.21191, 77, 40.468750, 79, 1.2153320, 83,     41219,110,        29,116,         0,164,         1
50C,2017/01/11 20:58:00, 50, 0.0000000, 13,       254, 49,        16, 56, 1.0037853, 72, 512.29755, 73, 515.27039, 77, 40.500000, 79, 1.2153320, 83,     41219,110,        29,116,         0,164,         1
50C,2017/01/11 20:59:00, 50, 0.0000000, 13,       254, 49,        16, 56, 1.0037853, 72, 512.34985, 73, 515.27039, 77, 40.468750, 79, 1.2104707, 83,     41219,110,        29,116,         0,164,         1
5FC,2017/01/11 21:00:00, 50, 0.0000000, 13,       254, 49,        16, 56, 1.0037853, 72, 512.29712, 73, 515.27039, 77, 40.500000, 79, 1.2153320, 83,     41219,110,        29,116,         0,164,         1
50C,2017/01/11 21:01:00, 50, 0.0000000, 13,       254, 49,        16, 56, 1.0037853, 72, 512.31329, 73, 515.29962, 77, 40.468750, 79, 1.2056093, 83,     41219,110,        29,116,         0,164,         1
57C,2017/01/11 21:02:00, 50, 0.0000000, 13,       254, 49,        16, 56, 1.0037853, 72, 512.29181, 73, 515.27039, 77, 40.468750, 79, 1.2201934, 83,     41219,110,        29,116,         0,164,         1
5CC,2017/01/11 21:03:00, 50, 0.0000000, 13,       254, 49,        16, 56, 1.0037853, 72, 512.31049, 73, 515.27039, 77, 40.500000, 79, 1.2153320, 83,     41219,110,        29,116,         0,164,         1
5BC,2017/01/11 21:04:00, 50, 0.0000000, 13,       254, 49,        16, 56, 1.0037853, 72, 512.34369, 73, 515.29962, 77, 40.468750, 79, 1.2153320, 83,     41219,110,        29,116,         0,164,         1
57C,2017/01/11 21:05:00, 50, 0.0000000, 13,       254, 49,        16, 56, 1.0037853, 72, 512.30011, 73, 515.24115, 77, 40.468750, 79, 1.2153320, 83,     41219,110,        29,116,         0,164,         1
5FC,2017/01/11 21:06:00, 50, 0.0000000, 13,       254, 49,        16, 56, 1.0037853, 72, 512.33997, 73, 515.27039, 77, 40.468750, 79, 1.2104707, 83,     41219,110,        29,116,         0,164,         1
55C,2017/01/11 21:07:00, 50, 0.0000000, 13,       254, 49,        16, 56, 1.0037853, 72, 512.33179, 73, 515.27039, 77, 40.468750, 79, 1.2153320, 83,     41219,110,        29,116,         0,164,         1
55C,2017/01/11 21:08:00, 50, 0.0000000, 13,       254, 49,        16, 56, 1.0037853, 72, 512.32587, 73, 515.27039, 77, 40.468750, 79, 1.2201934, 83,     41219,110,        29,116,         0,164,         1
5DC,2017/01/11 21:09:00, 50, 0.0000000, 13,       254, 49,        16, 56, 1.0037853, 72, 512.35095, 73, 515.21191, 77, 40.500000, 79, 1.2201934, 83,     41219,110,        29,116,         0,164,         1
53C,2017/01/11 21:10:00, 50, 0.0000000, 13,       254, 49,        16, 56, 1.0037853, 72, 512.37036, 73, 515.27039, 77, 40.500000, 79, 1.2104707, 83,     41219,110,        29,116,         0,164,         1
5BC,2017/01/11 21:11:00, 50, 0.0000000, 13,       254, 49,        16, 56, 1.0037853, 72, 512.37762, 73, 515.24115, 77, 40.500000, 79, 1.2153320, 83,     41219,110,        29,116,         0,164,         1
50C,2017/01/11 21:12:00, 50, 0.0000000, 13,       254, 49,        16, 56, 1.0037853, 72, 512.37756, 73, 515.27039, 77, 40.500000, 79, 1.2104707, 83,     41219,110,        29,116,         0,164,         1
5AC,2017/01/11 21:13:00, 50, 0.0000000, 13,       254, 49,        16, 56, 1.0037853, 72, 512.33868, 73, 515.27039, 77, 40.468750, 79, 1.2104707, 83,     41219,110,        29,116,         0,164,         1
5AC,2017/01/11 21:14:00, 50, 0.0000000, 13,       254, 49,        16, 56, 1.0037853, 72, 512.32373, 73, 515.29962, 77, 40.500000, 79, 1.2153320, 83,     41219,110,        29,116,         0,164,         1
59C,2017/01/11 21:15:00, 50, 0.0000000, 13,       254, 49,        16, 56, 1.0037853, 72, 512.35278, 73, 515.21191, 77, 40.500000, 79, 1.2104707, 83,     41219,110,        29,116,         0,164,         1
54C,2017/01/11 21:16:00, 50, 0.0000000, 13,       254, 49,        16, 56, 1.0037853, 72, 512.35516, 73, 515.24115, 77, 40.500000, 79, 1.2201934, 83,     41219,110,        29,116,         0,164,         1
52C,2017/01/11 21:17:00, 50, 0.0000000, 13,       254, 49,        16, 56, 1.0037853, 72, 512.32831, 73, 515.24115, 77, 40.500000, 79, 1.2104707, 83,     41219,110,        29,116,         0,164,         1
55C,2017/01/11 21:18:00, 50, 0.0000000, 13,       254, 49,        16, 56, 1.0037853, 72, 512.33875, 73, 515.21191, 77, 40.500000, 79, 1.2104707, 83,     41219,110,        29,116,         0,164,         1
52C,2017/01/11 21:19:00, 50, 0.0000000, 13,       254, 49,        16, 56, 1.0037853, 72, 512.33911, 73, 515.27039, 77, 40.500000, 79, 1.2104707, 83,     41219,110,        29,116,         0,164,         1
55C,2017/01/11 21:20:00, 50, 0.0000000, 13,       254, 49,        16, 56, 1.0037853, 72, 512.33423, 73, 515.24115, 77, 40.468750, 79, 1.2104707, 83,     41219,110,        29,116,         0,164,         1
5CC,2017/01/11 21:21:00, 50, 0.0000000, 13,       254, 49,        16, 56, 1.0037853, 72, 512.34241, 73, 515.24115, 77, 40.500000, 79, 1.2104707, 83,     41219,110,        29,116,         0,164,         1
5EC,2017/01/11 21:22:00, 50, 0.0000000, 13,       254, 49,        16, 56, 1.0037853, 72, 512.34589, 73, 515.27039, 77, 40.468750, 79, 1.2153320, 83,     41219,110,        29,116,         0,164,         1
57C,2017/01/11 21:23:00, 50, 0.0000000, 13,       254, 49,        16, 56, 1.0037853, 72, 512.34363, 73, 515.24115, 77, 40.500000, 79, 1.2201934, 83,     41219,110,        29,116,         0,164,         1
53C,2017/01/11 21:24:00, 50, 0.0000000, 13,       254, 49,        16, 56, 1.0037853, 72, 512.35388, 73, 515.27039, 77, 40.500000, 79, 1.2153320, 83,     41219,110,        29,116,         0,164,         1
55C,2017/01/11 21:25:00, 50, 0.0000000, 13,       254, 49,        16, 56, 1.0037853, 72, 512.35217, 73, 515.27039, 77, 40.500000, 79, 1.2153320, 83,     41219,110,        29,116,         0,164,         1
5EC,2017/01/11 21:26:00, 50, 0.0000000, 13,       254, 49,        16, 56, 1.0037853, 72, 512.34784, 73, 515.27039, 77, 40.468750, 79, 1.2201934, 83,     41219,110,        29,116,         0,164,         1
53C,2017/01/11 21:27:00, 50, 0.0000000, 13,       254, 49,        16, 56, 1.0037853, 72, 512.34479, 73, 515.27039, 77, 40.500000, 79, 1.2201934, 83,     41219,110,        29,116,         0,164,         1
55C,2017/01/11 21:28:00, 50, 0.0000000, 13,       254, 49,        16, 56, 1.0037853, 72, 512.33838, 73, 515.29962, 77, 40.531250, 79, 1.2153320, 83,     41219,110,        29,116,         0,164,         1
5CC,2017/01/11 21:29:00, 50, 0.0000000, 13,       254, 49,        16, 56, 1.0037853, 72, 512.35480, 73, 515.32886, 77, 40.531250, 79, 1.2153320, 83,     41219,110,        29,116,         0,164,         1
50C,2017/01/11 21:30:00, 50, 0.0000000, 13,       254, 49,        16, 56, 1.0037853, 72, 512.34564, 73, 515.32886, 77, 40.500000, 79, 1.2201934, 83,     41219,110,        29,116,         0,164,         1
51C,2017/01/11 21:31:00, 50, 0.0000000, 13,       254, 49,        16, 56, 1.0037853, 72, 512.36005, 73, 515.32886, 77, 40.500000, 79, 1.2201934, 83,     41219,110,        29,116,         0,164,         1
5FC,2017/01/11 21:32:00, 50, 0.0000000, 13,       254, 49,        16, 56, 1.0037853, 72, 512.37262, 73, 515.29962, 77, 40.531250, 79, 1.2153320, 83,     41219,110,        29,116,         0,164,         1
54C,2017/01/11 21:33:00, 50, 0.0000000, 13,       254, 49,        16, 56, 1.0037853, 72, 512.37366, 73, 515.32886, 77, 40.500000, 79, 1.2201934, 83,     41219,110,        29,116,         0,164,         1
56C,2017/01/11 21:34:00, 50, 0.0000000, 13,       254, 49,        16, 56, 1.0037853, 72, 512.41248, 73, 515.35809, 77, 40.562500, 79, 1.2104707, 83,     41219,110,        29,116,         0,164,         1
5CC,2017/01/11 21:35:00, 50, 0.0000000, 13,       254, 49,        16, 56, 1.0037853, 72, 512.39886, 73, 515.35809, 77, 40.531250, 79, 1.2201934, 83,     41219,110,        29,116,         0,164,         1
56C,2017/01/11 21:36:00, 50, 0.0000000, 13,       254, 49,        16, 56, 1.0037853, 72, 512.39307, 73, 515.35809, 77, 40.531250, 79, 1.2153320, 83,     41219,110,        29,116,         0,164,         1
5DC,2017/01/11 21:37:00, 50, 0.0000000, 13,       254, 49,        16, 56, 1.0037853, 72, 512.42584, 73, 515.35809, 77, 40.531250, 79, 1.2201934, 83,     41219,110,        29,116,         0,164,         1
58C,2017/01/11 21:38:00, 50, 0.0000000, 13,       254, 49,        16, 56, 1.0037853, 72, 512.42535, 73, 515.35809, 77, 40.531250, 79, 1.2201934, 83,     41219,110,        29,116,         0,164,         1
58C,2017/01/11 21:39:00, 50, 0.0000000, 13,       254, 49,        16, 56, 1.0037853, 72, 512.43896, 73, 515.32886, 77, 40.562500, 79, 1.2201934, 83,     41219,110,        29,116,         0,164,         1
5FC,2017/01/11 21:40:00, 50, 0.0000000, 13,       254, 49,        16, 56, 1.0037853, 72, 512.43439, 73, 515.35809, 77, 40.562500, 79, 1.2201934, 83,     41219,110,        29,116,         0,164,         1
56C,2017/01/11 21:41:00, 50, 0.0000000, 13,       254, 49,        16, 56, 1.0037853, 72, 512.44965, 73, 515.35809, 77, 40.562500, 79, 1.2153320, 83,     41219,110,        29,116,         0,164,         1
57C,2017/01/11 21:42:00, 50, 0.0000000, 13,       254, 49,        16, 56, 1.0037853, 72, 512.43848, 73, 515.38733, 77, 40.562500, 79, 1.2153320, 83,     41219,110,        29,116,         0,164,         1
59C,2017/01/11 21:43:00, 50, 0.0000000, 13,       254, 49,        16, 56, 1.0037853, 72, 512.46405, 73, 515.38733, 77, 40.562500, 79, 1.2056093, 83,     41219,110,        29,116,         0,164,         1
5DC,2017/01/11 21:44:00, 50, 0.0000000, 13,       254, 49,        16, 56, 1.0037853, 72, 512.44574, 73, 515.41663, 77, 40.562500, 79, 1.2104707, 83,     41219,110,        29,116,         0,164,         1
50C,2017/01/11 21:45:00, 50, 0.0000000, 13,       254, 49,        16, 56, 1.0037853, 72, 512.46625, 73, 515.38733, 77, 40.562500, 79, 1.2153320, 83,     41219,110,        29,116,         0,164,         1
54C,2017/01/11 21:46:00, 50, 0.0000000, 13,       254, 49,        16, 56, 1.0037853, 72, 512.43481, 73, 515.41663, 77, 40.531250, 79, 1.2153320, 83,     41219,110,        29,116,         0,164,         1
5DC,2017/01/11 21:47:00, 50, 0.0000000, 13,       254, 49,        16, 56, 1.0037853, 72, 512.43671, 73, 515.35809, 77, 40.562500, 79, 1.2153320, 83,     41219,110,        29,116,         0,164,         1
5BC,2017/01/11 21:48:00, 50, 0.0000000, 13,       254, 49,        16, 56, 1.0037853, 72, 512.41992, 73, 515.38733, 77, 40.593750, 79, 1.2201934, 83,     41219,110,        29,116,         0,164,         1
58C,2017/01/11 21:49:00, 50, 0.0000000, 13,       254, 49,        16, 56, 1.0037853, 72, 512.44489, 73, 515.35809, 77, 40.593750, 79, 1.2153320, 83,     41219,110,        29,116,         0,164,         1
58C,2017/01/11 21:50:00, 50, 0.0000000, 13,       254, 49,        16, 56, 1.0037853, 72, 512.43140, 73, 515.35809, 77, 40.562500, 79, 1.2250546, 83,     41219,110,        29,116,         0,164,         1
54C,2017/01/11 21:51:00, 50, 0.0000000, 13,       254, 49,        16, 56, 1.0037853, 72, 512.40710, 73, 515.38733, 77, 40.562500, 79, 1.2153320, 83,     41219,110,        29,116,         0,164,         1
5DC,2017/01/11 21:52:00, 50, 0.0000000, 13,       254, 49,        16, 56, 1.0037853, 72, 512.42993, 73, 515.35809, 77, 40.593750, 79, 1.2056093, 83,     41219,110,        29,116,         0,164,         1
59C,2017/01/11 21:53:00, 50, 0.0000000, 13,       254, 49,        16, 56, 1.0037853, 72, 512.41766, 73, 515.38733, 77, 40.562500, 79, 1.2056093, 83,     41219,110,        29,116,         0,164,         1
52C,2017/01/11 21:54:00, 50, 0.0000000, 13,       254, 49,        16, 56, 1.0037853, 72, 512.45831, 73, 515.41663, 77, 40.562500, 79, 1.2153320, 83,     41219,110,        29,116,         0,164,         1
5AC,2017/01/11 21:55:00, 50, 0.0000000, 13,       254, 49,        16, 56, 1.0037853, 72, 512.45929, 73, 515.38733, 77, 40.562500, 79, 1.2201934, 83,     41219,110,        29,116,         0,164,         1
51C,2017/01/11 21:56:00, 50, 0.0000000, 13,       254, 49,        16, 56, 1.0037853, 72, 512.43799, 73, 515.38733, 77, 40.562500, 79, 1.2153320, 83,     41219,110,        29,116,         0,164,         1
50C,2017/01/11 21:57:00, 50, 0.0000000, 13,       254, 49,        16, 56, 1.0037853, 72, 512.44324, 73, 515.41663, 77, 40.562500, 79, 1.2056093, 83,     41219,110,        29,116,         0,164,         1
5FC,2017/01/11 21:58:00, 50, 0.0000000, 13,       254, 49,        16, 56, 1.0037853, 72, 512.43994, 73, 515.38733, 77, 40.562500, 79, 1.2104707, 83,     41219,110,        29,116,         0,164,         1
55C,2017/01/11 21:59:00, 50, 0.0000000, 13,       254, 49,        16, 56, 1.0037853, 72, 512.45923, 73, 515.38733, 77, 40.593750, 79, 1.2201934, 83,     41219,110,        29,116,         0,164,         1
5AC,2017/01/11 22:00:00, 50, 0.0000000, 13,       254, 49,        16, 56, 1.0037853, 72, 512.44604, 73, 515.38733, 77, 40.593750, 79, 1.2153320, 83,     41219,110,        29,116,         0,164,         1
5CC,2017/01/11 22:01:00, 50, 0.0000000, 13,       254, 49,        16, 56, 1.0037853, 72, 512.44897, 73, 515.41663, 77, 40.562500, 79, 1.2153320, 83,     41219,110,        29,116,         0,164,         1
58C,2017/01/11 22:02:00, 50, 0.0000000, 13,       254, 49,        16, 56, 1.0037853, 72, 512.46606, 73, 515.38733, 77, 40.593750, 79, 1.2153320, 83,     41219,110,        29,116,         0,164,         1
5DC,2017/01/11 22:03:00, 50, 0.0000000, 13,       254, 49,        16, 56, 1.0037853, 72, 512.44232, 73, 515.44586, 77, 40.562500, 79, 1.2201934, 83,     41219,110,        29,116,         0,164,         1
58C,2017/01/11 22:04:00, 50, 0.0000000, 13,       254, 49,        16, 56, 1.0037853, 72, 512.45966, 73, 515.44586, 77, 40.593750, 79, 1.2201934, 83,     41219,110,        29,116,         0,164,         1
5CC,2017/01/11 22:05:00, 50, 0.0000000, 13,       254, 49,        16, 56, 1.0037853, 72, 512.48486, 73, 515.44586, 77, 40.593750, 79, 1.2153320, 83,     41219,110,        29,116,         0,164,         1
54C,2017/01/11 22:06:00, 50, 0.0000000, 13,       254, 49,        16, 56, 1.0037853, 72, 512.51538, 73, 515.44586, 77, 40.625000, 79, 1.2201934, 83,     41219,110,        29,116,         0,164,         1
58C,2017/01/11 22:07:00, 50, 0.0000000, 13,       254, 49,        16, 56, 1.0037853, 72, 512.51361, 73, 515.44586, 77, 40.593750, 79, 1.2153320, 83,     41219,110,        29,116,         0,164,         1
5DC,2017/01/11 22:08:00, 50, 0.0000000, 13,       254, 49,        16, 56, 1.0037853, 72, 512.50598, 73, 515.44586, 77, 40.593750, 79, 1.2201934, 83,     41219,110,        29,116,         0,164,         1
54C,2017/01/11 22:09:00, 50, 0.0000000, 13,       254, 49,        16, 56, 1.0037853, 72, 512.51221, 73, 515.47510, 77, 40.593750, 79, 1.2201934, 83,     41219,110,        29,116,         0,164,         1
5DC,2017/01/11 22:10:00, 50, 0.0000000, 13,       254, 49,        16, 56, 1.0037853, 72, 512.49121, 73, 515.47510, 77, 40.593750, 79, 1.2153320, 83,     41219,110,        29,116,         0,164,         1
5AC,2017/01/11 22:11:00, 50, 0.0000000, 13,       254, 49,        16, 56, 1.0037853, 72, 512.52417, 73, 515.44586, 77, 40.593750, 79, 1.2153320, 83,     41219,110,        29,116,         0,164,         1
50C,2017/01/11 22:12:00, 50, 0.0000000, 13,       254, 49,        16, 56, 1.0037853, 72, 512.49908, 73, 515.47510, 77, 40.625000, 79, 1.2153320, 83,     41219,110,        29,116,         0,164,         1
59C,2017/01/11 22:13:00, 50, 0.0000000, 13,       254, 49,        16, 56, 1.0037853, 72, 512.51605, 73, 515.47510, 77, 40.625000, 79, 1.2104707, 83,     41219,110,        29,116,         0,164,         1
53C,2017/01/11 22:14:00, 50, 0.0000000, 13,       254, 49,        16, 56, 1.0037853, 72, 512.47931, 73, 515.41663, 77, 40.625000, 79, 1.2153320, 83,     41219,110,        29,116,         0,164,         1
5EC,2017/01/11 22:15:00, 50, 0.0000000, 13,       254, 49,        16, 56, 1.0037853, 72, 512.47504, 73, 515.44586, 77, 40.625000, 79, 1.2201934, 83,     41219,110,        29,116,         0,164,         1
59C,2017/01/11 22:16:00, 50, 0.0000000, 13,       254, 49,        16, 56, 1.0037853, 72, 512.48547, 73, 515.47510, 77, 40.625000, 79, 1.2201934, 83,     41219,110,        29,116,         0,164,         1
51C,2017/01/11 22:17:00, 50, 0.0000000, 13,       254, 49,        16, 56, 1.0037853, 72, 512.47711, 73, 515.44586, 77, 40.625000, 79, 1.2153320, 83,     41219,110,        29,116,         0,164,         1
57C,2017/01/11 22:18:00, 50, 0.0000000, 13,       254, 49,        16, 56, 1.0037853, 72, 512.44470, 73, 515.41663, 77, 40.625000, 79, 1.2104707, 83,     41219,110,        29,116,         0,164,         1
5EC,2017/01/11 22:19:00, 50, 0.0000000, 13,       254, 49,        16, 56, 1.0037853, 72, 512.46082, 73, 515.41663, 77, 40.625000, 79, 1.2153320, 83,     41219,110,        29,116,         0,164,         1
57C,2017/01/11 22:20:00, 50, 0.0000000, 13,       254, 49,        16, 56, 1.0037853, 72, 512.45502, 73, 515.44586, 77, 40.625000, 79, 1.2153320, 83,     41219,110,        29,116,         0,164,         1
59C,2017/01/11 22:21:00, 50, 0.0000000, 13,       254, 49,        16, 56, 1.0037853, 72, 512.46161, 73, 515.41663, 77, 40.656250, 79, 1.2104707, 83,     41219,110,        29,116,         0,164,         1
51C,2017/01/11 22:22:00, 50, 0.0000000, 13,       254, 49,        16, 56, 1.0037853, 72, 512.46362, 73, 515.38733, 77, 40.656250, 79, 1.2104707, 83,     41219,110,        29,116,         0,164,         1
53C,2017/01/11 22:23:00, 50, 0.0000000, 13,       254, 49,        16, 56, 1.0037853, 72, 512.45789, 73, 515.41663, 77, 40.625000, 79, 1.2201934, 83,     41219,110,        29,116,         0,164,         1
59C,2017/01/11 22:24:00, 50, 0.0000000, 13,       254, 49,        16, 56, 1.0037853, 72, 512.48407, 73, 515.44586, 77, 40.656250, 79, 1.2153320, 83,     41219,110,        29,116,         0,164,         1
5EC,2017/01/11 22:25:00, 50, 0.0000000, 13,       254, 49,        16, 56, 1.0037853, 72, 512.50616, 73, 515.41663, 77, 40.625000, 79, 1.2104707, 83,     41219,110,        29,116,         0,164,         1
5EC,2017/01/11 22:26:00, 50, 0.0000000, 13,       254, 49,        16, 56, 1.0037853, 72, 512.47595, 73, 515.44586, 77, 40.656250, 79, 1.2153320, 83,     41219,110,        29,116,         0,164,         1
5DC,2017/01/11 22:27:00, 50, 0.0000000, 13,       254, 49,        16, 56, 1.0037853, 72, 512.47290, 73, 515.44586, 77, 40.656250, 79, 1.2153320, 83,     41219,110,        29,116,         0,164,         1
5EC,2017/01/11 22:28:00, 50, 0.0000000, 13,       254, 49,        16, 56, 1.0037853, 72, 512.49701, 73, 515.47510, 77, 40.625000, 79, 1.2153320, 83,     41219,110,        29,116,         0,164,         1
5AC,2017/01/11 22:29:00, 50, 0.0000000, 13,       254, 49,        16, 56, 1.0037853, 72, 512.49365, 73, 515.47510, 77, 40.656250, 79, 1.2153320, 83,     41219,110,        29,116,         0,164,         1
5AC,2017/01/11 22:30:00, 50, 0.0000000, 13,       254, 49,        16, 56, 1.0037853, 72, 512.47516, 73, 515.44586, 77, 40.625000, 79, 1.2201934, 83,     41219,110,        29,116,         0,164,         1
5CC,2017/01/11 22:31:00, 50, 0.0000000, 13,       254, 49,        16, 56, 1.0037853, 72, 512.48389, 73, 515.44586, 77, 40.656250, 79, 1.2153320, 83,     41219,110,        29,116,         0,164,         1
5EC,2017/01/11 22:32:00, 50, 0.0000000, 13,       254, 49,        16, 56, 1.0037853, 72, 512.50165, 73, 515.44586, 77, 40.625000, 79, 1.2201934, 83,     41219,110,        29,116,         0,164,         1
50C,2017/01/11 22:33:00, 50, 0.0000000, 13,       254, 49,        16, 56, 1.0037853, 72, 512.48120, 73, 515.47510, 77, 40.625000, 79, 1.2153320, 83,     41219,110,        29,116,         0,164,         1
51C,2017/01/11 22:34:00, 50, 0.0000000, 13,       254, 49,        16, 56, 1.0037853, 72, 512.51031, 73, 515.44586, 77, 40.625000, 79, 1.2104707, 83,     41219,110,        29,116,         0,164,         1
57C,2017/01/11 22:35:00, 50, 0.0000000, 13,       254, 49,        16, 56, 1.0037853, 72, 512.50488, 73, 515.47510, 77, 40.625000, 79, 1.2056093, 83,     41219,110,        29,116,         0,164,         1
51C,2017/01/11 22:36:00, 50, 0.0000000, 13,       254, 49,        16, 56, 1.0037853, 72, 512.51239, 73, 515.44586, 77, 40.625000, 79, 1.2201934, 83,     41219,110,        29,116,         0,164,         1
59C,2017/01/11 22:37:00, 50, 0.0000000, 13,       254, 49,        16, 56, 1.0037853, 72, 512.49939, 73, 515.44586, 77, 40.625000, 79, 1.2153320, 83,     41219,110,        29,116,         0,164,         1
5EC,2017/01/11 22:38:00, 50, 0.0000000, 13,       254, 49,        16, 56, 1.0037853, 72, 512.51471, 73, 515.44586, 77, 40.625000, 79, 1.2153320, 83,     41219,110,        29,116,         0,164,         1
5DC,2017/01/11 22:39:00, 50, 0.0000000, 13,       254, 49,        16, 56, 1.0037853, 72, 512.53058, 73, 515.44586, 77, 40.593750, 79, 1.2104707, 83,     41219,110,        29,116,         0,164,         1
52C,2017/01/11 22:40:00, 50, 0.0000000, 13,       254, 49,        16, 56, 1.0037853, 72, 512.50739, 73, 515.41663, 77, 40.625000, 79, 1.2153320, 83,     41219,110,        29,116,         0,164,         1
5AC,2017/01/11 22:41:00, 50, 0.0000000, 13,       254, 49,        16, 56, 1.0037853, 72, 512.50800, 73, 515.41663, 77, 40.593750, 79, 1.2153320, 83,     41219,110,        29,116,         0,164,         1
5CC,2017/01/11 22:42:00, 50, 0.0000000, 13,       254, 49,        16, 56, 1.0037853, 72, 512.49976, 73, 515.47510, 77, 40.625000, 79, 1.2153320, 83,     41219,110,        29,116,         0,164,         1
50C,2017/01/11 22:43:00, 50, 0.0000000, 13,       254, 49,        16, 56, 1.0037853, 72, 512.52771, 73, 515.41663, 77, 40.625000, 79, 1.2056093, 83,     41219,110,        29,116,         0,164,         1
52C,2017/01/11 22:44:00, 50, 0.0000000, 13,       254, 49,        16, 56, 1.0037853, 72, 512.49640, 73, 515.41663, 77, 40.625000, 79, 1.2104707, 83,     41219,110,        29,116,         0,164,         1
58C,2017/01/11 22:45:00, 50, 0.0000000, 13,       254, 49,        16, 56, 1.0037853, 72, 512.48621, 73, 515.44586, 77, 40.625000, 79, 1.2104707, 83,     41219,110,        29,116,         0,164,         1
5DC,2017/01/11 22:46:00, 50, 0.0000000, 13,       254, 49,        16, 56, 1.0037853, 72, 512.46436, 73, 515.44586, 77, 40.593750, 79, 1.2104707, 83,     41219,110,        29,116,         0,164,         1
5BC,2017/01/11 22:47:00, 50, 0.0000000, 13,       254, 49,        16, 56, 1.0037853, 72, 512.47797, 73, 515.41663, 77, 40.593750, 79, 1.2153320, 83,     41219,110,        29,116,         0,164,         1
53C,2017/01/11 22:48:00, 50, 0.0000000, 13,       254, 49,        16, 56, 1.0037853, 72, 512.48688, 73, 515.41663, 77, 40.625000, 79, 1.2201934, 83,     41219,110,        29,116,         0,164,         1
55C,2017/01/11 22:49:00, 50, 0.0000000, 13,       254, 49,        16, 56, 1.0037853, 72, 512.42462, 73, 515.41663, 77, 40.625000, 79, 1.2153320, 83,     41219,110,        29,116,         0,164,         1
59C,2017/01/11 22:50:00, 50, 0.0000000, 13,       254, 49,        16, 56, 1.0037853, 72, 512.45471, 73, 515.38733, 77, 40.625000, 79, 1.2201934, 83,     41219,110,        29,116,         0,164,         1
57C,2017/01/11 22:51:00, 50, 0.0000000, 13,       254, 49,        16, 56, 1.0037853, 72, 512.46167, 73, 515.41663, 77, 40.625000, 79, 1.2056093, 83,     41219,110,        29,116,         0,164,         1
5EC,2017/01/11 22:52:00, 50, 0.0000000, 13,       254, 49,        16, 56, 1.0037853, 72, 512.46674, 73, 515.41663, 77, 40.625000, 79, 1.2153320, 83,     41219,110,        29,116,         0,164,         1
5BC,2017/01/11 22:53:00, 50, 0.0000000, 13,       254, 49,        16, 56, 1.0037853, 72, 512.44653, 73, 515.41663, 77, 40.656250, 79, 1.2153320, 83,     41219,110,        29,116,         0,164,         1
56C,2017/01/11 22:54:00, 50, 0.0000000, 13,       254, 49,        16, 56, 1.0037853, 72, 512.45795, 73, 515.41663, 77, 40.625000, 79, 1.2104707, 83,     41219,110,        29,116,         0,164,         1
5DC,2017/01/11 22:55:00, 50, 0.0000000, 13,       254, 49,        16, 56, 1.0037853, 72, 512.46619, 73, 515.41663, 77, 40.625000, 79, 1.2056093, 83,     41219,110,        29,116,         0,164,         1
57C,2017/01/11 22:56:00, 50, 0.0000000, 13,       254, 49,        16, 56, 1.0037853, 72, 512.46014, 73, 515.44586, 77, 40.625000, 79, 1.2153320, 83,     41219,110,        29,116,         0,164,         1
5EC,2017/01/11 22:57:00, 50, 0.0000000, 13,       254, 49,        16, 56, 1.0037853, 72, 512.49030, 73, 515.41663, 77, 40.656250, 79, 1.2056093, 83,     41219,110,        29,116,         0,164,         1
52C,2017/01/11 22:58:00, 50, 0.0000000, 13,       254, 49,        16, 56, 1.0037853, 72, 512.46490, 73, 515.44586, 77, 40.625000, 79, 1.2104707, 83,     41219,110,        29,116,         0,164,         1
5CC,2017/01/11 22:59:00, 50, 0.0000000, 13,       254, 49,        16, 56, 1.0037853, 72, 512.46802, 73, 515.44586, 77, 40.625000, 79, 1.2201934, 83,     41219,110,        29,116,         0,164,         1
5CC,2017/01/11 23:00:00, 50, 0.0000000, 13,       254, 49,        16, 56, 1.0037853, 72, 512.47076, 73, 515.44586, 77, 40.656250, 79, 1.2056093, 83,     41219,110,        29,116,         0,164,         1
57C,2017/01/11 23:01:00, 50, 0.0000000, 13,       254, 49,        16, 56, 1.0037853, 72, 512.46240, 73, 515.44586, 77, 40.625000, 79, 1.2153320, 83,     41219,110,        29,116,         0,164,         1
5DC,2017/01/11 23:02:00, 50, 0.0000000, 13,       254, 49,        16, 56, 1.0037853, 72, 512.48285, 73, 515.41663, 77, 40.656250, 79, 1.2153320, 83,     41219,110,        29,116,         0,164,         1
53C,2017/01/11 23:03:00, 50, 0.0000000, 13,       254, 49,        16, 56, 1.0037853, 72, 512.46838, 73, 515.44586, 77, 40.625000, 79, 1.2104707, 83,     41219,110,        29,116,         0,164,         1
50C,2017/01/11 23:04:00, 50, 0.0000000, 13,       254, 49,        16, 56, 1.0037853, 72, 512.45355, 73, 515.38733, 77, 40.656250, 79, 1.2153320, 83,     41219,110,        29,116,         0,164,         1
52C,2017/01/11 23:05:00, 50, 0.0000000, 13,       254, 49,        16, 56, 1.0037853, 72, 512.45831, 73, 515.41663, 77, 40.656250, 79, 1.2153320, 83,     41219,110,        29,116,         0,164,         1
59C,2017/01/11 23:06:00, 50, 0.0000000, 13,       254, 49,        16, 56, 1.0037853, 72, 512.47003, 73, 515.41663, 77, 40.656250, 79, 1.2104707, 83,     41219,110,        29,116,         0,164,         1
59C,2017/01/11 23:07:00, 50, 0.0000000, 13,       254, 49,        16, 56, 1.0037853, 72, 512.47144, 73, 515.41663, 77, 40.656250, 79, 1.2153320, 83,     41219,110,        29,116,         0,164,         1
5AC,2017/01/11 23:08:00, 50, 0.0000000, 13,       254, 49,        16, 56, 1.0037853, 72, 512.44470, 73, 515.44586, 77, 40.656250, 79, 1.2153320, 83,     41219,110,        29,116,         0,164,         1
53C,2017/01/11 23:09:00, 50, 0.0000000, 13,       254, 49,        16, 56, 1.0037853, 72, 512.46179, 73, 515.41663, 77, 40.656250, 79, 1.2201934, 83,     41219,110,        29,116,         0,164,         1
53C,2017/01/11 23:10:00, 50, 0.0000000, 13,       254, 49,        16, 56, 1.0037853, 72, 512.45807, 73, 515.41663, 77, 40.656250, 79, 1.2153320, 83,     41219,110,        29,116,         0,164,         1
57C,2017/01/11 23:11:00, 50, 0.0000000, 13,       254, 49,        16, 56, 1.0037853, 72, 512.45959, 73, 515.41663, 77, 40.656250, 79, 1.2056093, 83,     41219,110,        29,116,         0,164,         1
53C,2017/01/11 23:12:00, 50, 0.0000000, 13,       254, 49,        16, 56, 1.0037853, 72, 512.46411, 73, 515.38733, 77, 40.656250, 79, 1.2153320, 83,     41219,110,        29,116,         0,164,         1
54C,2017/01/11 23:13:00, 50, 0.0000000, 13,       254, 49,        16, 56, 1.0037853, 72, 512.47485, 73, 515.41663, 77, 40.656250, 79, 1.2153320, 83,     41219,110,        29,116,         0,164,         1
5DC,2017/01/11 23:14:00, 50, 0.0000000, 13,       254, 49,        16, 56, 1.0037853, 72, 512.46759, 73, 515.44586, 77, 40.656250, 79, 1.2153320, 83,     41219,110,        29,116,         0,164,         1
58C,2017/01/11 23:15:00, 50, 0.0000000, 13,       254, 49,        16, 56, 1.0037853, 72, 512.43988, 73, 515.44586, 77, 40.656250, 79, 1.2104707, 83,     41219,110,        29,116,         0,164,         1
52C,2017/01/11 23:16:00, 50, 0.0000000, 13,       254, 49,        16, 56, 1.0037853, 72, 512.43884, 73, 515.38733, 77, 40.656250, 79, 1.2153320, 83,     41219,110,        29,116,         0,164,         1
50C,2017/01/11 23:17:00, 50, 0.0000000, 13,       254, 49,        16, 56, 1.0037853, 72, 512.47064, 73, 515.41663, 77, 40.656250, 79, 1.2201934, 83,     41219,110,        29,116,         0,164,         1
57C,2017/01/11 23:18:00, 50, 0.0000000, 13,       254, 49,        16, 56, 1.0037853, 72, 512.44196, 73, 515.41663, 77, 40.656250, 79, 1.2007481, 83,     41219,110,        29,116,         0,164,         1
5BC,2017/01/11 23:19:00, 50, 0.0000000, 13,       254, 49,        16, 56, 1.0037853, 72, 512.43988, 73, 515.44586, 77, 40.625000, 79, 1.2056093, 83,     41219,110,        29,116,         0,164,         1
51C,2017/01/11 23:20:00, 50, 0.0000000, 13,       254, 49,        16, 56, 1.0037853, 72, 512.45239, 73, 515.44586, 77, 40.656250, 79, 1.2201934, 83,     41219,110,        29,116,         0,164,         1
5CC,2017/01/11 23:21:00, 50, 0.0000000, 13,       254, 49,        16, 56, 1.0037853, 72, 512.45917, 73, 515.44586, 77, 40.656250, 79, 1.2153320, 83,     41219,110,        29,116,         0,164,         1
5DC,2017/01/11 23:22:00, 50, 0.0000000, 13,       254, 49,        16, 56, 1.0037853, 72, 512.48517, 73, 515.44586, 77, 40.625000, 79, 1.2153320, 83,     41219,110,        29,116,         0,164,         1
5EC,2017/01/11 23:23:00, 50, 0.0000000, 13,       254, 49,        16, 56, 1.0037853, 72, 512.48468, 73, 515.44586, 77, 40.625000, 79, 1.2201934, 83,     41219,110,        29,116,         0,164,         1
56C,2017/01/11 23:24:00, 50, 0.0000000, 13,       254, 49,        16, 56, 1.0037853, 72, 512.49384, 73, 515.44586, 77, 40.625000, 79, 1.2153320, 83,     41219,110,        29,116,         0,164,         1
5FC,2017/01/11 23:25:00, 50, 0.0000000, 13,       254, 49,        16, 56, 1.0037853, 72, 512.49054, 73, 515.41663, 77, 40.625000, 79, 1.2201934, 83,     41219,110,        29,116,         0,164,         1
5AC,2017/01/11 23:26:00, 50, 0.0000000, 13,       254, 49,        16, 56, 1.0037853, 72, 512.47809, 73, 515.41663, 77, 40.625000, 79, 1.2104707, 83,     41219,110,        29,116,         0,164,         1
51C,2017/01/11 23:27:00, 50, 0.0000000, 13,       254, 49,        16, 56, 1.0037853, 72, 512.46265, 73, 515.41663, 77, 40.656250, 79, 1.2201934, 83,     41219,110,        29,116,         0,164,         1
58C,2017/01/11 23:28:00, 50, 0.0000000, 13,       254, 49,        16, 56, 1.0037853, 72, 512.48187, 73, 515.41663, 77, 40.625000, 79, 1.2056093, 83,     41219,110,        29,116,         0,164,         1
55C,2017/01/11 23:29:00, 50, 0.0000000, 13,       254, 49,        16, 56, 1.0037853, 72, 512.46088, 73, 515.41663, 77, 40.625000, 79, 1.2104707, 83,     41219,110,        29,116,         0,164,         1
51C,2017/01/11 23:30:00, 50, 0.0000000, 13,       254, 49,        16, 56, 1.0037853, 72, 512.47986, 73, 515.38733, 77, 40.656250, 79, 1.2153320, 83,     41219,110,        29,116,         0,164,         1
53C,2017/01/11 23:31:00, 50, 0.0000000, 13,       254, 49,        16, 56, 1.0037853, 72, 512.47717, 73, 515.41663, 77, 40.593750, 79, 1.2153320, 83,     41219,110,        29,116,         0,164,         1
53C,2017/01/11 23:32:00, 50, 0.0000000, 13,       254, 49,        16, 56, 1.0037853, 72, 512.46588, 73, 515.38733, 77, 40.625000, 79, 1.2153320, 83,     41219,110,        29,116,         0,164,         1
50C,2017/01/11 23:33:00, 50, 0.0000000, 13,       254, 49,        16, 56, 1.0037853, 72, 512.46875, 73, 515.41663, 77, 40.593750, 79, 1.2201934, 83,     41219,110,        29,116,         0,164,         1
51C,2017/01/11 23:34:00, 50, 0.0000000, 13,       254, 49,        16, 56, 1.0037853, 72, 512.48224, 73, 515.38733, 77, 40.625000, 79, 1.2201934, 83,     41219,110,        29,116,         0,164,         1
57C,2017/01/11 23:35:00, 50, 0.0000000, 13,       254, 49,        16, 56, 1.0037853, 72, 512.47516, 73, 515.41663, 77, 40.593750, 79, 1.2104707, 83,     41219,110,        29,116,         0,164,         1
51C,2017/01/11 23:36:00, 50, 0.0000000, 13,       254, 49,        16, 56, 1.0037853, 72, 512.47253, 73, 515.41663, 77, 40.593750, 79, 1.2153320, 83,     41219,110,        29,116,         0,164,         1
5DC,2017/01/11 23:37:00, 50, 0.0000000, 13,       254, 49,        16, 56, 1.0037853, 72, 512.45526, 73, 515.38733, 77, 40.593750, 79, 1.2153320, 83,     41219,110,        29,116,         0,164,         1
5BC,2017/01/11 23:38:00, 50, 0.0000000, 13,       254, 49,        16, 56, 1.0037853, 72, 512.43842, 73, 515.38733, 77, 40.593750, 79, 1.2153320, 83,     41219,110,        29,116,         0,164,         1
58C,2017/01/11 23:39:00, 50, 0.0000000, 13,       254, 49,        16, 56, 1.0037853, 72, 512.43597, 73, 515.35809, 77, 40.625000, 79, 1.2153320, 83,     41219,110,        29,116,         0,164,         1
59C,2017/01/11 23:40:00, 50, 0.0000000, 13,       254, 49,        16, 56, 1.0037853, 72, 512.43359, 73, 515.38733, 77, 40.625000, 79, 1.2153320, 83,     41219,110,        29,116,         0,164,         1
5BC,2017/01/11 23:41:00, 50, 0.0000000, 13,       254, 49,        16, 56, 1.0037853, 72, 512.44373, 73, 515.38733, 77, 40.593750, 79, 1.2153320, 83,     41219,110,        29,116,         0,164,         1
54C,2017/01/11 23:42:00, 50, 0.0000000, 13,       254, 49,        16, 56, 1.0037853, 72, 512.45654, 73, 515.41663, 77, 40.625000, 79, 1.2201934, 83,     41219,110,        29,116,         0,164,         1
58C,2017/01/11 23:43:00, 50, 0.0000000, 13,       254, 49,        16, 56, 1.0037853, 72, 512.45679, 73, 515.38733, 77, 40.625000, 79, 1.2104707, 83,     41219,110,        29,116,         0,164,         1
56C,2017/01/11 23:44:00, 50, 0.0000000, 13,       254, 49,        16, 56, 1.0037853, 72, 512.46045, 73, 515.38733, 77, 40.625000, 79, 1.2153320, 83,     41219,110,        29,116,         0,164,         1
5CC,2017/01/11 23:45:00, 50, 0.0000000, 13,       254, 49,        16, 56, 1.0037853, 72, 512.44812, 73, 515.38733, 77, 40.625000, 79, 1.2104707, 83,     41219,110,        29,116,         0,164,         1
57C,2017/01/11 23:46:00, 50, 0.0000000, 13,       254, 49,        16, 56, 1.0037853, 72, 512.42749, 73, 515.38733, 77, 40.593750, 79, 1.2153320, 83,     41219,110,        29,116,         0,164,         1
51C,2017/01/11 23:47:00, 50, 0.0000000, 13,       254, 49,        16, 56, 1.0037853, 72, 512.43878, 73, 515.35809, 77, 40.593750, 79, 1.2153320, 83,     41219,110,        29,116,         0,164,         1
5EC,2017/01/11 23:48:00, 50, 0.0000000, 13,       254, 49,        16, 56, 1.0037853, 72, 512.45880, 73, 515.41663, 77, 40.593750, 79, 1.2153320, 83,     41219,110,        29,116,         0,164,         1
54C,2017/01/11 23:49:00, 50, 0.0000000, 13,       254, 49,        16, 56, 1.0037853, 72, 512.45251, 73, 515.38733, 77, 40.625000, 79, 1.2201934, 83,     41219,110,        29,116,         0,164,         1
54C,2017/01/11 23:50:00, 50, 0.0000000, 13,       254, 49,        16, 56, 1.0037853, 72, 512.46674, 73, 515.38733, 77, 40.625000, 79, 1.2104707, 83,     41219,110,        29,116,         0,164,         1
50C,2017/01/11 23:51:00, 50, 0.0000000, 13,       254, 49,        16, 56, 1.0037853, 72, 512.47943, 73, 515.38733, 77, 40.593750, 79, 1.2153320, 83,     41219,110,        29,116,         0,164,         1
52C,2017/01/11 23:52:00, 50, 0.0000000, 13,       254, 49,        16, 56, 1.0037853, 72, 512.46411, 73, 515.41663, 77, 40.593750, 79, 1.2153320, 83,     41219,110,        29,116,         0,164,         1
52C,2017/01/11 23:53:00, 50, 0.0000000, 13,       254, 49,        16, 56, 1.0037853, 72, 512.46851, 73, 515.38733, 77, 40.625000, 79, 1.2056093, 83,     41219,110,        29,116,         0,164,         1
5DC,2017/01/11 23:54:00, 50, 0.0000000, 13,       254, 49,        16, 56, 1.0037853, 72, 512.42072, 73, 515.41663, 77, 40.625000, 79, 1.2153320, 83,     41219,110,        29,116,         0,164,         1
51C,2017/01/11 23:55:00, 50, 0.0000000, 13,       254, 49,        16, 56, 1.0037853, 72, 512.48169, 73, 515.41663, 77, 40.593750, 79, 1.2153320, 83,     41219,110,        29,116,         0,164,         1
5FC,2017/01/11 23:56:00, 50, 0.0000000, 13,       254, 49,        16, 56, 1.0037853, 72, 512.45471, 73, 515.41663, 77, 40.625000, 79, 1.2153320, 83,     41219,110,        29,116,         0,164,         1
5DC,2017/01/11 23:57:00, 50, 0.0000000, 13,       254, 49,        16, 56, 1.0037853, 72, 512.46002, 73, 515.41663, 77, 40.625000, 79, 1.2153320, 83,     41219,110,        29,116,         0,164,         1
50C,2017/01/11 23:58:00, 50, 0.0000000, 13,       254, 49,        16, 56, 1.0037853, 72, 512.49261, 73, 515.38733, 77, 40.625000, 79, 1.2153320, 83,     41219,110,        29,116,         0,164,         1
55C,2017/01/11 23:59:00, 50, 0.0000000, 13,       254, 49,        16, 56, 1.0037853, 72, 512.46954, 73, 515.41663, 77, 40.593750, 79, 1.2153320, 83,     41219,110,        29,116,         0,164,         1
