5BC,2018/04/19 21:39:03, 50, 0.0000000, 49,         4, 44,         7, 45,         0, 56, 18.334488, 64, 26.730347, 67, 712.18445, 72, 0.0000000, 77, 16.937500, 83,     50945,110,        29,116,         4
59C,2018/04/19 21:40:00, 50, 0.0000000, 49,         4, 44,       141, 45,         0, 56, 18.334488, 64, 34.680176, 67, 714.88416, 72, 450.78772, 77, 17.500000, 83,     33537,110,        29,116,         4
5CC,2018/04/19 21:41:00, 50, 0.0000000, 49,         4, 44,       255, 45,         0, 56, 18.334488, 64, 34.704590, 67, 714.88416, 72, 451.49384, 77, 17.937500, 83,     33537,110,        29,116,         4
52C,2018/04/19 21:42:00, 50, 0.0000000, 49,         4, 44,       255, 45,         0, 56, 18.334488, 64, 34.667969, 67, 714.88416, 72, 452.12921, 77, 18.281250, 83,     33537,110,        29,116,         4
51C,2018/04/19 21:43:00, 50, 0.0000000, 49,         4, 44,       255, 45,         0, 56, 18.334488, 64, 34.683228, 67, 714.88416, 72, 452.72864, 77, 18.687500, 83,     33537,110,        29,116,         4
51C,2018/04/19 21:44:00, 50, 0.0000000, 49,         4, 44,       255, 45,         0, 56, 18.334488, 64, 34.896851, 67, 714.88416, 72, 453.33569, 77, 19.000000, 83,     33537,110,        29,116,         4
5FC,2018/04/19 21:45:00, 50, 0.0000000, 49,         4, 44,       255, 45,         0, 56, 18.334488, 64, 34.948730, 67, 714.88416, 72, 453.29089, 77, 19.312500, 83,     33537,110,        29,116,         4
52C,2018/04/19 21:46:00, 50, 0.0000000, 49,         4, 44,       255, 45,         0, 56, 18.334488, 64, 34.902954, 67, 714.88416, 72, 453.64185, 77, 19.593750, 83,     33537,110,        29,116,         4
52C,2018/04/19 21:47:00, 50, 0.0000000, 49,         4, 44,       255, 45,         0, 56, 18.334488, 64, 34.979248, 67, 714.88416, 72, 454.12994, 77, 19.906250, 83,     33537,110,        29,116,         4
54C,2018/04/19 21:48:00, 50, 0.0000000, 49,         4, 44,       255, 45,         0, 56, 18.334488, 64, 35.217285, 67, 714.88416, 72, 454.65601, 77, 20.187500, 83,     33537,110,        29,116,         4
51C,2018/04/19 21:49:00, 50, 0.0000000, 49,         4, 44,       255, 45,         0, 56, 18.334488, 64, 35.345459, 67, 714.88416, 72, 455.21167, 77, 20.468750, 83,     33537,110,        29,116,         4
4DC,2018/04/19 21:50:00, 50, 0.0000000, 49,        32, 44,       255, 45,       197, 56, 18.334488, 64, 35.217285, 67, 714.88416, 72, 455.70618, 77, 20.718750, 83,     33537,110,        29,116,         4
5DC,2018/04/19 21:51:00, 50, 0.0000000, 49,       128, 44,       255, 45,       137, 56, 18.334488, 64, 35.037231, 67, 714.88416, 72, 456.18005, 77, 20.968750, 83,     33537,110,        29,116,         4
42C,2018/04/19 21:52:00, 50, 0.0000000, 49,       128, 44,       255, 45,       124, 56, 18.334488, 64, 35.229492, 67, 714.88416, 72, 456.31970, 77, 21.156250, 83,     33540,110,         6,116,         4
42C,2018/04/19 21:53:00, 50, 0.0000000, 49,       128, 44,       255, 45,       124, 56, 18.334488, 64, 35.162354, 67, 714.88416, 72, 456.31970, 77, 21.406250, 83,     33540,110,         6,116,         4
47C,2018/04/19 21:54:00, 50, 0.0000000, 49,       128, 44,       200, 45,       124, 56, 18.334488, 64, 35.025024, 67, 714.88416, 72, 456.31970, 77, 21.625000, 83,     33540,110,         6,116,         4
46C,2018/04/19 21:55:00, 50, 0.0000000, 49,       128, 44,       102, 45,       124, 56, 18.334488, 64, 35.202026, 67, 714.88416, 72, 456.31970, 77, 21.875000, 83,     33284,110,         6,116,         4
56C,2018/04/19 21:56:00, 50, 0.0000000, 49,       128, 44,        86, 45,       124, 56, 18.334488, 64, 35.177612, 67, 714.88416, 72, 456.31970, 77, 22.125000, 83,     33284,110,         7,116,         4
58C,2018/04/19 21:57:00, 50, 0.0000000, 49,       128, 44,        86, 45,       124, 56, 18.334488, 64, 35.031128, 67, 713.53430, 72, 456.31970, 77, 22.375000, 83,     33284,110,         7,116,         4
5EC,2018/04/19 21:58:00, 50, 0.0000000, 49,       128, 44,        86, 45,       124, 56, 18.334488, 64, 35.241699, 67, 713.53430, 72, 456.31970, 77, 22.531250, 83,     33284,110,         7,116,         4
5FC,2018/04/19 21:59:00, 50, 0.0000000, 49,       128, 44,        86, 45,       124, 56, 18.334488, 64, 35.095215, 67, 714.88416, 72, 456.31970, 77, 22.812500, 83,     33284,110,         7,116,         4
52C,2018/04/19 22:00:00, 50, 0.0000000, 49,       128, 44,        86, 45,       124, 56, 18.334488, 64, 35.107422, 67, 714.88416, 72, 456.31970, 77, 23.031250, 83,     33284,110,         7,116,         4
5AC,2018/04/19 22:01:00, 50, 0.0000000, 49,       128, 44,        86, 45,       124, 56, 18.334488, 64, 35.214233, 67, 714.88416, 72, 456.31970, 77, 23.468750, 83,     33280,110,         0,116,         4
5DC,2018/04/19 22:02:00, 50, 0.0000000, 49,       128, 44,        86, 45,       124, 56, 18.334488, 64, 35.031128, 67, 714.88416, 72, 456.31970, 77, 23.531250, 83,     33280,110,         0,116,         4
55C,2018/04/19 22:03:00, 50, 0.0000000, 49,       128, 44,        86, 45,       124, 56, 18.334488, 64, 35.238647, 67, 714.88416, 72, 456.31970, 77, 23.718750, 83,     33280,110,         0,116,         4
5FC,2018/04/19 22:04:00, 50,-1.1723094, 49,       128, 44,        86, 45,       124, 56, 18.334488, 64, 35.015869, 67, 714.88416, 72, 469.76642, 77, 23.937500, 83,     33280,110,         1,116,         4
55C,2018/04/19 22:05:00, 50, 8.6136417, 49,       128, 44,        86, 45,       124, 56, 18.334488, 64, 35.247803, 67, 714.88416, 72, 471.47418, 77, 24.156250, 83,     33280,110,         1,116,         4
5DC,2018/04/19 22:06:00, 50, 23.043953, 49,       128, 44,        86, 45,       124, 56, 18.334488, 64, 35.021973, 67, 714.88416, 72, 471.80084, 77, 24.375000, 83,     33280,110,         1,116,         4
5EC,2018/04/19 22:07:00, 50, 11.525873, 49,       128, 44,        86, 45,       124, 56, 18.334488, 64, 35.241699, 67, 714.88416, 72, 472.13708, 77, 24.625000, 83,     33280,110,         1,116,         4
5BC,2018/04/19 22:08:00, 50, 6.2457533, 49,       128, 44,        86, 45,       124, 56, 18.334488, 64, 35.028076, 67, 714.88416, 72, 472.50250, 77, 24.843750, 83,         0,110,         1,116,         4
5BC,2018/04/19 22:09:00, 50, 3.6990166, 49,       128, 44,        86, 45,       124, 56, 18.334488, 64, 35.214233, 67, 714.88416, 72, 472.83331, 77, 25.093750, 83,         0,110,         1,116,         4
56C,2018/04/19 22:10:00, 50, 3.6193547, 49,       128, 44,        86, 45,       124, 56, 18.334488, 64, 35.076904, 67, 714.88416, 72, 473.04938, 77, 25.312500, 83,         0,110,         1,116,         4
52C,2018/04/19 22:11:00, 50, 4.7890444, 49,       128, 44,        86, 45,       124, 56, 18.334488, 64, 35.125732, 67, 714.88416, 72, 473.34979, 77, 25.562500, 83,         0,110,         1,116,         4
55C,2018/04/19 22:12:00, 50, 5.1241264, 49,       128, 44,        86, 45,       124, 56, 18.334488, 64, 35.192871, 67, 714.88416, 72, 473.67328, 77, 25.781250, 83,         0,110,         1,116,         4
54C,2018/04/19 22:13:00, 50, 5.7649145, 49,       128, 44,        86, 45,       124, 56, 18.334488, 64, 35.015869, 67, 714.88416, 72, 473.91986, 77, 26.000000, 83,         0,110,         1,116,         4
5AC,2018/04/19 22:14:00, 50, 5.4148903, 49,       128, 44,        86, 45,       124, 56, 18.334488, 64, 35.220337, 67, 714.88416, 72, 474.20221, 77, 26.218750, 83,         0,110,         1,116,         4
51C,2018/04/19 22:15:00, 50, 4.7345982, 49,       128, 44,        86, 45,       124, 56, 18.334488, 64, 35.110474, 67, 714.88416, 72, 474.40137, 77, 26.437500, 83,         0,110,         1,116,         4
53C,2018/04/19 22:16:00, 50, 5.4148293, 49,       128, 44,        86, 45,       124, 56, 18.334488, 64, 35.015869, 67, 714.88416, 72, 474.72437, 77, 26.656250, 83,         0,110,         1,116,         4
52C,2018/04/19 22:17:00, 50, 6.5120058, 49,       128, 44,        86, 45,       124, 56, 18.334488, 64, 35.198975, 67, 714.88416, 72, 474.86151, 77, 26.843750, 83,         0,110,         1,116,         4
5CC,2018/04/19 22:18:00, 50, 6.3783855, 49,       128, 44,        86, 45,       124, 56, 18.334488, 64, 35.195923, 67, 714.88416, 72, 475.13214, 77, 27.000000, 83,         0,110,         1,116,         4
53C,2018/04/19 22:19:00, 50, 5.4562082, 49,       128, 44,        86, 45,       124, 56, 18.334488, 64, 35.021973, 67, 714.88416, 72, 475.32166, 77, 27.187500, 83,         0,110,         1,116,         4
5AC,2018/04/19 22:20:00, 50, 5.0332708, 49,       128, 44,        86, 45,       124, 56, 18.334488, 64, 35.052490, 67, 714.88416, 72, 475.51825, 77, 27.406250, 83,         0,110,         1,116,         4
59C,2018/04/19 22:21:00, 50, 5.9020052, 49,       128, 44,        86, 45,       124, 56, 18.334488, 64, 35.192871, 67, 714.88416, 72, 475.63812, 77, 27.593750, 83,         0,110,         1,116,         4
5EC,2018/04/19 22:22:00, 50, 4.1767111, 49,       128, 44,        86, 45,       124, 56, 18.334488, 64, 35.220337, 67, 713.53430, 72, 475.74243, 77, 27.718750, 83,         0,110,         1,116,         4
57C,2018/04/19 22:23:00, 50, 4.2739296, 49,       128, 44,        86, 45,       124, 56, 18.334488, 64, 35.089111, 67, 713.53430, 72, 475.81042, 77, 27.812500, 83,         0,110,         1,116,         4
5FC,2018/04/19 22:24:00, 50, 3.7975636, 49,       128, 44,        86, 45,       124, 56, 18.334488, 64, 35.000610, 67, 713.53430, 72, 476.06097, 77, 27.937500, 83,         0,110,         1,116,         4
51C,2018/04/19 22:25:00, 50, 4.1066628, 49,       128, 44,        86, 45,       124, 56, 18.334488, 64, 35.122681, 67, 713.53430, 72, 476.05670, 77, 28.093750, 83,         0,110,         1,116,         4
53C,2018/04/19 22:26:00, 50, 5.3199100, 49,       128, 44,        86, 45,       124, 56, 18.334488, 64, 35.116577, 67, 713.53430, 72, 476.07196, 77, 28.125000, 83,         0,110,         1,116,         4
5EC,2018/04/19 22:27:00, 50, 6.6134233, 49,       128, 44,        86, 45,       124, 56, 18.334488, 64, 34.997559, 67, 713.53430, 72, 476.05322, 77, 28.187500, 83,         0,110,         1,116,         4
59C,2018/04/19 22:28:00, 50, 7.7292356, 49,       128, 44,        86, 45,       124, 56, 18.334488, 64, 35.037231, 67, 713.53430, 72, 476.09906, 77, 28.312500, 83,         0,110,         1,116,         4
5FC,2018/04/19 22:29:00, 50, 6.9458170, 49,       128, 44,        86, 45,       124, 56, 18.334488, 64, 35.104370, 67, 713.53430, 72, 476.12390, 77, 28.375000, 83,         0,110,         1,116,         4
56C,2018/04/19 22:30:00, 50, 5.4546404, 49,       128, 44,        86, 45,       124, 56, 18.334488, 64, 35.015869, 67, 713.53430, 72, 476.17853, 77, 28.406250, 83,         0,110,         1,116,         4
55C,2018/04/19 22:31:00, 50, 4.7739153, 49,       128, 44,        86, 45,       124, 56, 18.334488, 64, 35.226440, 67, 713.53430, 72, 476.01013, 77, 28.343750, 83,         0,110,         1,116,         4
56C,2018/04/19 22:32:00, 50, 4.4228468, 49,       128, 44,        86, 45,       124, 56, 18.334488, 64, 35.186768, 67, 713.53430, 72, 476.02728, 77, 28.375000, 83,         0,110,         1,116,         4
56C,2018/04/19 22:33:00, 50, 3.5372939, 49,       128, 44,        86, 45,       124, 56, 18.334488, 64, 35.061646, 67, 713.53430, 72, 476.05865, 77, 28.406250, 83,         0,110,         1,116,         4
54C,2018/04/19 22:34:00, 50, 3.4622393, 49,       128, 44,        86, 45,       124, 56, 18.334488, 64, 35.107422, 67, 713.53430, 72, 476.15234, 77, 28.437500, 83,         0,110,         1,116,         4
5EC,2018/04/19 22:35:00, 50, 2.3188620, 49,       128, 44,        86, 45,       124, 56, 18.334488, 64, 35.171509, 67, 713.53430, 72, 476.20850, 77, 28.406250, 83,         0,110,         1,116,         4
58C,2018/04/19 22:36:00, 50, 2.7128901, 49,       128, 44,        86, 45,       124, 56, 18.334488, 64, 35.208130, 67, 713.53430, 72, 476.24683, 77, 28.500000, 83,         0,110,         1,116,         4
59C,2018/04/19 22:37:00, 50, 2.0026236, 49,       128, 44,        86, 45,       124, 56, 18.334488, 64, 35.220337, 67, 713.53430, 72, 476.29889, 77, 28.562500, 83,         0,110,         1,116,         4
54C,2018/04/19 22:38:00, 50, 2.2470226, 49,       128, 44,        86, 45,       124, 56, 18.334488, 64, 35.208130, 67, 713.53430, 72, 476.36877, 77, 28.656250, 83,         0,110,         1,116,         4
52C,2018/04/19 22:39:00, 50, 3.3590970, 49,       128, 44,        86, 45,       124, 56, 18.334488, 64, 35.208130, 67, 713.53430, 72, 476.44763, 77, 28.843750, 83,         0,110,         1,116,         4
59C,2018/04/19 22:40:00, 50, 3.4290094, 49,       128, 44,        86, 45,       124, 56, 18.334488, 64, 35.095215, 67, 713.53430, 72, 476.49286, 77, 28.875000, 83,         0,110,         1,116,         4
5AC,2018/04/19 22:41:00, 50, 3.7819405, 49,       128, 44,        86, 45,       124, 56, 18.334488, 64, 35.092163, 67, 713.53430, 72, 476.58221, 77, 29.031250, 83,         0,110,         1,116,         4
50C,2018/04/19 22:42:00, 50, 3.6510739, 49,       128, 44,        86, 45,       124, 56, 18.334488, 64, 35.095215, 67, 713.53430, 72, 476.62000, 77, 29.093750, 83,         0,110,         1,116,         4
5CC,2018/04/19 22:43:00, 50, 3.0346150, 49,       128, 44,        86, 45,       124, 56, 18.334488, 64, 35.092163, 67, 713.53430, 72, 476.69006, 77, 29.250000, 83,         0,110,         1,116,         4
55C,2018/04/19 22:44:00, 50, 3.4935160, 49,       128, 44,        86, 45,       124, 56, 18.334488, 64, 35.095215, 67, 713.53430, 72, 476.71960, 77, 29.406250, 83,         0,110,         1,116,         4
50C,2018/04/19 22:45:00, 50, 2.9291687, 49,       128, 44,        86, 45,       124, 56, 18.334488, 64, 35.089111, 67, 713.53430, 72, 476.75751, 77, 29.562500, 83,         0,110,         1,116,         4
5DC,2018/04/19 22:46:00, 50, 2.7987752, 49,       128, 44,        86, 45,       124, 56, 18.334488, 64, 35.092163, 67, 712.18445, 72, 476.82391, 77, 29.656250, 83,         0,110,         1,116,         4
5AC,2018/04/19 22:47:00, 50, 3.3425617, 49,       128, 44,        86, 45,       124, 56, 18.334488, 64, 35.095215, 67, 712.18445, 72, 476.91199, 77, 29.781250, 83,         0,110,         1,116,         4
5EC,2018/04/19 22:48:00, 50, 3.6984324, 49,       128, 44,        86, 45,       124, 56, 18.334488, 64, 35.098267, 67, 712.18445, 72, 476.88593, 77, 29.875000, 83,         0,110,         1,116,         4
53C,2018/04/19 22:49:00, 50, 2.7034936, 49,       128, 44,        86, 45,       124, 56, 18.334488, 64, 35.101318, 67, 712.18445, 72, 476.96490, 77, 30.000000, 83,         0,110,         1,116,         4
51C,2018/04/19 22:50:00, 50, 2.3715005, 49,       128, 44,        86, 45,       124, 56, 18.334488, 64, 35.076904, 67, 712.18445, 72, 476.99249, 77, 30.093750, 83,         0,110,         1,116,         4
53C,2018/04/19 22:51:00, 50, 2.2845302, 49,       128, 44,        86, 45,       124, 56, 18.334488, 64, 35.079956, 67, 712.18445, 72, 477.04144, 77, 30.250000, 83,         0,110,         1,116,         4
55C,2018/04/19 22:52:00, 50, 2.8637257, 49,       128, 44,        86, 45,       124, 56, 18.334488, 64, 35.086060, 67, 712.18445, 72, 477.08984, 77, 30.343750, 83,         0,110,         1,116,         4
5EC,2018/04/19 22:53:00, 50, 1.6497612, 49,       128, 44,        86, 45,       124, 56, 18.334488, 64, 35.076904, 67, 712.18445, 72, 477.17413, 77, 30.500000, 83,         0,110,         1,116,         4
51C,2018/04/19 22:54:00, 50, 0.3461632, 49,       128, 44,        86, 45,       124, 56, 18.334488, 64, 35.073853, 67, 712.18445, 72, 477.21082, 77, 30.593750, 83,         0,110,         1,116,         4
5BC,2018/04/19 22:55:00, 50, 0.2927115, 49,       128, 44,        86, 45,       124, 56, 18.334488, 64, 35.083008, 67, 712.18445, 72, 477.23474, 77, 30.718750, 83,         0,110,         1,116,         4
52C,2018/04/19 22:56:00, 50,-0.1599452, 49,       128, 44,        86, 45,       124, 56, 18.334488, 64, 35.092163, 67, 712.18445, 72, 477.33765, 77, 30.781250, 83,         0,110,         1,116,         4
5CC,2018/04/19 22:57:00, 50, 1.0022745, 49,       128, 44,        86, 45,       124, 56, 18.334488, 64, 35.095215, 67, 712.18445, 72, 477.44031, 77, 30.906250, 83,         0,110,         1,116,         4
5BC,2018/04/19 22:58:00, 50, 0.4260764, 49,       128, 44,        86, 45,       124, 56, 18.334488, 64, 35.086060, 67, 712.18445, 72, 477.37744, 77, 31.000000, 83,         0,110,         1,116,         4
5DC,2018/04/19 22:59:00, 50, 1.1466472, 49,       128, 44,        86, 45,       124, 56, 18.334488, 64, 35.073853, 67, 712.18445, 72, 477.46417, 77, 31.125000, 83,         0,110,         1,116,         4
50C,2018/04/19 23:00:00, 50, 0.7807701, 49,       128, 44,        86, 45,       124, 56, 18.334488, 64, 35.070801, 67, 712.18445, 72, 477.52667, 77, 31.218750, 83,         0,110,         1,116,         4
54C,2018/04/19 23:01:00, 50, 1.3378749, 49,       128, 44,        86, 45,       124, 56, 18.334488, 64, 35.086060, 67, 712.18445, 72, 477.55420, 77, 31.343750, 83,         0,110,         1,116,         4
50C,2018/04/19 23:02:00, 50,-0.6504295, 49,       128, 44,        86, 45,       124, 56, 18.334488, 64, 35.089111, 67, 712.18445, 72, 477.59125, 77, 31.437500, 83,         0,110,         1,116,         4
57C,2018/04/19 23:03:00, 50,-0.9261456, 49,       128, 44,        86, 45,       124, 56, 18.334488, 64, 35.079956, 67, 712.18445, 72, 477.54187, 77, 31.531250, 83,         0,110,         1,116,         4
51C,2018/04/19 23:04:00, 50, 0.7405070, 49,       128, 44,        86, 45,       124, 56, 18.334488, 64, 35.067749, 67, 712.18445, 72, 477.55487, 77, 31.593750, 83,         0,110,         1,116,         4
50C,2018/04/19 23:05:00, 50, 0.6378717, 49,       128, 44,        86, 45,       124, 56, 18.334488, 64, 35.079956, 67, 712.18445, 72, 477.62622, 77, 31.625000, 83,         0,110,         1,116,         4
58C,2018/04/19 23:06:00, 50, 0.8835416, 49,       128, 44,        86, 45,       124, 56, 18.334488, 64, 35.089111, 67, 712.18445, 72, 477.59442, 77, 31.687500, 83,         0,110,         1,116,         4
59C,2018/04/19 23:07:00, 50, 1.7675531, 49,       128, 44,        86, 45,       124, 56, 18.334488, 64, 35.079956, 67, 712.18445, 72, 477.52704, 77, 31.750000, 83,         0,110,         1,116,         4
57C,2018/04/19 23:08:00, 50, 1.1767969, 49,       128, 44,        86, 45,       124, 56, 18.334488, 64, 35.067749, 67, 712.18445, 72, 477.46655, 77, 31.781250, 83,         0,110,         1,116,         4
5CC,2018/04/19 23:09:00, 50, 1.2127471, 49,       128, 44,        86, 45,       124, 56, 18.334488, 64, 35.086060, 67, 712.18445, 72, 477.49573, 77, 31.843750, 83,         0,110,         1,116,         4
53C,2018/04/19 23:10:00, 50, 1.3617284, 49,       128, 44,        86, 45,       124, 56, 18.334488, 64, 35.083008, 67, 712.18445, 72, 477.53857, 77, 31.906250, 83,         0,110,         1,116,         4
5EC,2018/04/19 23:11:00, 50, 1.2169740, 49,       128, 44,        86, 45,       124, 56, 18.334488, 64, 35.067749, 67, 712.18445, 72, 477.57306, 77, 31.968750, 83,         0,110,         1,116,         4
5AC,2018/04/19 23:12:00, 50, 0.6201143, 49,       128, 44,        86, 45,       124, 56, 18.334488, 64, 35.083008, 67, 712.18445, 72, 477.57062, 77, 32.031250, 83,         0,110,         1,116,         4
51C,2018/04/19 23:13:00, 50, 0.7435489, 49,       128, 44,        86, 45,       124, 56, 18.334488, 64, 35.079956, 67, 712.18445, 72, 477.58331, 77, 32.062500, 83,         0,110,         1,116,         4
58C,2018/04/19 23:14:00, 50, 0.4459674, 49,       128, 44,        86, 45,       124, 56, 18.334488, 64, 35.067749, 67, 712.18445, 72, 477.62988, 77, 32.093750, 83,         0,110,         1,116,         4
50C,2018/04/19 23:15:00, 50, 0.3457839, 49,       128, 44,        86, 45,       124, 56, 18.334488, 64, 35.083008, 67, 712.18445, 72, 477.58020, 77, 32.156250, 83,         0,110,         1,116,         4
50C,2018/04/19 23:16:00, 50, 0.4159690, 49,       128, 44,        86, 45,       124, 56, 18.334488, 64, 35.076904, 67, 712.18445, 72, 477.53589, 77, 32.156250, 83,         0,110,         1,116,         4
5CC,2018/04/19 23:17:00, 50,-0.0869680, 49,       128, 44,        86, 45,       124, 56, 18.334488, 64, 35.076904, 67, 712.18445, 72, 477.50958, 77, 32.218750, 83,         0,110,         1,116,         4
57C,2018/04/19 23:18:00, 50, 1.3429687, 49,       128, 44,        86, 45,       124, 56, 18.334488, 64, 35.079956, 67, 712.18445, 72, 477.46100, 77, 32.250000, 83,         0,110,         1,116,         4
54C,2018/04/19 23:19:00, 50, 0.4791570, 49,       128, 44,        86, 45,       124, 56, 18.334488, 64, 35.067749, 67, 712.18445, 72, 477.42529, 77, 32.281250, 83,         0,110,         1,116,         4
5DC,2018/04/19 23:20:00, 50, 0.6794363, 49,       128, 44,        86, 45,       124, 56, 18.334488, 64, 35.076904, 67, 712.18445, 72, 477.43109, 77, 32.281250, 83,         0,110,         1,116,         4
55C,2018/04/19 23:21:00, 50, 0.0806805, 49,       128, 44,        86, 45,       124, 56, 18.334488, 64, 35.070801, 67, 712.18445, 72, 477.44940, 77, 32.281250, 83,         0,110,         1,116,         4
5CC,2018/04/19 23:22:00, 50,-0.0616294, 49,       128, 44,        86, 45,       124, 56, 18.334488, 64, 35.086060, 67, 712.18445, 72, 477.45319, 77, 32.250000, 83,         0,110,         1,116,         4
56C,2018/04/19 23:23:00, 50, 0.7863525, 49,       128, 44,        86, 45,       124, 56, 18.334488, 64, 35.064697, 67, 712.18445, 72, 477.42169, 77, 32.250000, 83,         0,110,         1,116,         4
52C,2018/04/19 23:24:00, 50, 0.6246011, 49,       128, 44,        86, 45,       124, 56, 18.334488, 64, 35.086060, 67, 712.18445, 72, 477.42816, 77, 32.218750, 83,         0,110,         1,116,         4
5DC,2018/04/19 23:25:00, 50, 0.4604034, 49,       128, 44,        86, 45,       124, 56, 18.334488, 64, 35.067749, 67, 712.18445, 72, 477.37720, 77, 32.187500, 83,         0,110,         1,116,         4
5AC,2018/04/19 23:26:00, 50, 0.7670677, 49,       128, 44,        86, 45,       124, 56, 18.334488, 64, 35.086060, 67, 712.18445, 72, 477.31293, 77, 32.125000, 83,         0,110,         1,116,         4
5BC,2018/04/19 23:27:00, 50, 4.9993935, 49,       128, 44,        86, 45,       124, 56, 18.334488, 64, 35.067749, 67, 712.18445, 72, 477.20422, 77, 32.093750, 83,         0,110,         1,116,         4
5BC,2018/04/19 23:28:00, 50, 5.5848036, 49,       128, 44,        86, 45,       124, 56, 18.334488, 64, 35.083008, 67, 712.18445, 72, 477.17578, 77, 32.031250, 83,         0,110,         1,116,         4
55C,2018/04/19 23:29:00, 50, 4.1716318, 49,       128, 44,        86, 45,       124, 56, 18.334488, 64, 35.067749, 67, 712.18445, 72, 477.09283, 77, 32.000000, 83,         0,110,         1,116,         4
5BC,2018/04/19 23:30:00, 50, 2.7824650, 49,       128, 44,        86, 45,       124, 56, 18.334488, 64, 35.083008, 67, 712.18445, 72, 477.05219, 77, 31.968750, 83,         0,110,         1,116,         4
5AC,2018/04/19 23:31:00, 50, 0.9979001, 49,       128, 44,        86, 45,       124, 56, 18.334488, 64, 35.076904, 67, 712.18445, 72, 477.09131, 77, 31.906250, 83,         0,110,         1,116,         4
50C,2018/04/19 23:32:00, 50, 0.4930347, 49,       128, 44,        86, 45,       124, 56, 18.334488, 64, 35.079956, 67, 712.18445, 72, 477.09760, 77, 31.875000, 83,         0,110,         1,116,         4
50C,2018/04/19 23:33:00, 50, 0.1316229, 49,       128, 44,        86, 45,       124, 56, 18.334488, 64, 35.086060, 67, 712.18445, 72, 477.15918, 77, 31.781250, 83,         0,110,         1,116,         4
5AC,2018/04/19 23:34:00, 50,-0.3601362, 49,       128, 44,        86, 45,       124, 56, 18.334488, 64, 35.067749, 67, 712.18445, 72, 477.17029, 77, 31.718750, 83,         0,110,         1,116,         4
55C,2018/04/19 23:35:00, 50, 1.4454043, 49,       128, 44,        86, 45,       124, 56, 18.334488, 64, 35.089111, 67, 712.18445, 72, 477.13751, 77, 31.687500, 83,         0,110,         1,116,         4
53C,2018/04/19 23:36:00, 50, 1.7755260, 49,       128, 44,        86, 45,       124, 56, 18.334488, 64, 35.073853, 67, 712.18445, 72, 477.10132, 77, 31.625000, 83,         0,110,         1,116,         4
5DC,2018/04/19 23:37:00, 50, 2.2762213, 49,       128, 44,        86, 45,       124, 56, 18.334488, 64, 35.083008, 67, 712.18445, 72, 477.09631, 77, 31.593750, 83,         0,110,         1,116,         4
57C,2018/04/19 23:38:00, 50, 1.5445449, 49,       128, 44,        86, 45,       124, 56, 18.334488, 64, 35.089111, 67, 712.18445, 72, 476.98669, 77, 31.562500, 83,         0,110,         1,116,         4
59C,2018/04/19 23:39:00, 50, 1.5395062, 49,       128, 44,        86, 45,       124, 56, 18.334488, 64, 35.070801, 67, 712.18445, 72, 476.96252, 77, 31.531250, 83,         0,110,         1,116,         4
5AC,2018/04/19 23:40:00, 50, 1.6494133, 49,       128, 44,        86, 45,       124, 56, 18.334488, 64, 35.086060, 67, 712.18445, 72, 476.89984, 77, 31.500000, 83,         0,110,         1,116,         4
51C,2018/04/19 23:41:00, 50, 2.0773726, 49,       128, 44,        86, 45,       124, 56, 18.334488, 64, 35.086060, 67, 712.18445, 72, 476.97296, 77, 31.437500, 83,         0,110,         1,116,         4
58C,2018/04/19 23:42:00, 50, 1.6894338, 49,       128, 44,        86, 45,       124, 56, 18.334488, 64, 35.092163, 67, 712.18445, 72, 477.03271, 77, 31.406250, 83,         0,110,         1,116,         4
55C,2018/04/19 23:43:00, 50, 0.8268710, 49,       128, 44,        86, 45,       124, 56, 18.334488, 64, 35.079956, 67, 712.18445, 72, 477.02295, 77, 31.375000, 83,         0,110,         1,116,         4
5EC,2018/04/19 23:44:00, 50, 1.1424172, 49,       128, 44,        86, 45,       124, 56, 18.334488, 64, 35.076904, 67, 712.18445, 72, 477.04816, 77, 31.343750, 83,         0,110,         1,116,         4
5FC,2018/04/19 23:45:00, 50, 0.6503562, 49,       128, 44,        86, 45,       124, 56, 18.334488, 64, 35.086060, 67, 712.18445, 72, 477.10309, 77, 31.312500, 83,         0,110,         1,116,         4
56C,2018/04/19 23:46:00, 50, 0.3243554, 49,       128, 44,        86, 45,       124, 56, 18.334488, 64, 35.086060, 67, 712.18445, 72, 477.12109, 77, 31.281250, 83,         0,110,         1,116,         4
54C,2018/04/19 23:47:00, 50, 0.2399798, 49,       128, 44,        86, 45,       124, 56, 18.334488, 64, 35.070801, 67, 712.18445, 72, 477.13165, 77, 31.250000, 83,         0,110,         1,116,         4
5CC,2018/04/19 23:48:00, 50, 0.5085064, 49,       128, 44,        86, 45,       124, 56, 18.334488, 64, 35.083008, 67, 712.18445, 72, 477.11902, 77, 31.187500, 83,         0,110,         1,116,         4
5FC,2018/04/19 23:49:00, 50, 0.6691067, 49,       128, 44,        86, 45,       124, 56, 18.334488, 64, 35.092163, 67, 712.18445, 72, 477.07825, 77, 31.156250, 83,         0,110,         1,116,         4
51C,2018/04/19 23:50:00, 50, 0.4765848, 49,       128, 44,        86, 45,       124, 56, 18.334488, 64, 35.076904, 67, 712.18445, 72, 477.02441, 77, 31.125000, 83,         0,110,         1,116,         4
5DC,2018/04/19 23:51:00, 50, 0.4765848, 49,       128, 44,        86, 45,       124, 56, 18.334488, 64, 35.076904, 67, 712.18445, 72, 477.02441, 77, 31.093750, 83,         4,110,         6,116,         4
5CC,2018/04/19 23:52:00, 50, 0.4765848, 49,       128, 44,        86, 45,       124, 56, 18.334488, 64, 35.150146, 67, 712.18445, 72, 477.02441, 77, 31.062500, 83,         4,110,         6,116,         4
5FC,2018/04/19 23:53:00, 50, 0.4765848, 49,       128, 44,        86, 45,       124, 56, 18.334488, 64, 34.982300, 67, 712.18445, 72, 477.02441, 77, 31.031250, 83,         4,110,         6,116,         4
5FC,2018/04/19 23:54:00, 50, 0.4765848, 49,       128, 44,        86, 45,       124, 56, 18.334488, 64, 35.043335, 67, 712.18445, 72, 477.02441, 77, 31.000000, 83,         4,110,         7,116,         4
58C,2018/04/19 23:55:00, 50, 0.4765848, 49,       128, 44,        86, 45,       124, 56, 18.334488, 64, 35.189819, 67, 712.18445, 72, 477.02441, 77, 30.968750, 83,         4,110,         7,116,         4
53C,2018/04/19 23:56:00, 50, 0.4765848, 49,       128, 44,        86, 45,       124, 56, 18.334488, 64, 35.156250, 67, 712.18445, 72, 477.02441, 77, 30.937500, 83,         4,110,         7,116,         4
5AC,2018/04/19 23:57:00, 50, 0.4765848, 49,       128, 44,        86, 45,       124, 56, 18.334488, 64, 35.012817, 67, 712.18445, 72, 477.02441, 77, 30.906250, 83,         4,110,         7,116,         4
55C,2018/04/19 23:58:00, 50, 0.4765848, 49,       128, 44,        86, 45,       124, 56, 18.334488, 64, 34.997559, 67, 712.18445, 72, 477.02441, 77, 30.875000, 83,         4,110,         7,116,         4
5FC,2018/04/19 23:59:00, 50, 0.4765848, 49,       128, 44,        86, 45,       124, 56, 18.334488, 64, 35.125732, 67, 712.18445, 72, 477.02441, 77, 30.843750, 83,         0,110,         0,116,         4
