54C,2019/07/22 19:22:00, 50, 0.0000000, 49,         4, 44,       103, 45,         0, 56, 34.311562, 64, 34.503174, 67, 712.18445, 72, 290.40863, 77, 20.875000, 83,     34561,110,        29,116,         4
5EC,2019/07/22 19:23:00, 50, 0.0000000, 49,         4, 44,       246, 45,         0, 56, 34.311562, 64, 34.677124, 67, 712.18445, 72, 285.09045, 77, 21.343750, 83,     33537,110,        29,116,         4
55C,2019/07/22 19:24:00, 50, 0.0000000, 49,         4, 44,       255, 45,         0, 56, 34.311562, 64, 34.918213, 67, 712.18445, 72, 280.29535, 77, 21.718750, 83,     33537,110,        29,116,         4
58C,2019/07/22 19:25:00, 50, 0.0000000, 49,         4, 44,       255, 45,         0, 56, 34.311562, 64, 34.820557, 67, 712.18445, 72, 274.82251, 77, 22.062500, 83,     33537,110,        29,116,         4
5AC,2019/07/22 19:26:00, 50, 0.0000000, 49,         4, 44,       255, 45,         0, 56, 34.311562, 64, 35.028076, 67, 712.18445, 72, 271.83990, 77, 22.437500, 83,     33537,110,        29,116,         4
55C,2019/07/22 19:27:00, 50, 0.0000000, 49,         4, 44,       255, 45,         0, 56, 34.311562, 64, 35.040283, 67, 712.18445, 72, 271.11569, 77, 22.718750, 83,     33537,110,        29,116,         4
51C,2019/07/22 19:28:00, 50, 0.0000000, 49,         4, 44,       255, 45,         0, 56, 34.311562, 64, 35.012817, 67, 712.18445, 72, 270.96887, 77, 23.031250, 83,     33537,110,        29,116,         4
56C,2019/07/22 19:29:00, 50, 0.0000000, 49,         4, 44,       255, 45,         0, 56, 34.311562, 64, 35.266113, 67, 713.53430, 72, 270.97330, 77, 23.312500, 83,     33537,110,        29,116,         4
5DC,2019/07/22 19:30:00, 50, 0.0000000, 49,         4, 44,       255, 45,         0, 56, 34.311562, 64, 35.363770, 67, 714.88416, 72, 270.73947, 77, 23.562500, 83,     33537,110,        29,116,         4
54C,2019/07/22 19:31:00, 50, 0.0000000, 49,         4, 44,       255, 45,         0, 56, 34.311562, 64, 35.247803, 67, 713.53430, 72, 270.49127, 77, 23.750000, 83,     33537,110,        29,116,         4
4DC,2019/07/22 19:32:00, 50, 0.0000000, 49,        32, 44,       255, 45,       212, 56, 34.311562, 64, 35.284424, 67, 713.53430, 72, 270.30722, 77, 24.000000, 83,     33537,110,        29,116,         4
47C,2019/07/22 19:33:00, 50, 0.0000000, 49,        64, 44,       255, 45,       152, 56, 34.311562, 64, 35.302734, 67, 713.53430, 72, 270.08005, 77, 24.187500, 83,     33537,110,        29,116,         4
40C,2019/07/22 19:34:00, 50, 0.0000000, 49,       128, 44,       255, 45,       119, 56, 34.311562, 64, 35.311890, 67, 713.53430, 72, 270.00931, 77, 24.406250, 83,     33540,110,         6,116,         4
4CC,2019/07/22 19:35:00, 50, 0.0000000, 49,       128, 44,       255, 45,       119, 56, 34.311562, 64, 35.324097, 67, 713.53430, 72, 270.00931, 77, 24.625000, 83,     33540,110,         6,116,         4
4EC,2019/07/22 19:36:00, 50, 0.0000000, 49,       128, 44,       233, 45,       119, 56, 34.311562, 64, 35.333252, 67, 713.53430, 72, 270.00931, 77, 24.843750, 83,     33540,110,         6,116,         4
41C,2019/07/22 19:37:00, 50, 0.0000000, 49,       128, 44,       119, 45,       119, 56, 34.311562, 64, 35.266113, 67, 713.53430, 72, 270.00931, 77, 25.062500, 83,     33284,110,         6,116,         4
56C,2019/07/22 19:38:00, 50, 0.0000000, 49,       128, 44,        93, 45,       119, 56, 34.311562, 64, 35.055542, 67, 713.53430, 72, 270.00931, 77, 25.218750, 83,     33284,110,         7,116,         4
57C,2019/07/22 19:39:00, 50, 0.0000000, 49,       128, 44,        93, 45,       119, 56, 34.311562, 64, 35.092163, 67, 713.53430, 72, 270.00931, 77, 25.406250, 83,     33284,110,         7,116,         4
50C,2019/07/22 19:40:00, 50, 0.0000000, 49,       128, 44,        93, 45,       119, 56, 34.311562, 64, 35.147095, 67, 713.53430, 72, 270.00931, 77, 25.593750, 83,     33284,110,         7,116,         4
5DC,2019/07/22 19:41:00, 50, 0.0000000, 49,       128, 44,        93, 45,       119, 56, 34.311562, 64, 35.144043, 67, 713.53430, 72, 270.00931, 77, 25.781250, 83,     33284,110,         7,116,         4
50C,2019/07/22 19:42:00, 50, 0.0000000, 49,       128, 44,        93, 45,       119, 56, 34.311562, 64, 35.140991, 67, 713.53430, 72, 270.00931, 77, 25.968750, 83,     33284,110,         7,116,         4
51C,2019/07/22 19:43:00, 50, 0.0000000, 49,       128, 44,        93, 45,       119, 56, 34.311562, 64, 35.140991, 67, 713.53430, 72, 270.00931, 77, 26.156250, 83,     33280,110,         0,116,         4
57C,2019/07/22 19:44:00, 50, 0.0000000, 49,       128, 44,        93, 45,       119, 56, 34.311562, 64, 35.144043, 67, 713.53430, 72, 270.00931, 77, 26.343750, 83,     33280,110,         0,116,         4
55C,2019/07/22 19:45:00, 50, 0.0000000, 49,       128, 44,        93, 45,       119, 56, 34.311562, 64, 35.137939, 67, 713.53430, 72, 270.00931, 77, 26.500000, 83,     33280,110,         0,116,         4
56C,2019/07/22 19:46:00, 50, 7.5891638, 49,       128, 44,        93, 45,       119, 56, 34.311562, 64, 35.137939, 67, 713.53430, 72, 271.25891, 77, 26.687500, 83,         0,110,         1,116,         4
52C,2019/07/22 19:47:00, 50, 6.4344816, 49,       128, 44,        93, 45,       119, 56, 34.311562, 64, 35.137939, 67, 713.53430, 72, 272.57510, 77, 26.875000, 83,         0,110,         1,116,         4
5DC,2019/07/22 19:48:00, 50, 2.2104821, 49,       128, 44,        93, 45,       119, 56, 34.311562, 64, 35.134888, 67, 713.53430, 72, 272.73172, 77, 27.031250, 83,         0,110,         1,116,         4
5BC,2019/07/22 19:49:00, 50, 8.9101658, 49,       128, 44,        93, 45,       119, 56, 34.311562, 64, 35.134888, 67, 713.53430, 72, 273.13196, 77, 27.187500, 83,         0,110,         1,116,         4
5CC,2019/07/22 19:50:00, 50, 6.0003405, 49,       128, 44,        93, 45,       119, 56, 34.311562, 64, 35.131836, 67, 713.53430, 72, 273.22220, 77, 27.343750, 83,         0,110,         1,116,         4
54C,2019/07/22 19:51:00, 50, 10.700785, 49,       128, 44,        93, 45,       119, 56, 34.311562, 64, 35.122681, 67, 713.53430, 72, 273.52603, 77, 27.500000, 83,         0,110,         1,116,         4
5AC,2019/07/22 19:52:00, 50, 12.883196, 49,       128, 44,        93, 45,       119, 56, 34.311562, 64, 35.128784, 67, 713.53430, 72, 273.85403, 77, 27.687500, 83,         0,110,         1,116,         4
56C,2019/07/22 19:53:00, 50, 10.592285, 49,       128, 44,        93, 45,       119, 56, 34.311562, 64, 35.119629, 67, 713.53430, 72, 274.40048, 77, 27.812500, 83,         0,110,         1,116,         4
53C,2019/07/22 19:54:00, 50, 10.597055, 49,       128, 44,        93, 45,       119, 56, 34.311562, 64, 35.128784, 67, 713.53430, 72, 274.71399, 77, 28.000000, 83,         0,110,         1,116,         4
57C,2019/07/22 19:55:00, 50, 8.4612064, 49,       128, 44,        93, 45,       119, 56, 34.311562, 64, 35.122681, 67, 713.53430, 72, 274.91406, 77, 28.156250, 83,         0,110,         1,116,         4
58C,2019/07/22 19:56:00, 50, 5.8583059, 49,       128, 44,        93, 45,       119, 56, 34.311562, 64, 35.122681, 67, 713.53430, 72, 275.10736, 77, 28.312500, 83,         0,110,         1,116,         4
50C,2019/07/22 19:57:00, 50, 3.3559337, 49,       128, 44,        93, 45,       119, 56, 34.311562, 64, 35.113525, 67, 713.53430, 72, 275.29156, 77, 28.468750, 83,         0,110,         1,116,         4
52C,2019/07/22 19:58:00, 50, 4.6414003, 49,       128, 44,        93, 45,       119, 56, 34.311562, 64, 35.104370, 67, 712.18445, 72, 275.48737, 77, 28.625000, 83,         0,110,         1,116,         4
54C,2019/07/22 19:59:00, 50, 3.0198522, 49,       128, 44,        93, 45,       119, 56, 34.311562, 64, 35.134888, 67, 713.53430, 72, 275.67429, 77, 28.750000, 83,         0,110,         1,116,         4
57C,2019/07/22 20:00:00, 50, 5.0247602, 49,       128, 44,        93, 45,       119, 56, 34.311562, 64, 35.156250, 67, 713.53430, 72, 275.73877, 77, 28.906250, 83,         0,110,         1,116,         4
53C,2019/07/22 20:01:00, 50, 3.6549878, 49,       128, 44,        93, 45,       119, 56, 34.311562, 64, 35.064697, 67, 713.53430, 72, 275.67136, 77, 29.000000, 83,         0,110,         1,116,         4
50C,2019/07/22 20:02:00, 50, 4.2706690, 49,       128, 44,        93, 45,       119, 56, 34.311562, 64, 35.119629, 67, 713.53430, 72, 275.47168, 77, 29.031250, 83,         0,110,         1,116,         4
51C,2019/07/22 20:03:00, 50, 5.1559868, 49,       128, 44,        93, 45,       119, 56, 34.311562, 64, 35.150146, 67, 713.53430, 72, 275.41522, 77, 29.218750, 83,         0,110,         1,116,         4
5CC,2019/07/22 20:04:00, 50, 4.9148283, 49,       128, 44,        93, 45,       119, 56, 34.311562, 64, 35.113525, 67, 713.53430, 72, 275.72025, 77, 29.406250, 83,         0,110,         1,116,         4
53C,2019/07/22 20:05:00, 50, 4.7986898, 49,       128, 44,        93, 45,       119, 56, 34.311562, 64, 35.089111, 67, 713.53430, 72, 275.68204, 77, 29.562500, 83,         0,110,         1,116,         4
5BC,2019/07/22 20:06:00, 50, 4.9401331, 49,       128, 44,        93, 45,       119, 56, 34.311562, 64, 35.070801, 67, 713.53430, 72, 275.81009, 77, 29.593750, 83,         0,110,         1,116,         4
50C,2019/07/22 20:07:00, 50, 4.7287760, 49,       128, 44,        93, 45,       119, 56, 34.311562, 64, 35.034180, 67, 713.53430, 72, 275.90466, 77, 29.687500, 83,         0,110,         1,116,         4
5AC,2019/07/22 20:08:00, 50, 5.4671850, 49,       128, 44,        93, 45,       119, 56, 34.311562, 64, 35.067749, 67, 713.53430, 72, 275.81573, 77, 29.875000, 83,         0,110,         1,116,         4
5AC,2019/07/22 20:09:00, 50, 4.5763559, 49,       128, 44,        93, 45,       119, 56, 34.311562, 64, 35.140991, 67, 713.53430, 72, 275.76627, 77, 29.906250, 83,         0,110,         1,116,         4
59C,2019/07/22 20:10:00, 50, 5.0713282, 49,       128, 44,        93, 45,       119, 56, 34.311562, 64, 35.104370, 67, 713.53430, 72, 275.85464, 77, 30.031250, 83,         0,110,         1,116,         4
55C,2019/07/22 20:11:00, 50, 3.6002722, 49,       128, 44,        93, 45,       119, 56, 34.311562, 64, 35.076904, 67, 713.53430, 72, 275.89917, 77, 30.093750, 83,         0,110,         1,116,         4
54C,2019/07/22 20:12:00, 50, 2.9642296, 49,       128, 44,        93, 45,       119, 56, 34.311562, 64, 35.043335, 67, 713.53430, 72, 275.96857, 77, 30.218750, 83,         0,110,         1,116,         4
52C,2019/07/22 20:13:00, 50, 4.4954729, 49,       128, 44,        93, 45,       119, 56, 34.311562, 64, 35.058594, 67, 713.53430, 72, 275.98813, 77, 30.312500, 83,         0,110,         1,116,         4
53C,2019/07/22 20:14:00, 50, 4.2375011, 49,       128, 44,        93, 45,       119, 56, 34.311562, 64, 35.140991, 67, 713.53430, 72, 275.94983, 77, 30.406250, 83,         0,110,         1,116,         4
58C,2019/07/22 20:15:00, 50, 5.5157404, 49,       128, 44,        93, 45,       119, 56, 34.311562, 64, 35.101318, 67, 713.53430, 72, 275.92163, 77, 30.437500, 83,         0,110,         1,116,         4
55C,2019/07/22 20:16:00, 50, 5.7633257, 49,       128, 44,        93, 45,       119, 56, 34.311562, 64, 35.028076, 67, 713.53430, 72, 276.05859, 77, 30.531250, 83,         0,110,         1,116,         4
5EC,2019/07/22 20:17:00, 50, 5.3819065, 49,       128, 44,        93, 45,       119, 56, 34.311562, 64, 35.095215, 67, 713.53430, 72, 275.96600, 77, 30.625000, 83,         0,110,         1,116,         4
5CC,2019/07/22 20:18:00, 50, 6.1389160, 49,       128, 44,        93, 45,       119, 56, 34.311562, 64, 35.031128, 67, 713.53430, 72, 276.04956, 77, 30.718750, 83,         0,110,         1,116,         4
50C,2019/07/22 20:19:00, 50, 4.3036795, 49,       128, 44,        93, 45,       119, 56, 34.311562, 64, 35.107422, 67, 713.53430, 72, 275.86505, 77, 30.750000, 83,         0,110,         1,116,         4
5AC,2019/07/22 20:20:00, 50, 3.9587216, 49,       128, 44,        93, 45,       119, 56, 34.311562, 64, 35.110474, 67, 713.53430, 72, 275.95163, 77, 30.843750, 83,         0,110,         1,116,         4
56C,2019/07/22 20:21:00, 50, 3.0923057, 49,       128, 44,        93, 45,       119, 56, 34.311562, 64, 35.058594, 67, 713.53430, 72, 275.95929, 77, 30.906250, 83,         0,110,         1,116,         4
5FC,2019/07/22 20:22:00, 50, 2.0844030, 49,       128, 44,        93, 45,       119, 56, 34.311562, 64, 35.070801, 67, 713.53430, 72, 276.12750, 77, 30.968750, 83,         0,110,         1,116,         4
55C,2019/07/22 20:23:00, 50, 2.9109850, 49,       128, 44,        93, 45,       119, 56, 34.311562, 64, 35.131836, 67, 713.53430, 72, 276.25528, 77, 31.062500, 83,         0,110,         1,116,         4
59C,2019/07/22 20:24:00, 50, 1.8673234, 49,       128, 44,        93, 45,       119, 56, 34.311562, 64, 35.067749, 67, 713.53430, 72, 276.18521, 77, 31.093750, 83,         0,110,         1,116,         4
5DC,2019/07/22 20:25:00, 50, 1.7670510, 49,       128, 44,        93, 45,       119, 56, 34.311562, 64, 35.043335, 67, 713.53430, 72, 276.43497, 77, 31.187500, 83,         0,110,         1,116,         4
52C,2019/07/22 20:26:00, 50, 2.4398808, 49,       128, 44,        93, 45,       119, 56, 34.311562, 64, 35.134888, 67, 713.53430, 72, 276.42145, 77, 31.250000, 83,         0,110,         1,116,         4
5EC,2019/07/22 20:27:00, 50, 2.1110387, 49,       128, 44,        93, 45,       119, 56, 34.311562, 64, 35.031128, 67, 713.53430, 72, 276.41202, 77, 31.312500, 83,         0,110,         1,116,         4
56C,2019/07/22 20:28:00, 50, 2.8469148, 49,       128, 44,        93, 45,       119, 56, 34.311562, 64, 35.113525, 67, 713.53430, 72, 276.25192, 77, 31.375000, 83,         0,110,         1,116,         4
5CC,2019/07/22 20:29:00, 50, 3.1802821, 49,       128, 44,        93, 45,       119, 56, 34.311562, 64, 35.021973, 67, 713.53430, 72, 276.33640, 77, 31.406250, 83,         0,110,         1,116,         4
5AC,2019/07/22 20:30:00, 50, 2.9305010, 49,       128, 44,        93, 45,       119, 56, 34.311562, 64, 35.128784, 67, 713.53430, 72, 276.39304, 77, 31.500000, 83,         0,110,         1,116,         4
5AC,2019/07/22 20:31:00, 50, 3.1321850, 49,       128, 44,        93, 45,       119, 56, 34.311562, 64, 35.040283, 67, 713.53430, 72, 276.41403, 77, 31.500000, 83,         0,110,         1,116,         4
51C,2019/07/22 20:32:00, 50, 3.7935519, 49,       128, 44,        93, 45,       119, 56, 34.311562, 64, 35.058594, 67, 713.53430, 72, 276.48096, 77, 31.593750, 83,         0,110,         1,116,         4
58C,2019/07/22 20:33:00, 50, 3.8991799, 49,       128, 44,        93, 45,       119, 56, 34.311562, 64, 35.098267, 67, 713.53430, 72, 276.34387, 77, 31.625000, 83,         0,110,         1,116,         4
5EC,2019/07/22 20:34:00, 50, 3.2744441, 49,       128, 44,        93, 45,       119, 56, 34.311562, 64, 35.037231, 67, 713.53430, 72, 276.29202, 77, 31.687500, 83,         0,110,         1,116,         4
52C,2019/07/22 20:35:00, 50, 2.9700217, 49,       128, 44,        93, 45,       119, 56, 34.311562, 64, 35.113525, 67, 713.53430, 72, 276.26822, 77, 31.718750, 83,         0,110,         1,116,         4
5FC,2019/07/22 20:36:00, 50, 3.1715722, 49,       128, 44,        93, 45,       119, 56, 34.311562, 64, 35.031128, 67, 713.53430, 72, 276.16251, 77, 31.781250, 83,         0,110,         1,116,         4
57C,2019/07/22 20:37:00, 50, 3.1461458, 49,       128, 44,        93, 45,       119, 56, 34.311562, 64, 35.119629, 67, 713.53430, 72, 276.16803, 77, 31.812500, 83,         0,110,         1,116,         4
5DC,2019/07/22 20:38:00, 50, 3.5053329, 49,       128, 44,        93, 45,       119, 56, 34.311562, 64, 35.031128, 67, 713.53430, 72, 276.07513, 77, 31.875000, 83,         0,110,         1,116,         4
50C,2019/07/22 20:39:00, 50, 3.0865922, 49,       128, 44,        93, 45,       119, 56, 34.311562, 64, 35.101318, 67, 713.53430, 72, 276.07751, 77, 31.937500, 83,         0,110,         1,116,         4
5AC,2019/07/22 20:40:00, 50, 2.6033297, 49,       128, 44,        93, 45,       119, 56, 34.311562, 64, 35.058594, 67, 713.53430, 72, 276.07590, 77, 31.968750, 83,         0,110,         1,116,         4
50C,2019/07/22 20:41:00, 50, 2.5388331, 49,       128, 44,        93, 45,       119, 56, 34.311562, 64, 35.067749, 67, 713.53430, 72, 275.94568, 77, 32.000000, 83,         0,110,         1,116,         4
5EC,2019/07/22 20:42:00, 50, 1.8073261, 49,       128, 44,        93, 45,       119, 56, 34.311562, 64, 35.095215, 67, 713.53430, 72, 275.94830, 77, 32.062500, 83,         0,110,         1,116,         4
58C,2019/07/22 20:43:00, 50, 1.8794188, 49,       128, 44,        93, 45,       119, 56, 34.311562, 64, 35.055542, 67, 712.18445, 72, 275.93793, 77, 32.093750, 83,         0,110,         1,116,         4
5FC,2019/07/22 20:44:00, 50, 2.0623617, 49,       128, 44,        93, 45,       119, 56, 34.311562, 64, 35.116577, 67, 712.18445, 72, 275.97330, 77, 32.125000, 83,         0,110,         1,116,         4
5CC,2019/07/22 20:45:00, 50, 1.9966886, 49,       128, 44,        93, 45,       119, 56, 34.311562, 64, 35.021973, 67, 712.18445, 72, 275.83209, 77, 32.156250, 83,         0,110,         1,116,         4
58C,2019/07/22 20:46:00, 50, 2.2705512, 49,       128, 44,        93, 45,       119, 56, 34.311562, 64, 35.128784, 67, 712.18445, 72, 276.00272, 77, 32.187500, 83,         0,110,         1,116,         4
5DC,2019/07/22 20:47:00, 50, 1.3842111, 49,       128, 44,        93, 45,       119, 56, 34.311562, 64, 35.037231, 67, 712.18445, 72, 275.92062, 77, 32.218750, 83,         0,110,         1,116,         4
5DC,2019/07/22 20:48:00, 50, 1.2664773, 49,       128, 44,        93, 45,       119, 56, 34.311562, 64, 35.061646, 67, 712.18445, 72, 275.79248, 77, 32.250000, 83,         0,110,         1,116,         4
5AC,2019/07/22 20:49:00, 50, 0.9654173, 49,       128, 44,        93, 45,       119, 56, 34.311562, 64, 35.119629, 67, 712.18445, 72, 275.85901, 77, 32.281250, 83,         0,110,         1,116,         4
54C,2019/07/22 20:50:00, 50, 2.0796456, 49,       128, 44,        93, 45,       119, 56, 34.311562, 64, 35.015869, 67, 712.18445, 72, 275.91571, 77, 32.312500, 83,         0,110,         1,116,         4
5AC,2019/07/22 20:51:00, 50, 2.3960047, 49,       128, 44,        93, 45,       119, 56, 34.311562, 64, 35.089111, 67, 712.18445, 72, 275.85248, 77, 32.375000, 83,         0,110,         1,116,         4
59C,2019/07/22 20:52:00, 50, 1.9548910, 49,       128, 44,        93, 45,       119, 56, 34.311562, 64, 35.110474, 67, 712.18445, 72, 275.80972, 77, 32.406250, 83,         0,110,         1,116,         4
5FC,2019/07/22 20:53:00, 50, 2.4671435, 49,       128, 44,        93, 45,       119, 56, 34.311562, 64, 35.015869, 67, 712.18445, 72, 275.90012, 77, 32.406250, 83,         0,110,         1,116,         4
51C,2019/07/22 20:54:00, 50, 2.5400662, 49,       128, 44,        93, 45,       119, 56, 34.311562, 64, 35.086060, 67, 712.18445, 72, 275.88437, 77, 32.468750, 83,         0,110,         1,116,         4
55C,2019/07/22 20:55:00, 50, 2.4308167, 49,       128, 44,        93, 45,       119, 56, 34.311562, 64, 35.113525, 67, 712.18445, 72, 276.07501, 77, 32.468750, 83,         0,110,         1,116,         4
5EC,2019/07/22 20:56:00, 50, 3.1120038, 49,       128, 44,        93, 45,       119, 56, 34.311562, 64, 35.015869, 67, 712.18445, 72, 276.30225, 77, 32.531250, 83,         0,110,         1,116,         4
5AC,2019/07/22 20:57:00, 50, 3.7779951, 49,       128, 44,        93, 45,       119, 56, 34.311562, 64, 35.064697, 67, 712.18445, 72, 276.27670, 77, 32.562500, 83,         0,110,         1,116,         4
57C,2019/07/22 20:58:00, 50, 3.4449148, 49,       128, 44,        93, 45,       119, 56, 34.311562, 64, 35.125732, 67, 712.18445, 72, 276.37323, 77, 32.593750, 83,         0,110,         1,116,         4
52C,2019/07/22 20:59:00, 50, 3.3416224, 49,       128, 44,        93, 45,       119, 56, 34.311562, 64, 35.067749, 67, 712.18445, 72, 276.43170, 77, 32.625000, 83,         0,110,         1,116,         4
5DC,2019/07/22 21:00:00, 50, 3.1284790, 49,       128, 44,        93, 45,       119, 56, 34.311562, 64, 35.012817, 67, 712.18445, 72, 276.38495, 77, 32.656250, 83,         0,110,         1,116,         4
5EC,2019/07/22 21:01:00, 50, 3.5324450, 49,       128, 44,        93, 45,       119, 56, 34.311562, 64, 35.070801, 67, 712.18445, 72, 276.54379, 77, 32.687500, 83,         0,110,         1,116,         4
5AC,2019/07/22 21:02:00, 50, 4.2447872, 49,       128, 44,        93, 45,       119, 56, 34.311562, 64, 35.122681, 67, 712.18445, 72, 276.62436, 77, 32.718750, 83,         0,110,         1,116,         4
57C,2019/07/22 21:03:00, 50, 4.5969553, 49,       128, 44,        93, 45,       119, 56, 34.311562, 64, 35.073853, 67, 712.18445, 72, 276.54309, 77, 32.750000, 83,         0,110,         1,116,         4
5BC,2019/07/22 21:04:00, 50, 4.3156109, 49,       128, 44,        93, 45,       119, 56, 34.311562, 64, 35.180664, 67, 712.18445, 72, 276.53232, 77, 32.781250, 83,         0,110,         1,116,         4
55C,2019/07/22 21:05:00, 50, 4.7948542, 49,       128, 44,        93, 45,       119, 56, 34.311562, 64, 35.137939, 67, 712.18445, 72, 276.60822, 77, 32.812500, 83,         0,110,         1,116,         4
5AC,2019/07/22 21:06:00, 50, 4.7836704, 49,       128, 44,        93, 45,       119, 56, 34.311562, 64, 35.012817, 67, 710.83447, 72, 276.79178, 77, 32.843750, 83,         0,110,         1,116,         4
58C,2019/07/22 21:07:00, 50, 3.5314860, 49,       128, 44,        93, 45,       119, 56, 34.311562, 64, 34.963989, 67, 710.83447, 72, 276.88593, 77, 32.875000, 83,         0,110,         1,116,         4
51C,2019/07/22 21:08:00, 50, 4.0308189, 49,       128, 44,        93, 45,       119, 56, 34.311562, 64, 35.070801, 67, 710.83447, 72, 277.00415, 77, 32.906250, 83,         0,110,         1,116,         4
59C,2019/07/22 21:09:00, 50, 3.3732047, 49,       128, 44,        93, 45,       119, 56, 34.311562, 64, 35.174561, 67, 710.83447, 72, 276.98926, 77, 32.937500, 83,         0,110,         1,116,         4
55C,2019/07/22 21:10:00, 50, 2.8588104, 49,       128, 44,        93, 45,       119, 56, 34.311562, 64, 35.156250, 67, 710.83447, 72, 276.99960, 77, 32.968750, 83,         0,110,         1,116,         4
5BC,2019/07/22 21:11:00, 50, 2.2548332, 49,       128, 44,        93, 45,       119, 56, 34.311562, 64, 35.083008, 67, 710.83447, 72, 277.13635, 77, 33.000000, 83,         0,110,         1,116,         4
5AC,2019/07/22 21:12:00, 50, 2.6587214, 49,       128, 44,        93, 45,       119, 56, 34.311562, 64, 35.003662, 67, 710.83447, 72, 277.31241, 77, 33.031250, 83,         0,110,         1,116,         4
57C,2019/07/22 21:13:00, 50, 2.3229814, 49,       128, 44,        93, 45,       119, 56, 34.311562, 64, 34.948730, 67, 710.83447, 72, 277.30887, 77, 33.031250, 83,         0,110,         1,116,         4
5AC,2019/07/22 21:14:00, 50, 2.2102652, 49,       128, 44,        93, 45,       119, 56, 34.311562, 64, 34.988403, 67, 710.83447, 72, 277.20044, 77, 33.062500, 83,         0,110,         1,116,         4
57C,2019/07/22 21:15:00, 50, 2.8606095, 49,       128, 44,        93, 45,       119, 56, 34.311562, 64, 35.064697, 67, 710.83447, 72, 277.34177, 77, 33.093750, 83,         0,110,         1,116,         4
58C,2019/07/22 21:16:00, 50, 2.1277719, 49,       128, 44,        93, 45,       119, 56, 34.311562, 64, 35.156250, 67, 710.83447, 72, 277.45651, 77, 33.125000, 83,         0,110,         1,116,         4
51C,2019/07/22 21:17:00, 50, 2.1487541, 49,       128, 44,        93, 45,       119, 56, 34.311562, 64, 35.183716, 67, 710.83447, 72, 277.39478, 77, 33.156250, 83,         0,110,         1,116,         4
56C,2019/07/22 21:18:00, 50, 2.1749544, 49,       128, 44,        93, 45,       119, 56, 34.311562, 64, 35.177612, 67, 710.83447, 72, 277.31528, 77, 33.187500, 83,         0,110,         1,116,         4
51C,2019/07/22 21:19:00, 50, 2.3661084, 49,       128, 44,        93, 45,       119, 56, 34.311562, 64, 35.177612, 67, 710.83447, 72, 277.31308, 77, 33.218750, 83,         0,110,         1,116,         4
5AC,2019/07/22 21:20:00, 50, 2.3548870, 49,       128, 44,        93, 45,       119, 56, 34.311562, 64, 35.150146, 67, 710.83447, 72, 277.46048, 77, 33.250000, 83,         0,110,         1,116,         4
5CC,2019/07/22 21:21:00, 50, 2.4411106, 49,       128, 44,        93, 45,       119, 56, 34.311562, 64, 35.116577, 67, 710.83447, 72, 277.56149, 77, 33.250000, 83,         0,110,         1,116,         4
54C,2019/07/22 21:22:00, 50, 3.2508106, 49,       128, 44,        93, 45,       119, 56, 34.311562, 64, 35.086060, 67, 710.83447, 72, 277.48087, 77, 33.312500, 83,         0,110,         1,116,         4
5FC,2019/07/22 21:23:00, 50, 1.9759316, 49,       128, 44,        93, 45,       119, 56, 34.311562, 64, 35.064697, 67, 710.83447, 72, 277.56631, 77, 33.312500, 83,         0,110,         1,116,         4
58C,2019/07/22 21:24:00, 50, 2.2846484, 49,       128, 44,        93, 45,       119, 56, 34.311562, 64, 35.089111, 67, 710.83447, 72, 277.50970, 77, 33.343750, 83,         0,110,         1,116,         4
56C,2019/07/22 21:25:00, 50, 2.9209380, 49,       128, 44,        93, 45,       119, 56, 34.311562, 64, 35.095215, 67, 710.83447, 72, 277.44110, 77, 33.375000, 83,         0,110,         1,116,         4
5FC,2019/07/22 21:26:00, 50, 3.6673627, 49,       128, 44,        93, 45,       119, 56, 34.311562, 64, 35.098267, 67, 710.83447, 72, 277.51898, 77, 33.375000, 83,         0,110,         1,116,         4
5EC,2019/07/22 21:27:00, 50, 3.9573135, 49,       128, 44,        93, 45,       119, 56, 34.311562, 64, 35.076904, 67, 710.83447, 72, 277.58310, 77, 33.406250, 83,         0,110,         1,116,         4
5AC,2019/07/22 21:28:00, 50, 4.0865993, 49,       128, 44,        93, 45,       119, 56, 34.311562, 64, 35.067749, 67, 710.83447, 72, 277.39911, 77, 33.437500, 83,         0,110,         1,116,         4
55C,2019/07/22 21:29:00, 50, 4.5287113, 49,       128, 44,        93, 45,       119, 56, 34.311562, 64, 35.040283, 67, 710.83447, 72, 277.63132, 77, 33.468750, 83,         0,110,         1,116,         4
5EC,2019/07/22 21:30:00, 50, 5.3467522, 49,       128, 44,        93, 45,       119, 56, 34.311562, 64, 35.018921, 67, 710.83447, 72, 277.46982, 77, 33.468750, 83,         0,110,         1,116,         4
5FC,2019/07/22 21:31:00, 50, 5.4387016, 49,       128, 44,        93, 45,       119, 56, 34.311562, 64, 34.994507, 67, 710.83447, 72, 277.40213, 77, 33.500000, 83,         0,110,         1,116,         4
58C,2019/07/22 21:32:00, 50, 5.5515938, 49,       128, 44,        93, 45,       119, 56, 34.311562, 64, 34.970093, 67, 710.83447, 72, 277.57678, 77, 33.500000, 83,         0,110,         1,116,         4
5DC,2019/07/22 21:33:00, 50, 5.3277206, 49,       128, 44,        93, 45,       119, 56, 34.311562, 64, 34.951782, 67, 710.83447, 72, 277.59100, 77, 33.531250, 83,         0,110,         1,116,         4
5FC,2019/07/22 21:34:00, 50, 5.4890327, 49,       128, 44,        93, 45,       119, 56, 34.311562, 64, 34.954834, 67, 710.83447, 72, 277.52930, 77, 33.562500, 83,         0,110,         1,116,         4
5EC,2019/07/22 21:35:00, 50, 5.5409651, 49,       128, 44,        93, 45,       119, 56, 34.311562, 64, 34.997559, 67, 710.83447, 72, 277.65482, 77, 33.562500, 83,         0,110,         1,116,         4
55C,2019/07/22 21:36:00, 50, 6.2161207, 49,       128, 44,        93, 45,       119, 56, 34.311562, 64, 35.064697, 67, 710.83447, 72, 277.67880, 77, 33.593750, 83,         0,110,         1,116,         4
51C,2019/07/22 21:37:00, 50, 5.5787086, 49,       128, 44,        93, 45,       119, 56, 34.311562, 64, 35.134888, 67, 710.83447, 72, 277.66980, 77, 33.593750, 83,         0,110,         1,116,         4
56C,2019/07/22 21:38:00, 50, 5.8933830, 49,       128, 44,        93, 45,       119, 56, 34.311562, 64, 35.174561, 67, 710.83447, 72, 277.48389, 77, 33.593750, 83,         0,110,         1,116,         4
59C,2019/07/22 21:39:00, 50, 5.7967710, 49,       128, 44,        93, 45,       119, 56, 34.311562, 64, 35.177612, 67, 710.83447, 72, 277.49948, 77, 33.656250, 83,         0,110,         1,116,         4
5DC,2019/07/22 21:40:00, 50, 4.3911047, 49,       128, 44,        93, 45,       119, 56, 34.311562, 64, 35.125732, 67, 710.83447, 72, 277.58423, 77, 33.593750, 83,         0,110,         1,116,         4
52C,2019/07/22 21:41:00, 50, 4.1023149, 49,       128, 44,        93, 45,       119, 56, 34.311562, 64, 35.122681, 67, 710.83447, 72, 277.64157, 77, 33.625000, 83,         0,110,         1,116,         4
50C,2019/07/22 21:42:00, 50, 4.0662374, 49,       128, 44,        93, 45,       119, 56, 34.311562, 64, 35.180664, 67, 710.83447, 72, 277.62183, 77, 33.656250, 83,         0,110,         1,116,         4
57C,2019/07/22 21:43:00, 50, 4.9727421, 49,       128, 44,        93, 45,       119, 56, 34.311562, 64, 35.021973, 67, 710.83447, 72, 277.60245, 77, 33.656250, 83,         0,110,         1,116,         4
50C,2019/07/22 21:44:00, 50, 5.1897688, 49,       128, 44,        93, 45,       119, 56, 34.311562, 64, 34.982300, 67, 710.83447, 72, 277.72058, 77, 33.687500, 83,         0,110,         1,116,         4
5AC,2019/07/22 21:45:00, 50, 6.3759499, 49,       128, 44,        93, 45,       119, 56, 34.311562, 64, 35.025024, 67, 710.83447, 72, 277.50888, 77, 33.718750, 83,         0,110,         1,116,         4
50C,2019/07/22 21:46:00, 50, 6.4589853, 49,       128, 44,        93, 45,       119, 56, 34.311562, 64, 35.043335, 67, 710.83447, 72, 277.40881, 77, 33.687500, 83,         0,110,         1,116,         4
58C,2019/07/22 21:47:00, 50, 7.4345779, 49,       128, 44,        93, 45,       119, 56, 34.311562, 64, 35.006714, 67, 710.83447, 72, 277.47043, 77, 33.750000, 83,         0,110,         1,116,         4
5CC,2019/07/22 21:48:00, 50, 5.9291706, 49,       128, 44,        93, 45,       119, 56, 34.311562, 64, 35.049438, 67, 710.83447, 72, 277.50726, 77, 33.750000, 83,         0,110,         1,116,         4
5FC,2019/07/22 21:49:00, 50, 6.7406168, 49,       128, 44,        93, 45,       119, 56, 34.311562, 64, 35.110474, 67, 710.83447, 72, 277.55472, 77, 33.781250, 83,         0,110,         1,116,         4
5DC,2019/07/22 21:50:00, 50, 6.9604464, 49,       128, 44,        93, 45,       119, 56, 34.311562, 64, 35.098267, 67, 710.83447, 72, 277.51831, 77, 33.812500, 83,         0,110,         1,116,         4
5DC,2019/07/22 21:51:00, 50, 7.0087881, 49,       128, 44,        93, 45,       119, 56, 34.311562, 64, 35.034180, 67, 710.83447, 72, 277.21222, 77, 33.812500, 83,         0,110,         1,116,         4
50C,2019/07/22 21:52:00, 50, 3.1013761, 49,       128, 44,        93, 45,       119, 56, 34.311562, 64, 35.012817, 67, 710.83447, 72, 276.92825, 77, 33.812500, 83,         0,110,         1,116,         4
50C,2019/07/22 21:53:00, 50, 3.2666016, 49,       128, 44,        93, 45,       119, 56, 34.311562, 64, 35.076904, 67, 710.83447, 72, 276.68845, 77, 33.843750, 83,         0,110,         1,116,         4
5DC,2019/07/22 21:54:00, 50, 3.8498268, 49,       128, 44,        93, 45,       119, 56, 34.311562, 64, 35.113525, 67, 710.83447, 72, 276.61288, 77, 33.875000, 83,         0,110,         1,116,         4
50C,2019/07/22 21:55:00, 50, 4.6728640, 49,       128, 44,        93, 45,       119, 56, 34.311562, 64, 35.052490, 67, 710.83447, 72, 276.57294, 77, 33.875000, 83,         0,110,         1,116,         4
5EC,2019/07/22 21:56:00, 50, 6.4524345, 49,       128, 44,        93, 45,       119, 56, 34.311562, 64, 35.009766, 67, 710.83447, 72, 276.42963, 77, 33.875000, 83,         0,110,         1,116,         4
53C,2019/07/22 21:57:00, 50, 5.4204397, 49,       128, 44,        93, 45,       119, 56, 34.311562, 64, 35.086060, 67, 710.83447, 72, 276.38516, 77, 33.875000, 83,         0,110,         1,116,         4
5AC,2019/07/22 21:58:00, 50, 4.5978899, 49,       128, 44,        93, 45,       119, 56, 34.311562, 64, 35.098267, 67, 710.83447, 72, 276.32300, 77, 33.906250, 83,         0,110,         1,116,         4
54C,2019/07/22 21:59:00, 50, 4.3525295, 49,       128, 44,        93, 45,       119, 56, 34.311562, 64, 35.012817, 67, 710.83447, 72, 276.25616, 77, 33.906250, 83,         0,110,         1,116,         4
55C,2019/07/22 22:00:00, 50, 3.4354725, 49,       128, 44,        93, 45,       119, 56, 34.311562, 64, 35.055542, 67, 710.83447, 72, 276.30795, 77, 33.937500, 83,         0,110,         1,116,         4
55C,2019/07/22 22:01:00, 50, 3.6334715, 49,       128, 44,        93, 45,       119, 56, 34.311562, 64, 35.110474, 67, 710.83447, 72, 276.35297, 77, 33.937500, 83,         0,110,         1,116,         4
51C,2019/07/22 22:02:00, 50, 5.6525021, 49,       128, 44,        93, 45,       119, 56, 34.311562, 64, 35.015869, 67, 710.83447, 72, 276.39267, 77, 33.937500, 83,         0,110,         1,116,         4
53C,2019/07/22 22:03:00, 50, 4.8260870, 49,       128, 44,        93, 45,       119, 56, 34.311562, 64, 35.061646, 67, 710.83447, 72, 276.32709, 77, 33.937500, 83,         0,110,         1,116,         4
5FC,2019/07/22 22:04:00, 50, 5.7284260, 49,       128, 44,        93, 45,       119, 56, 34.311562, 64, 35.104370, 67, 710.83447, 72, 276.21912, 77, 33.937500, 83,         0,110,         1,116,         4
59C,2019/07/22 22:05:00, 50, 6.0062790, 49,       128, 44,        93, 45,       119, 56, 34.311562, 64, 35.009766, 67, 710.83447, 72, 276.31183, 77, 33.968750, 83,         0,110,         1,116,         4
50C,2019/07/22 22:06:00, 50, 6.4934187, 49,       128, 44,        93, 45,       119, 56, 34.311562, 64, 35.076904, 67, 710.83447, 72, 276.39224, 77, 33.968750, 83,         0,110,         1,116,         4
5EC,2019/07/22 22:07:00, 50, 6.2399454, 49,       128, 44,        93, 45,       119, 56, 34.311562, 64, 35.079956, 67, 710.83447, 72, 276.38174, 77, 33.968750, 83,         0,110,         1,116,         4
54C,2019/07/22 22:08:00, 50, 5.9302893, 49,       128, 44,        93, 45,       119, 56, 34.311562, 64, 35.012817, 67, 710.83447, 72, 276.47748, 77, 33.968750, 83,         0,110,         1,116,         4
52C,2019/07/22 22:09:00, 50, 5.9258633, 49,       128, 44,        93, 45,       119, 56, 34.311562, 64, 35.113525, 67, 710.83447, 72, 276.54813, 77, 34.000000, 83,         0,110,         1,116,         4
56C,2019/07/22 22:10:00, 50, 5.4238234, 49,       128, 44,        93, 45,       119, 56, 34.311562, 64, 35.028076, 67, 710.83447, 72, 276.64755, 77, 34.000000, 83,         0,110,         1,116,         4
4DC,2019/07/22 22:11:00, 50, 5.1907959, 49,        64, 44,        93, 45,       119, 56, 34.311562, 64, 35.067749, 67, 710.83447, 72, 276.69083, 77, 34.000000, 83,         0,110,         1,116,         4
51C,2019/07/22 22:12:00, 50, 4.9663887, 49,       128, 44,        93, 45,       119, 56, 34.311562, 64, 35.076904, 67, 710.83447, 72, 276.74445, 77, 34.031250, 83,         0,110,         1,116,         4
5BC,2019/07/22 22:13:00, 50, 5.0776901, 49,       128, 44,        93, 45,       119, 56, 34.311562, 64, 35.025024, 67, 710.83447, 72, 276.77979, 77, 34.000000, 83,         0,110,         1,116,         4
5BC,2019/07/22 22:14:00, 50, 6.1919470, 49,       128, 44,        93, 45,       119, 56, 34.311562, 64, 35.104370, 67, 710.83447, 72, 276.84564, 77, 34.031250, 83,         0,110,         1,116,         4
5AC,2019/07/22 22:15:00, 50, 7.8444872, 49,       128, 44,        93, 45,       119, 56, 34.311562, 64, 35.006714, 67, 710.83447, 72, 276.86627, 77, 34.031250, 83,         0,110,         1,116,         4
56C,2019/07/22 22:16:00, 50, 7.8792143, 49,       128, 44,        93, 45,       119, 56, 34.311562, 64, 35.113525, 67, 710.83447, 72, 276.81494, 77, 34.062500, 83,         0,110,         1,116,         4
50C,2019/07/22 22:17:00, 50, 8.6506424, 49,       128, 44,        93, 45,       119, 56, 34.311562, 64, 35.009766, 67, 710.83447, 72, 277.00146, 77, 34.062500, 83,         0,110,         1,116,         4
50C,2019/07/22 22:18:00, 50, 8.3618164, 49,       128, 44,        93, 45,       119, 56, 34.311562, 64, 35.113525, 67, 710.83447, 72, 276.83844, 77, 34.093750, 83,         0,110,         1,116,         4
55C,2019/07/22 22:19:00, 50, 9.3946304, 49,       128, 44,        93, 45,       119, 56, 34.311562, 64, 35.009766, 67, 710.83447, 72, 276.53870, 77, 34.093750, 83,         0,110,         1,116,         4
56C,2019/07/22 22:20:00, 50, 8.8446331, 49,       128, 44,        93, 45,       119, 56, 34.311562, 64, 35.113525, 67, 710.83447, 72, 276.63193, 77, 34.093750, 83,         0,110,         1,116,         4
5DC,2019/07/22 22:21:00, 50, 9.8869591, 49,       128, 44,        93, 45,       119, 56, 34.311562, 64, 35.009766, 67, 710.83447, 72, 276.46140, 77, 34.093750, 83,         0,110,         1,116,         4
50C,2019/07/22 22:22:00, 50, 10.263092, 49,       128, 44,        93, 45,       119, 56, 34.311562, 64, 35.113525, 67, 710.83447, 72, 276.57288, 77, 34.093750, 83,         0,110,         1,116,         4
51C,2019/07/22 22:23:00, 50, 8.8962326, 49,       128, 44,        93, 45,       119, 56, 34.311562, 64, 35.006714, 67, 710.83447, 72, 276.45157, 77, 34.093750, 83,         0,110,         1,116,         4
57C,2019/07/22 22:24:00, 50, 8.4553604, 49,       128, 44,        93, 45,       119, 56, 34.311562, 64, 35.110474, 67, 710.83447, 72, 276.61716, 77, 34.093750, 83,         0,110,         1,116,         4
54C,2019/07/22 22:25:00, 50, 7.6700668, 49,       128, 44,        93, 45,       119, 56, 34.311562, 64, 35.015869, 67, 710.83447, 72, 276.68158, 77, 34.093750, 83,         0,110,         1,116,         4
59C,2019/07/22 22:26:00, 50, 7.7569113, 49,       128, 44,        93, 45,       119, 56, 34.311562, 64, 35.089111, 67, 710.83447, 72, 276.66647, 77, 34.156250, 83,         0,110,         1,116,         4
56C,2019/07/22 22:27:00, 50, 6.8993750, 49,       128, 44,        93, 45,       119, 56, 34.311562, 64, 35.052490, 67, 710.83447, 72, 276.68768, 77, 34.156250, 83,         0,110,         1,116,         4
54C,2019/07/22 22:28:00, 50, 6.8560114, 49,       128, 44,        93, 45,       119, 56, 34.311562, 64, 35.113525, 67, 710.83447, 72, 276.74689, 77, 34.125000, 83,         0,110,         1,116,         4
5AC,2019/07/22 22:29:00, 50, 6.8717489, 49,       128, 44,        93, 45,       119, 56, 34.311562, 64, 34.957886, 67, 710.83447, 72, 276.79910, 77, 34.156250, 83,         0,110,         1,116,         4
56C,2019/07/22 22:30:00, 50, 7.0583563, 49,       128, 44,        93, 45,       119, 56, 34.311562, 64, 35.180664, 67, 710.83447, 72, 276.88440, 77, 34.156250, 83,         0,110,         1,116,         4
5FC,2019/07/22 22:31:00, 50, 7.9153337, 49,       128, 44,        93, 45,       119, 56, 34.311562, 64, 34.973145, 67, 710.83447, 72, 277.01505, 77, 34.187500, 83,         0,110,         1,116,         4
5AC,2019/07/22 22:32:00, 50, 7.2743454, 49,       128, 44,        93, 45,       119, 56, 34.311562, 64, 35.064697, 67, 710.83447, 72, 277.08896, 77, 34.187500, 83,         0,110,         1,116,         4
53C,2019/07/22 22:33:00, 50, 6.2505808, 49,       128, 44,        93, 45,       119, 56, 34.311562, 64, 35.021973, 67, 710.83447, 72, 277.05002, 77, 34.187500, 83,         0,110,         1,116,         4
53C,2019/07/22 22:34:01, 50, 6.3810339, 49,       128, 44,        93, 45,       119, 56, 34.311562, 64, 34.945679, 67, 710.83447, 72, 277.16965, 77, 34.218750, 83,         0,110,         1,116,         4
57C,2019/07/22 22:35:00, 50, 8.1772423, 49,       128, 44,        93, 45,       119, 56, 34.311562, 64, 35.113525, 67, 710.83447, 72, 277.07986, 77, 34.187500, 83,         0,110,         1,116,         4
5AC,2019/07/22 22:36:00, 50, 8.7810993, 49,       128, 44,        93, 45,       119, 56, 34.311562, 64, 35.113525, 67, 710.83447, 72, 277.06265, 77, 34.218750, 83,         0,110,         1,116,         4
5AC,2019/07/22 22:37:00, 50, 9.1052341, 49,       128, 44,        93, 45,       119, 56, 34.311562, 64, 34.942627, 67, 710.83447, 72, 276.99698, 77, 34.218750, 83,         0,110,         1,116,         4
5CC,2019/07/22 22:38:00, 50, 8.7831230, 49,       128, 44,        93, 45,       119, 56, 34.311562, 64, 35.140991, 67, 710.83447, 72, 276.82303, 77, 34.218750, 83,         0,110,         1,116,         4
5BC,2019/07/22 22:39:00, 50, 8.7342052, 49,       128, 44,        93, 45,       119, 56, 34.311562, 64, 35.089111, 67, 710.83447, 72, 276.73083, 77, 34.250000, 83,         0,110,         1,116,         4
5AC,2019/07/22 22:40:00, 50, 8.5416527, 49,       128, 44,        93, 45,       119, 56, 34.311562, 64, 34.945679, 67, 710.83447, 72, 276.56537, 77, 34.250000, 83,         0,110,         1,116,         4
50C,2019/07/22 22:41:00, 50, 9.2646065, 49,       128, 44,        93, 45,       119, 56, 34.311562, 64, 35.122681, 67, 710.83447, 72, 276.52481, 77, 34.218750, 83,         0,110,         1,116,         4
5BC,2019/07/22 22:42:00, 50, 7.8659945, 49,       128, 44,        93, 45,       119, 56, 34.311562, 64, 35.131836, 67, 710.83447, 72, 276.42218, 77, 34.250000, 83,         0,110,         1,116,         4
54C,2019/07/22 22:43:00, 50, 6.8276863, 49,       128, 44,        93, 45,       119, 56, 34.311562, 64, 34.957886, 67, 710.83447, 72, 276.42703, 77, 34.218750, 83,         0,110,         1,116,         4
51C,2019/07/22 22:44:00, 50, 6.9284897, 49,       128, 44,        93, 45,       119, 56, 34.311562, 64, 35.018921, 67, 710.83447, 72, 276.41571, 77, 34.250000, 83,         0,110,         1,116,         4
57C,2019/07/22 22:45:00, 50, 5.4087639, 49,       128, 44,        93, 45,       119, 56, 34.311562, 64, 35.174561, 67, 710.83447, 72, 276.45868, 77, 34.250000, 83,         0,110,         1,116,         4
58C,2019/07/22 22:46:00, 50, 6.0633240, 49,       128, 44,        93, 45,       119, 56, 34.311562, 64, 35.083008, 67, 710.83447, 72, 276.56906, 77, 34.250000, 83,         0,110,         1,116,         4
5BC,2019/07/22 22:47:00, 50, 6.1631947, 49,       128, 44,        93, 45,       119, 56, 34.311562, 64, 34.945679, 67, 710.83447, 72, 276.58173, 77, 34.281250, 83,         0,110,         1,116,         4
53C,2019/07/22 22:48:00, 50, 5.5559225, 49,       128, 44,        93, 45,       119, 56, 34.311562, 64, 35.028076, 67, 710.83447, 72, 276.65796, 77, 34.250000, 83,         0,110,         1,116,         4
5AC,2019/07/22 22:49:00, 50, 5.7671595, 49,       128, 44,        93, 45,       119, 56, 34.311562, 64, 35.171509, 67, 710.83447, 72, 276.65518, 77, 34.281250, 83,         0,110,         1,116,         4
54C,2019/07/22 22:50:00, 50, 5.0487099, 49,       128, 44,        93, 45,       119, 56, 34.311562, 64, 35.119629, 67, 710.83447, 72, 276.82727, 77, 34.250000, 83,         0,110,         1,116,         4
55C,2019/07/22 22:51:00, 50, 4.5220175, 49,       128, 44,        93, 45,       119, 56, 34.311562, 64, 34.976196, 67, 710.83447, 72, 276.92557, 77, 34.281250, 83,         0,110,         1,116,         4
50C,2019/07/22 22:52:00, 50, 5.3939848, 49,       128, 44,        93, 45,       119, 56, 34.311562, 64, 34.963989, 67, 710.83447, 72, 277.04214, 77, 34.312500, 83,         0,110,         1,116,         4
5AC,2019/07/22 22:53:00, 50, 5.0234537, 49,       128, 44,        93, 45,       119, 56, 34.311562, 64, 35.098267, 67, 710.83447, 72, 276.88654, 77, 34.281250, 83,         0,110,         1,116,         4
58C,2019/07/22 22:54:00, 50, 5.5142860, 49,       128, 44,        93, 45,       119, 56, 34.311562, 64, 35.177612, 67, 710.83447, 72, 277.10095, 77, 34.281250, 83,         0,110,         1,116,         4
58C,2019/07/22 22:55:00, 50, 4.3115234, 49,       128, 44,        93, 45,       119, 56, 34.311562, 64, 35.110474, 67, 710.83447, 72, 277.08356, 77, 34.312500, 83,         0,110,         1,116,         4
54C,2019/07/22 22:56:00, 50, 4.6362276, 49,       128, 44,        93, 45,       119, 56, 34.311562, 64, 34.994507, 67, 710.83447, 72, 277.22745, 77, 34.312500, 83,         0,110,         1,116,         4
57C,2019/07/22 22:57:00, 50, 5.2224407, 49,       128, 44,        93, 45,       119, 56, 34.311562, 64, 34.942627, 67, 710.83447, 72, 277.02930, 77, 34.312500, 83,         0,110,         1,116,         4
53C,2019/07/22 22:58:00, 50, 4.6733198, 49,       128, 44,        93, 45,       119, 56, 34.311562, 64, 35.012817, 67, 710.83447, 72, 277.13620, 77, 34.312500, 83,         0,110,         1,116,         4
56C,2019/07/22 22:59:00, 50, 4.7155571, 49,       128, 44,        93, 45,       119, 56, 34.311562, 64, 35.122681, 67, 710.83447, 72, 277.09720, 77, 34.281250, 83,         0,110,         1,116,         4
50C,2019/07/22 23:00:00, 50, 4.4258785, 49,       128, 44,        93, 45,       119, 56, 34.311562, 64, 35.177612, 67, 710.83447, 72, 277.04163, 77, 34.312500, 83,         0,110,         1,116,         4
51C,2019/07/22 23:01:00, 50, 5.9306870, 49,       128, 44,        93, 45,       119, 56, 34.311562, 64, 35.156250, 67, 710.83447, 72, 277.11130, 77, 34.312500, 83,         0,110,         1,116,         4
5DC,2019/07/22 23:02:00, 50, 6.4625235, 49,       128, 44,        93, 45,       119, 56, 34.311562, 64, 35.086060, 67, 710.83447, 72, 277.16599, 77, 34.343750, 83,         0,110,         1,116,         4
51C,2019/07/22 23:03:00, 50, 7.0318060, 49,       128, 44,        93, 45,       119, 56, 34.311562, 64, 35.021973, 67, 710.83447, 72, 277.20334, 77, 34.312500, 83,         0,110,         1,116,         4
59C,2019/07/22 23:04:00, 50, 6.2522888, 49,       128, 44,        93, 45,       119, 56, 34.311562, 64, 34.960937, 67, 710.83447, 72, 276.97018, 77, 34.312500, 83,         0,110,         1,116,         4
56C,2019/07/22 23:05:00, 50, 6.2250423, 49,       128, 44,        93, 45,       119, 56, 34.311562, 64, 34.942627, 67, 710.83447, 72, 277.09641, 77, 34.343750, 83,         0,110,         1,116,         4
5FC,2019/07/22 23:06:00, 50, 6.5963860, 49,       128, 44,        93, 45,       119, 56, 34.311562, 64, 34.957886, 67, 710.83447, 72, 277.27740, 77, 34.343750, 83,         0,110,         1,116,         4
5AC,2019/07/22 23:07:00, 50, 6.8087234, 49,       128, 44,        93, 45,       119, 56, 34.311562, 64, 35.003662, 67, 710.83447, 72, 277.41690, 77, 34.343750, 83,         0,110,         1,116,         4
55C,2019/07/22 23:08:00, 50, 6.4598465, 49,       128, 44,        93, 45,       119, 56, 34.311562, 64, 35.055542, 67, 710.83447, 72, 277.43381, 77, 34.343750, 83,         0,110,         1,116,         4
59C,2019/07/22 23:09:00, 50, 5.8268957, 49,       128, 44,        93, 45,       119, 56, 34.311562, 64, 35.107422, 67, 710.83447, 72, 277.48071, 77, 34.343750, 83,         0,110,         1,116,         4
53C,2019/07/22 23:10:00, 50, 7.1491547, 49,       128, 44,        93, 45,       119, 56, 34.311562, 64, 35.150146, 67, 710.83447, 72, 277.62888, 77, 34.375000, 83,         0,110,         1,116,         4
5DC,2019/07/22 23:11:00, 50, 7.2890196, 49,       128, 44,        93, 45,       119, 56, 34.311562, 64, 35.171509, 67, 710.83447, 72, 278.93936, 77, 34.375000, 83,         0,110,         1,116,         4
53C,2019/07/22 23:12:00, 50, 6.5887156, 49,       128, 44,        93, 45,       119, 56, 34.311562, 64, 35.177612, 67, 710.83447, 72, 278.79431, 77, 34.375000, 83,         0,110,         1,116,         4
54C,2019/07/22 23:13:00, 50, 5.5164423, 49,       128, 44,        93, 45,       119, 56, 34.311562, 64, 35.180664, 67, 710.83447, 72, 278.72772, 77, 34.375000, 83,         0,110,         1,116,         4
58C,2019/07/22 23:14:00, 50, 5.2296705, 49,       128, 44,        93, 45,       119, 56, 34.311562, 64, 35.177612, 67, 710.83447, 72, 278.69260, 77, 34.375000, 83,         0,110,         1,116,         4
58C,2019/07/22 23:15:00, 50, 4.3000851, 49,       128, 44,        93, 45,       119, 56, 34.311562, 64, 35.174561, 67, 710.83447, 72, 278.47916, 77, 34.375000, 83,         0,110,         1,116,         4
54C,2019/07/22 23:16:00, 50, 5.0642900, 49,       128, 44,        93, 45,       119, 56, 34.311562, 64, 35.177612, 67, 710.83447, 72, 278.30637, 77, 34.375000, 83,         0,110,         1,116,         4
5EC,2019/07/22 23:17:00, 50, 4.9936514, 49,       128, 44,        93, 45,       119, 56, 34.311562, 64, 35.174561, 67, 710.83447, 72, 278.14688, 77, 34.375000, 83,         0,110,         1,116,         4
53C,2019/07/22 23:18:00, 50, 5.8948526, 49,       128, 44,        93, 45,       119, 56, 34.311562, 64, 35.174561, 67, 710.83447, 72, 277.91916, 77, 34.375000, 83,         0,110,         1,116,         4
50C,2019/07/22 23:19:00, 50, 5.6807995, 49,       128, 44,        93, 45,       119, 56, 34.311562, 64, 35.159302, 67, 710.83447, 72, 277.20468, 77, 34.375000, 83,         0,110,         1,116,         4
5DC,2019/07/22 23:20:00, 50, 6.1406202, 49,       128, 44,        93, 45,       119, 56, 34.311562, 64, 35.137939, 67, 710.83447, 72, 277.09488, 77, 34.406250, 83,         0,110,         1,116,         4
54C,2019/07/22 23:21:00, 50, 6.9449329, 49,       128, 44,        93, 45,       119, 56, 34.311562, 64, 35.098267, 67, 710.83447, 72, 276.96213, 77, 34.375000, 83,         0,110,         1,116,         4
58C,2019/07/22 23:22:00, 50, 6.3051977, 49,       128, 44,        93, 45,       119, 56, 34.311562, 64, 35.055542, 67, 710.83447, 72, 276.72406, 77, 34.375000, 83,         0,110,         1,116,         4
5EC,2019/07/22 23:23:00, 50, 6.0940418, 49,       128, 44,        93, 45,       119, 56, 34.311562, 64, 35.015869, 67, 710.83447, 72, 276.72852, 77, 34.406250, 83,         0,110,         1,116,         4
58C,2019/07/22 23:24:00, 50, 5.6617098, 49,       128, 44,        93, 45,       119, 56, 34.311562, 64, 34.979248, 67, 710.83447, 72, 276.64969, 77, 34.406250, 83,         0,110,         1,116,         4
5BC,2019/07/22 23:25:00, 50, 5.9576845, 49,       128, 44,        93, 45,       119, 56, 34.311562, 64, 34.951782, 67, 710.83447, 72, 276.73950, 77, 34.375000, 83,         0,110,         1,116,         4
54C,2019/07/22 23:26:00, 50, 5.9501572, 49,       128, 44,        93, 45,       119, 56, 34.311562, 64, 34.942627, 67, 710.83447, 72, 276.67752, 77, 34.375000, 83,         0,110,         1,116,         4
5AC,2019/07/22 23:27:00, 50, 6.6234865, 49,       128, 44,        93, 45,       119, 56, 34.311562, 64, 34.960937, 67, 710.83447, 72, 276.63416, 77, 34.375000, 83,         0,110,         1,116,         4
5CC,2019/07/22 23:28:00, 50, 6.8544941, 49,       128, 44,        93, 45,       119, 56, 34.311562, 64, 35.028076, 67, 710.83447, 72, 276.64697, 77, 34.406250, 83,         0,110,         1,116,         4
5AC,2019/07/22 23:29:00, 50, 7.3302050, 49,       128, 44,        93, 45,       119, 56, 34.311562, 64, 35.034180, 67, 710.83447, 72, 276.75159, 77, 34.406250, 83,         0,110,         1,116,         4
50C,2019/07/22 23:30:00, 50, 8.5461159, 49,       128, 44,        93, 45,       119, 56, 34.311562, 64, 35.006714, 67, 710.83447, 72, 276.81876, 77, 34.375000, 83,         0,110,         1,116,         4
52C,2019/07/22 23:31:00, 50, 9.0508366, 49,       128, 44,        93, 45,       119, 56, 34.311562, 64, 35.018921, 67, 710.83447, 72, 276.92825, 77, 34.406250, 83,         0,110,         1,116,         4
5EC,2019/07/22 23:32:00, 50, 7.3805609, 49,       128, 44,        93, 45,       119, 56, 34.311562, 64, 35.067749, 67, 710.83447, 72, 276.89276, 77, 34.406250, 83,         0,110,         1,116,         4
57C,2019/07/22 23:33:00, 50, 7.5815887, 49,       128, 44,        93, 45,       119, 56, 34.311562, 64, 35.107422, 67, 710.83447, 72, 276.92755, 77, 34.406250, 83,         0,110,         1,116,         4
5EC,2019/07/22 23:34:00, 50, 8.2397327, 49,       128, 44,        93, 45,       119, 56, 34.311562, 64, 35.101318, 67, 710.83447, 72, 276.91129, 77, 34.406250, 83,         0,110,         1,116,         4
58C,2019/07/22 23:35:00, 50, 7.0277662, 49,       128, 44,        93, 45,       119, 56, 34.311562, 64, 35.049438, 67, 710.83447, 72, 276.90457, 77, 34.375000, 83,         0,110,         1,116,         4
57C,2019/07/22 23:36:00, 50, 6.8211660, 49,       128, 44,        93, 45,       119, 56, 34.311562, 64, 35.006714, 67, 710.83447, 72, 277.09714, 77, 34.406250, 83,         0,110,         1,116,         4
56C,2019/07/22 23:37:00, 50, 6.8550396, 49,       128, 44,        93, 45,       119, 56, 34.311562, 64, 35.040283, 67, 710.83447, 72, 276.92273, 77, 34.406250, 83,         0,110,         1,116,         4
5EC,2019/07/22 23:38:00, 50, 6.0200386, 49,       128, 44,        93, 45,       119, 56, 34.311562, 64, 35.098267, 67, 710.83447, 72, 276.87274, 77, 34.406250, 83,         0,110,         1,116,         4
5FC,2019/07/22 23:39:00, 50, 6.9277744, 49,       128, 44,        93, 45,       119, 56, 34.311562, 64, 35.098267, 67, 710.83447, 72, 276.86362, 77, 34.375000, 83,         0,110,         1,116,         4
58C,2019/07/22 23:40:00, 50, 5.4180231, 49,       128, 44,        93, 45,       119, 56, 34.311562, 64, 35.040283, 67, 710.83447, 72, 276.97272, 77, 34.406250, 83,         0,110,         1,116,         4
58C,2019/07/22 23:41:00, 50, 5.4672680, 49,       128, 44,        93, 45,       119, 56, 34.311562, 64, 35.009766, 67, 710.83447, 72, 276.95322, 77, 34.437500, 83,         0,110,         1,116,         4
55C,2019/07/22 23:42:00, 50, 5.9772100, 49,       128, 44,        93, 45,       119, 56, 34.311562, 64, 35.055542, 67, 710.83447, 72, 276.90732, 77, 34.406250, 83,         0,110,         1,116,         4
5EC,2019/07/22 23:43:00, 50, 6.4687138, 49,       128, 44,        93, 45,       119, 56, 34.311562, 64, 35.107422, 67, 710.83447, 72, 276.99219, 77, 34.406250, 83,         0,110,         1,116,         4
57C,2019/07/22 23:44:00, 50, 6.7302866, 49,       128, 44,        93, 45,       119, 56, 34.311562, 64, 35.073853, 67, 710.83447, 72, 277.10104, 77, 34.406250, 83,         0,110,         1,116,         4
58C,2019/07/22 23:45:00, 50, 7.3298769, 49,       128, 44,        93, 45,       119, 56, 34.311562, 64, 35.012817, 67, 710.83447, 72, 277.19705, 77, 34.406250, 83,         0,110,         1,116,         4
56C,2019/07/22 23:46:00, 50, 6.5894394, 49,       128, 44,        93, 45,       119, 56, 34.311562, 64, 35.043335, 67, 710.83447, 72, 277.12738, 77, 34.406250, 83,         0,110,         1,116,         4
55C,2019/07/22 23:47:00, 50, 7.3165169, 49,       128, 44,        93, 45,       119, 56, 34.311562, 64, 35.107422, 67, 710.83447, 72, 277.12259, 77, 34.406250, 83,         0,110,         1,116,         4
55C,2019/07/22 23:48:00, 50, 7.4592619, 49,       128, 44,        93, 45,       119, 56, 34.311562, 64, 35.067749, 67, 710.83447, 72, 276.98550, 77, 34.406250, 83,         0,110,         1,116,         4
58C,2019/07/22 23:49:00, 50, 7.8031406, 49,       128, 44,        93, 45,       119, 56, 34.311562, 64, 35.006714, 67, 710.83447, 72, 276.91336, 77, 34.406250, 83,         0,110,         1,116,         4
50C,2019/07/22 23:50:00, 50, 8.5088806, 49,       128, 44,        93, 45,       119, 56, 34.311562, 64, 35.073853, 67, 710.83447, 72, 276.71912, 77, 34.406250, 83,         0,110,         1,116,         4
52C,2019/07/22 23:51:00, 50, 8.5088806, 49,       128, 44,        93, 45,       119, 56, 34.311562, 64, 35.101318, 67, 710.83447, 72, 276.71912, 77, 34.437500, 83,         4,110,         6,116,         4
58C,2019/07/22 23:52:00, 50, 8.5088806, 49,       128, 44,        93, 45,       119, 56, 34.311562, 64, 35.018921, 67, 710.83447, 72, 276.71912, 77, 34.406250, 83,         4,110,         6,116,         4
58C,2019/07/22 23:53:00, 50, 8.5088806, 49,       128, 44,        93, 45,       119, 56, 34.311562, 64, 35.049438, 67, 710.83447, 72, 276.71912, 77, 34.406250, 83,         4,110,         6,116,         4
5EC,2019/07/22 23:54:00, 50, 8.5088806, 49,       128, 44,        93, 45,       119, 56, 34.311562, 64, 35.107422, 67, 710.83447, 72, 276.71912, 77, 34.406250, 83,         4,110,         7,116,         4
5CC,2019/07/22 23:55:00, 50, 8.5088806, 49,       128, 44,        93, 45,       119, 56, 34.311562, 64, 35.025024, 67, 710.83447, 72, 276.71912, 77, 34.437500, 83,         4,110,         7,116,         4
51C,2019/07/22 23:56:00, 50, 8.5088806, 49,       128, 44,        93, 45,       119, 56, 34.311562, 64, 35.049438, 67, 710.83447, 72, 276.71912, 77, 34.468750, 83,         4,110,         7,116,         4
5EC,2019/07/22 23:57:00, 50, 8.5088806, 49,       128, 44,        93, 45,       119, 56, 34.311562, 64, 35.104370, 67, 710.83447, 72, 276.71912, 77, 34.437500, 83,         4,110,         7,116,         4
5EC,2019/07/22 23:58:00, 50, 8.5088806, 49,       128, 44,        93, 45,       119, 56, 34.311562, 64, 35.015869, 67, 710.83447, 72, 276.71912, 77, 34.468750, 83,         4,110,         7,116,         4
55C,2019/07/22 23:59:00, 50, 8.5088806, 49,       128, 44,        93, 45,       119, 56, 34.311562, 64, 35.073853, 67, 710.83447, 72, 276.71912, 77, 34.468750, 83,         0,110,         0,116,         4
