4BC,2017/02/17 16:05:00, 50, 0.0000000, 13,       254, 49,       128, 56, 1.0037853, 72, 513.87842, 73, 506.73172, 77, 17.093750, 79, 1.2493613, 83,     60163,110,        29,116,         0,164,         1
45C,2017/02/17 16:06:00, 50, 0.0000000, 13,       254, 49,       128, 56, 1.0037853, 72, 513.76935, 73, 507.08261, 77, 17.625000, 79, 1.2444999, 83,     60163,110,        29,116,         0,164,         1
46C,2017/02/17 16:07:00, 50, 0.0000000, 13,       254, 49,       128, 56, 1.0037853, 72, 512.81781, 73, 507.34579, 77, 18.031250, 79, 1.2444999, 83,     60163,110,        29,116,         0,164,         1
4CC,2017/02/17 16:08:00, 50, 0.0000000, 13,       254, 49,       128, 56, 1.0037853, 72, 512.79034, 73, 507.49200, 77, 18.437500, 79, 1.2299160, 83,     60163,110,        29,116,         0,164,         1
4EC,2017/02/17 16:09:00, 50, 0.0000000, 13,       254, 49,       128, 56, 1.0037853, 72, 512.78961, 73, 507.69672, 77, 18.906250, 79, 1.2396387, 83,     60163,110,        29,116,         0,164,         1
47C,2017/02/17 16:10:00, 50, 0.0000000, 13,       254, 49,       128, 56, 1.0037853, 72, 512.72595, 73, 507.93063, 77, 19.343750, 79, 1.2396387, 83,     60163,110,        29,116,         0,164,         1
46C,2017/02/17 16:11:00, 50, 0.0000000, 13,       254, 49,       128, 56, 1.0037853, 72, 512.67365, 73, 507.98914, 77, 19.781250, 79, 1.2396387, 83,     60163,110,        29,116,         0,164,         1
53C,2017/02/17 16:12:00, 50, 0.0000000, 13,       254, 49,        64, 56, 1.0037853, 72, 512.61157, 73, 508.01837, 77, 20.156250, 79, 1.2347773, 83,     60163,110,        29,116,         0,164,         1
41C,2017/02/17 16:13:00, 50, 0.0000000, 13,       254, 49,       128, 56, 1.0037853, 72, 512.60498, 73, 508.16458, 77, 20.500000, 79, 1.2444999, 83,     60163,110,        29,116,         0,164,         1
57C,2017/02/17 16:14:00, 50, 0.0000000, 13,       254, 49,        64, 56, 1.0037853, 72, 512.55939, 73, 508.25232, 77, 20.875000, 79, 1.2396387, 83,     60163,110,        29,116,         0,164,         1
52C,2017/02/17 16:15:00, 50, 0.0000000, 13,       254, 49,        64, 56, 1.0037853, 72, 512.51379, 73, 508.36926, 77, 21.218750, 79, 1.2396387, 83,     60163,110,        29,116,         0,164,         1
47C,2017/02/17 16:16:00, 50, 0.0000000, 13,       254, 49,       128, 56, 1.0037853, 72, 512.50330, 73, 508.45700, 77, 21.562500, 79, 1.2396387, 83,     60163,110,        29,116,         0,164,         1
47C,2017/02/17 16:17:00, 50, 0.0000000, 13,       254, 49,       128, 56, 1.0037853, 72, 512.45374, 73, 508.57397, 77, 21.906250, 79, 1.2396387, 83,     60163,110,        29,116,         0,164,         1
4CC,2017/02/17 16:18:00, 50, 0.0000000, 13,       254, 49,       128, 56, 1.0037853, 72, 512.40717, 73, 508.54474, 77, 22.250000, 79, 1.2299160, 83,     60163,110,        29,116,         0,164,         1
4BC,2017/02/17 16:19:00, 50, 0.0000000, 13,       254, 49,       128, 56, 1.0037853, 72, 512.37561, 73, 508.63245, 77, 22.562500, 79, 1.2347773, 83,     60163,110,        29,116,         0,164,         1
4FC,2017/02/17 16:20:00, 50, 0.0000000, 13,       254, 49,       128, 56, 1.0037853, 72, 512.34589, 73, 508.72015, 77, 22.937500, 79, 1.2347773, 83,     60163,110,        29,116,         0,164,         1
54C,2017/02/17 16:21:00, 50, 0.0000000, 13,       254, 49,        64, 56, 1.0037853, 72, 512.27997, 73, 508.77863, 77, 23.250000, 79, 1.2347773, 83,     60163,110,        29,116,         0,164,         1
4CC,2017/02/17 16:22:00, 50, 0.0000000, 13,       254, 49,       128, 56, 1.0037853, 72, 512.21179, 73, 508.86639, 77, 23.562500, 79, 1.2347773, 83,     60163,110,        29,116,         0,164,         1
59C,2017/02/17 16:23:00, 50, 0.0000000, 13,       254, 49,        64, 56, 1.0037853, 72, 512.17651, 73, 508.92487, 77, 23.843750, 79, 1.2444999, 83,     60163,110,        29,116,         0,164,         1
5CC,2017/02/17 16:24:00, 50, 0.0000000, 13,       254, 49,        64, 56, 1.0037853, 72, 512.11432, 73, 508.98334, 77, 24.093750, 79, 1.2347773, 83,     58115,110,        29,116,         0,164,         1
42C,2017/02/17 16:25:00, 50, 0.0000000, 13,       254, 49,       128, 56, 1.0037853, 72, 512.10809, 73, 509.04181, 77, 24.406250, 79, 1.2299160, 83,     58115,110,        29,116,         0,164,         1
45C,2017/02/17 16:26:00, 50, 0.0000000, 13,       254, 49,       128, 56, 1.0037853, 72, 512.04327, 73, 509.10034, 77, 24.718750, 79, 1.2250546, 83,     58115,110,        29,116,         0,164,         1
43C,2017/02/17 16:27:00, 50, 0.0000000, 13,       254, 49,       128, 56, 1.0037853, 72, 512.01782, 73, 509.18805, 77, 25.031250, 79, 1.2347773, 83,     58115,110,        29,116,         0,164,         1
53C,2017/02/17 16:28:00, 50, 0.0000000, 13,       254, 49,        64, 56, 1.0037853, 72, 511.95776, 73, 509.24652, 77, 25.343750, 79, 1.2250546, 83,     58115,110,        29,116,         0,164,         1
51C,2017/02/17 16:29:00, 50, 0.0000000, 13,       254, 49,        64, 56, 1.0037853, 72, 511.92670, 73, 509.33423, 77, 25.656250, 79, 1.2299160, 83,     58115,110,        29,116,         0,164,         1
5AC,2017/02/17 16:30:00, 50, 0.0000000, 13,       254, 49,        32, 56, 1.0037853, 72, 511.88098, 73, 509.39276, 77, 25.968750, 79, 1.2299160, 83,     58115,110,        29,116,         0,164,         1
58C,2017/02/17 16:31:00, 50, 0.0000000, 13,       254, 49,        64, 56, 1.0037853, 72, 511.83679, 73, 509.45123, 77, 26.281250, 79, 1.2299160, 83,     58115,110,        29,116,         0,164,         1
56C,2017/02/17 16:32:00, 50, 0.0000000, 13,       254, 49,        32, 56, 1.0037853, 72, 511.80878, 73, 509.56818, 77, 26.593750, 79, 1.2299160, 83,     58115,110,        29,116,         0,164,         1
52C,2017/02/17 16:33:00, 50, 0.0000000, 13,       254, 49,        32, 56, 1.0037853, 72, 511.74878, 73, 509.59741, 77, 26.875000, 79, 1.2250546, 83,     58115,110,        29,116,         0,164,         1
5EC,2017/02/17 16:34:00, 50, 0.0000000, 13,       254, 49,        32, 56, 1.0037853, 72, 511.70386, 73, 509.65588, 77, 27.156250, 79, 1.2347773, 83,     58115,110,        29,116,         0,164,         1
5EC,2017/02/17 16:35:00, 50, 0.0000000, 13,       254, 49,        32, 56, 1.0037853, 72, 511.63855, 73, 509.77289, 77, 27.437500, 79, 1.2396387, 83,     58115,110,        29,116,         0,164,         1
53C,2017/02/17 16:36:00, 50, 0.0000000, 13,       254, 49,        32, 56, 1.0037853, 72, 511.63641, 73, 509.83136, 77, 27.718750, 79, 1.2250546, 83,     58115,110,        29,116,         0,164,         1
59C,2017/02/17 16:37:00, 50, 0.0000000, 13,       254, 49,        32, 56, 1.0037853, 72, 511.62970, 73, 509.88983, 77, 27.968750, 79, 1.2347773, 83,     58115,110,        29,116,         0,164,         1
55C,2017/02/17 16:38:00, 50, 0.0000000, 13,       254, 49,        32, 56, 1.0037853, 72, 511.57593, 73, 509.94830, 77, 28.218750, 79, 1.2250546, 83,     58115,110,        29,116,         0,164,         1
59C,2017/02/17 16:39:00, 50, 0.0000000, 13,       254, 49,        32, 56, 1.0037853, 72, 511.53510, 73, 510.00684, 77, 28.437500, 79, 1.2299160, 83,     57603,110,        29,116,         0,164,         1
55C,2017/02/17 16:40:00, 50, 0.0000000, 13,       254, 49,        64, 56, 1.0037853, 72, 511.49963, 73, 510.06531, 77, 28.687500, 79, 1.2299160, 83,     57603,110,        29,116,         0,164,         1
5FC,2017/02/17 16:41:00, 50, 0.0000000, 13,       254, 49,        64, 56, 1.0037853, 72, 511.46326, 73, 510.12378, 77, 28.937500, 79, 1.2250546, 83,     57603,110,        29,116,         0,164,         1
53C,2017/02/17 16:42:00, 50, 0.0000000, 13,       254, 49,        32, 56, 1.0037853, 72, 511.41302, 73, 510.15302, 77, 29.187500, 79, 1.2299160, 83,     57603,110,        29,116,         0,164,         1
5FC,2017/02/17 16:43:00, 50, 0.0000000, 13,       254, 49,        32, 56, 1.0037853, 72, 511.40833, 73, 510.21149, 77, 29.375000, 79, 1.2250546, 83,     57603,110,        29,116,         0,164,         1
53C,2017/02/17 16:44:00, 50, 0.0000000, 13,       254, 49,        32, 56, 1.0037853, 72, 511.35687, 73, 510.27002, 77, 29.562500, 79, 1.2299160, 83,     57603,110,        29,116,         0,164,         1
55C,2017/02/17 16:45:00, 50, 0.0000000, 13,       254, 49,        32, 56, 1.0037853, 72, 511.33057, 73, 510.35773, 77, 29.718750, 79, 1.2299160, 83,     57603,110,        29,116,         0,164,         1
57C,2017/02/17 16:46:00, 50, 0.0000000, 13,       254, 49,        32, 56, 1.0037853, 72, 511.32788, 73, 510.41620, 77, 29.906250, 79, 1.2250546, 83,     57603,110,        29,116,         0,164,         1
5DC,2017/02/17 16:47:00, 50, 0.0000000, 13,       254, 49,        32, 56, 1.0037853, 72, 511.30383, 73, 510.44543, 77, 30.031250, 79, 1.2250546, 83,     57603,110,        29,116,         0,164,         1
59C,2017/02/17 16:48:00, 50, 0.0000000, 13,       254, 49,        32, 56, 1.0037853, 72, 511.28564, 73, 510.47467, 77, 30.218750, 79, 1.2299160, 83,     57603,110,        29,116,         0,164,         1
54C,2017/02/17 16:49:00, 50, 0.0000000, 13,       254, 49,        32, 56, 1.0037853, 72, 511.27032, 73, 510.50391, 77, 30.375000, 79, 1.2250546, 83,     57603,110,        29,116,         0,164,         1
51C,2017/02/17 16:50:00, 50, 0.0000000, 13,       254, 49,        32, 56, 1.0037853, 72, 511.25415, 73, 510.56244, 77, 30.531250, 79, 1.2250546, 83,     57603,110,        29,116,         0,164,         1
52C,2017/02/17 16:51:00, 50, 0.0000000, 13,       254, 49,        32, 56, 1.0037853, 72, 512.04773, 73, 510.53320, 77, 30.656250, 79, 1.2299160, 83,     57603,110,        29,116,         0,164,         1
55C,2017/02/17 16:52:00, 50, 0.0000000, 13,       254, 49,        32, 56, 1.0037853, 72, 512.38013, 73, 510.65015, 77, 30.843750, 79, 1.2250546, 83,     57603,110,        29,116,         0,164,         1
50C,2017/02/17 16:53:00, 50, 0.0000000, 13,       254, 49,        32, 56, 1.0037853, 72, 511.95306, 73, 510.62091, 77, 31.000000, 79, 1.2396387, 83,     57603,110,        29,116,         0,164,         1
50C,2017/02/17 16:54:00, 50, 0.0000000, 13,       254, 49,        32, 56, 1.0037853, 72, 511.11761, 73, 510.65015, 77, 31.156250, 79, 1.2250546, 83,     57603,110,        29,116,         0,164,         1
5AC,2017/02/17 16:55:00, 50, 0.0000000, 13,       254, 49,        32, 56, 1.0037853, 72, 511.09924, 73, 510.67938, 77, 31.281250, 79, 1.2250546, 83,     57603,110,        29,116,         0,164,         1
5BC,2017/02/17 16:56:00, 50, 0.0000000, 13,       254, 49,        32, 56, 1.0037853, 72, 511.08368, 73, 510.73785, 77, 31.406250, 79, 1.2299160, 83,     57603,110,        29,116,         0,164,         1
5BC,2017/02/17 16:57:00, 50, 0.0000000, 13,       254, 49,        32, 56, 1.0037853, 72, 511.04773, 73, 510.73785, 77, 31.531250, 79, 1.2347773, 83,     57603,110,        29,116,         0,164,         1
5DC,2017/02/17 16:58:00, 50, 0.0000000, 13,       254, 49,        32, 56, 1.0037853, 72, 511.05859, 73, 510.76709, 77, 31.593750, 79, 1.2250546, 83,     57603,110,        29,116,         0,164,         1
53C,2017/02/17 16:59:00, 50, 0.0000000, 13,       254, 49,        32, 56, 1.0037853, 72, 511.05511, 73, 510.79633, 77, 31.625000, 79, 1.2299160, 83,     57603,110,        29,116,         0,164,         1
5FC,2017/02/17 17:00:00, 50, 0.0000000, 13,       254, 49,        32, 56, 1.0037853, 72, 510.98566, 73, 510.85486, 77, 31.687500, 79, 1.2347773, 83,     57603,110,        29,116,         0,164,         1
5EC,2017/02/17 17:01:00, 50, 0.0000000, 13,       254, 49,        32, 56, 1.0037853, 72, 511.02710, 73, 510.85486, 77, 31.812500, 79, 1.2250546, 83,     57603,110,        29,116,         0,164,         1
53C,2017/02/17 17:02:00, 50, 0.0000000, 13,       254, 49,        32, 56, 1.0037853, 72, 511.00043, 73, 510.88409, 77, 31.875000, 79, 1.2347773, 83,     57603,110,        29,116,         0,164,         1
50C,2017/02/17 17:03:00, 50, 0.0000000, 13,       254, 49,        32, 56, 1.0037853, 72, 511.00977, 73, 510.88409, 77, 31.968750, 79, 1.2250546, 83,     57603,110,        29,116,         0,164,         1
54C,2017/02/17 17:04:00, 50, 0.0000000, 13,       254, 49,        32, 56, 1.0037853, 72, 510.97034, 73, 510.94257, 77, 32.062500, 79, 1.2299160, 83,     57603,110,        29,116,         0,164,         1
5EC,2017/02/17 17:05:00, 50, 0.0000000, 13,       254, 49,        32, 56, 1.0037853, 72, 510.99878, 73, 510.97180, 77, 32.187500, 79, 1.2250546, 83,     57603,110,        29,116,         0,164,         1
54C,2017/02/17 17:06:00, 50, 0.0000000, 13,       254, 49,        32, 56, 1.0037853, 72, 510.97552, 73, 511.03027, 77, 32.218750, 79, 1.2250546, 83,     57603,110,        29,116,         0,164,         1
59C,2017/02/17 17:07:00, 50, 0.0000000, 13,       254, 49,        32, 56, 1.0037853, 72, 511.00696, 73, 511.03027, 77, 32.375000, 79, 1.2250546, 83,     57603,110,        29,116,         0,164,         1
5DC,2017/02/17 17:08:00, 50, 0.0000000, 13,       254, 49,        32, 56, 1.0037853, 72, 511.01385, 73, 511.08875, 77, 32.468750, 79, 1.2250546, 83,     57603,110,        29,116,         0,164,         1
54C,2017/02/17 17:09:00, 50, 0.0000000, 13,       254, 49,        32, 56, 1.0037853, 72, 511.02911, 73, 511.08875, 77, 32.562500, 79, 1.2250546, 83,     57603,110,        29,116,         0,164,         1
50C,2017/02/17 17:10:00, 50, 0.0000000, 13,       254, 49,        32, 56, 1.0037853, 72, 510.99933, 73, 511.14728, 77, 32.625000, 79, 1.2250546, 83,     57603,110,        29,116,         0,164,         1
58C,2017/02/17 17:11:00, 50, 0.0000000, 13,       254, 49,        32, 56, 1.0037853, 72, 511.05725, 73, 511.17651, 77, 32.781250, 79, 1.2250546, 83,     57603,110,        29,116,         0,164,         1
52C,2017/02/17 17:12:00, 50, 0.0000000, 13,       254, 49,        32, 56, 1.0037853, 72, 511.05609, 73, 511.23499, 77, 32.812500, 79, 1.2250546, 83,     57603,110,        29,116,         0,164,         1
5BC,2017/02/17 17:13:00, 50, 0.0000000, 13,       254, 49,        32, 56, 1.0037853, 72, 511.04340, 73, 511.26422, 77, 32.875000, 79, 1.2250546, 83,     57603,110,        29,116,         0,164,         1
5EC,2017/02/17 17:14:00, 50, 0.0000000, 13,       254, 49,        32, 56, 1.0037853, 72, 511.05731, 73, 511.29346, 77, 33.000000, 79, 1.2250546, 83,     57603,110,        29,116,         0,164,         1
59C,2017/02/17 17:15:00, 50, 0.0000000, 13,       254, 49,        32, 56, 1.0037853, 72, 511.04816, 73, 511.29346, 77, 33.093750, 79, 1.2299160, 83,     57603,110,        29,116,         0,164,         1
55C,2017/02/17 17:16:00, 50, 0.0000000, 13,       254, 49,        32, 56, 1.0037853, 72, 511.03119, 73, 511.32269, 77, 33.156250, 79, 1.2250546, 83,     57603,110,        29,116,         0,164,         1
51C,2017/02/17 17:17:00, 50, 0.0000000, 13,       254, 49,        32, 56, 1.0037853, 72, 511.07629, 73, 511.38116, 77, 33.281250, 79, 1.2201934, 83,     57603,110,        29,116,         0,164,         1
54C,2017/02/17 17:18:00, 50, 0.0000000, 13,       254, 49,        32, 56, 1.0037853, 72, 511.08588, 73, 511.43970, 77, 33.312500, 79, 1.2201934, 83,     57603,110,        29,116,         0,164,         1
57C,2017/02/17 17:19:00, 50, 0.0000000, 13,       254, 49,        32, 56, 1.0037853, 72, 511.09784, 73, 511.46893, 77, 33.375000, 79, 1.2201934, 83,     57603,110,        29,116,         0,164,         1
55C,2017/02/17 17:20:00, 50, 0.0000000, 13,       254, 49,        32, 56, 1.0037853, 72, 511.15411, 73, 511.49817, 77, 33.437500, 79, 1.2250546, 83,     57603,110,        29,116,         0,164,         1
53C,2017/02/17 17:21:00, 50, 0.0000000, 13,       254, 49,        32, 56, 1.0037853, 72, 511.12067, 73, 511.49817, 77, 33.531250, 79, 1.2250546, 83,     57603,110,        29,116,         0,164,         1
57C,2017/02/17 17:22:00, 50, 0.0000000, 13,       254, 49,        32, 56, 1.0037853, 72, 511.15222, 73, 511.58588, 77, 33.593750, 79, 1.2299160, 83,     57603,110,        29,116,         0,164,         1
52C,2017/02/17 17:23:00, 50, 0.0000000, 13,       254, 49,        32, 56, 1.0037853, 72, 511.14172, 73, 511.61511, 77, 33.625000, 79, 1.2250546, 83,     57603,110,        29,116,         0,164,         1
5EC,2017/02/17 17:24:00, 50, 0.0000000, 13,       254, 49,        32, 56, 1.0037853, 72, 511.16077, 73, 511.61511, 77, 33.718750, 79, 1.2250546, 83,     57603,110,        29,116,         0,164,         1
56C,2017/02/17 17:25:00, 50, 0.0000000, 13,       254, 49,        32, 56, 1.0037853, 72, 511.15356, 73, 511.64435, 77, 33.781250, 79, 1.2201934, 83,     57603,110,        29,116,         0,164,         1
50C,2017/02/17 17:26:00, 50, 0.0000000, 13,       254, 49,        32, 56, 1.0037853, 72, 511.18518, 73, 511.67358, 77, 33.875000, 79, 1.2299160, 83,     57603,110,        29,116,         0,164,         1
5EC,2017/02/17 17:27:00, 50, 0.0000000, 13,       254, 49,        32, 56, 1.0037853, 72, 511.20050, 73, 511.70288, 77, 33.906250, 79, 1.2250546, 83,     57603,110,        29,116,         0,164,         1
58C,2017/02/17 17:28:00, 50, 0.0000000, 13,       254, 49,        32, 56, 1.0037853, 72, 511.19495, 73, 511.76135, 77, 33.968750, 79, 1.2250546, 83,     57603,110,        29,116,         0,164,         1
5EC,2017/02/17 17:29:00, 50, 0.0000000, 13,       254, 49,        32, 56, 1.0037853, 72, 511.57556, 73, 511.79059, 77, 34.031250, 79, 1.2250546, 83,     57603,110,        29,116,         0,164,         1
5BC,2017/02/17 17:30:00, 50, 0.0000000, 13,       254, 49,        32, 56, 1.0037853, 72, 511.22620, 73, 511.79059, 77, 34.093750, 79, 1.2250546, 83,     57603,110,        29,116,         0,164,         1
58C,2017/02/17 17:31:00, 50, 0.0000000, 13,       254, 49,        32, 56, 1.0037853, 72, 511.19592, 73, 511.81982, 77, 34.156250, 79, 1.2299160, 83,     57603,110,        29,116,         0,164,         1
55C,2017/02/17 17:32:00, 50, 0.0000000, 13,       254, 49,        32, 56, 1.0037853, 72, 511.24200, 73, 511.84906, 77, 34.156250, 79, 1.2250546, 83,     57603,110,        29,116,         0,164,         1
50C,2017/02/17 17:33:00, 50, 0.0000000, 13,       254, 49,        32, 56, 1.0037853, 72, 511.21637, 73, 511.84906, 77, 34.218750, 79, 1.2201934, 83,     57603,110,        29,116,         0,164,         1
5AC,2017/02/17 17:34:00, 50, 0.0000000, 13,       254, 49,        32, 56, 1.0037853, 72, 511.26758, 73, 511.87830, 77, 34.281250, 79, 1.2201934, 83,     57603,110,        29,116,         0,164,         1
5DC,2017/02/17 17:35:00, 50, 0.0000000, 13,       254, 49,        32, 56, 1.0037853, 72, 511.30841, 73, 511.96606, 77, 34.281250, 79, 1.2250546, 83,     57603,110,        29,116,         0,164,         1
53C,2017/02/17 17:36:00, 50, 0.0000000, 13,       254, 49,        32, 56, 1.0037853, 72, 511.29742, 73, 511.96606, 77, 34.312500, 79, 1.2250546, 83,     57603,110,        29,116,         0,164,         1
50C,2017/02/17 17:37:00, 50, 0.0000000, 13,       254, 49,        32, 56, 1.0037853, 72, 511.27356, 73, 511.93677, 77, 34.343750, 79, 1.2201934, 83,     57603,110,        29,116,         0,164,         1
50C,2017/02/17 17:38:00, 50, 0.0000000, 13,       254, 49,        32, 56, 1.0037853, 72, 511.27478, 73, 511.96606, 77, 34.375000, 79, 1.2201934, 83,     57603,110,        29,116,         0,164,         1
59C,2017/02/17 17:39:00, 50, 0.0000000, 13,       254, 49,        32, 56, 1.0037853, 72, 511.31134, 73, 512.02454, 77, 34.406250, 79, 1.2250546, 83,     57603,110,        29,116,         0,164,         1
58C,2017/02/17 17:40:00, 50, 0.0000000, 13,       254, 49,        32, 56, 1.0037853, 72, 511.34607, 73, 512.02454, 77, 34.437500, 79, 1.2201934, 83,     57603,110,        29,116,         0,164,         1
56C,2017/02/17 17:41:00, 50, 0.0000000, 13,       254, 49,        32, 56, 1.0037853, 72, 511.34229, 73, 512.05377, 77, 34.468750, 79, 1.2153320, 83,     57603,110,        29,116,         0,164,         1
55C,2017/02/17 17:42:00, 50, 0.0000000, 13,       254, 49,        32, 56, 1.0037853, 72, 511.33929, 73, 512.11224, 77, 34.531250, 79, 1.2250546, 83,     57603,110,        29,116,         0,164,         1
5AC,2017/02/17 17:43:00, 50, 0.0000000, 13,       254, 49,        32, 56, 1.0037853, 72, 511.35962, 73, 512.08301, 77, 34.562500, 79, 1.2201934, 83,     57603,110,        29,116,         0,164,         1
58C,2017/02/17 17:44:00, 50, 0.0000000, 13,       254, 49,        32, 56, 1.0037853, 72, 511.36072, 73, 512.11224, 77, 34.562500, 79, 1.2201934, 83,     57603,110,        29,116,         0,164,         1
5AC,2017/02/17 17:45:00, 50, 0.0000000, 13,       254, 49,        32, 56, 1.0037853, 72, 511.37933, 73, 512.17072, 77, 34.593750, 79, 1.2201934, 83,     57603,110,        29,116,         0,164,         1
57C,2017/02/17 17:46:00, 50, 0.0000000, 13,       254, 49,        32, 56, 1.0037853, 72, 511.36896, 73, 512.17072, 77, 34.625000, 79, 1.2250546, 83,     57603,110,        29,116,         0,164,         1
5BC,2017/02/17 17:47:00, 50, 0.0000000, 13,       254, 49,        32, 56, 1.0037853, 72, 511.38129, 73, 512.17072, 77, 34.656250, 79, 1.2201934, 83,     57603,110,        29,116,         0,164,         1
5CC,2017/02/17 17:48:00, 50, 0.0000000, 13,       254, 49,        32, 56, 1.0037853, 72, 511.37323, 73, 512.22919, 77, 34.656250, 79, 1.2250546, 83,     57603,110,        29,116,         0,164,         1
5BC,2017/02/17 17:49:00, 50, 0.0000000, 13,       254, 49,        32, 56, 1.0037853, 72, 511.35144, 73, 512.28772, 77, 34.718750, 79, 1.2250546, 83,     57603,110,        29,116,         0,164,         1
58C,2017/02/17 17:50:00, 50, 0.0000000, 13,       254, 49,        16, 56, 1.0037853, 72, 511.37024, 73, 512.25848, 77, 34.750000, 79, 1.2201934, 83,     57603,110,        29,116,         0,164,         1
57C,2017/02/17 17:51:00, 50, 0.0000000, 13,       254, 49,        32, 56, 1.0037853, 72, 511.34692, 73, 512.28772, 77, 34.781250, 79, 1.2201934, 83,     57603,110,        29,116,         0,164,         1
50C,2017/02/17 17:52:00, 50, 0.0000000, 13,       254, 49,        32, 56, 1.0037853, 72, 511.37970, 73, 512.28772, 77, 34.843750, 79, 1.2201934, 83,     57603,110,        29,116,         0,164,         1
5CC,2017/02/17 17:53:00, 50, 0.0000000, 13,       254, 49,        32, 56, 1.0037853, 72, 511.42072, 73, 512.31696, 77, 34.875000, 79, 1.2201934, 83,     57603,110,        29,116,         0,164,         1
55C,2017/02/17 17:54:00, 50, 0.0000000, 13,       254, 49,        32, 56, 1.0037853, 72, 511.38586, 73, 512.34619, 77, 34.906250, 79, 1.2250546, 83,     57603,110,        29,116,         0,164,         1
56C,2017/02/17 17:55:00, 50, 0.0000000, 13,       254, 49,        32, 56, 1.0037853, 72, 511.41577, 73, 512.37543, 77, 34.968750, 79, 1.2250546, 83,     57603,110,        29,116,         0,164,         1
5AC,2017/02/17 17:56:00, 50, 0.0000000, 13,       254, 49,        16, 56, 1.0037853, 72, 511.42493, 73, 512.46313, 77, 35.000000, 79, 1.2250546, 83,     57603,110,        29,116,         0,164,         1
56C,2017/02/17 17:57:00, 50, 0.0000000, 13,       254, 49,        32, 56, 1.0037853, 72, 511.44690, 73, 512.46313, 77, 35.062500, 79, 1.2201934, 83,     57603,110,        29,116,         0,164,         1
5FC,2017/02/17 17:58:00, 50, 0.0000000, 13,       254, 49,        16, 56, 1.0037853, 72, 511.48370, 73, 512.43390, 77, 35.093750, 79, 1.2201934, 83,     57603,110,        29,116,         0,164,         1
59C,2017/02/17 17:59:00, 50, 0.0000000, 13,       254, 49,        32, 56, 1.0037853, 72, 511.46338, 73, 512.49237, 77, 35.156250, 79, 1.2299160, 83,     57603,110,        29,116,         0,164,         1
58C,2017/02/17 18:00:00, 50, 0.0000000, 13,       254, 49,        16, 56, 1.0037853, 72, 511.50000, 73, 512.49237, 77, 35.187500, 79, 1.2250546, 83,     57603,110,        29,116,         0,164,         1
54C,2017/02/17 18:01:00, 50, 0.0000000, 13,       254, 49,        32, 56, 1.0037853, 72, 511.51465, 73, 512.52161, 77, 35.218750, 79, 1.2299160, 83,     57603,110,        29,116,         0,164,         1
55C,2017/02/17 18:02:00, 50, 0.0000000, 13,       254, 49,        32, 56, 1.0037853, 72, 511.51550, 73, 512.55090, 77, 35.281250, 79, 1.2201934, 83,     57603,110,        29,116,         0,164,         1
5DC,2017/02/17 18:03:00, 50, 0.0000000, 13,       254, 49,        16, 56, 1.0037853, 72, 511.50702, 73, 512.52161, 77, 35.250000, 79, 1.2104707, 83,     57603,110,        29,116,         0,164,         1
55C,2017/02/17 18:04:00, 50, 0.0000000, 13,       254, 49,        32, 56, 1.0037853, 72, 512.43658, 73, 512.52161, 77, 35.218750, 79, 1.2201934, 83,     57603,110,        29,116,         0,164,         1
5DC,2017/02/17 18:05:00, 50, 0.0000000, 13,       254, 49,        16, 56, 1.0037853, 72, 512.65912, 73, 512.55090, 77, 35.125000, 79, 1.2250546, 83,     57603,110,        29,116,         0,164,         1
57C,2017/02/17 18:06:00, 50, 0.0000000, 13,       254, 49,        32, 56, 1.0037853, 72, 512.70093, 73, 512.52161, 77, 35.031250, 79, 1.2250546, 83,     57603,110,        29,116,         0,164,         1
51C,2017/02/17 18:07:00, 50, 0.0000000, 13,       254, 49,        16, 56, 1.0037853, 72, 512.72278, 73, 512.49237, 77, 34.875000, 79, 1.2250546, 83,     57603,110,        29,116,         0,164,         1
5FC,2017/02/17 18:08:00, 50, 0.0000000, 13,       254, 49,        32, 56, 1.0037853, 72, 512.75806, 73, 512.49237, 77, 34.781250, 79, 1.2250546, 83,     57603,110,        29,116,         0,164,         1
5DC,2017/02/17 18:09:00, 50, 0.0000000, 13,       254, 49,        32, 56, 1.0037853, 72, 512.75824, 73, 512.43390, 77, 34.687500, 79, 1.2250546, 83,     57603,110,        29,116,         0,164,         1
5BC,2017/02/17 18:10:00, 50, 0.0000000, 13,       254, 49,        16, 56, 1.0037853, 72, 512.77936, 73, 512.43390, 77, 34.625000, 79, 1.2299160, 83,     57603,110,        29,116,         0,164,         1
58C,2017/02/17 18:11:00, 50, 0.0000000, 13,       254, 49,        32, 56, 1.0037853, 72, 511.90186, 73, 512.40466, 77, 34.562500, 79, 1.2250546, 83,     57603,110,        29,116,         0,164,         1
53C,2017/02/17 18:12:00, 50, 0.0000000, 13,       254, 49,        16, 56, 1.0037853, 72, 512.67798, 73, 512.43390, 77, 34.531250, 79, 1.2299160, 83,     57603,110,        29,116,         0,164,         1
5CC,2017/02/17 18:13:00, 50, 0.0000000, 13,       254, 49,        16, 56, 1.0037853, 72, 512.81964, 73, 512.49237, 77, 34.500000, 79, 1.2201934, 83,     57603,110,        29,116,         0,164,         1
5BC,2017/02/17 18:14:00, 50, 0.0000000, 13,       254, 49,        32, 56, 1.0037853, 72, 512.82764, 73, 512.43390, 77, 34.468750, 79, 1.2201934, 83,     57603,110,        29,116,         0,164,         1
59C,2017/02/17 18:15:01, 50, 0.0000000, 13,       254, 49,        16, 56, 1.0037853, 72, 512.86505, 73, 512.40466, 77, 34.468750, 79, 1.2299160, 83,     57603,110,        29,116,         0,164,         1
53C,2017/02/17 18:16:00, 50, 0.0000000, 13,       254, 49,        16, 56, 1.0037853, 72, 512.87604, 73, 512.46313, 77, 34.468750, 79, 1.2201934, 83,     57603,110,        29,116,         0,164,         1
5FC,2017/02/17 18:17:00, 50, 0.0000000, 13,       254, 49,        32, 56, 1.0037853, 72, 512.88934, 73, 512.49237, 77, 34.500000, 79, 1.2250546, 83,     57603,110,        29,116,         0,164,         1
54C,2017/02/17 18:18:00, 50, 0.0000000, 13,       254, 49,        16, 56, 1.0037853, 72, 512.91040, 73, 512.49237, 77, 34.500000, 79, 1.2250546, 83,     57603,110,        29,116,         0,164,         1
57C,2017/02/17 18:19:00, 50, 0.0000000, 13,       254, 49,        16, 56, 1.0037853, 72, 512.89496, 73, 512.46313, 77, 34.562500, 79, 1.2201934, 83,     57603,110,        29,116,         0,164,         1
57C,2017/02/17 18:20:00, 50, 0.0000000, 13,       254, 49,        16, 56, 1.0037853, 72, 512.95135, 73, 512.55090, 77, 34.593750, 79, 1.2299160, 83,     57603,110,        29,116,         0,164,         1
5BC,2017/02/17 18:21:00, 50, 0.0000000, 13,       254, 49,        32, 56, 1.0037853, 72, 512.95898, 73, 512.55090, 77, 34.593750, 79, 1.2250546, 83,     57603,110,        29,116,         0,164,         1
53C,2017/02/17 18:22:00, 50, 0.0000000, 13,       254, 49,        16, 56, 1.0037853, 72, 512.92725, 73, 512.58014, 77, 34.656250, 79, 1.2201934, 83,     57603,110,        29,116,         0,164,         1
56C,2017/02/17 18:23:00, 50, 0.0000000, 13,       254, 49,        32, 56, 1.0037853, 72, 512.96277, 73, 512.66785, 77, 34.687500, 79, 1.2299160, 83,     57603,110,        29,116,         0,164,         1
53C,2017/02/17 18:24:00, 50, 0.0000000, 13,       254, 49,        32, 56, 1.0037853, 72, 512.95789, 73, 512.63861, 77, 34.718750, 79, 1.2250546, 83,     57603,110,        29,116,         0,164,         1
53C,2017/02/17 18:25:00, 50, 0.0000000, 13,       254, 49,        16, 56, 1.0037853, 72, 512.98730, 73, 512.66785, 77, 34.781250, 79, 1.2201934, 83,     57603,110,        29,116,         0,164,         1
5FC,2017/02/17 18:26:00, 50, 0.0000000, 13,       254, 49,        32, 56, 1.0037853, 72, 512.99695, 73, 512.66785, 77, 34.750000, 79, 1.2250546, 83,     57603,110,        29,116,         0,164,         1
5BC,2017/02/17 18:27:00, 50, 0.0000000, 13,       254, 49,        32, 56, 1.0037853, 72, 512.98383, 73, 512.66785, 77, 34.781250, 79, 1.2201934, 83,     57603,110,        29,116,         0,164,         1
58C,2017/02/17 18:28:00, 50, 0.0000000, 13,       254, 49,        16, 56, 1.0037853, 72, 513.00983, 73, 512.66785, 77, 34.781250, 79, 1.2201934, 83,     57603,110,        29,116,         0,164,         1
57C,2017/02/17 18:29:00, 50, 0.0000000, 13,       254, 49,        16, 56, 1.0037853, 72, 513.03345, 73, 512.69708, 77, 34.812500, 79, 1.2201934, 83,     57603,110,        29,116,         0,164,         1
5AC,2017/02/17 18:30:00, 50, 0.0000000, 13,       254, 49,        32, 56, 1.0037853, 72, 513.01178, 73, 512.69708, 77, 34.812500, 79, 1.2250546, 83,     57603,110,        29,116,         0,164,         1
53C,2017/02/17 18:31:00, 50, 0.0000000, 13,       254, 49,        32, 56, 1.0037853, 72, 513.06262, 73, 512.69708, 77, 34.781250, 79, 1.2250546, 83,     57603,110,        29,116,         0,164,         1
5BC,2017/02/17 18:32:00, 50, 0.0000000, 13,       254, 49,        16, 56, 1.0037853, 72, 512.99829, 73, 512.66785, 77, 34.718750, 79, 1.2250546, 83,     57603,110,        29,116,         0,164,         1
56C,2017/02/17 18:33:00, 50, 0.0000000, 13,       254, 49,        16, 56, 1.0037853, 72, 512.99426, 73, 512.60937, 77, 34.656250, 79, 1.2250546, 83,     57603,110,        29,116,         0,164,         1
56C,2017/02/17 18:34:00, 50, 0.0000000, 13,       254, 49,        32, 56, 1.0037853, 72, 513.00525, 73, 512.60937, 77, 34.593750, 79, 1.2201934, 83,     57603,110,        29,116,         0,164,         1
51C,2017/02/17 18:35:00, 50, 0.0000000, 13,       254, 49,        32, 56, 1.0037853, 72, 513.03015, 73, 512.58014, 77, 34.531250, 79, 1.2250546, 83,     57603,110,        29,116,         0,164,         1
57C,2017/02/17 18:36:00, 50, 0.0000000, 13,       254, 49,        16, 56, 1.0037853, 72, 513.04382, 73, 512.55090, 77, 34.468750, 79, 1.2250546, 83,     57603,110,        29,116,         0,164,         1
5AC,2017/02/17 18:37:00, 50, 0.0000000, 13,       254, 49,        16, 56, 1.0037853, 72, 513.00537, 73, 512.52161, 77, 34.406250, 79, 1.2299160, 83,     57603,110,        29,116,         0,164,         1
5BC,2017/02/17 18:38:00, 50, 0.0000000, 13,       254, 49,        32, 56, 1.0037853, 72, 513.03186, 73, 512.52161, 77, 34.312500, 79, 1.2250546, 83,     57603,110,        29,116,         0,164,         1
56C,2017/02/17 18:39:00, 50, 0.0000000, 13,       254, 49,        32, 56, 1.0037853, 72, 513.01099, 73, 512.52161, 77, 34.218750, 79, 1.2201934, 83,     57603,110,        29,116,         0,164,         1
57C,2017/02/17 18:40:00, 50, 0.0000000, 13,       254, 49,        32, 56, 1.0037853, 72, 513.02295, 73, 512.52161, 77, 34.125000, 79, 1.2250546, 83,     57603,110,        29,116,         0,164,         1
59C,2017/02/17 18:41:00, 50, 0.0000000, 13,       254, 49,        16, 56, 1.0037853, 72, 513.02521, 73, 512.46313, 77, 34.031250, 79, 1.2250546, 83,     57603,110,        29,116,         0,164,         1
5FC,2017/02/17 18:42:00, 50, 0.0000000, 13,       254, 49,        32, 56, 1.0037853, 72, 513.03754, 73, 512.49237, 77, 33.937500, 79, 1.2250546, 83,     57603,110,        29,116,         0,164,         1
5BC,2017/02/17 18:43:00, 50, 0.0000000, 13,       254, 49,        32, 56, 1.0037853, 72, 513.04797, 73, 512.43390, 77, 33.812500, 79, 1.2201934, 83,     57603,110,        29,116,         0,164,         1
5EC,2017/02/17 18:44:00, 50, 0.0000000, 13,       254, 49,        32, 56, 1.0037853, 72, 513.05469, 73, 512.46313, 77, 33.718750, 79, 1.2250546, 83,     57603,110,        29,116,         0,164,         1
51C,2017/02/17 18:45:00, 50, 0.0000000, 13,       254, 49,        32, 56, 1.0037853, 72, 513.07843, 73, 512.37543, 77, 33.625000, 79, 1.2250546, 83,     57603,110,        29,116,         0,164,         1
5FC,2017/02/17 18:46:00, 50, 0.0000000, 13,       254, 49,        32, 56, 1.0037853, 72, 513.08813, 73, 512.40466, 77, 33.531250, 79, 1.2250546, 83,     57603,110,        29,116,         0,164,         1
59C,2017/02/17 18:47:00, 50, 0.0000000, 13,       254, 49,        32, 56, 1.0037853, 72, 513.11505, 73, 512.40466, 77, 33.437500, 79, 1.2250546, 83,     57603,110,        29,116,         0,164,         1
56C,2017/02/17 18:48:00, 50, 0.0000000, 13,       254, 49,        32, 56, 1.0037853, 72, 513.11481, 73, 512.40466, 77, 33.437500, 79, 1.2201934, 83,     57603,110,        29,116,         0,164,         1
50C,2017/02/17 18:49:00, 50, 0.0000000, 13,       254, 49,        32, 56, 1.0037853, 72, 513.11780, 73, 512.37543, 77, 33.343750, 79, 1.2201934, 83,     57603,110,        29,116,         0,164,         1
56C,2017/02/17 18:50:00, 50, 0.0000000, 13,       254, 49,        32, 56, 1.0037853, 72, 513.14227, 73, 512.37543, 77, 33.312500, 79, 1.2201934, 83,     57603,110,        29,116,         0,164,         1
5BC,2017/02/17 18:51:00, 50, 0.0000000, 13,       254, 49,        32, 56, 1.0037853, 72, 513.17230, 73, 512.37543, 77, 33.281250, 79, 1.2201934, 83,     57603,110,        29,116,         0,164,         1
50C,2017/02/17 18:52:00, 50, 0.0000000, 13,       254, 49,        32, 56, 1.0037853, 72, 513.20508, 73, 512.40466, 77, 33.250000, 79, 1.2250546, 83,     57603,110,        29,116,         0,164,         1
54C,2017/02/17 18:53:00, 50, 0.0000000, 13,       254, 49,        32, 56, 1.0037853, 72, 513.17511, 73, 512.37543, 77, 33.156250, 79, 1.2201934, 83,     57603,110,        29,116,         0,164,         1
54C,2017/02/17 18:54:00, 50, 0.0000000, 13,       254, 49,        32, 56, 1.0037853, 72, 513.21899, 73, 512.40466, 77, 33.062500, 79, 1.2250546, 83,     57603,110,        29,116,         0,164,         1
5AC,2017/02/17 18:55:00, 50, 0.0000000, 13,       254, 49,        32, 56, 1.0037853, 72, 513.23022, 73, 512.40466, 77, 33.062500, 79, 1.2299160, 83,     57603,110,        29,116,         0,164,         1
5DC,2017/02/17 18:56:00, 50, 0.0000000, 13,       254, 49,        32, 56, 1.0037853, 72, 513.26819, 73, 512.40466, 77, 33.031250, 79, 1.2250546, 83,     57603,110,        29,116,         0,164,         1
56C,2017/02/17 18:57:00, 50, 0.0000000, 13,       254, 49,        32, 56, 1.0037853, 72, 513.21448, 73, 512.43390, 77, 33.000000, 79, 1.2201934, 83,     57603,110,        29,116,         0,164,         1
59C,2017/02/17 18:58:00, 50, 0.0000000, 13,       254, 49,        32, 56, 1.0037853, 72, 513.24426, 73, 512.40466, 77, 33.000000, 79, 1.2201934, 83,     57603,110,        29,116,         0,164,         1
5FC,2017/02/17 18:59:00, 50, 0.0000000, 13,       254, 49,        32, 56, 1.0037853, 72, 513.27332, 73, 512.37543, 77, 33.000000, 79, 1.2201934, 83,     57603,110,        29,116,         0,164,         1
5CC,2017/02/17 19:00:00, 50, 0.0000000, 13,       254, 49,        32, 56, 1.0037853, 72, 513.26849, 73, 512.37543, 77, 33.000000, 79, 1.2104707, 83,     57603,110,        29,116,         0,164,         1
54C,2017/02/17 19:01:00, 50, 0.0000000, 13,       254, 49,        32, 56, 1.0037853, 72, 513.29651, 73, 512.37543, 77, 32.968750, 79, 1.2250546, 83,     57603,110,        29,116,         0,164,         1
55C,2017/02/17 19:02:00, 50, 0.0000000, 13,       254, 49,        32, 56, 1.0037853, 72, 513.30597, 73, 512.40466, 77, 32.968750, 79, 1.2299160, 83,     57603,110,        29,116,         0,164,         1
5FC,2017/02/17 19:03:00, 50, 0.0000000, 13,       254, 49,        32, 56, 1.0037853, 72, 513.30029, 73, 512.43390, 77, 32.968750, 79, 1.2347773, 83,     57603,110,        29,116,         0,164,         1
5CC,2017/02/17 19:04:00, 50, 0.0000000, 13,       254, 49,        32, 56, 1.0037853, 72, 513.30695, 73, 512.40466, 77, 32.937500, 79, 1.2153320, 83,     57603,110,        29,116,         0,164,         1
55C,2017/02/17 19:05:00, 50, 0.0000000, 13,       254, 49,        32, 56, 1.0037853, 72, 513.31775, 73, 512.43390, 77, 32.906250, 79, 1.2201934, 83,     57603,110,        29,116,         0,164,         1
5EC,2017/02/17 19:06:00, 50, 0.0000000, 13,       254, 49,        32, 56, 1.0037853, 72, 513.31207, 73, 512.43390, 77, 32.937500, 79, 1.2299160, 83,     57603,110,        29,116,         0,164,         1
5CC,2017/02/17 19:07:00, 50, 0.0000000, 13,       254, 49,        32, 56, 1.0037853, 72, 513.30072, 73, 512.43390, 77, 32.875000, 79, 1.2299160, 83,     57603,110,        29,116,         0,164,         1
52C,2017/02/17 19:08:00, 50, 0.0000000, 13,       254, 49,        32, 56, 1.0037853, 72, 513.34485, 73, 512.40466, 77, 32.906250, 79, 1.2347773, 83,     57603,110,        29,116,         0,164,         1
55C,2017/02/17 19:09:00, 50, 0.0000000, 13,       254, 49,        32, 56, 1.0037853, 72, 513.38446, 73, 512.46313, 77, 32.906250, 79, 1.2299160, 83,     57603,110,        29,116,         0,164,         1
54C,2017/02/17 19:10:00, 50, 0.0000000, 13,       254, 49,        32, 56, 1.0037853, 72, 513.36139, 73, 512.43390, 77, 32.875000, 79, 1.2347773, 83,     57603,110,        29,116,         0,164,         1
5CC,2017/02/17 19:11:00, 50, 0.0000000, 13,       254, 49,        32, 56, 1.0037853, 72, 513.34766, 73, 512.43390, 77, 32.843750, 79, 1.2347773, 83,     57603,110,        29,116,         0,164,         1
5FC,2017/02/17 19:12:00, 50, 0.0000000, 13,       254, 49,        32, 56, 1.0037853, 72, 513.39575, 73, 512.46313, 77, 32.843750, 79, 1.2250546, 83,     57603,110,        29,116,         0,164,         1
54C,2017/02/17 19:13:00, 50, 0.0000000, 13,       254, 49,        32, 56, 1.0037853, 72, 513.37653, 73, 512.46313, 77, 32.812500, 79, 1.2250546, 83,     57603,110,        29,116,         0,164,         1
50C,2017/02/17 19:14:00, 50, 0.0000000, 13,       254, 49,        32, 56, 1.0037853, 72, 513.38843, 73, 512.46313, 77, 32.843750, 79, 1.2396387, 83,     57603,110,        29,116,         0,164,         1
52C,2017/02/17 19:15:00, 50, 0.0000000, 13,       254, 49,        32, 56, 1.0037853, 72, 513.40363, 73, 512.46313, 77, 32.843750, 79, 1.2299160, 83,     57603,110,        29,116,         0,164,         1
51C,2017/02/17 19:16:00, 50, 0.0000000, 13,       254, 49,        32, 56, 1.0037853, 72, 513.41809, 73, 512.46313, 77, 32.812500, 79, 1.2250546, 83,     57603,110,        29,116,         0,164,         1
55C,2017/02/17 19:17:00, 50, 0.0000000, 13,       254, 49,        32, 56, 1.0037853, 72, 513.43030, 73, 512.49237, 77, 32.812500, 79, 1.2201934, 83,     57603,110,        29,116,         0,164,         1
5CC,2017/02/17 19:18:00, 50, 0.0000000, 13,       254, 49,        32, 56, 1.0037853, 72, 513.41315, 73, 512.49237, 77, 32.812500, 79, 1.2201934, 83,     57603,110,        29,116,         0,164,         1
58C,2017/02/17 19:19:00, 50, 0.0000000, 13,       254, 49,        32, 56, 1.0037853, 72, 513.42859, 73, 512.46313, 77, 32.812500, 79, 1.2250546, 83,     57603,110,        29,116,         0,164,         1
53C,2017/02/17 19:20:00, 50, 0.0000000, 13,       254, 49,        32, 56, 1.0037853, 72, 513.43530, 73, 512.49237, 77, 32.781250, 79, 1.2201934, 83,     57603,110,        29,116,         0,164,         1
5BC,2017/02/17 19:21:00, 50, 0.0000000, 13,       254, 49,        32, 56, 1.0037853, 72, 513.46857, 73, 512.46313, 77, 32.781250, 79, 1.2299160, 83,     57603,110,        29,116,         0,164,         1
51C,2017/02/17 19:22:00, 50, 0.0000000, 13,       254, 49,        32, 56, 1.0037853, 72, 513.48572, 73, 512.49237, 77, 32.781250, 79, 1.2250546, 83,     57603,110,        29,116,         0,164,         1
55C,2017/02/17 19:23:00, 50, 0.0000000, 13,       254, 49,        32, 56, 1.0037853, 72, 513.46295, 73, 512.49237, 77, 32.781250, 79, 1.2299160, 83,     57603,110,        29,116,         0,164,         1
5DC,2017/02/17 19:24:00, 50, 0.0000000, 13,       254, 49,        32, 56, 1.0037853, 72, 513.47778, 73, 512.49237, 77, 32.750000, 79, 1.2153320, 83,     57603,110,        29,116,         0,164,         1
56C,2017/02/17 19:25:00, 50, 0.0000000, 13,       254, 49,        32, 56, 1.0037853, 72, 513.47375, 73, 512.46313, 77, 32.750000, 79, 1.2201934, 83,     57603,110,        29,116,         0,164,         1
5AC,2017/02/17 19:26:00, 50, 0.0000000, 13,       254, 49,        32, 56, 1.0037853, 72, 513.48163, 73, 512.49237, 77, 32.750000, 79, 1.2250546, 83,     57603,110,        29,116,         0,164,         1
58C,2017/02/17 19:27:00, 50, 0.0000000, 13,       254, 49,        32, 56, 1.0037853, 72, 513.51599, 73, 512.52161, 77, 32.750000, 79, 1.2250546, 83,     57603,110,        29,116,         0,164,         1
5AC,2017/02/17 19:28:00, 50, 0.0000000, 13,       254, 49,        32, 56, 1.0037853, 72, 513.55072, 73, 512.49237, 77, 32.718750, 79, 1.2201934, 83,     57603,110,        29,116,         0,164,         1
5CC,2017/02/17 19:29:00, 50, 0.0000000, 13,       254, 49,        32, 56, 1.0037853, 72, 513.50482, 73, 512.52161, 77, 32.750000, 79, 1.2250546, 83,     57603,110,        29,116,         0,164,         1
5FC,2017/02/17 19:30:00, 50, 0.0000000, 13,       254, 49,        32, 56, 1.0037853, 72, 513.52393, 73, 512.52161, 77, 32.718750, 79, 1.2250546, 83,     57603,110,        29,116,         0,164,         1
57C,2017/02/17 19:31:00, 50, 0.0000000, 13,       254, 49,        32, 56, 1.0037853, 72, 513.55316, 73, 512.55090, 77, 32.750000, 79, 1.2299160, 83,     57603,110,        29,116,         0,164,         1
5AC,2017/02/17 19:32:00, 50, 0.0000000, 13,       254, 49,        32, 56, 1.0037853, 72, 513.58875, 73, 512.52161, 77, 32.750000, 79, 1.2250546, 83,     57603,110,        29,116,         0,164,         1
59C,2017/02/17 19:33:00, 50, 0.0000000, 13,       254, 49,        32, 56, 1.0037853, 72, 513.53937, 73, 512.52161, 77, 32.718750, 79, 1.2250546, 83,     57603,110,        29,116,         0,164,         1
50C,2017/02/17 19:34:00, 50, 0.0000000, 13,       254, 49,        32, 56, 1.0037853, 72, 513.54889, 73, 512.52161, 77, 32.718750, 79, 1.2201934, 83,     57603,110,        29,116,         0,164,         1
55C,2017/02/17 19:35:00, 50, 0.0000000, 13,       254, 49,        32, 56, 1.0037853, 72, 513.56610, 73, 512.55090, 77, 32.687500, 79, 1.2201934, 83,     57603,110,        29,116,         0,164,         1
5BC,2017/02/17 19:36:00, 50, 0.0000000, 13,       254, 49,        32, 56, 1.0037853, 72, 513.58466, 73, 512.55090, 77, 32.718750, 79, 1.2201934, 83,     57603,110,        29,116,         0,164,         1
55C,2017/02/17 19:37:00, 50, 0.0000000, 13,       254, 49,        32, 56, 1.0037853, 72, 513.57050, 73, 512.58014, 77, 32.687500, 79, 1.2201934, 83,     57603,110,        29,116,         0,164,         1
53C,2017/02/17 19:38:00, 50, 0.0000000, 13,       254, 49,        32, 56, 1.0037853, 72, 513.60620, 73, 512.55090, 77, 32.718750, 79, 1.2250546, 83,     57603,110,        29,116,         0,164,         1
5FC,2017/02/17 19:39:00, 50, 0.0000000, 13,       254, 49,        32, 56, 1.0037853, 72, 512.47858, 73, 512.52161, 77, 32.687500, 79, 1.2250546, 83,     57603,110,        29,116,         0,164,         1
57C,2017/02/17 19:40:00, 50, 0.0000000, 13,       254, 49,        32, 56, 1.0037853, 72, 513.29395, 73, 512.55090, 77, 32.687500, 79, 1.2201934, 83,     57603,110,        29,116,         0,164,         1
5BC,2017/02/17 19:41:00, 50, 0.0000000, 13,       254, 49,        32, 56, 1.0037853, 72, 513.58105, 73, 512.55090, 77, 32.656250, 79, 1.2347773, 83,     57603,110,        29,116,         0,164,         1
58C,2017/02/17 19:42:00, 50, 0.0000000, 13,       254, 49,        32, 56, 1.0037853, 72, 513.62836, 73, 512.55090, 77, 32.625000, 79, 1.2250546, 83,     57603,110,        29,116,         0,164,         1
5FC,2017/02/17 19:43:00, 50, 0.0000000, 13,       254, 49,        32, 56, 1.0037853, 72, 513.60083, 73, 512.58014, 77, 32.656250, 79, 1.2250546, 83,     57603,110,        29,116,         0,164,         1
53C,2017/02/17 19:44:00, 50, 0.0000000, 13,       254, 49,        32, 56, 1.0037853, 72, 513.60077, 73, 512.58014, 77, 32.656250, 79, 1.2250546, 83,     57603,110,        29,116,         0,164,         1
57C,2017/02/17 19:45:00, 50, 0.0000000, 13,       254, 49,        32, 56, 1.0037853, 72, 513.60388, 73, 512.60937, 77, 32.656250, 79, 1.2299160, 83,     57603,110,        29,116,         0,164,         1
55C,2017/02/17 19:46:00, 50, 0.0000000, 13,       254, 49,        32, 56, 1.0037853, 72, 513.63654, 73, 512.60937, 77, 32.687500, 79, 1.2201934, 83,     57603,110,        29,116,         0,164,         1
53C,2017/02/17 19:47:00, 50, 0.0000000, 13,       254, 49,        32, 56, 1.0037853, 72, 513.66223, 73, 512.69708, 77, 32.718750, 79, 1.2250546, 83,     57603,110,        29,116,         0,164,         1
5EC,2017/02/17 19:48:00, 50, 0.0000000, 13,       254, 49,        32, 56, 1.0037853, 72, 512.62427, 73, 512.66785, 77, 32.812500, 79, 1.2201934, 83,     57603,110,        29,116,         0,164,         1
58C,2017/02/17 19:49:00, 50, 0.0000000, 13,       254, 49,        32, 56, 1.0037853, 72, 513.54657, 73, 512.72632, 77, 32.843750, 79, 1.2250546, 83,     57603,110,        29,116,         0,164,         1
50C,2017/02/17 19:50:00, 50, 0.0000000, 13,       254, 49,        32, 56, 1.0037853, 72, 513.67163, 73, 512.75555, 77, 32.906250, 79, 1.2250546, 83,     57603,110,        29,116,         0,164,         1
57C,2017/02/17 19:51:00, 50, 0.0000000, 13,       254, 49,        32, 56, 1.0037853, 72, 513.66492, 73, 512.75555, 77, 33.000000, 79, 1.2299160, 83,     57603,110,        29,116,         0,164,         1
5EC,2017/02/17 19:52:00, 50, 0.0000000, 13,       254, 49,        32, 56, 1.0037853, 72, 513.66846, 73, 512.81403, 77, 33.031250, 79, 1.2153320, 83,     57603,110,        29,116,         0,164,         1
5CC,2017/02/17 19:53:00, 50, 0.0000000, 13,       254, 49,        32, 56, 1.0037853, 72, 513.68866, 73, 512.87256, 77, 33.062500, 79, 1.2201934, 83,     57603,110,        29,116,         0,164,         1
58C,2017/02/17 19:54:00, 50, 0.0000000, 13,       254, 49,        32, 56, 1.0037853, 72, 513.69879, 73, 512.87256, 77, 33.125000, 79, 1.2153320, 83,     57603,110,        29,116,         0,164,         1
53C,2017/02/17 19:55:00, 50, 0.0000000, 13,       254, 49,        32, 56, 1.0037853, 72, 513.69525, 73, 512.90179, 77, 33.187500, 79, 1.2201934, 83,     57603,110,        29,116,         0,164,         1
59C,2017/02/17 19:56:00, 50, 0.0000000, 13,       254, 49,        32, 56, 1.0037853, 72, 513.68915, 73, 512.87256, 77, 33.218750, 79, 1.2396387, 83,     57603,110,        29,116,         0,164,         1
5AC,2017/02/17 19:57:00, 50, 0.0000000, 13,       254, 49,        32, 56, 1.0037853, 72, 513.70642, 73, 512.93103, 77, 33.281250, 79, 1.2299160, 83,     57603,110,        29,116,         0,164,         1
52C,2017/02/17 19:58:00, 50, 0.0000000, 13,       254, 49,        32, 56, 1.0037853, 72, 513.70129, 73, 512.98950, 77, 33.375000, 79, 1.2250546, 83,     57603,110,        29,116,         0,164,         1
57C,2017/02/17 19:59:00, 50, 0.0000000, 13,       254, 49,        32, 56, 1.0037853, 72, 513.23309, 73, 513.01874, 77, 33.406250, 79, 1.2250546, 83,     57603,110,        29,116,         0,164,         1
5FC,2017/02/17 20:00:00, 50, 0.0000000, 13,       254, 49,        32, 56, 1.0037853, 72, 512.52393, 73, 513.04797, 77, 33.468750, 79, 1.2250546, 83,     57603,110,        29,116,         0,164,         1
5AC,2017/02/17 20:01:00, 50, 0.0000000, 13,       254, 49,        32, 56, 1.0037853, 72, 512.54242, 73, 513.01874, 77, 33.531250, 79, 1.2250546, 83,     57603,110,        29,116,         0,164,         1
5CC,2017/02/17 20:02:00, 50, 0.0000000, 13,       254, 49,        32, 56, 1.0037853, 72, 512.55475, 73, 513.04797, 77, 33.625000, 79, 1.2250546, 83,     57603,110,        29,116,         0,164,         1
52C,2017/02/17 20:03:00, 50, 0.0000000, 13,       254, 49,        32, 56, 1.0037853, 72, 512.96478, 73, 513.10645, 77, 33.656250, 79, 1.2104707, 83,     57603,110,        29,116,         0,164,         1
5FC,2017/02/17 20:04:00, 50, 0.0000000, 13,       254, 49,        32, 56, 1.0037853, 72, 513.77655, 73, 513.13574, 77, 33.687500, 79, 1.2250546, 83,     57603,110,        29,116,         0,164,         1
53C,2017/02/17 20:05:00, 50, 0.0000000, 13,       254, 49,        32, 56, 1.0037853, 72, 513.80701, 73, 513.19421, 77, 33.750000, 79, 1.2250546, 83,     57603,110,        29,116,         0,164,         1
55C,2017/02/17 20:06:00, 50, 0.0000000, 13,       254, 49,        32, 56, 1.0037853, 72, 513.82208, 73, 513.19421, 77, 33.781250, 79, 1.2250546, 83,     57603,110,        29,116,         0,164,         1
51C,2017/02/17 20:07:00, 50, 0.0000000, 13,       254, 49,        32, 56, 1.0037853, 72, 513.81024, 73, 513.22345, 77, 33.812500, 79, 1.2250546, 83,     57603,110,        29,116,         0,164,         1
56C,2017/02/17 20:08:00, 50, 0.0000000, 13,       254, 49,        32, 56, 1.0037853, 72, 513.86841, 73, 513.22345, 77, 33.875000, 79, 1.2250546, 83,     57603,110,        29,116,         0,164,         1
5BC,2017/02/17 20:09:00, 50, 0.0000000, 13,       254, 49,        32, 56, 1.0037853, 72, 513.87085, 73, 513.28192, 77, 33.937500, 79, 1.2201934, 83,     57603,110,        29,116,         0,164,         1
50C,2017/02/17 20:10:00, 50, 0.0000000, 13,       254, 49,        32, 56, 1.0037853, 72, 513.87506, 73, 513.34039, 77, 33.968750, 79, 1.2250546, 83,     57603,110,        29,116,         0,164,         1
55C,2017/02/17 20:11:00, 50, 0.0000000, 13,       254, 49,        32, 56, 1.0037853, 72, 512.74054, 73, 513.31116, 77, 34.000000, 79, 1.2250546, 83,     57603,110,        29,116,         0,164,         1
56C,2017/02/17 20:12:00, 50, 0.0000000, 13,       254, 49,        32, 56, 1.0037853, 72, 512.67200, 73, 513.36963, 77, 34.062500, 79, 1.2201934, 83,     57603,110,        29,116,         0,164,         1
5CC,2017/02/17 20:13:00, 50, 0.0000000, 13,       254, 49,        32, 56, 1.0037853, 72, 512.67480, 73, 513.39893, 77, 34.093750, 79, 1.2250546, 83,     57603,110,        29,116,         0,164,         1
5FC,2017/02/17 20:14:00, 50, 0.0000000, 13,       254, 49,        32, 56, 1.0037853, 72, 512.71265, 73, 513.39893, 77, 34.125000, 79, 1.2250546, 83,     57603,110,        29,116,         0,164,         1
56C,2017/02/17 20:15:00, 50, 0.0000000, 13,       254, 49,        32, 56, 1.0037853, 72, 512.71362, 73, 513.39893, 77, 34.156250, 79, 1.2201934, 83,     57603,110,        29,116,         0,164,         1
5DC,2017/02/17 20:16:00, 50, 0.0000000, 13,       254, 49,        32, 56, 1.0037853, 72, 512.69098, 73, 513.45740, 77, 34.156250, 79, 1.2250546, 83,     57603,110,        29,116,         0,164,         1
59C,2017/02/17 20:17:00, 50, 0.0000000, 13,       254, 49,        32, 56, 1.0037853, 72, 512.71967, 73, 513.42816, 77, 34.187500, 79, 1.2250546, 83,     57603,110,        29,116,         0,164,         1
5FC,2017/02/17 20:18:00, 50, 0.0000000, 13,       254, 49,        32, 56, 1.0037853, 72, 512.75616, 73, 513.45740, 77, 34.218750, 79, 1.2201934, 83,     57603,110,        29,116,         0,164,         1
5BC,2017/02/17 20:19:00, 50, 0.0000000, 13,       254, 49,        32, 56, 1.0037853, 72, 512.74402, 73, 513.45740, 77, 34.250000, 79, 1.2250546, 83,     57603,110,        29,116,         0,164,         1
5BC,2017/02/17 20:20:00, 50, 0.0000000, 13,       254, 49,        32, 56, 1.0037853, 72, 512.74359, 73, 513.51587, 77, 34.312500, 79, 1.2201934, 83,     57603,110,        29,116,         0,164,         1
57C,2017/02/17 20:21:00, 50, 0.0000000, 13,       254, 49,        32, 56, 1.0037853, 72, 512.76331, 73, 513.57434, 77, 34.343750, 79, 1.2250546, 83,     57603,110,        29,116,         0,164,         1
5BC,2017/02/17 20:22:00, 50, 0.0000000, 13,       254, 49,        32, 56, 1.0037853, 72, 512.76648, 73, 513.54510, 77, 34.343750, 79, 1.2250546, 83,     57603,110,        29,116,         0,164,         1
5DC,2017/02/17 20:23:00, 50, 0.0000000, 13,       254, 49,        32, 56, 1.0037853, 72, 512.77228, 73, 513.57434, 77, 34.343750, 79, 1.2250546, 83,     57603,110,        29,116,         0,164,         1
54C,2017/02/17 20:24:00, 50, 0.0000000, 13,       254, 49,        32, 56, 1.0037853, 72, 513.87354, 73, 513.57434, 77, 34.375000, 79, 1.2201934, 83,     57603,110,        29,116,         0,164,         1
5EC,2017/02/17 20:25:00, 50, 0.0000000, 13,       254, 49,        32, 56, 1.0037853, 72, 514.00140, 73, 513.60358, 77, 34.375000, 79, 1.2250546, 83,     57603,110,        29,116,         0,164,         1
54C,2017/02/17 20:26:00, 50, 0.0000000, 13,       254, 49,        32, 56, 1.0037853, 72, 513.98596, 73, 513.60358, 77, 34.375000, 79, 1.2250546, 83,     57603,110,        29,116,         0,164,         1
5AC,2017/02/17 20:27:00, 50, 0.0000000, 13,       254, 49,        32, 56, 1.0037853, 72, 513.98608, 73, 513.63281, 77, 34.375000, 79, 1.2201934, 83,     57603,110,        29,116,         0,164,         1
58C,2017/02/17 20:28:00, 50, 0.0000000, 13,       254, 49,        32, 56, 1.0037853, 72, 513.30243, 73, 513.63281, 77, 34.437500, 79, 1.2201934, 83,     57603,110,        29,116,         0,164,         1
5FC,2017/02/17 20:29:00, 50, 0.0000000, 13,       254, 49,        32, 56, 1.0037853, 72, 512.80432, 73, 513.66205, 77, 34.468750, 79, 1.2299160, 83,     57603,110,        29,116,         0,164,         1
5CC,2017/02/17 20:30:00, 50, 0.0000000, 13,       254, 49,        32, 56, 1.0037853, 72, 512.82172, 73, 513.66205, 77, 34.468750, 79, 1.2201934, 83,     57603,110,        29,116,         0,164,         1
55C,2017/02/17 20:31:00, 50, 0.0000000, 13,       254, 49,        32, 56, 1.0037853, 72, 512.83167, 73, 513.66205, 77, 34.500000, 79, 1.2201934, 83,     57603,110,        29,116,         0,164,         1
51C,2017/02/17 20:32:00, 50, 0.0000000, 13,       254, 49,        32, 56, 1.0037853, 72, 512.84393, 73, 513.63281, 77, 34.500000, 79, 1.2201934, 83,     57603,110,        29,116,         0,164,         1
5AC,2017/02/17 20:33:00, 50, 0.0000000, 13,       254, 49,        32, 56, 1.0037853, 72, 512.85327, 73, 513.66205, 77, 34.531250, 79, 1.2299160, 83,     57603,110,        29,116,         0,164,         1
54C,2017/02/17 20:34:00, 50, 0.0000000, 13,       254, 49,        32, 56, 1.0037853, 72, 512.82880, 73, 513.66205, 77, 34.531250, 79, 1.2201934, 83,     57603,110,        29,116,         0,164,         1
5EC,2017/02/17 20:35:00, 50, 0.0000000, 13,       254, 49,        32, 56, 1.0037853, 72, 512.85162, 73, 513.66205, 77, 34.562500, 79, 1.2250546, 83,     57603,110,        29,116,         0,164,         1
51C,2017/02/17 20:36:00, 50, 0.0000000, 13,       254, 49,        32, 56, 1.0037853, 72, 512.89410, 73, 513.63281, 77, 34.593750, 79, 1.2250546, 83,     57603,110,        29,116,         0,164,         1
5AC,2017/02/17 20:37:00, 50, 0.0000000, 13,       254, 49,        32, 56, 1.0037853, 72, 512.83313, 73, 513.66205, 77, 34.593750, 79, 1.2201934, 83,     57603,110,        29,116,         0,164,         1
58C,2017/02/17 20:38:00, 50, 0.0000000, 13,       254, 49,        32, 56, 1.0037853, 72, 512.85114, 73, 513.69135, 77, 34.625000, 79, 1.2250546, 83,     57603,110,        29,116,         0,164,         1
59C,2017/02/17 20:39:00, 50, 0.0000000, 13,       254, 49,        32, 56, 1.0037853, 72, 512.84503, 73, 513.69135, 77, 34.656250, 79, 1.2250546, 83,     57603,110,        29,116,         0,164,         1
56C,2017/02/17 20:40:00, 50, 0.0000000, 13,       254, 49,        32, 56, 1.0037853, 72, 512.81067, 73, 513.69135, 77, 34.625000, 79, 1.2250546, 83,     57603,110,        29,116,         0,164,         1
57C,2017/02/17 20:41:00, 50, 0.0000000, 13,       254, 49,        32, 56, 1.0037853, 72, 512.84235, 73, 513.69135, 77, 34.687500, 79, 1.2201934, 83,     57603,110,        29,116,         0,164,         1
55C,2017/02/17 20:42:00, 50, 0.0000000, 13,       254, 49,        32, 56, 1.0037853, 72, 512.85382, 73, 513.72058, 77, 34.718750, 79, 1.2250546, 83,     57603,110,        29,116,         0,164,         1
5CC,2017/02/17 20:43:00, 50, 0.0000000, 13,       254, 49,        32, 56, 1.0037853, 72, 512.87781, 73, 513.69135, 77, 34.718750, 79, 1.2201934, 83,     57603,110,        29,116,         0,164,         1
5BC,2017/02/17 20:44:00, 50, 0.0000000, 13,       254, 49,        32, 56, 1.0037853, 72, 512.85474, 73, 513.74982, 77, 34.750000, 79, 1.2250546, 83,     57603,110,        29,116,         0,164,         1
58C,2017/02/17 20:45:00, 50, 0.0000000, 13,       254, 49,        32, 56, 1.0037853, 72, 512.85120, 73, 513.74982, 77, 34.781250, 79, 1.2201934, 83,     57603,110,        29,116,         0,164,         1
56C,2017/02/17 20:46:00, 50, 0.0000000, 13,       254, 49,        32, 56, 1.0037853, 72, 512.89923, 73, 513.74982, 77, 34.812500, 79, 1.2250546, 83,     57603,110,        29,116,         0,164,         1
5CC,2017/02/17 20:47:00, 50, 0.0000000, 13,       254, 49,        32, 56, 1.0037853, 72, 512.87952, 73, 513.74982, 77, 34.843750, 79, 1.2250546, 83,     57603,110,        29,116,         0,164,         1
5CC,2017/02/17 20:48:00, 50, 0.0000000, 13,       254, 49,        32, 56, 1.0037853, 72, 512.91022, 73, 513.77905, 77, 34.875000, 79, 1.2201934, 83,     57603,110,        29,116,         0,164,         1
56C,2017/02/17 20:49:00, 50, 0.0000000, 13,       254, 49,        32, 56, 1.0037853, 72, 512.93243, 73, 513.80829, 77, 34.875000, 79, 1.2153320, 83,     57603,110,        29,116,         0,164,         1
5DC,2017/02/17 20:50:00, 50, 0.0000000, 13,       254, 49,        16, 56, 1.0037853, 72, 512.90497, 73, 513.80829, 77, 34.906250, 79, 1.2201934, 83,     57603,110,        29,116,         0,164,         1
55C,2017/02/17 20:51:00, 50, 0.0000000, 13,       254, 49,        16, 56, 1.0037853, 72, 512.91339, 73, 513.80829, 77, 34.937500, 79, 1.2153320, 83,     57603,110,        29,116,         0,164,         1
5FC,2017/02/17 20:52:00, 50, 0.0000000, 13,       254, 49,        32, 56, 1.0037853, 72, 512.96063, 73, 513.86676, 77, 34.968750, 79, 1.2201934, 83,     57603,110,        29,116,         0,164,         1
5BC,2017/02/17 20:53:00, 50, 0.0000000, 13,       254, 49,        32, 56, 1.0037853, 72, 512.92218, 73, 513.83752, 77, 34.968750, 79, 1.2250546, 83,     57603,110,        29,116,         0,164,         1
50C,2017/02/17 20:54:00, 50, 0.0000000, 13,       254, 49,        32, 56, 1.0037853, 72, 512.92328, 73, 513.86676, 77, 35.031250, 79, 1.2201934, 83,     57603,110,        29,116,         0,164,         1
5FC,2017/02/17 20:55:00, 50, 0.0000000, 13,       254, 49,        32, 56, 1.0037853, 72, 512.92334, 73, 513.89600, 77, 35.031250, 79, 1.2250546, 83,     57603,110,        29,116,         0,164,         1
5CC,2017/02/17 20:56:00, 50, 0.0000000, 13,       254, 49,        32, 56, 1.0037853, 72, 512.95013, 73, 513.89600, 77, 35.062500, 79, 1.2104707, 83,     57603,110,        29,116,         0,164,         1
56C,2017/02/17 20:57:00, 50, 0.0000000, 13,       254, 49,        16, 56, 1.0037853, 72, 512.94897, 73, 513.89600, 77, 35.062500, 79, 1.2201934, 83,     57603,110,        29,116,         0,164,         1
53C,2017/02/17 20:58:00, 50, 0.0000000, 13,       254, 49,        16, 56, 1.0037853, 72, 512.95135, 73, 513.89600, 77, 35.125000, 79, 1.2250546, 83,     57603,110,        29,116,         0,164,         1
52C,2017/02/17 20:59:00, 50, 0.0000000, 13,       254, 49,        16, 56, 1.0037853, 72, 512.94952, 73, 513.92523, 77, 35.125000, 79, 1.2250546, 83,     57603,110,        29,116,         0,164,         1
55C,2017/02/17 21:00:00, 50, 0.0000000, 13,       254, 49,        32, 56, 1.0037853, 72, 512.94568, 73, 513.95447, 77, 35.187500, 79, 1.2250546, 83,     57603,110,        29,116,         0,164,         1
59C,2017/02/17 21:01:00, 50, 0.0000000, 13,       254, 49,        32, 56, 1.0037853, 72, 512.96539, 73, 513.92523, 77, 35.218750, 79, 1.2201934, 83,     57603,110,        29,116,         0,164,         1
5AC,2017/02/17 21:02:00, 50, 0.0000000, 13,       254, 49,        32, 56, 1.0037853, 72, 512.94385, 73, 513.89600, 77, 35.218750, 79, 1.2153320, 83,     57603,110,        29,116,         0,164,         1
5DC,2017/02/17 21:03:00, 50, 0.0000000, 13,       254, 49,        16, 56, 1.0037853, 72, 512.97198, 73, 513.92523, 77, 35.250000, 79, 1.2201934, 83,     57603,110,        29,116,         0,164,         1
59C,2017/02/17 21:04:00, 50, 0.0000000, 13,       254, 49,        32, 56, 1.0037853, 72, 512.96490, 73, 513.95447, 77, 35.250000, 79, 1.2250546, 83,     57603,110,        29,116,         0,164,         1
50C,2017/02/17 21:05:00, 50, 0.0000000, 13,       254, 49,        32, 56, 1.0037853, 72, 512.96216, 73, 513.92523, 77, 35.312500, 79, 1.2153320, 83,     57603,110,        29,116,         0,164,         1
50C,2017/02/17 21:06:00, 50, 0.0000000, 13,       254, 49,        32, 56, 1.0037853, 72, 512.96033, 73, 513.95447, 77, 35.281250, 79, 1.2201934, 83,     57603,110,        29,116,         0,164,         1
58C,2017/02/17 21:07:00, 50, 0.0000000, 13,       254, 49,        32, 56, 1.0037853, 72, 512.97400, 73, 513.98376, 77, 35.312500, 79, 1.2250546, 83,     57603,110,        29,116,         0,164,         1
5AC,2017/02/17 21:08:00, 50, 0.0000000, 13,       254, 49,        32, 56, 1.0037853, 72, 512.98993, 73, 514.01300, 77, 35.343750, 79, 1.2250546, 83,     57603,110,        29,116,         0,164,         1
57C,2017/02/17 21:09:00, 50, 0.0000000, 13,       254, 49,        32, 56, 1.0037853, 72, 512.97626, 73, 514.04224, 77, 35.343750, 79, 1.2250546, 83,     57603,110,        29,116,         0,164,         1
5AC,2017/02/17 21:10:00, 50, 0.0000000, 13,       254, 49,        32, 56, 1.0037853, 72, 512.99811, 73, 514.04224, 77, 35.375000, 79, 1.2153320, 83,     57603,110,        29,116,         0,164,         1
57C,2017/02/17 21:11:00, 50, 0.0000000, 13,       254, 49,        32, 56, 1.0037853, 72, 513.00043, 73, 514.04224, 77, 35.406250, 79, 1.2250546, 83,     57603,110,        29,116,         0,164,         1
5DC,2017/02/17 21:12:00, 50, 0.0000000, 13,       254, 49,        16, 56, 1.0037853, 72, 513.01892, 73, 514.10071, 77, 35.406250, 79, 1.2201934, 83,     57603,110,        29,116,         0,164,         1
52C,2017/02/17 21:13:00, 50, 0.0000000, 13,       254, 49,        16, 56, 1.0037853, 72, 513.03027, 73, 514.04224, 77, 35.406250, 79, 1.2250546, 83,     57603,110,        29,116,         0,164,         1
59C,2017/02/17 21:14:00, 50, 0.0000000, 13,       254, 49,        32, 56, 1.0037853, 72, 513.05328, 73, 514.04224, 77, 35.406250, 79, 1.2250546, 83,     57603,110,        29,116,         0,164,         1
5BC,2017/02/17 21:15:00, 50, 0.0000000, 13,       254, 49,        32, 56, 1.0037853, 72, 513.04425, 73, 514.07147, 77, 35.406250, 79, 1.2201934, 83,     57603,110,        29,116,         0,164,         1
59C,2017/02/17 21:16:00, 50, 0.0000000, 13,       254, 49,        32, 56, 1.0037853, 72, 513.03033, 73, 514.04224, 77, 35.437500, 79, 1.2201934, 83,     57603,110,        29,116,         0,164,         1
5EC,2017/02/17 21:17:00, 50, 0.0000000, 13,       254, 49,        32, 56, 1.0037853, 72, 513.06372, 73, 514.07147, 77, 35.437500, 79, 1.2201934, 83,     57603,110,        29,116,         0,164,         1
5BC,2017/02/17 21:18:00, 50, 0.0000000, 13,       254, 49,        32, 56, 1.0037853, 72, 513.07397, 73, 514.07147, 77, 35.437500, 79, 1.2201934, 83,     57603,110,        29,116,         0,164,         1
5DC,2017/02/17 21:19:00, 50, 0.0000000, 13,       254, 49,        32, 56, 1.0037853, 72, 513.02814, 73, 514.10071, 77, 35.468750, 79, 1.2250546, 83,     57603,110,        29,116,         0,164,         1
5AC,2017/02/17 21:20:00, 50, 0.0000000, 13,       254, 49,        32, 56, 1.0037853, 72, 513.05621, 73, 514.07147, 77, 35.468750, 79, 1.2250546, 83,     57603,110,        29,116,         0,164,         1
59C,2017/02/17 21:21:00, 50, 0.0000000, 13,       254, 49,        32, 56, 1.0037853, 72, 513.09723, 73, 514.07147, 77, 35.468750, 79, 1.2201934, 83,     57603,110,        29,116,         0,164,         1
54C,2017/02/17 21:22:00, 50, 0.0000000, 13,       254, 49,        32, 56, 1.0037853, 72, 513.06866, 73, 514.10071, 77, 35.500000, 79, 1.2201934, 83,     57603,110,        29,116,         0,164,         1
5CC,2017/02/17 21:23:00, 50, 0.0000000, 13,       254, 49,        32, 56, 1.0037853, 72, 513.07581, 73, 514.07147, 77, 35.531250, 79, 1.2153320, 83,     57603,110,        29,116,         0,164,         1
55C,2017/02/17 21:24:00, 50, 0.0000000, 13,       254, 49,        32, 56, 1.0037853, 72, 513.09717, 73, 514.12994, 77, 35.562500, 79, 1.2201934, 83,     57603,110,        29,116,         0,164,         1
58C,2017/02/17 21:25:00, 50, 0.0000000, 13,       254, 49,        32, 56, 1.0037853, 72, 513.08661, 73, 514.12994, 77, 35.562500, 79, 1.2250546, 83,     57603,110,        29,116,         0,164,         1
56C,2017/02/17 21:26:00, 50, 0.0000000, 13,       254, 49,        32, 56, 1.0037853, 72, 513.08350, 73, 514.15918, 77, 35.593750, 79, 1.2250546, 83,     57603,110,        29,116,         0,164,         1
55C,2017/02/17 21:27:00, 50, 0.0000000, 13,       254, 49,        16, 56, 1.0037853, 72, 513.13959, 73, 514.15918, 77, 35.593750, 79, 1.2201934, 83,     57603,110,        29,116,         0,164,         1
59C,2017/02/17 21:28:00, 50, 0.0000000, 13,       254, 49,        32, 56, 1.0037853, 72, 513.13312, 73, 514.15918, 77, 35.593750, 79, 1.2201934, 83,     57603,110,        29,116,         0,164,         1
57C,2017/02/17 21:29:00, 50, 0.0000000, 13,       254, 49,        16, 56, 1.0037853, 72, 513.09650, 73, 514.15918, 77, 35.625000, 79, 1.2250546, 83,     57603,110,        29,116,         0,164,         1
59C,2017/02/17 21:30:00, 50, 0.0000000, 13,       254, 49,        32, 56, 1.0037853, 72, 513.16394, 73, 514.12994, 77, 35.625000, 79, 1.2250546, 83,     57603,110,        29,116,         0,164,         1
55C,2017/02/17 21:31:00, 50, 0.0000000, 13,       254, 49,        16, 56, 1.0037853, 72, 513.16272, 73, 514.15918, 77, 35.593750, 79, 1.2201934, 83,     57603,110,        29,116,         0,164,         1
50C,2017/02/17 21:32:00, 50, 0.0000000, 13,       254, 49,        16, 56, 1.0037853, 72, 513.15479, 73, 514.15918, 77, 35.437500, 79, 1.2201934, 83,     57603,110,        29,116,         0,164,         1
50C,2017/02/17 21:33:00, 50, 0.0000000, 13,       254, 49,        32, 56, 1.0037853, 72, 513.18231, 73, 514.12994, 77, 35.343750, 79, 1.2201934, 83,     57603,110,        29,116,         0,164,         1
5CC,2017/02/17 21:34:00, 50, 0.0000000, 13,       254, 49,        32, 56, 1.0037853, 72, 513.11377, 73, 514.10071, 77, 35.250000, 79, 1.2201934, 83,     57603,110,        29,116,         0,164,         1
52C,2017/02/17 21:35:00, 50, 0.0000000, 13,       254, 49,        32, 56, 1.0037853, 72, 513.15564, 73, 514.12994, 77, 35.156250, 79, 1.2250546, 83,     57603,110,        29,116,         0,164,         1
53C,2017/02/17 21:36:00, 50, 0.0000000, 13,       254, 49,        32, 56, 1.0037853, 72, 513.16370, 73, 514.12994, 77, 35.062500, 79, 1.2153320, 83,     57603,110,        29,116,         0,164,         1
5EC,2017/02/17 21:37:00, 50, 0.0000000, 13,       254, 49,        32, 56, 1.0037853, 72, 513.18652, 73, 514.10071, 77, 35.000000, 79, 1.2250546, 83,     57603,110,        29,116,         0,164,         1
54C,2017/02/17 21:38:00, 50, 0.0000000, 13,       254, 49,        32, 56, 1.0037853, 72, 513.17926, 73, 514.12994, 77, 35.000000, 79, 1.2153320, 83,     57603,110,        29,116,         0,164,         1
5AC,2017/02/17 21:39:00, 50, 0.0000000, 13,       254, 49,        16, 56, 1.0037853, 72, 513.20020, 73, 514.10071, 77, 34.937500, 79, 1.2201934, 83,     57603,110,        29,116,         0,164,         1
5DC,2017/02/17 21:40:00, 50, 0.0000000, 13,       254, 49,        32, 56, 1.0037853, 72, 513.19025, 73, 514.12994, 77, 34.937500, 79, 1.2201934, 83,     57603,110,        29,116,         0,164,         1
56C,2017/02/17 21:41:00, 50, 0.0000000, 13,       254, 49,        32, 56, 1.0037853, 72, 513.21240, 73, 514.10071, 77, 34.968750, 79, 1.2250546, 83,     57603,110,        29,116,         0,164,         1
54C,2017/02/17 21:42:00, 50, 0.0000000, 13,       254, 49,        32, 56, 1.0037853, 72, 513.19537, 73, 514.12994, 77, 34.937500, 79, 1.2250546, 83,     57603,110,        29,116,         0,164,         1
54C,2017/02/17 21:43:00, 50, 0.0000000, 13,       254, 49,        32, 56, 1.0037853, 72, 513.17737, 73, 514.10071, 77, 34.968750, 79, 1.2250546, 83,     57603,110,        29,116,         0,164,         1
53C,2017/02/17 21:44:00, 50, 0.0000000, 13,       254, 49,        32, 56, 1.0037853, 72, 513.19550, 73, 514.10071, 77, 34.937500, 79, 1.2250546, 83,     57603,110,        29,116,         0,164,         1
5BC,2017/02/17 21:45:00, 50, 0.0000000, 13,       254, 49,        32, 56, 1.0037853, 72, 513.18005, 73, 514.10071, 77, 34.937500, 79, 1.2201934, 83,     57603,110,        29,116,         0,164,         1
59C,2017/02/17 21:46:00, 50, 0.0000000, 13,       254, 49,        32, 56, 1.0037853, 72, 513.17969, 73, 514.12994, 77, 34.968750, 79, 1.2201934, 83,     57603,110,        29,116,         0,164,         1
5BC,2017/02/17 21:47:00, 50, 0.0000000, 13,       254, 49,        32, 56, 1.0037853, 72, 513.15930, 73, 514.12994, 77, 34.968750, 79, 1.2250546, 83,     57603,110,        29,116,         0,164,         1
5DC,2017/02/17 21:48:00, 50, 0.0000000, 13,       254, 49,        32, 56, 1.0037853, 72, 513.16333, 73, 514.15918, 77, 34.968750, 79, 1.2250546, 83,     57603,110,        29,116,         0,164,         1
51C,2017/02/17 21:49:00, 50, 0.0000000, 13,       254, 49,        32, 56, 1.0037853, 72, 513.16846, 73, 514.15918, 77, 35.000000, 79, 1.2250546, 83,     57603,110,        29,116,         0,164,         1
53C,2017/02/17 21:50:00, 50, 0.0000000, 13,       254, 49,        32, 56, 1.0037853, 72, 513.16522, 73, 514.18842, 77, 35.000000, 79, 1.2153320, 83,     57603,110,        29,116,         0,164,         1
51C,2017/02/17 21:51:00, 50, 0.0000000, 13,       254, 49,        32, 56, 1.0037853, 72, 513.17914, 73, 514.18842, 77, 35.000000, 79, 1.2201934, 83,     57603,110,        29,116,         0,164,         1
58C,2017/02/17 21:52:00, 50, 0.0000000, 13,       254, 49,        32, 56, 1.0037853, 72, 513.16406, 73, 514.18842, 77, 35.031250, 79, 1.2201934, 83,     57603,110,        29,116,         0,164,         1
5BC,2017/02/17 21:53:00, 50, 0.0000000, 13,       254, 49,        32, 56, 1.0037853, 72, 513.16254, 73, 514.15918, 77, 35.031250, 79, 1.2201934, 83,     57603,110,        29,116,         0,164,         1
53C,2017/02/17 21:54:00, 50, 0.0000000, 13,       254, 49,        32, 56, 1.0037853, 72, 513.16772, 73, 514.18842, 77, 35.031250, 79, 1.2250546, 83,     57603,110,        29,116,         0,164,         1
5CC,2017/02/17 21:55:00, 50, 0.0000000, 13,       254, 49,        16, 56, 1.0037853, 72, 513.16650, 73, 514.21765, 77, 35.062500, 79, 1.2201934, 83,     57603,110,        29,116,         0,164,         1
53C,2017/02/17 21:56:00, 50, 0.0000000, 13,       254, 49,        32, 56, 1.0037853, 72, 513.15790, 73, 514.18842, 77, 35.093750, 79, 1.2250546, 83,     57603,110,        29,116,         0,164,         1
5EC,2017/02/17 21:57:00, 50, 0.0000000, 13,       254, 49,        32, 56, 1.0037853, 72, 513.15051, 73, 514.18842, 77, 35.093750, 79, 1.2153320, 83,     57603,110,        29,116,         0,164,         1
53C,2017/02/17 21:58:00, 50, 0.0000000, 13,       254, 49,        16, 56, 1.0037853, 72, 513.16888, 73, 514.24689, 77, 35.125000, 79, 1.2299160, 83,     57603,110,        29,116,         0,164,         1
5BC,2017/02/17 21:59:00, 50, 0.0000000, 13,       254, 49,        32, 56, 1.0037853, 72, 513.15631, 73, 514.21765, 77, 35.156250, 79, 1.2250546, 83,     57603,110,        29,116,         0,164,         1
5AC,2017/02/17 22:00:00, 50, 0.0000000, 13,       254, 49,        32, 56, 1.0037853, 72, 513.17041, 73, 514.21765, 77, 35.156250, 79, 1.2201934, 83,     57603,110,        29,116,         0,164,         1
58C,2017/02/17 22:01:00, 50, 0.0000000, 13,       254, 49,        32, 56, 1.0037853, 72, 513.18427, 73, 514.24689, 77, 35.187500, 79, 1.2201934, 83,     57603,110,        29,116,         0,164,         1
5EC,2017/02/17 22:02:00, 50, 0.0000000, 13,       254, 49,        16, 56, 1.0037853, 72, 513.20050, 73, 514.30542, 77, 35.187500, 79, 1.2250546, 83,     57603,110,        29,116,         0,164,         1
53C,2017/02/17 22:03:00, 50, 0.0000000, 13,       254, 49,        32, 56, 1.0037853, 72, 513.19592, 73, 514.33466, 77, 35.218750, 79, 1.2201934, 83,     57603,110,        29,116,         0,164,         1
50C,2017/02/17 22:04:00, 50, 0.0000000, 13,       254, 49,        16, 56, 1.0037853, 72, 513.19489, 73, 514.30542, 77, 35.218750, 79, 1.2250546, 83,     57603,110,        29,116,         0,164,         1
51C,2017/02/17 22:05:00, 50, 0.0000000, 13,       254, 49,        32, 56, 1.0037853, 72, 513.21753, 73, 514.33466, 77, 35.218750, 79, 1.2201934, 83,     57603,110,        29,116,         0,164,         1
5FC,2017/02/17 22:06:00, 50, 0.0000000, 13,       254, 49,        16, 56, 1.0037853, 72, 513.20886, 73, 514.36389, 77, 35.250000, 79, 1.2201934, 83,     57603,110,        29,116,         0,164,         1
58C,2017/02/17 22:07:00, 50, 0.0000000, 13,       254, 49,        32, 56, 1.0037853, 72, 513.19635, 73, 514.39313, 77, 35.250000, 79, 1.2201934, 83,     57603,110,        29,116,         0,164,         1
58C,2017/02/17 22:08:00, 50, 0.0000000, 13,       254, 49,        16, 56, 1.0037853, 72, 513.22516, 73, 514.39313, 77, 35.281250, 79, 1.2299160, 83,     57603,110,        29,116,         0,164,         1
58C,2017/02/17 22:09:00, 50, 0.0000000, 13,       254, 49,        16, 56, 1.0037853, 72, 513.21967, 73, 514.39313, 77, 35.281250, 79, 1.2201934, 83,     57603,110,        29,116,         0,164,         1
59C,2017/02/17 22:10:00, 50, 0.0000000, 13,       254, 49,        16, 56, 1.0037853, 72, 513.23810, 73, 514.42236, 77, 35.281250, 79, 1.2201934, 83,     57603,110,        29,116,         0,164,         1
5DC,2017/02/17 22:11:00, 50, 0.0000000, 13,       254, 49,        32, 56, 1.0037853, 72, 513.24323, 73, 514.36389, 77, 35.312500, 79, 1.2201934, 83,     57603,110,        29,116,         0,164,         1
5BC,2017/02/17 22:12:00, 50, 0.0000000, 13,       254, 49,        32, 56, 1.0037853, 72, 513.24371, 73, 514.42236, 77, 35.281250, 79, 1.2250546, 83,     57603,110,        29,116,         0,164,         1
59C,2017/02/17 22:13:00, 50, 0.0000000, 13,       254, 49,        16, 56, 1.0037853, 72, 513.26270, 73, 514.42236, 77, 35.343750, 79, 1.2201934, 83,     57603,110,        29,116,         0,164,         1
54C,2017/02/17 22:14:00, 50, 0.0000000, 13,       254, 49,        32, 56, 1.0037853, 72, 513.27954, 73, 514.42236, 77, 35.343750, 79, 1.2201934, 83,     57603,110,        29,116,         0,164,         1
5CC,2017/02/17 22:15:00, 50, 0.0000000, 13,       254, 49,        32, 56, 1.0037853, 72, 513.29358, 73, 514.48083, 77, 35.375000, 79, 1.2201934, 83,     57603,110,        29,116,         0,164,         1
59C,2017/02/17 22:16:00, 50, 0.0000000, 13,       254, 49,        16, 56, 1.0037853, 72, 513.31622, 73, 514.45160, 77, 35.375000, 79, 1.2201934, 83,     57603,110,        29,116,         0,164,         1
52C,2017/02/17 22:17:00, 50, 0.0000000, 13,       254, 49,        16, 56, 1.0037853, 72, 513.28918, 73, 514.45160, 77, 35.406250, 79, 1.2201934, 83,     57603,110,        29,116,         0,164,         1
56C,2017/02/17 22:18:00, 50, 0.0000000, 13,       254, 49,        32, 56, 1.0037853, 72, 513.29419, 73, 514.45160, 77, 35.406250, 79, 1.2201934, 83,     57603,110,        29,116,         0,164,         1
57C,2017/02/17 22:19:00, 50, 0.0000000, 13,       254, 49,        16, 56, 1.0037853, 72, 513.30560, 73, 514.48083, 77, 35.406250, 79, 1.2201934, 83,     57603,110,        29,116,         0,164,         1
50C,2017/02/17 22:20:00, 50, 0.0000000, 13,       254, 49,        32, 56, 1.0037853, 72, 513.31305, 73, 514.51007, 77, 35.406250, 79, 1.2153320, 83,     57603,110,        29,116,         0,164,         1
5CC,2017/02/17 22:21:00, 50, 0.0000000, 13,       254, 49,        16, 56, 1.0037853, 72, 513.33887, 73, 514.53931, 77, 35.437500, 79, 1.2250546, 83,     57603,110,        29,116,         0,164,         1
50C,2017/02/17 22:22:00, 50, 0.0000000, 13,       254, 49,        32, 56, 1.0037853, 72, 513.32648, 73, 514.53931, 77, 35.437500, 79, 1.2299160, 83,     57603,110,        29,116,         0,164,         1
5CC,2017/02/17 22:23:00, 50, 0.0000000, 13,       254, 49,        16, 56, 1.0037853, 72, 513.32324, 73, 514.59784, 77, 35.468750, 79, 1.2153320, 83,     57603,110,        29,116,         0,164,         1
58C,2017/02/17 22:24:00, 50, 0.0000000, 13,       254, 49,        32, 56, 1.0037853, 72, 513.34497, 73, 514.56860, 77, 35.468750, 79, 1.2250546, 83,     57603,110,        29,116,         0,164,         1
50C,2017/02/17 22:25:00, 50, 0.0000000, 13,       254, 49,        16, 56, 1.0037853, 72, 513.34338, 73, 514.56860, 77, 35.500000, 79, 1.2250546, 83,     57603,110,        29,116,         0,164,         1
5AC,2017/02/17 22:26:00, 50, 0.0000000, 13,       254, 49,        32, 56, 1.0037853, 72, 513.32129, 73, 514.56860, 77, 35.468750, 79, 1.2153320, 83,     57603,110,        29,116,         0,164,         1
56C,2017/02/17 22:27:00, 50, 0.0000000, 13,       254, 49,        16, 56, 1.0037853, 72, 513.35608, 73, 514.56860, 77, 35.531250, 79, 1.2153320, 83,     57603,110,        29,116,         0,164,         1
5AC,2017/02/17 22:28:00, 50, 0.0000000, 13,       254, 49,        32, 56, 1.0037853, 72, 513.32660, 73, 514.59784, 77, 35.531250, 79, 1.2250546, 83,     57603,110,        29,116,         0,164,         1
59C,2017/02/17 22:29:00, 50, 0.0000000, 13,       254, 49,        16, 56, 1.0037853, 72, 513.33313, 73, 514.59784, 77, 35.562500, 79, 1.2250546, 83,     57603,110,        29,116,         0,164,         1
5AC,2017/02/17 22:30:00, 50, 0.0000000, 13,       254, 49,        32, 56, 1.0037853, 72, 513.36969, 73, 514.56860, 77, 35.562500, 79, 1.2299160, 83,     57603,110,        29,116,         0,164,         1
5DC,2017/02/17 22:31:00, 50, 0.0000000, 13,       254, 49,        16, 56, 1.0037853, 72, 513.35138, 73, 514.62708, 77, 35.593750, 79, 1.2299160, 83,     57603,110,        29,116,         0,164,         1
51C,2017/02/17 22:32:00, 50, 0.0000000, 13,       254, 49,        32, 56, 1.0037853, 72, 513.36261, 73, 514.62708, 77, 35.593750, 79, 1.2250546, 83,     57603,110,        29,116,         0,164,         1
5EC,2017/02/17 22:33:00, 50, 0.0000000, 13,       254, 49,        16, 56, 1.0037853, 72, 513.32825, 73, 514.62708, 77, 35.593750, 79, 1.2153320, 83,     57603,110,        29,116,         0,164,         1
51C,2017/02/17 22:34:00, 50, 0.0000000, 13,       254, 49,        32, 56, 1.0037853, 72, 513.34088, 73, 514.62708, 77, 35.625000, 79, 1.2201934, 83,     57603,110,        29,116,         0,164,         1
50C,2017/02/17 22:35:00, 50, 0.0000000, 13,       254, 49,        16, 56, 1.0037853, 72, 513.35663, 73, 514.59784, 77, 35.625000, 79, 1.2299160, 83,     57603,110,        29,116,         0,164,         1
51C,2017/02/17 22:36:00, 50, 0.0000000, 13,       254, 49,        32, 56, 1.0037853, 72, 513.36285, 73, 514.65631, 77, 35.656250, 79, 1.2201934, 83,     57603,110,        29,116,         0,164,         1
54C,2017/02/17 22:37:00, 50, 0.0000000, 13,       254, 49,        16, 56, 1.0037853, 72, 513.36133, 73, 514.62708, 77, 35.656250, 79, 1.2201934, 83,     57603,110,        29,116,         0,164,         1
50C,2017/02/17 22:38:00, 50, 0.0000000, 13,       254, 49,        32, 56, 1.0037853, 72, 513.39764, 73, 514.62708, 77, 35.687500, 79, 1.2299160, 83,     57603,110,        29,116,         0,164,         1
56C,2017/02/17 22:39:00, 50, 0.0000000, 13,       254, 49,        16, 56, 1.0037853, 72, 513.39441, 73, 514.68555, 77, 35.687500, 79, 1.2250546, 83,     57603,110,        29,116,         0,164,         1
5BC,2017/02/17 22:40:00, 50, 0.0000000, 13,       254, 49,        32, 56, 1.0037853, 72, 513.38232, 73, 514.68555, 77, 35.687500, 79, 1.2153320, 83,     57603,110,        29,116,         0,164,         1
57C,2017/02/17 22:41:00, 50, 0.0000000, 13,       254, 49,        16, 56, 1.0037853, 72, 513.36530, 73, 514.62708, 77, 35.687500, 79, 1.2153320, 83,     57603,110,        29,116,         0,164,         1
5DC,2017/02/17 22:42:00, 50, 0.0000000, 13,       254, 49,        32, 56, 1.0037853, 72, 513.39886, 73, 514.68555, 77, 35.718750, 79, 1.2153320, 83,     57603,110,        29,116,         0,164,         1
5AC,2017/02/17 22:43:00, 50, 0.0000000, 13,       254, 49,        16, 56, 1.0037853, 72, 513.38049, 73, 514.65631, 77, 35.718750, 79, 1.2250546, 83,     57603,110,        29,116,         0,164,         1
54C,2017/02/17 22:44:00, 50, 0.0000000, 13,       254, 49,        32, 56, 1.0037853, 72, 513.42169, 73, 514.68555, 77, 35.750000, 79, 1.2347773, 83,     57603,110,        29,116,         0,164,         1
52C,2017/02/17 22:45:00, 50, 0.0000000, 13,       254, 49,        16, 56, 1.0037853, 72, 513.41406, 73, 514.68555, 77, 35.750000, 79, 1.2201934, 83,     57603,110,        29,116,         0,164,         1
58C,2017/02/17 22:46:00, 50, 0.0000000, 13,       254, 49,        16, 56, 1.0037853, 72, 513.41058, 73, 514.71478, 77, 35.750000, 79, 1.2201934, 83,     57603,110,        29,116,         0,164,         1
51C,2017/02/17 22:47:00, 50, 0.0000000, 13,       254, 49,        16, 56, 1.0037853, 72, 513.43494, 73, 514.71478, 77, 35.750000, 79, 1.2347773, 83,     57603,110,        29,116,         0,164,         1
5CC,2017/02/17 22:48:00, 50, 0.0000000, 13,       254, 49,        32, 56, 1.0037853, 72, 513.42670, 73, 514.74402, 77, 35.781250, 79, 1.2201934, 83,     57603,110,        29,116,         0,164,         1
5FC,2017/02/17 22:49:00, 50, 0.0000000, 13,       254, 49,        32, 56, 1.0037853, 72, 513.40314, 73, 514.74402, 77, 35.812500, 79, 1.2201934, 83,     57603,110,        29,116,         0,164,         1
5DC,2017/02/17 22:50:00, 50, 0.0000000, 13,       254, 49,        16, 56, 1.0037853, 72, 513.42010, 73, 514.74402, 77, 35.781250, 79, 1.2347773, 83,     57603,110,        29,116,         0,164,         1
59C,2017/02/17 22:51:00, 50, 0.0000000, 13,       254, 49,        32, 56, 1.0037853, 72, 513.40405, 73, 514.74402, 77, 35.812500, 79, 1.2299160, 83,     57603,110,        29,116,         0,164,         1
51C,2017/02/17 22:52:00, 50, 0.0000000, 13,       254, 49,        16, 56, 1.0037853, 72, 513.37848, 73, 514.71478, 77, 35.843750, 79, 1.2153320, 83,     57603,110,        29,116,         0,164,         1
55C,2017/02/17 22:53:00, 50, 0.0000000, 13,       254, 49,        32, 56, 1.0037853, 72, 513.40765, 73, 514.74402, 77, 35.843750, 79, 1.2201934, 83,     57603,110,        29,116,         0,164,         1
52C,2017/02/17 22:54:00, 50, 0.0000000, 13,       254, 49,        16, 56, 1.0037853, 72, 513.43781, 73, 514.77325, 77, 35.843750, 79, 1.2347773, 83,     57603,110,        29,116,         0,164,         1
52C,2017/02/17 22:55:00, 50, 0.0000000, 13,       254, 49,        32, 56, 1.0037853, 72, 513.45020, 73, 514.77325, 77, 35.812500, 79, 1.2201934, 83,     57603,110,        29,116,         0,164,         1
56C,2017/02/17 22:56:00, 50, 0.0000000, 13,       254, 49,        16, 56, 1.0037853, 72, 513.45068, 73, 514.80249, 77, 35.843750, 79, 1.2250546, 83,     57603,110,        29,116,         0,164,         1
5EC,2017/02/17 22:57:00, 50, 0.0000000, 13,       254, 49,        32, 56, 1.0037853, 72, 513.45532, 73, 514.77325, 77, 35.843750, 79, 1.2153320, 83,     57603,110,        29,116,         0,164,         1
5BC,2017/02/17 22:58:00, 50, 0.0000000, 13,       254, 49,        16, 56, 1.0037853, 72, 513.42560, 73, 514.77325, 77, 35.875000, 79, 1.2201934, 83,     57603,110,        29,116,         0,164,         1
5DC,2017/02/17 22:59:00, 50, 0.0000000, 13,       254, 49,        32, 56, 1.0037853, 72, 513.43921, 73, 514.83179, 77, 35.906250, 79, 1.2153320, 83,     57603,110,        29,116,         0,164,         1
5BC,2017/02/17 23:00:00, 50, 0.0000000, 13,       254, 49,        16, 56, 1.0037853, 72, 513.46588, 73, 514.80249, 77, 35.875000, 79, 1.2250546, 83,     57603,110,        29,116,         0,164,         1
5DC,2017/02/17 23:01:00, 50, 0.0000000, 13,       254, 49,        16, 56, 1.0037853, 72, 513.45721, 73, 514.83179, 77, 35.875000, 79, 1.2153320, 83,     57603,110,        29,116,         0,164,         1
56C,2017/02/17 23:02:00, 50, 0.0000000, 13,       254, 49,        32, 56, 1.0037853, 72, 513.49683, 73, 514.83179, 77, 35.875000, 79, 1.2201934, 83,     57603,110,        29,116,         0,164,         1
56C,2017/02/17 23:03:00, 50, 0.0000000, 13,       254, 49,        16, 56, 1.0037853, 72, 513.50873, 73, 514.83179, 77, 35.875000, 79, 1.2347773, 83,     57603,110,        29,116,         0,164,         1
54C,2017/02/17 23:04:00, 50, 0.0000000, 13,       254, 49,        32, 56, 1.0037853, 72, 513.46960, 73, 514.83179, 77, 35.906250, 79, 1.2153320, 83,     57603,110,        29,116,         0,164,         1
50C,2017/02/17 23:05:00, 50, 0.0000000, 13,       254, 49,        16, 56, 1.0037853, 72, 513.45123, 73, 514.86102, 77, 35.906250, 79, 1.2250546, 83,     57603,110,        29,116,         0,164,         1
5CC,2017/02/17 23:06:00, 50, 0.0000000, 13,       254, 49,        32, 56, 1.0037853, 72, 513.51648, 73, 514.86102, 77, 35.906250, 79, 1.2153320, 83,     57603,110,        29,116,         0,164,         1
59C,2017/02/17 23:07:00, 50, 0.0000000, 13,       254, 49,        16, 56, 1.0037853, 72, 513.50348, 73, 514.86102, 77, 35.968750, 79, 1.2201934, 83,     57603,110,        29,116,         0,164,         1
53C,2017/02/17 23:08:00, 50, 0.0000000, 13,       254, 49,        32, 56, 1.0037853, 72, 513.49664, 73, 514.86102, 77, 35.937500, 79, 1.2250546, 83,     57603,110,        29,116,         0,164,         1
5BC,2017/02/17 23:09:00, 50, 0.0000000, 13,       254, 49,        32, 56, 1.0037853, 72, 513.48242, 73, 514.89026, 77, 35.906250, 79, 1.2250546, 83,     57603,110,        29,116,         0,164,         1
58C,2017/02/17 23:10:00, 50, 0.0000000, 13,       254, 49,        16, 56, 1.0037853, 72, 513.49805, 73, 514.86102, 77, 35.968750, 79, 1.2250546, 83,     57603,110,        29,116,         0,164,         1
52C,2017/02/17 23:11:00, 50, 0.0000000, 13,       254, 49,        32, 56, 1.0037853, 72, 513.48450, 73, 514.86102, 77, 35.968750, 79, 1.2250546, 83,     57603,110,        29,116,         0,164,         1
51C,2017/02/17 23:12:00, 50, 0.0000000, 13,       254, 49,        16, 56, 1.0037853, 72, 513.51727, 73, 514.89026, 77, 35.968750, 79, 1.2299160, 83,     57603,110,        29,116,         0,164,         1
5EC,2017/02/17 23:13:00, 50, 0.0000000, 13,       254, 49,        32, 56, 1.0037853, 72, 513.50952, 73, 514.89026, 77, 36.000000, 79, 1.2153320, 83,     57603,110,        29,116,         0,164,         1
53C,2017/02/17 23:14:00, 50, 0.0000000, 13,       254, 49,        16, 56, 1.0037853, 72, 513.50482, 73, 514.91949, 77, 36.031250, 79, 1.2153320, 83,     57603,110,        29,116,         0,164,         1
55C,2017/02/17 23:15:00, 50, 0.0000000, 13,       254, 49,        32, 56, 1.0037853, 72, 513.48444, 73, 514.86102, 77, 36.000000, 79, 1.2250546, 83,     57603,110,        29,116,         0,164,         1
54C,2017/02/17 23:16:00, 50, 0.0000000, 13,       254, 49,        16, 56, 1.0037853, 72, 513.51813, 73, 514.91949, 77, 36.031250, 79, 1.2153320, 83,     57603,110,        29,116,         0,164,         1
5EC,2017/02/17 23:17:00, 50, 0.0000000, 13,       254, 49,        32, 56, 1.0037853, 72, 513.54810, 73, 514.91949, 77, 36.031250, 79, 1.2201934, 83,     57603,110,        29,116,         0,164,         1
58C,2017/02/17 23:18:00, 50, 0.0000000, 13,       254, 49,        16, 56, 1.0037853, 72, 513.51593, 73, 514.91949, 77, 36.062500, 79, 1.2104707, 83,     57603,110,        29,116,         0,164,         1
58C,2017/02/17 23:19:00, 50, 0.0000000, 13,       254, 49,        32, 56, 1.0037853, 72, 513.54932, 73, 514.94873, 77, 36.062500, 79, 1.2201934, 83,     57603,110,        29,116,         0,164,         1
52C,2017/02/17 23:20:00, 50, 0.0000000, 13,       254, 49,        16, 56, 1.0037853, 72, 513.55902, 73, 514.91949, 77, 36.031250, 79, 1.2396387, 83,     57603,110,        29,116,         0,164,         1
51C,2017/02/17 23:21:00, 50, 0.0000000, 13,       254, 49,        32, 56, 1.0037853, 72, 513.52203, 73, 514.91949, 77, 36.031250, 79, 1.2056093, 83,     57603,110,        29,116,         0,164,         1
5EC,2017/02/17 23:22:00, 50, 0.0000000, 13,       254, 49,        16, 56, 1.0037853, 72, 513.54309, 73, 514.89026, 77, 36.062500, 79, 1.2347773, 83,     57603,110,        29,116,         0,164,         1
57C,2017/02/17 23:23:00, 50, 0.0000000, 13,       254, 49,        32, 56, 1.0037853, 72, 513.49774, 73, 514.97797, 77, 36.062500, 79, 1.2201934, 83,     57603,110,        29,116,         0,164,         1
52C,2017/02/17 23:24:00, 50, 0.0000000, 13,       254, 49,        16, 56, 1.0037853, 72, 513.54980, 73, 514.94873, 77, 36.062500, 79, 1.2153320, 83,     57603,110,        29,116,         0,164,         1
52C,2017/02/17 23:25:00, 50, 0.0000000, 13,       254, 49,        32, 56, 1.0037853, 72, 513.52301, 73, 514.94873, 77, 36.093750, 79, 1.2201934, 83,     57603,110,        29,116,         0,164,         1
5CC,2017/02/17 23:26:00, 50, 0.0000000, 13,       254, 49,        16, 56, 1.0037853, 72, 513.57910, 73, 514.94873, 77, 36.062500, 79, 1.2250546, 83,     57603,110,        29,116,         0,164,         1
5EC,2017/02/17 23:27:00, 50, 0.0000000, 13,       254, 49,        16, 56, 1.0037853, 72, 513.53131, 73, 514.94873, 77, 36.093750, 79, 1.2299160, 83,     57603,110,        29,116,         0,164,         1
53C,2017/02/17 23:28:00, 50, 0.0000000, 13,       254, 49,        16, 56, 1.0037853, 72, 513.57141, 73, 514.94873, 77, 36.062500, 79, 1.2201934, 83,     57603,110,        29,116,         0,164,         1
59C,2017/02/17 23:29:00, 50, 0.0000000, 13,       254, 49,        32, 56, 1.0037853, 72, 513.56427, 73, 515.03644, 77, 36.125000, 79, 1.2153320, 83,     57603,110,        29,116,         0,164,         1
5BC,2017/02/17 23:30:00, 50, 0.0000000, 13,       254, 49,        32, 56, 1.0037853, 72, 513.55066, 73, 515.00720, 77, 36.093750, 79, 1.2250546, 83,     57603,110,        29,116,         0,164,         1
57C,2017/02/17 23:31:00, 50, 0.0000000, 13,       254, 49,        16, 56, 1.0037853, 72, 513.58240, 73, 514.97797, 77, 36.125000, 79, 1.2201934, 83,     57603,110,        29,116,         0,164,         1
57C,2017/02/17 23:32:00, 50, 0.0000000, 13,       254, 49,        32, 56, 1.0037853, 72, 513.54224, 73, 514.94873, 77, 36.125000, 79, 1.2250546, 83,     57603,110,        29,116,         0,164,         1
50C,2017/02/17 23:33:00, 50, 0.0000000, 13,       254, 49,        32, 56, 1.0037853, 72, 513.55743, 73, 515.00720, 77, 36.125000, 79, 1.2153320, 83,     57603,110,        29,116,         0,164,         1
5AC,2017/02/17 23:34:00, 50, 0.0000000, 13,       254, 49,        32, 56, 1.0037853, 72, 513.56879, 73, 514.97797, 77, 36.125000, 79, 1.2201934, 83,     57603,110,        29,116,         0,164,         1
54C,2017/02/17 23:35:00, 50, 0.0000000, 13,       254, 49,        16, 56, 1.0037853, 72, 513.57056, 73, 515.00720, 77, 36.156250, 79, 1.2250546, 83,     57603,110,        29,116,         0,164,         1
5FC,2017/02/17 23:36:00, 50, 0.0000000, 13,       254, 49,        32, 56, 1.0037853, 72, 513.54901, 73, 514.97797, 77, 36.156250, 79, 1.2299160, 83,     57603,110,        29,116,         0,164,         1
52C,2017/02/17 23:37:00, 50, 0.0000000, 13,       254, 49,        32, 56, 1.0037853, 72, 513.52747, 73, 515.00720, 77, 36.156250, 79, 1.2250546, 83,     57603,110,        29,116,         0,164,         1
56C,2017/02/17 23:38:00, 50, 0.0000000, 13,       254, 49,        16, 56, 1.0037853, 72, 513.54724, 73, 514.97797, 77, 36.156250, 79, 1.2201934, 83,     57603,110,        29,116,         0,164,         1
59C,2017/02/17 23:39:00, 50, 0.0000000, 13,       254, 49,        16, 56, 1.0037853, 72, 513.53223, 73, 515.00720, 77, 36.156250, 79, 1.2104707, 83,     57603,110,        29,116,         0,164,         1
52C,2017/02/17 23:40:00, 50, 0.0000000, 13,       254, 49,        16, 56, 1.0037853, 72, 513.56982, 73, 515.00720, 77, 36.156250, 79, 1.2299160, 83,     57603,110,        29,116,         0,164,         1
52C,2017/02/17 23:41:00, 50, 0.0000000, 13,       254, 49,        16, 56, 1.0037853, 72, 513.57391, 73, 514.97797, 77, 36.187500, 79, 1.2250546, 83,     57603,110,        29,116,         0,164,         1
5AC,2017/02/17 23:42:00, 50, 0.0000000, 13,       254, 49,        32, 56, 1.0037853, 72, 513.58185, 73, 515.00720, 77, 36.187500, 79, 1.2153320, 83,     57603,110,        29,116,         0,164,         1
5BC,2017/02/17 23:43:00, 50, 0.0000000, 13,       254, 49,        16, 56, 1.0037853, 72, 513.55414, 73, 515.00720, 77, 36.187500, 79, 1.2250546, 83,     57603,110,        29,116,         0,164,         1
53C,2017/02/17 23:44:00, 50, 0.0000000, 13,       254, 49,        16, 56, 1.0037853, 72, 513.57648, 73, 515.03644, 77, 36.187500, 79, 1.2153320, 83,     57603,110,        29,116,         0,164,         1
53C,2017/02/17 23:45:00, 50, 0.0000000, 13,       254, 49,        32, 56, 1.0037853, 72, 513.55518, 73, 515.03644, 77, 36.187500, 79, 1.2104707, 83,     57603,110,        29,116,         0,164,         1
51C,2017/02/17 23:46:00, 50, 0.0000000, 13,       254, 49,        32, 56, 1.0037853, 72, 513.57214, 73, 515.03644, 77, 36.187500, 79, 1.2201934, 83,     57603,110,        29,116,         0,164,         1
5BC,2017/02/17 23:47:00, 50, 0.0000000, 13,       254, 49,        16, 56, 1.0037853, 72, 513.56653, 73, 515.00720, 77, 36.187500, 79, 1.2153320, 83,     57603,110,        29,116,         0,164,         1
5EC,2017/02/17 23:48:00, 50, 0.0000000, 13,       254, 49,        32, 56, 1.0037853, 72, 513.56927, 73, 515.03644, 77, 36.187500, 79, 1.2153320, 83,     57603,110,        29,116,         0,164,         1
55C,2017/02/17 23:49:00, 50, 0.0000000, 13,       254, 49,        16, 56, 1.0037853, 72, 513.57556, 73, 515.03644, 77, 36.250000, 79, 1.2201934, 83,     57603,110,        29,116,         0,164,         1
56C,2017/02/17 23:50:00, 50, 0.0000000, 13,       254, 49,        32, 56, 1.0037853, 72, 513.58453, 73, 515.00720, 77, 36.218750, 79, 1.2104707, 83,     57603,110,        29,116,         0,164,         1
5BC,2017/02/17 23:51:00, 50, 0.0000000, 13,       254, 49,        16, 56, 1.0037853, 72, 513.57892, 73, 515.06567, 77, 36.218750, 79, 1.2153320, 83,     57603,110,        29,116,         0,164,         1
5FC,2017/02/17 23:52:00, 50, 0.0000000, 13,       254, 49,        32, 56, 1.0037853, 72, 513.55029, 73, 515.06567, 77, 36.250000, 79, 1.2347773, 83,     57603,110,        29,116,         0,164,         1
5CC,2017/02/17 23:53:00, 50, 0.0000000, 13,       254, 49,        32, 56, 1.0037853, 72, 513.56110, 73, 515.09491, 77, 36.218750, 79, 1.2250546, 83,     57603,110,        29,116,         0,164,         1
5FC,2017/02/17 23:54:00, 50, 0.0000000, 13,       254, 49,        16, 56, 1.0037853, 72, 513.57190, 73, 515.00720, 77, 36.250000, 79, 1.2104707, 83,     57603,110,        29,116,         0,164,         1
52C,2017/02/17 23:55:00, 50, 0.0000000, 13,       254, 49,        32, 56, 1.0037853, 72, 513.51001, 73, 515.03644, 77, 36.250000, 79, 1.2250546, 83,     57603,110,        29,116,         0,164,         1
55C,2017/02/17 23:56:00, 50, 0.0000000, 13,       254, 49,        16, 56, 1.0037853, 72, 513.54535, 73, 515.09491, 77, 36.250000, 79, 1.2299160, 83,     57603,110,        29,116,         0,164,         1
5AC,2017/02/17 23:57:00, 50, 0.0000000, 13,       254, 49,        16, 56, 1.0037853, 72, 513.53204, 73, 515.06567, 77, 36.281250, 79, 1.2104707, 83,     57603,110,        29,116,         0,164,         1
51C,2017/02/17 23:58:00, 50, 0.0000000, 13,       254, 49,        16, 56, 1.0037853, 72, 513.55743, 73, 515.09491, 77, 36.250000, 79, 1.2201934, 83,     57603,110,        29,116,         0,164,         1
56C,2017/02/17 23:59:00, 50, 0.0000000, 13,       254, 49,        16, 56, 1.0037853, 72, 513.55597, 73, 515.03644, 77, 36.250000, 79, 1.2250546, 83,     57603,110,        29,116,         0,164,         1
