50C,2018/06/24 10:35:03, 50, 0.0000000, 49,         4, 44,         7, 45,         0, 56, 34.311562, 64, 26.696777, 67, 720.28381, 72, 0.0000000, 77, 11.843750, 83,     50945,110,        29,116,         4
54C,2018/06/24 10:36:00, 50, 0.0000000, 49,         4, 44,       141, 45,         0, 56, 34.311562, 64, 34.732056, 67, 718.93396, 72, 449.88495, 77, 12.406250, 83,     34561,110,        29,116,         4
5EC,2018/06/24 10:37:00, 50, 0.0000000, 49,         4, 44,       255, 45,         0, 56, 34.311562, 64, 34.628296, 67, 718.93396, 72, 450.80237, 77, 12.656250, 83,     34561,110,        29,116,         4
53C,2018/06/24 10:38:00, 50, 0.0000000, 49,         4, 44,       255, 45,         0, 56, 34.311562, 64, 34.826660, 67, 718.93396, 72, 451.53473, 77, 13.156250, 83,     34561,110,        29,116,         4
58C,2018/06/24 10:39:00, 50, 0.0000000, 49,         4, 44,       255, 45,         0, 56, 34.311562, 64, 34.664917, 67, 717.58398, 72, 452.22339, 77, 13.656250, 83,     34561,110,        29,116,         4
55C,2018/06/24 10:40:00, 50, 0.0000000, 49,         4, 44,       255, 45,         0, 56, 34.311562, 64, 34.851074, 67, 717.58398, 72, 452.92383, 77, 14.093750, 83,     34561,110,        29,116,         4
50C,2018/06/24 10:41:00, 50, 0.0000000, 49,         4, 44,       255, 45,         0, 56, 34.311562, 64, 34.881592, 67, 717.58398, 72, 453.64282, 77, 14.562500, 83,     34561,110,        29,116,         4
55C,2018/06/24 10:42:00, 50, 0.0000000, 49,         4, 44,       255, 45,         0, 56, 34.311562, 64, 34.799194, 67, 717.58398, 72, 454.36920, 77, 14.968750, 83,     34561,110,        29,116,         4
5FC,2018/06/24 10:43:00, 50, 0.0000000, 49,         4, 44,       255, 45,         0, 56, 34.311562, 64, 35.076904, 67, 717.58398, 72, 455.08392, 77, 15.343750, 83,     34561,110,        29,116,         4
55C,2018/06/24 10:44:00, 50, 0.0000000, 49,         4, 44,       255, 45,         0, 56, 34.311562, 64, 35.195923, 67, 717.58398, 72, 455.75299, 77, 15.656250, 83,     34561,110,        29,116,         4
57C,2018/06/24 10:45:00, 50, 0.0000000, 49,         4, 44,       255, 45,         0, 56, 34.311562, 64, 35.241699, 67, 717.58398, 72, 456.42413, 77, 16.031250, 83,     34561,110,        29,116,         4
45C,2018/06/24 10:46:00, 50, 0.0000000, 49,        32, 44,       255, 45,       196, 56, 34.311562, 64, 35.278320, 67, 717.58398, 72, 457.08148, 77, 16.343750, 83,     34561,110,        29,116,         4
58C,2018/06/24 10:47:00, 50, 0.0000000, 49,       128, 44,       255, 45,       136, 56, 34.311562, 64, 35.137939, 67, 717.58398, 72, 457.77313, 77, 16.562500, 83,     34561,110,        29,116,         4
45C,2018/06/24 10:48:00, 50, 0.0000000, 49,       128, 44,       255, 45,       124, 56, 34.311562, 64, 35.147095, 67, 717.58398, 72, 457.96082, 77, 17.000000, 83,     34564,110,         6,116,         4
48C,2018/06/24 10:49:00, 50, 0.0000000, 49,       128, 44,       255, 45,       124, 56, 34.311562, 64, 35.134888, 67, 717.58398, 72, 457.96082, 77, 17.281250, 83,     34564,110,         6,116,         4
40C,2018/06/24 10:50:00, 50, 0.0000000, 49,       128, 44,       205, 45,       124, 56, 34.311562, 64, 35.137939, 67, 717.58398, 72, 457.96082, 77, 17.625000, 83,     34564,110,         6,116,         4
43C,2018/06/24 10:51:00, 50, 0.0000000, 49,       128, 44,       105, 45,       124, 56, 34.311562, 64, 35.153198, 67, 717.58398, 72, 457.96082, 77, 18.000000, 83,     33284,110,         6,116,         4
54C,2018/06/24 10:52:00, 50, 0.0000000, 49,       128, 44,        88, 45,       124, 56, 34.311562, 64, 35.153198, 67, 717.58398, 72, 457.96082, 77, 18.375000, 83,     33284,110,         7,116,         4
54C,2018/06/24 10:53:00, 50, 0.0000000, 49,       128, 44,        88, 45,       124, 56, 34.311562, 64, 35.131836, 67, 717.58398, 72, 457.96082, 77, 18.781250, 83,     33284,110,         7,116,         4
52C,2018/06/24 10:54:00, 50, 0.0000000, 49,       128, 44,        88, 45,       124, 56, 34.311562, 64, 35.134888, 67, 716.23413, 72, 457.96082, 77, 19.000000, 83,     33284,110,         7,116,         4
53C,2018/06/24 10:55:00, 50, 0.0000000, 49,       128, 44,        88, 45,       124, 56, 34.311562, 64, 35.144043, 67, 716.23413, 72, 457.96082, 77, 19.093750, 83,     33284,110,         7,116,         4
5CC,2018/06/24 10:56:00, 50, 0.0000000, 49,       128, 44,        88, 45,       124, 56, 34.311562, 64, 35.150146, 67, 716.23413, 72, 457.96082, 77, 19.312500, 83,     33284,110,         7,116,         4
53C,2018/06/24 10:57:00, 50, 0.0000000, 49,       128, 44,        88, 45,       124, 56, 34.311562, 64, 35.147095, 67, 716.23413, 72, 457.96082, 77, 19.625000, 83,     33280,110,         0,116,         4
55C,2018/06/24 10:58:00, 50, 0.0000000, 49,       128, 44,        88, 45,       124, 56, 34.311562, 64, 35.134888, 67, 716.23413, 72, 457.96082, 77, 19.937500, 83,     33280,110,         0,116,         4
5FC,2018/06/24 10:59:00, 50, 0.0000000, 49,       128, 44,        88, 45,       124, 56, 34.311562, 64, 35.125732, 67, 716.23413, 72, 457.96082, 77, 20.250000, 83,     33280,110,         0,116,         4
52C,2018/06/24 11:00:00, 50, 0.4491006, 49,       128, 44,        88, 45,       124, 56, 34.311562, 64, 35.122681, 67, 716.23413, 72, 472.83478, 77, 20.562500, 83,     33280,110,         1,116,         4
57C,2018/06/24 11:01:00, 50, 2.9749508, 49,       128, 44,        88, 45,       124, 56, 34.311562, 64, 35.122681, 67, 716.23413, 72, 474.58344, 77, 20.875000, 83,     33280,110,         1,116,         4
57C,2018/06/24 11:02:00, 50, 1.2914083, 49,       128, 44,        88, 45,       124, 56, 34.311562, 64, 35.125732, 67, 716.23413, 72, 474.97656, 77, 21.187500, 83,     33280,110,         1,116,         4
55C,2018/06/24 11:03:00, 50,-3.4358354, 49,       128, 44,        88, 45,       124, 56, 34.311562, 64, 35.128784, 67, 716.23413, 72, 475.31799, 77, 21.500000, 83,     33280,110,         1,116,         4
5CC,2018/06/24 11:04:00, 50,-3.8346457, 49,       128, 44,        88, 45,       124, 56, 34.311562, 64, 35.128784, 67, 716.23413, 72, 475.61755, 77, 21.781250, 83,     33280,110,         1,116,         4
53C,2018/06/24 11:05:00, 50,-5.1378460, 49,       128, 44,        88, 45,       124, 56, 34.311562, 64, 35.131836, 67, 716.23413, 72, 475.97955, 77, 22.187500, 83,     33280,110,         1,116,         4
56C,2018/06/24 11:06:00, 50,-4.3742018, 49,       128, 44,        88, 45,       124, 56, 34.311562, 64, 35.128784, 67, 716.23413, 72, 476.28033, 77, 22.468750, 83,     33280,110,         1,116,         4
52C,2018/06/24 11:07:00, 50,-2.7229395, 49,       128, 44,        88, 45,       124, 56, 34.311562, 64, 35.128784, 67, 716.23413, 72, 476.54547, 77, 22.718750, 83,     33280,110,         1,116,         4
55C,2018/06/24 11:08:00, 50, 1.3863266, 49,       128, 44,        88, 45,       124, 56, 34.311562, 64, 35.125732, 67, 716.23413, 72, 476.76990, 77, 23.000000, 83,     33280,110,         1,116,         4
5AC,2018/06/24 11:09:00, 50, 1.4639869, 49,       128, 44,        88, 45,       124, 56, 34.311562, 64, 35.122681, 67, 716.23413, 72, 477.05908, 77, 23.250000, 83,     33280,110,         1,116,         4
54C,2018/06/24 11:10:00, 50,-0.3246372, 49,       128, 44,        88, 45,       124, 56, 34.311562, 64, 35.122681, 67, 714.88416, 72, 477.32666, 77, 23.468750, 83,         0,110,         1,116,         4
5EC,2018/06/24 11:11:00, 50, 0.7855639, 49,       128, 44,        88, 45,       124, 56, 34.311562, 64, 35.113525, 67, 714.88416, 72, 477.63977, 77, 23.687500, 83,         0,110,         1,116,         4
53C,2018/06/24 11:12:00, 50, 0.0356325, 49,       128, 44,        88, 45,       124, 56, 34.311562, 64, 35.113525, 67, 714.88416, 72, 477.87097, 77, 23.937500, 83,         0,110,         1,116,         4
52C,2018/06/24 11:13:00, 50, 0.3888716, 49,       128, 44,        88, 45,       124, 56, 34.311562, 64, 35.110474, 67, 714.88416, 72, 478.14392, 77, 24.156250, 83,         0,110,         1,116,         4
53C,2018/06/24 11:14:00, 50,-0.7433692, 49,       128, 44,        88, 45,       124, 56, 34.311562, 64, 35.116577, 67, 714.88416, 72, 478.37939, 77, 24.406250, 83,         0,110,         1,116,         4
53C,2018/06/24 11:15:00, 50, 0.1951826, 49,       128, 44,        88, 45,       124, 56, 34.311562, 64, 35.128784, 67, 714.88416, 72, 478.63965, 77, 24.718750, 83,         0,110,         1,116,         4
51C,2018/06/24 11:16:00, 50, 0.9969389, 49,       128, 44,        88, 45,       124, 56, 34.311562, 64, 35.131836, 67, 714.88416, 72, 478.82928, 77, 24.906250, 83,         0,110,         1,116,         4
56C,2018/06/24 11:17:00, 50,-0.0759701, 49,       128, 44,        88, 45,       124, 56, 34.311562, 64, 35.122681, 67, 714.88416, 72, 479.13617, 77, 25.093750, 83,         0,110,         1,116,         4
52C,2018/06/24 11:18:00, 50,-0.3124527, 49,       128, 44,        88, 45,       124, 56, 34.311562, 64, 35.107422, 67, 714.88416, 72, 479.34772, 77, 25.375000, 83,         0,110,         1,116,         4
55C,2018/06/24 11:19:00, 50,-0.6729215, 49,       128, 44,        88, 45,       124, 56, 34.311562, 64, 35.107422, 67, 714.88416, 72, 479.54956, 77, 25.625000, 83,         0,110,         1,116,         4
53C,2018/06/24 11:20:00, 50, 1.3415337, 49,       128, 44,        88, 45,       124, 56, 34.311562, 64, 35.125732, 67, 714.88416, 72, 479.80170, 77, 25.812500, 83,         0,110,         1,116,         4
5EC,2018/06/24 11:21:00, 50, 1.5186200, 49,       128, 44,        88, 45,       124, 56, 34.311562, 64, 35.119629, 67, 714.88416, 72, 480.05212, 77, 26.031250, 83,         0,110,         1,116,         4
5FC,2018/06/24 11:22:00, 50, 3.1724529, 49,       128, 44,        88, 45,       124, 56, 34.311562, 64, 35.101318, 67, 714.88416, 72, 480.29498, 77, 26.250000, 83,         0,110,         1,116,         4
5FC,2018/06/24 11:23:00, 50, 3.3293734, 49,       128, 44,        88, 45,       124, 56, 34.311562, 64, 35.107422, 67, 714.88416, 72, 480.48346, 77, 26.468750, 83,         0,110,         1,116,         4
55C,2018/06/24 11:24:00, 50, 2.0547528, 49,       128, 44,        88, 45,       124, 56, 34.311562, 64, 35.122681, 67, 714.88416, 72, 480.66748, 77, 26.718750, 83,         0,110,         1,116,         4
5EC,2018/06/24 11:25:00, 50, 1.6896689, 49,       128, 44,        88, 45,       124, 56, 34.311562, 64, 35.116577, 67, 714.88416, 72, 480.85339, 77, 26.937500, 83,         0,110,         1,116,         4
52C,2018/06/24 11:26:00, 50, 1.1924260, 49,       128, 44,        88, 45,       124, 56, 34.311562, 64, 35.104370, 67, 714.88416, 72, 481.00549, 77, 27.156250, 83,         0,110,         1,116,         4
5DC,2018/06/24 11:27:00, 50, 1.5808940, 49,       128, 44,        88, 45,       124, 56, 34.311562, 64, 35.095215, 67, 714.88416, 72, 481.13824, 77, 27.343750, 83,         0,110,         1,116,         4
54C,2018/06/24 11:28:00, 50, 1.1751835, 49,       128, 44,        88, 45,       124, 56, 34.311562, 64, 35.116577, 67, 714.88416, 72, 481.26410, 77, 27.531250, 83,         0,110,         1,116,         4
57C,2018/06/24 11:29:00, 50, 0.8630773, 49,       128, 44,        88, 45,       124, 56, 34.311562, 64, 35.092163, 67, 714.88416, 72, 481.34393, 77, 27.750000, 83,         0,110,         1,116,         4
5CC,2018/06/24 11:30:00, 50, 1.3851533, 49,       128, 44,        88, 45,       124, 56, 34.311562, 64, 35.116577, 67, 714.88416, 72, 481.35162, 77, 27.968750, 83,         0,110,         1,116,         4
5DC,2018/06/24 11:31:00, 50, 0.7721088, 49,       128, 44,        88, 45,       124, 56, 34.311562, 64, 35.095215, 67, 713.53430, 72, 481.38434, 77, 28.156250, 83,         0,110,         1,116,         4
52C,2018/06/24 11:32:00, 50, 2.4326382, 49,       128, 44,        88, 45,       124, 56, 34.311562, 64, 35.104370, 67, 713.53430, 72, 481.42987, 77, 28.375000, 83,         0,110,         1,116,         4
57C,2018/06/24 11:33:00, 50, 3.1303449, 49,       128, 44,        88, 45,       124, 56, 34.311562, 64, 35.101318, 67, 713.53430, 72, 481.50275, 77, 28.468750, 83,         0,110,         1,116,         4
58C,2018/06/24 11:34:00, 50, 3.1866922, 49,       128, 44,        88, 45,       124, 56, 34.311562, 64, 35.092163, 67, 713.53430, 72, 481.56854, 77, 28.656250, 83,         0,110,         1,116,         4
55C,2018/06/24 11:35:00, 50, 2.7659326, 49,       128, 44,        88, 45,       124, 56, 34.311562, 64, 35.101318, 67, 712.18445, 72, 481.60937, 77, 28.843750, 83,         0,110,         1,116,         4
5FC,2018/06/24 11:36:00, 50, 1.7980824, 49,       128, 44,        88, 45,       124, 56, 34.311562, 64, 35.086060, 67, 712.18445, 72, 481.55084, 77, 29.062500, 83,         0,110,         1,116,         4
54C,2018/06/24 11:37:00, 50, 0.6815442, 49,       128, 44,        88, 45,       124, 56, 34.311562, 64, 35.098267, 67, 712.18445, 72, 481.55975, 77, 29.250000, 83,         0,110,         1,116,         4
5CC,2018/06/24 11:38:00, 50, 1.3459821, 49,       128, 44,        88, 45,       124, 56, 34.311562, 64, 35.086060, 67, 712.18445, 72, 481.59717, 77, 29.406250, 83,         0,110,         1,116,         4
5DC,2018/06/24 11:39:00, 50, 1.1468890, 49,       128, 44,        88, 45,       124, 56, 34.311562, 64, 35.089111, 67, 712.18445, 72, 481.63763, 77, 29.593750, 83,         0,110,         1,116,         4
5BC,2018/06/24 11:40:00, 50, 0.6416185, 49,       128, 44,        88, 45,       124, 56, 34.311562, 64, 35.095215, 67, 712.18445, 72, 481.61395, 77, 29.750000, 83,         0,110,         1,116,         4
5DC,2018/06/24 11:41:00, 50,-0.2967606, 49,       128, 44,        88, 45,       124, 56, 34.311562, 64, 35.076904, 67, 712.18445, 72, 481.63855, 77, 29.937500, 83,         0,110,         1,116,         4
51C,2018/06/24 11:42:00, 50, 0.1569468, 49,       128, 44,        88, 45,       124, 56, 34.311562, 64, 35.101318, 67, 712.18445, 72, 481.72406, 77, 30.156250, 83,         0,110,         1,116,         4
53C,2018/06/24 11:43:00, 50,-0.4434809, 49,       128, 44,        88, 45,       124, 56, 34.311562, 64, 35.070801, 67, 712.18445, 72, 481.79224, 77, 30.312500, 83,         0,110,         1,116,         4
5EC,2018/06/24 11:44:00, 50, 0.0100188, 49,       128, 44,        88, 45,       124, 56, 34.311562, 64, 35.086060, 67, 712.18445, 72, 481.79517, 77, 30.437500, 83,         0,110,         1,116,         4
59C,2018/06/24 11:45:00, 50, 2.6285272, 49,       128, 44,        88, 45,       124, 56, 34.311562, 64, 35.092163, 67, 712.18445, 72, 481.78943, 77, 30.562500, 83,         0,110,         1,116,         4
5AC,2018/06/24 11:46:00, 50, 3.4685416, 49,       128, 44,        88, 45,       124, 56, 34.311562, 64, 35.064697, 67, 712.18445, 72, 481.70679, 77, 30.718750, 83,         0,110,         1,116,         4
53C,2018/06/24 11:47:00, 50, 3.9587970, 49,       128, 44,        88, 45,       124, 56, 34.311562, 64, 35.086060, 67, 712.18445, 72, 481.73987, 77, 30.875000, 83,         0,110,         1,116,         4
53C,2018/06/24 11:48:00, 50, 2.9016004, 49,       128, 44,        88, 45,       124, 56, 34.311562, 64, 35.150146, 67, 712.18445, 72, 481.83405, 77, 31.031250, 83,         0,110,         1,116,         4
57C,2018/06/24 11:49:00, 50, 2.4745178, 49,       128, 44,        88, 45,       124, 56, 34.311562, 64, 35.131836, 67, 712.18445, 72, 481.78186, 77, 31.156250, 83,         0,110,         1,116,         4
50C,2018/06/24 11:50:00, 50, 2.6664791, 49,       128, 44,        88, 45,       124, 56, 34.311562, 64, 34.967041, 67, 712.18445, 72, 481.80774, 77, 31.312500, 83,         0,110,         1,116,         4
57C,2018/06/24 11:51:00, 50, 3.3920779, 49,       128, 44,        88, 45,       124, 56, 34.311562, 64, 35.083008, 67, 712.18445, 72, 481.84900, 77, 31.468750, 83,         0,110,         1,116,         4
54C,2018/06/24 11:52:00, 50, 3.8108859, 49,       128, 44,        88, 45,       124, 56, 34.311562, 64, 35.186768, 67, 712.18445, 72, 481.91559, 77, 31.593750, 83,         0,110,         1,116,         4
5EC,2018/06/24 11:53:00, 50, 3.2395215, 49,       128, 44,        88, 45,       124, 56, 34.311562, 64, 35.055542, 67, 712.18445, 72, 481.93127, 77, 31.750000, 83,         0,110,         1,116,         4
58C,2018/06/24 11:54:00, 50, 3.2621226, 49,       128, 44,        88, 45,       124, 56, 34.311562, 64, 34.960937, 67, 712.18445, 72, 481.92273, 77, 31.875000, 83,         0,110,         1,116,         4
56C,2018/06/24 11:55:00, 50, 2.6561995, 49,       128, 44,        88, 45,       124, 56, 34.311562, 64, 35.067749, 67, 712.18445, 72, 481.98969, 77, 32.031250, 83,         0,110,         1,116,         4
50C,2018/06/24 11:56:00, 50, 3.5486331, 49,       128, 44,        88, 45,       124, 56, 34.311562, 64, 35.147095, 67, 712.18445, 72, 482.03119, 77, 32.156250, 83,         0,110,         1,116,         4
59C,2018/06/24 11:57:00, 50, 3.9512191, 49,       128, 44,        88, 45,       124, 56, 34.311562, 64, 35.174561, 67, 712.18445, 72, 482.02747, 77, 32.250000, 83,         0,110,         1,116,         4
5DC,2018/06/24 11:58:00, 50, 3.3641200, 49,       128, 44,        88, 45,       124, 56, 34.311562, 64, 35.058594, 67, 712.18445, 72, 482.05865, 77, 32.406250, 83,         0,110,         1,116,         4
53C,2018/06/24 11:59:00, 50, 3.4157815, 49,       128, 44,        88, 45,       124, 56, 34.311562, 64, 34.963989, 67, 712.18445, 72, 482.04639, 77, 32.500000, 83,         0,110,         1,116,         4
52C,2018/06/24 12:00:00, 50, 3.1162262, 49,       128, 44,        88, 45,       124, 56, 34.311562, 64, 34.976196, 67, 712.18445, 72, 482.01459, 77, 32.625000, 83,         0,110,         1,116,         4
5CC,2018/06/24 12:01:00, 50, 2.3814588, 49,       128, 44,        88, 45,       124, 56, 34.311562, 64, 35.098267, 67, 712.18445, 72, 482.01227, 77, 32.718750, 83,         0,110,         1,116,         4
51C,2018/06/24 12:02:00, 50, 2.0725026, 49,       128, 44,        88, 45,       124, 56, 34.311562, 64, 35.006714, 67, 712.18445, 72, 482.05969, 77, 32.812500, 83,         0,110,         1,116,         4
51C,2018/06/24 12:03:00, 50, 2.3538218, 49,       128, 44,        88, 45,       124, 56, 34.311562, 64, 34.957886, 67, 712.18445, 72, 482.09326, 77, 32.906250, 83,         0,110,         1,116,         4
52C,2018/06/24 12:04:00, 50, 2.9939690, 49,       128, 44,        88, 45,       124, 56, 34.311562, 64, 34.960937, 67, 712.18445, 72, 482.14197, 77, 33.031250, 83,         0,110,         1,116,         4
56C,2018/06/24 12:05:00, 50, 3.4036393, 49,       128, 44,        88, 45,       124, 56, 34.311562, 64, 35.009766, 67, 712.18445, 72, 482.12970, 77, 33.125000, 83,         0,110,         1,116,         4
59C,2018/06/24 12:06:00, 50, 3.3967357, 49,       128, 44,        88, 45,       124, 56, 34.311562, 64, 35.067749, 67, 712.18445, 72, 482.11090, 77, 33.218750, 83,         0,110,         1,116,         4
5AC,2018/06/24 12:07:00, 50, 2.8307118, 49,       128, 44,        88, 45,       124, 56, 34.311562, 64, 35.122681, 67, 712.18445, 72, 482.13574, 77, 33.281250, 83,         0,110,         1,116,         4
51C,2018/06/24 12:08:00, 50, 1.7812994, 49,       128, 44,        88, 45,       124, 56, 34.311562, 64, 35.159302, 67, 712.18445, 72, 482.14331, 77, 33.406250, 83,         0,110,         1,116,         4
5AC,2018/06/24 12:09:00, 50, 2.7486024, 49,       128, 44,        88, 45,       124, 56, 34.311562, 64, 35.177612, 67, 712.18445, 72, 482.15637, 77, 33.500000, 83,         0,110,         1,116,         4
5AC,2018/06/24 12:10:00, 50, 2.5349555, 49,       128, 44,        88, 45,       124, 56, 34.311562, 64, 35.171509, 67, 712.18445, 72, 482.12506, 77, 33.625000, 83,         0,110,         1,116,         4
5DC,2018/06/24 12:11:00, 50, 2.5931959, 49,       128, 44,        88, 45,       124, 56, 34.311562, 64, 35.168457, 67, 712.18445, 72, 482.15668, 77, 33.718750, 83,         0,110,         1,116,         4
51C,2018/06/24 12:12:00, 50, 3.0310078, 49,       128, 44,        88, 45,       124, 56, 34.311562, 64, 35.159302, 67, 712.18445, 72, 482.17273, 77, 33.843750, 83,         0,110,         1,116,         4
54C,2018/06/24 12:13:00, 50, 3.4374733, 49,       128, 44,        88, 45,       124, 56, 34.311562, 64, 35.159302, 67, 712.18445, 72, 482.16028, 77, 33.875000, 83,         0,110,         1,116,         4
51C,2018/06/24 12:14:00, 50, 3.2860255, 49,       128, 44,        88, 45,       124, 56, 34.311562, 64, 35.162354, 67, 712.18445, 72, 482.18195, 77, 34.000000, 83,         0,110,         1,116,         4
58C,2018/06/24 12:15:00, 50, 2.9245086, 49,       128, 44,        88, 45,       124, 56, 34.311562, 64, 35.165405, 67, 712.18445, 72, 482.17499, 77, 34.062500, 83,         0,110,         1,116,         4
5CC,2018/06/24 12:16:00, 50, 2.8139143, 49,       128, 44,        88, 45,       124, 56, 34.311562, 64, 35.168457, 67, 712.18445, 72, 482.18726, 77, 34.156250, 83,         0,110,         1,116,         4
54C,2018/06/24 12:17:00, 50, 2.8400803, 49,       128, 44,        88, 45,       124, 56, 34.311562, 64, 35.165405, 67, 712.18445, 72, 482.22382, 77, 34.250000, 83,         0,110,         1,116,         4
5CC,2018/06/24 12:18:00, 50, 2.9696131, 49,       128, 44,        88, 45,       124, 56, 34.311562, 64, 35.153198, 67, 712.18445, 72, 482.24390, 77, 34.312500, 83,         0,110,         1,116,         4
55C,2018/06/24 12:19:00, 50, 2.9249482, 49,       128, 44,        88, 45,       124, 56, 34.311562, 64, 35.122681, 67, 712.18445, 72, 482.26471, 77, 34.406250, 83,         0,110,         1,116,         4
51C,2018/06/24 12:20:00, 50, 3.1571789, 49,       128, 44,        88, 45,       124, 56, 34.311562, 64, 35.086060, 67, 712.18445, 72, 482.23376, 77, 34.500000, 83,         0,110,         1,116,         4
52C,2018/06/24 12:21:00, 50, 3.0525126, 49,       128, 44,        88, 45,       124, 56, 34.311562, 64, 35.031128, 67, 712.18445, 72, 482.20752, 77, 34.562500, 83,         0,110,         1,116,         4
50C,2018/06/24 12:22:00, 50, 3.3482127, 49,       128, 44,        88, 45,       124, 56, 34.311562, 64, 34.976196, 67, 712.18445, 72, 482.21655, 77, 34.656250, 83,         0,110,         1,116,         4
58C,2018/06/24 12:23:00, 50, 3.1544733, 49,       128, 44,        88, 45,       124, 56, 34.311562, 64, 34.942627, 67, 712.18445, 72, 482.22552, 77, 34.718750, 83,         0,110,         1,116,         4
56C,2018/06/24 12:24:00, 50, 3.4926848, 49,       128, 44,        88, 45,       124, 56, 34.311562, 64, 34.939575, 67, 712.18445, 72, 482.22870, 77, 34.812500, 83,         0,110,         1,116,         4
58C,2018/06/24 12:25:00, 50, 3.2089963, 49,       128, 44,        88, 45,       124, 56, 34.311562, 64, 34.982300, 67, 712.18445, 72, 482.23773, 77, 34.875000, 83,         0,110,         1,116,         4
51C,2018/06/24 12:26:00, 50, 4.1853209, 49,       128, 44,        88, 45,       124, 56, 34.311562, 64, 35.067749, 67, 712.18445, 72, 482.18036, 77, 34.937500, 83,         0,110,         1,116,         4
55C,2018/06/24 12:27:00, 50, 4.3282757, 49,       128, 44,        88, 45,       124, 56, 34.311562, 64, 35.147095, 67, 712.18445, 72, 482.19421, 77, 35.000000, 83,         0,110,         1,116,         4
5AC,2018/06/24 12:28:00, 50, 4.8014746, 49,       128, 44,        88, 45,       124, 56, 34.311562, 64, 35.150146, 67, 712.18445, 72, 482.20892, 77, 35.062500, 83,         0,110,         1,116,         4
51C,2018/06/24 12:29:00, 50, 4.3975821, 49,       128, 44,        88, 45,       124, 56, 34.311562, 64, 35.058594, 67, 712.18445, 72, 482.19409, 77, 35.125000, 83,         0,110,         1,116,         4
52C,2018/06/24 12:30:00, 50, 4.3148994, 49,       128, 44,        88, 45,       124, 56, 34.311562, 64, 34.951782, 67, 712.18445, 72, 482.25214, 77, 35.156250, 83,         0,110,         1,116,         4
56C,2018/06/24 12:31:00, 50, 4.4895277, 49,       128, 44,        88, 45,       124, 56, 34.311562, 64, 34.942627, 67, 712.18445, 72, 482.29547, 77, 35.218750, 83,         0,110,         1,116,         4
56C,2018/06/24 12:32:00, 50, 4.9496689, 49,       128, 44,        88, 45,       124, 56, 34.311562, 64, 35.052490, 67, 712.18445, 72, 482.27698, 77, 35.312500, 83,         0,110,         1,116,         4
54C,2018/06/24 12:33:00, 50, 4.6809044, 49,       128, 44,        88, 45,       124, 56, 34.311562, 64, 35.153198, 67, 712.18445, 72, 482.32874, 77, 35.375000, 83,         0,110,         1,116,         4
50C,2018/06/24 12:34:00, 50, 5.1585369, 49,       128, 44,        88, 45,       124, 56, 34.311562, 64, 35.104370, 67, 712.18445, 72, 482.28534, 77, 35.437500, 83,         0,110,         1,116,         4
54C,2018/06/24 12:35:00, 50, 5.1942320, 49,       128, 44,        88, 45,       124, 56, 34.311562, 64, 34.954834, 67, 712.18445, 72, 482.26801, 77, 35.468750, 83,         0,110,         1,116,         4
57C,2018/06/24 12:36:00, 50, 5.4811125, 49,       128, 44,        88, 45,       124, 56, 34.311562, 64, 34.951782, 67, 712.18445, 72, 482.26776, 77, 35.500000, 83,         0,110,         1,116,         4
5AC,2018/06/24 12:37:00, 50, 5.5359230, 49,       128, 44,        88, 45,       124, 56, 34.311562, 64, 35.104370, 67, 712.18445, 72, 482.27478, 77, 35.562500, 83,         0,110,         1,116,         4
5FC,2018/06/24 12:38:00, 50, 4.7078619, 49,       128, 44,        88, 45,       124, 56, 34.311562, 64, 35.137939, 67, 712.18445, 72, 482.24231, 77, 35.593750, 83,         0,110,         1,116,         4
53C,2018/06/24 12:39:00, 50, 4.5709352, 49,       128, 44,        88, 45,       124, 56, 34.311562, 64, 34.973145, 67, 712.18445, 72, 482.24274, 77, 35.656250, 83,         0,110,         1,116,         4
5DC,2018/06/24 12:40:00, 50, 4.4297256, 49,       128, 44,        88, 45,       124, 56, 34.311562, 64, 34.960937, 67, 712.18445, 72, 482.21399, 77, 35.687500, 83,         0,110,         1,116,         4
55C,2018/06/24 12:41:00, 50, 4.5886536, 49,       128, 44,        88, 45,       124, 56, 34.311562, 64, 35.119629, 67, 712.18445, 72, 482.15198, 77, 35.718750, 83,         0,110,         1,116,         4
5FC,2018/06/24 12:42:00, 50, 4.8337288, 49,       128, 44,        88, 45,       124, 56, 34.311562, 64, 35.110474, 67, 712.18445, 72, 482.18799, 77, 35.750000, 83,         0,110,         1,116,         4
5DC,2018/06/24 12:43:00, 50, 4.9808302, 49,       128, 44,        88, 45,       124, 56, 34.311562, 64, 34.936523, 67, 712.18445, 72, 482.21283, 77, 35.812500, 83,         0,110,         1,116,         4
59C,2018/06/24 12:44:00, 50, 3.9865866, 49,       128, 44,        88, 45,       124, 56, 34.311562, 64, 35.025024, 67, 712.18445, 72, 482.21307, 77, 35.843750, 83,         0,110,         1,116,         4
5FC,2018/06/24 12:45:00, 50, 3.2898884, 49,       128, 44,        88, 45,       124, 56, 34.311562, 64, 35.156250, 67, 712.18445, 72, 482.20703, 77, 35.875000, 83,         0,110,         1,116,         4
54C,2018/06/24 12:46:00, 50, 3.1619511, 49,       128, 44,        88, 45,       124, 56, 34.311562, 64, 34.991455, 67, 712.18445, 72, 482.24835, 77, 35.937500, 83,         0,110,         1,116,         4
55C,2018/06/24 12:47:00, 50, 3.4999394, 49,       128, 44,        88, 45,       124, 56, 34.311562, 64, 34.957886, 67, 712.18445, 72, 482.24615, 77, 35.968750, 83,         0,110,         1,116,         4
59C,2018/06/24 12:48:00, 50, 3.7888427, 49,       128, 44,        88, 45,       124, 56, 34.311562, 64, 35.147095, 67, 712.18445, 72, 482.25458, 77, 36.000000, 83,         0,110,         1,116,         4
53C,2018/06/24 12:49:00, 50, 3.8922348, 49,       128, 44,        88, 45,       124, 56, 34.311562, 64, 35.021973, 67, 712.18445, 72, 482.24121, 77, 36.062500, 83,         0,110,         1,116,         4
5BC,2018/06/24 12:50:00, 50, 4.1046457, 49,       128, 44,        88, 45,       124, 56, 34.311562, 64, 34.957886, 67, 712.18445, 72, 482.22614, 77, 36.093750, 83,         0,110,         1,116,         4
51C,2018/06/24 12:51:00, 50, 3.9052739, 49,       128, 44,        88, 45,       124, 56, 34.311562, 64, 35.156250, 67, 712.18445, 72, 482.26129, 77, 36.125000, 83,         0,110,         1,116,         4
59C,2018/06/24 12:52:00, 50, 3.9929910, 49,       128, 44,        88, 45,       124, 56, 34.311562, 64, 34.994507, 67, 712.18445, 72, 482.26642, 77, 36.156250, 83,         0,110,         1,116,         4
50C,2018/06/24 12:53:00, 50, 3.5146451, 49,       128, 44,        88, 45,       124, 56, 34.311562, 64, 35.055542, 67, 712.18445, 72, 482.27655, 77, 36.187500, 83,         0,110,         1,116,         4
52C,2018/06/24 12:54:00, 50, 3.7452755, 49,       128, 44,        88, 45,       124, 56, 34.311562, 64, 35.025024, 67, 712.18445, 72, 482.29327, 77, 36.250000, 83,         0,110,         1,116,         4
54C,2018/06/24 12:55:00, 50, 3.5866742, 49,       128, 44,        88, 45,       124, 56, 34.311562, 64, 35.034180, 67, 712.18445, 72, 482.31726, 77, 36.281250, 83,         0,110,         1,116,         4
55C,2018/06/24 12:56:00, 50, 3.6209335, 49,       128, 44,        88, 45,       124, 56, 34.311562, 64, 35.046387, 67, 712.18445, 72, 482.29041, 77, 36.312500, 83,         0,110,         1,116,         4
56C,2018/06/24 12:57:00, 50, 3.5094476, 49,       128, 44,        88, 45,       124, 56, 34.311562, 64, 35.018921, 67, 712.18445, 72, 482.27460, 77, 36.343750, 83,         0,110,         1,116,         4
53C,2018/06/24 12:58:00, 50, 3.3904305, 49,       128, 44,        88, 45,       124, 56, 34.311562, 64, 35.052490, 67, 712.18445, 72, 482.27631, 77, 36.343750, 83,         0,110,         1,116,         4
50C,2018/06/24 12:59:00, 50, 4.1554775, 49,       128, 44,        88, 45,       124, 56, 34.311562, 64, 35.028076, 67, 712.18445, 72, 482.34058, 77, 36.375000, 83,         0,110,         1,116,         4
54C,2018/06/24 13:00:00, 50, 3.3681669, 49,       128, 44,        88, 45,       124, 56, 34.311562, 64, 35.034180, 67, 712.18445, 72, 482.30737, 77, 36.406250, 83,         0,110,         1,116,         4
58C,2018/06/24 13:01:00, 50, 3.3665247, 49,       128, 44,        88, 45,       124, 56, 34.311562, 64, 35.046387, 67, 712.18445, 72, 482.32300, 77, 36.468750, 83,         0,110,         1,116,         4
5CC,2018/06/24 13:02:00, 50, 2.7270770, 49,       128, 44,        88, 45,       124, 56, 34.311562, 64, 35.018921, 67, 712.18445, 72, 482.32617, 77, 36.500000, 83,         0,110,         1,116,         4
58C,2018/06/24 13:03:00, 50, 3.2081175, 49,       128, 44,        88, 45,       124, 56, 34.311562, 64, 35.049438, 67, 712.18445, 72, 482.29077, 77, 36.531250, 83,         0,110,         1,116,         4
59C,2018/06/24 13:04:00, 50, 3.2773070, 49,       128, 44,        88, 45,       124, 56, 34.311562, 64, 35.015869, 67, 712.18445, 72, 482.29620, 77, 36.593750, 83,         0,110,         1,116,         4
59C,2018/06/24 13:05:00, 50, 3.2103252, 49,       128, 44,        88, 45,       124, 56, 34.311562, 64, 35.049438, 67, 712.18445, 72, 482.28192, 77, 36.625000, 83,         0,110,         1,116,         4
51C,2018/06/24 13:06:00, 50, 3.0230718, 49,       128, 44,        88, 45,       124, 56, 34.311562, 64, 35.021973, 67, 712.18445, 72, 482.29803, 77, 36.687500, 83,         0,110,         1,116,         4
5FC,2018/06/24 13:07:00, 50, 3.6695714, 49,       128, 44,        88, 45,       124, 56, 34.311562, 64, 35.043335, 67, 712.18445, 72, 482.27283, 77, 36.750000, 83,         0,110,         1,116,         4
56C,2018/06/24 13:08:00, 50, 4.9550076, 49,       128, 44,        88, 45,       124, 56, 34.311562, 64, 35.025024, 67, 712.18445, 72, 482.30878, 77, 36.812500, 83,         0,110,         1,116,         4
53C,2018/06/24 13:09:00, 50, 6.1253033, 49,       128, 44,        88, 45,       124, 56, 34.311562, 64, 35.040283, 67, 712.18445, 72, 482.28479, 77, 36.843750, 83,         0,110,         1,116,         4
55C,2018/06/24 13:10:00, 50, 5.8838654, 49,       128, 44,        88, 45,       124, 56, 34.311562, 64, 35.028076, 67, 712.18445, 72, 482.27020, 77, 36.937500, 83,         0,110,         1,116,         4
55C,2018/06/24 13:11:00, 50, 6.0471802, 49,       128, 44,        88, 45,       124, 56, 34.311562, 64, 35.037231, 67, 712.18445, 72, 482.24188, 77, 37.000000, 83,         0,110,         1,116,         4
58C,2018/06/24 13:12:00, 50, 5.8801222, 49,       128, 44,        88, 45,       124, 56, 34.311562, 64, 35.025024, 67, 712.18445, 72, 482.27246, 77, 37.062500, 83,         0,110,         1,116,         4
5AC,2018/06/24 13:13:00, 50, 5.0157166, 49,       128, 44,        88, 45,       124, 56, 34.311562, 64, 35.034180, 67, 710.83447, 72, 482.26135, 77, 37.093750, 83,         0,110,         1,116,         4
5BC,2018/06/24 13:14:00, 50, 4.5801249, 49,       128, 44,        88, 45,       124, 56, 34.311562, 64, 35.021973, 67, 710.83447, 72, 482.32129, 77, 37.125000, 83,         0,110,         1,116,         4
5EC,2018/06/24 13:15:00, 50, 5.2072449, 49,       128, 44,        88, 45,       124, 56, 34.311562, 64, 35.040283, 67, 710.83447, 72, 482.32068, 77, 37.218750, 83,         0,110,         1,116,         4
50C,2018/06/24 13:16:00, 50, 4.1676702, 49,       128, 44,        88, 45,       124, 56, 34.311562, 64, 35.015869, 67, 710.83447, 72, 482.30841, 77, 37.250000, 83,         0,110,         1,116,         4
57C,2018/06/24 13:17:00, 50, 3.7414250, 49,       128, 44,        88, 45,       124, 56, 34.311562, 64, 35.043335, 67, 710.83447, 72, 482.27002, 77, 37.281250, 83,         0,110,         1,116,         4
53C,2018/06/24 13:18:00, 50, 2.8687577, 49,       128, 44,        88, 45,       124, 56, 34.311562, 64, 35.012817, 67, 710.83447, 72, 482.25903, 77, 37.343750, 83,         0,110,         1,116,         4
52C,2018/06/24 13:19:00, 50, 4.0520010, 49,       128, 44,        88, 45,       124, 56, 34.311562, 64, 35.043335, 67, 710.83447, 72, 482.22375, 77, 37.375000, 83,         0,110,         1,116,         4
53C,2018/06/24 13:20:00, 50, 4.0518532, 49,       128, 44,        88, 45,       124, 56, 34.311562, 64, 35.012817, 67, 710.83447, 72, 482.10284, 77, 37.406250, 83,         0,110,         1,116,         4
5AC,2018/06/24 13:21:00, 50, 3.9765129, 49,       128, 44,        88, 45,       124, 56, 34.311562, 64, 35.040283, 67, 710.83447, 72, 482.09314, 77, 37.437500, 83,         0,110,         1,116,         4
59C,2018/06/24 13:22:00, 50, 3.5208788, 49,       128, 44,        88, 45,       124, 56, 34.311562, 64, 35.025024, 67, 710.83447, 72, 482.04932, 77, 37.406250, 83,         0,110,         1,116,         4
54C,2018/06/24 13:23:00, 50, 3.9887781, 49,       128, 44,        88, 45,       124, 56, 34.311562, 64, 35.021973, 67, 710.83447, 72, 482.02588, 77, 37.406250, 83,         0,110,         1,116,         4
55C,2018/06/24 13:24:00, 50, 3.7165570, 49,       128, 44,        88, 45,       124, 56, 34.311562, 64, 35.043335, 67, 710.83447, 72, 481.89679, 77, 37.437500, 83,         0,110,         1,116,         4
57C,2018/06/24 13:25:00, 50, 3.9287271, 49,       128, 44,        88, 45,       124, 56, 34.311562, 64, 35.012817, 67, 710.83447, 72, 481.89355, 77, 37.406250, 83,         0,110,         1,116,         4
52C,2018/06/24 13:26:00, 50, 3.7595429, 49,       128, 44,        88, 45,       124, 56, 34.311562, 64, 35.046387, 67, 710.83447, 72, 481.84790, 77, 37.375000, 83,         0,110,         1,116,         4
5CC,2018/06/24 13:27:00, 50, 3.0416765, 49,       128, 44,        88, 45,       124, 56, 34.311562, 64, 35.015869, 67, 710.83447, 72, 481.80933, 77, 37.343750, 83,         0,110,         1,116,         4
5EC,2018/06/24 13:28:00, 50, 3.6879325, 49,       128, 44,        88, 45,       124, 56, 34.311562, 64, 35.034180, 67, 710.83447, 72, 481.81946, 77, 37.343750, 83,         0,110,         1,116,         4
59C,2018/06/24 13:29:00, 50, 3.7295513, 49,       128, 44,        88, 45,       124, 56, 34.311562, 64, 35.043335, 67, 710.83447, 72, 481.83875, 77, 37.312500, 83,         0,110,         1,116,         4
5EC,2018/06/24 13:30:00, 50, 3.6321235, 49,       128, 44,        88, 45,       124, 56, 34.311562, 64, 35.009766, 67, 710.83447, 72, 481.77667, 77, 37.281250, 83,         0,110,         1,116,         4
59C,2018/06/24 13:31:00, 50, 3.4012179, 49,       128, 44,        88, 45,       124, 56, 34.311562, 64, 35.046387, 67, 710.83447, 72, 481.72894, 77, 37.250000, 83,         0,110,         1,116,         4
52C,2018/06/24 13:32:00, 50, 3.0763350, 49,       128, 44,        88, 45,       124, 56, 34.311562, 64, 35.028076, 67, 710.83447, 72, 481.70868, 77, 37.250000, 83,         0,110,         1,116,         4
51C,2018/06/24 13:33:00, 50, 3.3444061, 49,       128, 44,        88, 45,       124, 56, 34.311562, 64, 35.018921, 67, 710.83447, 72, 481.69196, 77, 37.218750, 83,         0,110,         1,116,         4
50C,2018/06/24 13:34:00, 50, 3.3979325, 49,       128, 44,        88, 45,       124, 56, 34.311562, 64, 35.046387, 67, 710.83447, 72, 481.69263, 77, 37.187500, 83,         0,110,         1,116,         4
56C,2018/06/24 13:35:00, 50, 3.5516834, 49,       128, 44,        88, 45,       124, 56, 34.311562, 64, 35.021973, 67, 710.83447, 72, 481.66711, 77, 37.187500, 83,         0,110,         1,116,         4
58C,2018/06/24 13:36:00, 50, 4.0873117, 49,       128, 44,        88, 45,       124, 56, 34.311562, 64, 35.021973, 67, 710.83447, 72, 481.65863, 77, 37.187500, 83,         0,110,         1,116,         4
5BC,2018/06/24 13:37:00, 50, 3.4387617, 49,       128, 44,        88, 45,       124, 56, 34.311562, 64, 35.046387, 67, 710.83447, 72, 481.63715, 77, 37.156250, 83,         0,110,         1,116,         4
57C,2018/06/24 13:38:00, 50, 3.0949941, 49,       128, 44,        88, 45,       124, 56, 34.311562, 64, 35.025024, 67, 710.83447, 72, 481.58051, 77, 37.125000, 83,         0,110,         1,116,         4
5FC,2018/06/24 13:39:00, 50, 3.4505725, 49,       128, 44,        88, 45,       124, 56, 34.311562, 64, 35.018921, 67, 710.83447, 72, 481.58606, 77, 37.156250, 83,         0,110,         1,116,         4
57C,2018/06/24 13:40:00, 50, 2.1978340, 49,       128, 44,        88, 45,       124, 56, 34.311562, 64, 35.046387, 67, 710.83447, 72, 481.56311, 77, 37.125000, 83,         0,110,         1,116,         4
58C,2018/06/24 13:41:00, 50, 2.3913670, 49,       128, 44,        88, 45,       124, 56, 34.311562, 64, 35.031128, 67, 710.83447, 72, 481.59064, 77, 37.093750, 83,         0,110,         1,116,         4
57C,2018/06/24 13:42:00, 50, 2.6831164, 49,       128, 44,        88, 45,       124, 56, 34.311562, 64, 35.012817, 67, 710.83447, 72, 481.58716, 77, 37.156250, 83,         0,110,         1,116,         4
59C,2018/06/24 13:43:00, 50, 3.1938791, 49,       128, 44,        88, 45,       124, 56, 34.311562, 64, 35.043335, 67, 710.83447, 72, 481.57275, 77, 37.093750, 83,         0,110,         1,116,         4
5FC,2018/06/24 13:44:00, 50, 3.8190956, 49,       128, 44,        88, 45,       124, 56, 34.311562, 64, 35.015869, 67, 710.83447, 72, 481.58081, 77, 37.093750, 83,         0,110,         1,116,         4
57C,2018/06/24 13:45:00, 50, 3.8059392, 49,       128, 44,        88, 45,       124, 56, 34.311562, 64, 35.043335, 67, 710.83447, 72, 481.53046, 77, 37.125000, 83,         0,110,         1,116,         4
50C,2018/06/24 13:46:00, 50, 5.7774382, 49,       128, 44,        88, 45,       124, 56, 34.311562, 64, 35.040283, 67, 710.83447, 72, 481.58002, 77, 37.125000, 83,         0,110,         1,116,         4
57C,2018/06/24 13:47:00, 50, 5.0611010, 49,       128, 44,        88, 45,       124, 56, 34.311562, 64, 35.012817, 67, 710.83447, 72, 481.53064, 77, 37.125000, 83,         0,110,         1,116,         4
55C,2018/06/24 13:48:00, 50, 5.6204147, 49,       128, 44,        88, 45,       124, 56, 34.311562, 64, 35.025024, 67, 710.83447, 72, 481.49097, 77, 37.156250, 83,         0,110,         1,116,         4
50C,2018/06/24 13:49:00, 50, 6.4103909, 49,       128, 44,        88, 45,       124, 56, 34.311562, 64, 35.046387, 67, 710.83447, 72, 481.48065, 77, 37.156250, 83,         0,110,         1,116,         4
5BC,2018/06/24 13:50:00, 50, 6.1169338, 49,       128, 44,        88, 45,       124, 56, 34.311562, 64, 35.113525, 67, 710.83447, 72, 481.53015, 77, 37.156250, 83,         0,110,         1,116,         4
53C,2018/06/24 13:51:00, 50, 6.6892481, 49,       128, 44,        88, 45,       124, 56, 34.311562, 64, 35.128784, 67, 710.83447, 72, 481.45465, 77, 37.125000, 83,         0,110,         1,116,         4
52C,2018/06/24 13:52:00, 50, 5.7739115, 49,       128, 44,        88, 45,       124, 56, 34.311562, 64, 34.976196, 67, 710.83447, 72, 481.43536, 77, 37.125000, 83,         0,110,         1,116,         4
50C,2018/06/24 13:53:00, 50, 5.6870689, 49,       128, 44,        88, 45,       124, 56, 34.311562, 64, 34.933472, 67, 710.83447, 72, 481.44830, 77, 37.125000, 83,         0,110,         1,116,         4
5EC,2018/06/24 13:54:00, 50, 5.9675035, 49,       128, 44,        88, 45,       124, 56, 34.311562, 64, 35.083008, 67, 710.83447, 72, 481.42822, 77, 37.156250, 83,         0,110,         1,116,         4
5DC,2018/06/24 13:55:00, 50, 6.0616779, 49,       128, 44,        88, 45,       124, 56, 34.311562, 64, 35.150146, 67, 710.83447, 72, 481.41461, 77, 37.187500, 83,         0,110,         1,116,         4
5CC,2018/06/24 13:56:00, 50, 6.1537151, 49,       128, 44,        88, 45,       124, 56, 34.311562, 64, 35.046387, 67, 710.83447, 72, 481.34955, 77, 37.156250, 83,         0,110,         1,116,         4
57C,2018/06/24 13:57:00, 50, 5.7054338, 49,       128, 44,        88, 45,       124, 56, 34.311562, 64, 34.924316, 67, 710.83447, 72, 481.36926, 77, 37.156250, 83,         0,110,         1,116,         4
57C,2018/06/24 13:58:00, 50, 5.7213364, 49,       128, 44,        88, 45,       124, 56, 34.311562, 64, 34.948730, 67, 710.83447, 72, 481.38275, 77, 37.187500, 83,         0,110,         1,116,         4
5CC,2018/06/24 13:59:00, 50, 5.5705757, 49,       128, 44,        88, 45,       124, 56, 34.311562, 64, 35.107422, 67, 710.83447, 72, 481.35742, 77, 37.187500, 83,         0,110,         1,116,         4
5DC,2018/06/24 14:00:00, 50, 4.6896734, 49,       128, 44,        88, 45,       124, 56, 34.311562, 64, 35.147095, 67, 710.83447, 72, 481.38855, 77, 37.187500, 83,         0,110,         1,116,         4
54C,2018/06/24 14:01:00, 50, 4.7325602, 49,       128, 44,        88, 45,       124, 56, 34.311562, 64, 35.061646, 67, 710.83447, 72, 481.38263, 77, 37.250000, 83,         0,110,         1,116,         4
5AC,2018/06/24 14:02:00, 50, 5.3852358, 49,       128, 44,        88, 45,       124, 56, 34.311562, 64, 34.954834, 67, 710.83447, 72, 481.38104, 77, 37.218750, 83,         0,110,         1,116,         4
5AC,2018/06/24 14:03:00, 50, 4.7607126, 49,       128, 44,        88, 45,       124, 56, 34.311562, 64, 34.930420, 67, 710.83447, 72, 481.44427, 77, 37.281250, 83,         0,110,         1,116,         4
5AC,2018/06/24 14:04:00, 50, 4.4071703, 49,       128, 44,        88, 45,       124, 56, 34.311562, 64, 35.018921, 67, 710.83447, 72, 481.39447, 77, 37.281250, 83,         0,110,         1,116,         4
59C,2018/06/24 14:05:00, 50, 3.7582045, 49,       128, 44,        88, 45,       124, 56, 34.311562, 64, 35.122681, 67, 710.83447, 72, 481.39563, 77, 37.281250, 83,         0,110,         1,116,         4
5EC,2018/06/24 14:06:00, 50, 3.1710148, 49,       128, 44,        88, 45,       124, 56, 34.311562, 64, 35.147095, 67, 710.83447, 72, 481.43164, 77, 37.312500, 83,         0,110,         1,116,         4
59C,2018/06/24 14:07:00, 50, 3.0392404, 49,       128, 44,        88, 45,       124, 56, 34.311562, 64, 35.070801, 67, 710.83447, 72, 481.38812, 77, 37.312500, 83,         0,110,         1,116,         4
52C,2018/06/24 14:08:00, 50, 3.7627501, 49,       128, 44,        88, 45,       124, 56, 34.311562, 64, 35.037231, 67, 710.83447, 72, 481.39917, 77, 37.343750, 83,         0,110,         1,116,         4
59C,2018/06/24 14:09:00, 50, 4.7394571, 49,       128, 44,        88, 45,       124, 56, 34.311562, 64, 34.954834, 67, 710.83447, 72, 481.37250, 77, 37.312500, 83,         0,110,         1,116,         4
5BC,2018/06/24 14:10:00, 50, 4.8322735, 49,       128, 44,        88, 45,       124, 56, 34.311562, 64, 34.918213, 67, 710.83447, 72, 481.37823, 77, 37.343750, 83,         0,110,         1,116,         4
52C,2018/06/24 14:11:00, 50, 4.8528614, 49,       128, 44,        88, 45,       124, 56, 34.311562, 64, 35.128784, 67, 710.83447, 72, 481.39362, 77, 37.375000, 83,         0,110,         1,116,         4
5BC,2018/06/24 14:12:00, 50, 4.2728958, 49,       128, 44,        88, 45,       124, 56, 34.311562, 64, 35.128784, 67, 710.83447, 72, 481.38641, 77, 37.375000, 83,         0,110,         1,116,         4
5DC,2018/06/24 14:13:00, 50, 4.0465488, 49,       128, 44,        88, 45,       124, 56, 34.311562, 64, 35.147095, 67, 710.83447, 72, 481.36792, 77, 37.375000, 83,         0,110,         1,116,         4
59C,2018/06/24 14:14:00, 50, 3.7876902, 49,       128, 44,        88, 45,       124, 56, 34.311562, 64, 35.119629, 67, 710.83447, 72, 481.39795, 77, 37.375000, 83,         0,110,         1,116,         4
59C,2018/06/24 14:15:00, 50, 3.5582080, 49,       128, 44,        88, 45,       124, 56, 34.311562, 64, 35.049438, 67, 710.83447, 72, 481.40045, 77, 37.437500, 83,         0,110,         1,116,         4
57C,2018/06/24 14:16:00, 50, 3.4861689, 49,       128, 44,        88, 45,       124, 56, 34.311562, 64, 35.028076, 67, 710.83447, 72, 481.43243, 77, 37.468750, 83,         0,110,         1,116,         4
51C,2018/06/24 14:17:00, 50, 3.2971196, 49,       128, 44,        88, 45,       124, 56, 34.311562, 64, 34.963989, 67, 710.83447, 72, 481.41693, 77, 37.437500, 83,         0,110,         1,116,         4
56C,2018/06/24 14:18:00, 50, 3.5706978, 49,       128, 44,        88, 45,       124, 56, 34.311562, 64, 34.921265, 67, 710.83447, 72, 481.43329, 77, 37.500000, 83,         0,110,         1,116,         4
5EC,2018/06/24 14:19:00, 50, 3.9766250, 49,       128, 44,        88, 45,       124, 56, 34.311562, 64, 34.921265, 67, 710.83447, 72, 481.42975, 77, 37.500000, 83,         0,110,         1,116,         4
55C,2018/06/24 14:20:00, 50, 3.8486009, 49,       128, 44,        88, 45,       124, 56, 34.311562, 64, 34.927368, 67, 710.83447, 72, 481.42389, 77, 37.500000, 83,         0,110,         1,116,         4
55C,2018/06/24 14:21:00, 50, 4.3057928, 49,       128, 44,        88, 45,       124, 56, 34.311562, 64, 35.144043, 67, 710.83447, 72, 481.41119, 77, 37.562500, 83,         0,110,         1,116,         4
50C,2018/06/24 14:22:00, 50, 4.9531565, 49,       128, 44,        88, 45,       124, 56, 34.311562, 64, 35.113525, 67, 710.83447, 72, 481.44434, 77, 37.531250, 83,         0,110,         1,116,         4
5CC,2018/06/24 14:23:00, 50, 4.5847635, 49,       128, 44,        88, 45,       124, 56, 34.311562, 64, 35.070801, 67, 710.83447, 72, 481.46967, 77, 37.593750, 83,         0,110,         1,116,         4
54C,2018/06/24 14:24:00, 50, 4.1041737, 49,       128, 44,        88, 45,       124, 56, 34.311562, 64, 35.064697, 67, 710.83447, 72, 481.50269, 77, 37.593750, 83,         0,110,         1,116,         4
53C,2018/06/24 14:25:00, 50, 3.9677243, 49,       128, 44,        88, 45,       124, 56, 34.311562, 64, 35.049438, 67, 710.83447, 72, 481.48303, 77, 37.593750, 83,         0,110,         1,116,         4
59C,2018/06/24 14:26:00, 50, 3.0583820, 49,       128, 44,        88, 45,       124, 56, 34.311562, 64, 35.049438, 67, 710.83447, 72, 481.47949, 77, 37.625000, 83,         0,110,         1,116,         4
5DC,2018/06/24 14:27:00, 50, 2.7037611, 49,       128, 44,        88, 45,       124, 56, 34.311562, 64, 35.052490, 67, 710.83447, 72, 481.44922, 77, 37.656250, 83,         0,110,         1,116,         4
58C,2018/06/24 14:28:00, 50, 3.5571890, 49,       128, 44,        88, 45,       124, 56, 34.311562, 64, 35.046387, 67, 710.83447, 72, 481.47968, 77, 37.656250, 83,         0,110,         1,116,         4
57C,2018/06/24 14:29:00, 50, 4.0482702, 49,       128, 44,        88, 45,       124, 56, 34.311562, 64, 35.046387, 67, 710.83447, 72, 481.46356, 77, 37.625000, 83,         0,110,         1,116,         4
5EC,2018/06/24 14:30:00, 50, 4.0393658, 49,       128, 44,        88, 45,       124, 56, 34.311562, 64, 35.046387, 67, 710.83447, 72, 481.42639, 77, 37.625000, 83,         0,110,         1,116,         4
5FC,2018/06/24 14:31:00, 50, 3.7881017, 49,       128, 44,        88, 45,       124, 56, 34.311562, 64, 35.055542, 67, 710.83447, 72, 481.42236, 77, 37.656250, 83,         0,110,         1,116,         4
56C,2018/06/24 14:32:00, 50, 3.5047150, 49,       128, 44,        88, 45,       124, 56, 34.311562, 64, 35.064697, 67, 710.83447, 72, 481.41498, 77, 37.656250, 83,         0,110,         1,116,         4
56C,2018/06/24 14:33:00, 50, 3.2038693, 49,       128, 44,        88, 45,       124, 56, 34.311562, 64, 35.052490, 67, 710.83447, 72, 481.45966, 77, 37.687500, 83,         0,110,         1,116,         4
5AC,2018/06/24 14:34:00, 50, 3.8432918, 49,       128, 44,        88, 45,       124, 56, 34.311562, 64, 35.061646, 67, 710.83447, 72, 481.44403, 77, 37.781250, 83,         0,110,         1,116,         4
59C,2018/06/24 14:35:00, 50, 3.6595926, 49,       128, 44,        88, 45,       124, 56, 34.311562, 64, 35.073853, 67, 710.83447, 72, 481.37244, 77, 37.687500, 83,         0,110,         1,116,         4
55C,2018/06/24 14:36:00, 50, 3.6004949, 49,       128, 44,        88, 45,       124, 56, 34.311562, 64, 35.073853, 67, 710.83447, 72, 481.38446, 77, 37.718750, 83,         0,110,         1,116,         4
53C,2018/06/24 14:37:00, 50, 2.7130680, 49,       128, 44,        88, 45,       124, 56, 34.311562, 64, 35.076904, 67, 710.83447, 72, 481.40240, 77, 37.812500, 83,         0,110,         1,116,         4
52C,2018/06/24 14:38:00, 50, 2.9953642, 49,       128, 44,        88, 45,       124, 56, 34.311562, 64, 35.095215, 67, 710.83447, 72, 481.42798, 77, 37.781250, 83,         0,110,         1,116,         4
5BC,2018/06/24 14:39:00, 50, 3.3570290, 49,       128, 44,        88, 45,       124, 56, 34.311562, 64, 35.110474, 67, 710.83447, 72, 481.44379, 77, 37.718750, 83,         0,110,         1,116,         4
5FC,2018/06/24 14:40:00, 50, 3.2981524, 49,       128, 44,        88, 45,       124, 56, 34.311562, 64, 35.119629, 67, 710.83447, 72, 481.43591, 77, 37.781250, 83,         0,110,         1,116,         4
5EC,2018/06/24 14:41:00, 50, 3.7989869, 49,       128, 44,        88, 45,       124, 56, 34.311562, 64, 35.131836, 67, 710.83447, 72, 481.41290, 77, 37.812500, 83,         0,110,         1,116,         4
59C,2018/06/24 14:42:00, 50, 3.7292142, 49,       128, 44,        88, 45,       124, 56, 34.311562, 64, 35.131836, 67, 710.83447, 72, 481.43976, 77, 38.031250, 83,         0,110,         1,116,         4
56C,2018/06/24 14:43:00, 50, 3.0685492, 49,       128, 44,        88, 45,       124, 56, 34.311562, 64, 35.128784, 67, 710.83447, 72, 481.43750, 77, 37.843750, 83,         0,110,         1,116,         4
50C,2018/06/24 14:44:00, 50, 3.1756101, 49,       128, 44,        88, 45,       124, 56, 34.311562, 64, 35.137939, 67, 710.83447, 72, 481.50317, 77, 37.812500, 83,         0,110,         1,116,         4
5CC,2018/06/24 14:45:00, 50, 3.4413095, 49,       128, 44,        88, 45,       124, 56, 34.311562, 64, 35.144043, 67, 710.83447, 72, 481.48718, 77, 37.875000, 83,         0,110,         1,116,         4
59C,2018/06/24 14:46:00, 50, 2.8991332, 49,       128, 44,        88, 45,       124, 56, 34.311562, 64, 35.113525, 67, 710.83447, 72, 481.51257, 77, 38.125000, 83,         0,110,         1,116,         4
58C,2018/06/24 14:47:00, 50, 2.5433717, 49,       128, 44,        88, 45,       124, 56, 34.311562, 64, 35.095215, 67, 710.83447, 72, 481.54547, 77, 37.875000, 83,         0,110,         1,116,         4
53C,2018/06/24 14:48:00, 50, 2.5523901, 49,       128, 44,        88, 45,       124, 56, 34.311562, 64, 35.043335, 67, 710.83447, 72, 481.49921, 77, 38.000000, 83,         0,110,         1,116,         4
5AC,2018/06/24 14:49:00, 50, 2.8575048, 49,       128, 44,        88, 45,       124, 56, 34.311562, 64, 35.009766, 67, 710.83447, 72, 481.48004, 77, 38.062500, 83,         0,110,         1,116,         4
58C,2018/06/24 14:50:00, 50, 3.4709063, 49,       128, 44,        88, 45,       124, 56, 34.311562, 64, 34.994507, 67, 710.83447, 72, 481.46167, 77, 37.875000, 83,         0,110,         1,116,         4
54C,2018/06/24 14:51:00, 50, 3.2670755, 49,       128, 44,        88, 45,       124, 56, 34.311562, 64, 34.973145, 67, 710.83447, 72, 481.51068, 77, 38.000000, 83,         0,110,         1,116,         4
5AC,2018/06/24 14:52:00, 50, 3.1675549, 49,       128, 44,        88, 45,       124, 56, 34.311562, 64, 34.912109, 67, 710.83447, 72, 481.47400, 77, 38.125000, 83,         0,110,         1,116,         4
58C,2018/06/24 14:53:00, 50, 3.1383128, 49,       128, 44,        88, 45,       124, 56, 34.311562, 64, 34.921265, 67, 710.83447, 72, 481.54175, 77, 38.125000, 83,         0,110,         1,116,         4
52C,2018/06/24 14:54:00, 50, 2.6886301, 49,       128, 44,        88, 45,       124, 56, 34.311562, 64, 34.933472, 67, 710.83447, 72, 481.51575, 77, 38.093750, 83,         0,110,         1,116,         4
50C,2018/06/24 14:55:00, 50, 3.8246851, 49,       128, 44,        88, 45,       124, 56, 34.311562, 64, 34.927368, 67, 710.83447, 72, 481.51422, 77, 38.125000, 83,         0,110,         1,116,         4
5BC,2018/06/24 14:56:00, 50, 3.7591791, 49,       128, 44,        88, 45,       124, 56, 34.311562, 64, 34.945679, 67, 710.83447, 72, 481.51971, 77, 38.156250, 83,         0,110,         1,116,         4
5BC,2018/06/24 14:57:00, 50, 3.4828753, 49,       128, 44,        88, 45,       124, 56, 34.311562, 64, 35.040283, 67, 710.83447, 72, 481.51440, 77, 38.156250, 83,         0,110,         1,116,         4
5CC,2018/06/24 14:58:00, 50, 3.3709288, 49,       128, 44,        88, 45,       124, 56, 34.311562, 64, 35.031128, 67, 710.83447, 72, 481.53772, 77, 38.062500, 83,         0,110,         1,116,         4
5FC,2018/06/24 14:59:00, 50, 3.1020098, 49,       128, 44,        88, 45,       124, 56, 34.311562, 64, 35.018921, 67, 710.83447, 72, 481.55054, 77, 38.062500, 83,         0,110,         1,116,         4
5CC,2018/06/24 15:00:00, 50, 3.2181420, 49,       128, 44,        88, 45,       124, 56, 34.311562, 64, 35.003662, 67, 710.83447, 72, 481.58588, 77, 37.968750, 83,         0,110,         1,116,         4
5DC,2018/06/24 15:01:00, 50, 3.2689815, 49,       128, 44,        88, 45,       124, 56, 34.311562, 64, 35.006714, 67, 710.83447, 72, 481.52386, 77, 38.093750, 83,         0,110,         1,116,         4
5CC,2018/06/24 15:02:00, 50, 3.4766116, 49,       128, 44,        88, 45,       124, 56, 34.311562, 64, 35.015869, 67, 710.83447, 72, 481.50946, 77, 37.875000, 83,         0,110,         1,116,         4
5CC,2018/06/24 15:03:00, 50, 3.4705081, 49,       128, 44,        88, 45,       124, 56, 34.311562, 64, 35.037231, 67, 710.83447, 72, 481.54822, 77, 37.625000, 83,         0,110,         1,116,         4
5BC,2018/06/24 15:04:00, 50, 3.6129174, 49,       128, 44,        88, 45,       124, 56, 34.311562, 64, 35.043335, 67, 710.83447, 72, 481.50940, 77, 38.093750, 83,         0,110,         1,116,         4
5DC,2018/06/24 15:05:00, 50, 4.1123867, 49,       128, 44,        88, 45,       124, 56, 34.311562, 64, 35.037231, 67, 710.83447, 72, 481.54663, 77, 37.843750, 83,         0,110,         1,116,         4
52C,2018/06/24 15:06:00, 50, 3.6084151, 49,       128, 44,        88, 45,       124, 56, 34.311562, 64, 35.021973, 67, 710.83447, 72, 481.51013, 77, 38.000000, 83,         0,110,         1,116,         4
52C,2018/06/24 15:07:00, 50, 3.7475190, 49,       128, 44,        88, 45,       124, 56, 34.311562, 64, 35.006714, 67, 710.83447, 72, 481.51062, 77, 38.187500, 83,         0,110,         1,116,         4
5DC,2018/06/24 15:08:00, 50, 3.2575331, 49,       128, 44,        88, 45,       124, 56, 34.311562, 64, 35.003662, 67, 710.83447, 72, 481.54657, 77, 38.125000, 83,         0,110,         1,116,         4
57C,2018/06/24 15:09:00, 50, 3.2098718, 49,       128, 44,        88, 45,       124, 56, 34.311562, 64, 35.031128, 67, 710.83447, 72, 481.50696, 77, 38.031250, 83,         0,110,         1,116,         4
5DC,2018/06/24 15:10:00, 50, 3.2569919, 49,       128, 44,        88, 45,       124, 56, 34.311562, 64, 35.046387, 67, 710.83447, 72, 481.52789, 77, 38.218750, 83,         0,110,         1,116,         4
5FC,2018/06/24 15:11:00, 50, 2.8156571, 49,       128, 44,        88, 45,       124, 56, 34.311562, 64, 35.034180, 67, 710.83447, 72, 481.53326, 77, 38.187500, 83,         0,110,         1,116,         4
57C,2018/06/24 15:12:00, 50, 2.2809772, 49,       128, 44,        88, 45,       124, 56, 34.311562, 64, 35.012817, 67, 710.83447, 72, 481.58154, 77, 38.250000, 83,         0,110,         1,116,         4
5AC,2018/06/24 15:13:00, 50, 2.4308500, 49,       128, 44,        88, 45,       124, 56, 34.311562, 64, 35.003662, 67, 710.83447, 72, 481.56323, 77, 38.000000, 83,         0,110,         1,116,         4
54C,2018/06/24 15:14:00, 50, 2.1038842, 49,       128, 44,        88, 45,       124, 56, 34.311562, 64, 35.028076, 67, 710.83447, 72, 481.57410, 77, 38.187500, 83,         0,110,         1,116,         4
55C,2018/06/24 15:15:00, 50, 2.1519222, 49,       128, 44,        88, 45,       124, 56, 34.311562, 64, 35.040283, 67, 710.83447, 72, 481.58765, 77, 38.218750, 83,         0,110,         1,116,         4
50C,2018/06/24 15:16:00, 50, 2.1566863, 49,       128, 44,        88, 45,       124, 56, 34.311562, 64, 35.025024, 67, 710.83447, 72, 481.59418, 77, 38.281250, 83,         0,110,         1,116,         4
53C,2018/06/24 15:17:00, 50, 2.3685260, 49,       128, 44,        88, 45,       124, 56, 34.311562, 64, 35.006714, 67, 710.83447, 72, 481.60858, 77, 38.281250, 83,         0,110,         1,116,         4
5BC,2018/06/24 15:18:00, 50, 2.2595267, 49,       128, 44,        88, 45,       124, 56, 34.311562, 64, 35.012817, 67, 710.83447, 72, 481.55365, 77, 38.312500, 83,         0,110,         1,116,         4
54C,2018/06/24 15:19:00, 50, 2.0797215, 49,       128, 44,        88, 45,       124, 56, 34.311562, 64, 35.037231, 67, 710.83447, 72, 481.48792, 77, 38.312500, 83,         0,110,         1,116,         4
5AC,2018/06/24 15:20:00, 50, 2.1465192, 49,       128, 44,        88, 45,       124, 56, 34.311562, 64, 35.037231, 67, 710.83447, 72, 481.47589, 77, 38.031250, 83,         0,110,         1,116,         4
53C,2018/06/24 15:21:00, 50, 2.4647341, 49,       128, 44,        88, 45,       124, 56, 34.311562, 64, 35.012817, 67, 710.83447, 72, 481.51575, 77, 38.187500, 83,         0,110,         1,116,         4
54C,2018/06/24 15:22:00, 50, 3.3493757, 49,       128, 44,        88, 45,       124, 56, 34.311562, 64, 35.003662, 67, 710.83447, 72, 481.57874, 77, 37.937500, 83,         0,110,         1,116,         4
5AC,2018/06/24 15:23:00, 50, 2.6063952, 49,       128, 44,        88, 45,       124, 56, 34.311562, 64, 35.034180, 67, 710.83447, 72, 481.56708, 77, 38.343750, 83,         0,110,         1,116,         4
59C,2018/06/24 15:24:00, 50, 2.6501546, 49,       128, 44,        88, 45,       124, 56, 34.311562, 64, 35.040283, 67, 710.83447, 72, 481.54126, 77, 38.062500, 83,         0,110,         1,116,         4
58C,2018/06/24 15:25:00, 50, 2.5521259, 49,       128, 44,        88, 45,       124, 56, 34.311562, 64, 35.018921, 67, 710.83447, 72, 481.58948, 77, 38.187500, 83,         0,110,         1,116,         4
53C,2018/06/24 15:26:00, 50, 2.6514988, 49,       128, 44,        88, 45,       124, 56, 34.311562, 64, 35.003662, 67, 710.83447, 72, 481.58777, 77, 38.375000, 83,         0,110,         1,116,         4
5CC,2018/06/24 15:27:00, 50, 3.1550746, 49,       128, 44,        88, 45,       124, 56, 34.311562, 64, 35.031128, 67, 710.83447, 72, 481.58148, 77, 37.937500, 83,         0,110,         1,116,         4
55C,2018/06/24 15:28:00, 50, 2.7219729, 49,       128, 44,        88, 45,       124, 56, 34.311562, 64, 35.040283, 67, 710.83447, 72, 481.61816, 77, 38.218750, 83,         0,110,         1,116,         4
57C,2018/06/24 15:29:00, 50, 2.3053722, 49,       128, 44,        88, 45,       124, 56, 34.311562, 64, 35.009766, 67, 710.83447, 72, 481.61298, 77, 38.343750, 83,         0,110,         1,116,         4
53C,2018/06/24 15:30:00, 50, 3.0586624, 49,       128, 44,        88, 45,       124, 56, 34.311562, 64, 35.006714, 67, 710.83447, 72, 481.58911, 77, 38.468750, 83,         0,110,         1,116,         4
5CC,2018/06/24 15:31:00, 50, 2.9658608, 49,       128, 44,        88, 45,       124, 56, 34.311562, 64, 35.037231, 67, 710.83447, 72, 481.56543, 77, 38.406250, 83,         0,110,         1,116,         4
53C,2018/06/24 15:32:00, 50, 2.5473943, 49,       128, 44,        88, 45,       124, 56, 34.311562, 64, 35.028076, 67, 710.83447, 72, 481.59192, 77, 38.125000, 83,         0,110,         1,116,         4
54C,2018/06/24 15:33:00, 50, 2.9085183, 49,       128, 44,        88, 45,       124, 56, 34.311562, 64, 35.000610, 67, 710.83447, 72, 481.57239, 77, 38.156250, 83,         0,110,         1,116,         4
5BC,2018/06/24 15:34:00, 50, 3.9082565, 49,       128, 44,        88, 45,       124, 56, 34.311562, 64, 35.031128, 67, 710.83447, 72, 481.59351, 77, 38.468750, 83,         0,110,         1,116,         4
59C,2018/06/24 15:35:00, 50, 4.6160021, 49,       128, 44,        88, 45,       124, 56, 34.311562, 64, 35.037231, 67, 710.83447, 72, 481.62048, 77, 38.500000, 83,         0,110,         1,116,         4
51C,2018/06/24 15:36:00, 50, 4.0365257, 49,       128, 44,        88, 45,       124, 56, 34.311562, 64, 35.003662, 67, 710.83447, 72, 481.62231, 77, 38.312500, 83,         0,110,         1,116,         4
5CC,2018/06/24 15:37:00, 50, 4.2646551, 49,       128, 44,        88, 45,       124, 56, 34.311562, 64, 35.021973, 67, 710.83447, 72, 481.57379, 77, 37.968750, 83,         0,110,         1,116,         4
52C,2018/06/24 15:38:00, 50, 4.2471170, 49,       128, 44,        88, 45,       124, 56, 34.311562, 64, 35.037231, 67, 710.83447, 72, 481.58014, 77, 37.906250, 83,         0,110,         1,116,         4
51C,2018/06/24 15:39:00, 50, 4.4243793, 49,       128, 44,        88, 45,       124, 56, 34.311562, 64, 35.003662, 67, 710.83447, 72, 481.55066, 77, 37.843750, 83,         0,110,         1,116,         4
59C,2018/06/24 15:40:00, 50, 4.1779575, 49,       128, 44,        88, 45,       124, 56, 34.311562, 64, 35.015869, 67, 710.83447, 72, 481.54504, 77, 38.156250, 83,         0,110,         1,116,         4
58C,2018/06/24 15:41:00, 50, 3.5622692, 49,       128, 44,        88, 45,       124, 56, 34.311562, 64, 35.040283, 67, 710.83447, 72, 481.53387, 77, 37.937500, 83,         0,110,         1,116,         4
5AC,2018/06/24 15:42:00, 50, 3.7407088, 49,       128, 44,        88, 45,       124, 56, 34.311562, 64, 35.006714, 67, 710.83447, 72, 481.52539, 77, 37.937500, 83,         0,110,         1,116,         4
5EC,2018/06/24 15:43:00, 50, 4.1056633, 49,       128, 44,        88, 45,       124, 56, 34.311562, 64, 35.015869, 67, 710.83447, 72, 481.55078, 77, 38.406250, 83,         0,110,         1,116,         4
56C,2018/06/24 15:44:00, 50, 4.5537024, 49,       128, 44,        88, 45,       124, 56, 34.311562, 64, 35.040283, 67, 710.83447, 72, 481.52942, 77, 37.875000, 83,         0,110,         1,116,         4
5FC,2018/06/24 15:45:00, 50, 4.9887819, 49,       128, 44,        88, 45,       124, 56, 34.311562, 64, 35.006714, 67, 710.83447, 72, 481.56671, 77, 37.687500, 83,         0,110,         1,116,         4
57C,2018/06/24 15:46:00, 50, 4.6162395, 49,       128, 44,        88, 45,       124, 56, 34.311562, 64, 35.018921, 67, 710.83447, 72, 481.50671, 77, 38.187500, 83,         0,110,         1,116,         4
51C,2018/06/24 15:47:00, 50, 4.5501003, 49,       128, 44,        88, 45,       124, 56, 34.311562, 64, 35.034180, 67, 710.83447, 72, 481.51080, 77, 37.781250, 83,         0,110,         1,116,         4
54C,2018/06/24 15:48:00, 50, 4.5144405, 49,       128, 44,        88, 45,       124, 56, 34.311562, 64, 34.997559, 67, 710.83447, 72, 481.57013, 77, 37.781250, 83,         0,110,         1,116,         4
50C,2018/06/24 15:49:00, 50, 4.6379366, 49,       128, 44,        88, 45,       124, 56, 34.311562, 64, 35.031128, 67, 710.83447, 72, 481.55115, 77, 37.750000, 83,         0,110,         1,116,         4
53C,2018/06/24 15:50:00, 50, 5.0360680, 49,       128, 44,        88, 45,       124, 56, 34.311562, 64, 35.025024, 67, 710.83447, 72, 481.57831, 77, 37.812500, 83,         0,110,         1,116,         4
52C,2018/06/24 15:51:00, 50, 5.2775631, 49,       128, 44,        88, 45,       124, 56, 34.311562, 64, 35.119629, 67, 710.83447, 72, 481.54126, 77, 38.000000, 83,         0,110,         1,116,         4
54C,2018/06/24 15:52:00, 50, 5.8042936, 49,       128, 44,        88, 45,       124, 56, 34.311562, 64, 34.979248, 67, 710.83447, 72, 481.53369, 77, 38.125000, 83,         0,110,         1,116,         4
55C,2018/06/24 15:53:00, 50, 5.8539248, 49,       128, 44,        88, 45,       124, 56, 34.311562, 64, 34.991455, 67, 710.83447, 72, 481.56885, 77, 37.750000, 83,         0,110,         1,116,         4
53C,2018/06/24 15:54:00, 50, 5.5590258, 49,       128, 44,        88, 45,       124, 56, 34.311562, 64, 35.113525, 67, 710.83447, 72, 481.57764, 77, 37.937500, 83,         0,110,         1,116,         4
50C,2018/06/24 15:55:00, 50, 5.7179441, 49,       128, 44,        88, 45,       124, 56, 34.311562, 64, 34.906006, 67, 710.83447, 72, 481.56305, 77, 37.812500, 83,         0,110,         1,116,         4
5CC,2018/06/24 15:56:00, 50, 5.1064920, 49,       128, 44,        88, 45,       124, 56, 34.311562, 64, 35.116577, 67, 710.83447, 72, 481.60022, 77, 37.937500, 83,         0,110,         1,116,         4
53C,2018/06/24 15:57:00, 50, 5.0798235, 49,       128, 44,        88, 45,       124, 56, 34.311562, 64, 34.976196, 67, 710.83447, 72, 481.57507, 77, 38.062500, 83,         0,110,         1,116,         4
5DC,2018/06/24 15:58:00, 50, 5.4972267, 49,       128, 44,        88, 45,       124, 56, 34.311562, 64, 35.012817, 67, 710.83447, 72, 481.58685, 77, 37.875000, 83,         0,110,         1,116,         4
57C,2018/06/24 15:59:00, 50, 5.5799217, 49,       128, 44,        88, 45,       124, 56, 34.311562, 64, 35.098267, 67, 710.83447, 72, 481.55212, 77, 38.187500, 83,         0,110,         1,116,         4
53C,2018/06/24 16:00:00, 50, 5.5226889, 49,       128, 44,        88, 45,       124, 56, 34.311562, 64, 34.921265, 67, 710.83447, 72, 481.58258, 77, 37.937500, 83,         0,110,         1,116,         4
5DC,2018/06/24 16:01:00, 50, 6.0556879, 49,       128, 44,        88, 45,       124, 56, 34.311562, 64, 35.140991, 67, 710.83447, 72, 481.58057, 77, 37.843750, 83,         0,110,         1,116,         4
5DC,2018/06/24 16:02:00, 50, 6.1773205, 49,       128, 44,        88, 45,       124, 56, 34.311562, 64, 34.930420, 67, 710.83447, 72, 481.55389, 77, 38.000000, 83,         0,110,         1,116,         4
5FC,2018/06/24 16:03:00, 50, 6.1560030, 49,       128, 44,        88, 45,       124, 56, 34.311562, 64, 35.092163, 67, 710.83447, 72, 481.57513, 77, 37.843750, 83,         0,110,         1,116,         4
5FC,2018/06/24 16:04:00, 50, 6.1831102, 49,       128, 44,        88, 45,       124, 56, 34.311562, 64, 35.003662, 67, 710.83447, 72, 481.55750, 77, 37.875000, 83,         0,110,         1,116,         4
56C,2018/06/24 16:05:00, 50, 6.0244799, 49,       128, 44,        88, 45,       124, 56, 34.311562, 64, 34.991455, 67, 710.83447, 72, 481.56982, 77, 37.937500, 83,         0,110,         1,116,         4
51C,2018/06/24 16:06:00, 50, 5.9416056, 49,       128, 44,        88, 45,       124, 56, 34.311562, 64, 35.086060, 67, 710.83447, 72, 481.58594, 77, 38.031250, 83,         0,110,         1,116,         4
59C,2018/06/24 16:07:00, 50, 6.0017014, 49,       128, 44,        88, 45,       124, 56, 34.311562, 64, 34.927368, 67, 710.83447, 72, 481.56793, 77, 38.125000, 83,         0,110,         1,116,         4
5BC,2018/06/24 16:08:00, 50, 6.3044643, 49,       128, 44,        88, 45,       124, 56, 34.311562, 64, 35.137939, 67, 710.83447, 72, 481.56635, 77, 38.062500, 83,         0,110,         1,116,         4
5DC,2018/06/24 16:09:00, 50, 6.8782740, 49,       128, 44,        88, 45,       124, 56, 34.311562, 64, 34.909058, 67, 710.83447, 72, 481.57843, 77, 38.125000, 83,         0,110,         1,116,         4
51C,2018/06/24 16:10:00, 50, 7.1546764, 49,       128, 44,        88, 45,       124, 56, 34.311562, 64, 35.128784, 67, 710.83447, 72, 481.56982, 77, 37.937500, 83,         0,110,         1,116,         4
5EC,2018/06/24 16:11:00, 50, 7.2754688, 49,       128, 44,        88, 45,       124, 56, 34.311562, 64, 34.939575, 67, 710.83447, 72, 481.62268, 77, 38.031250, 83,         0,110,         1,116,         4
5CC,2018/06/24 16:12:00, 50, 7.3114109, 49,       128, 44,        88, 45,       124, 56, 34.311562, 64, 35.092163, 67, 710.83447, 72, 481.59424, 77, 38.031250, 83,         0,110,         1,116,         4
5AC,2018/06/24 16:13:00, 50, 6.9506865, 49,       128, 44,        88, 45,       124, 56, 34.311562, 64, 34.994507, 67, 710.83447, 72, 481.61841, 77, 38.062500, 83,         0,110,         1,116,         4
58C,2018/06/24 16:14:00, 50, 6.2543306, 49,       128, 44,        88, 45,       124, 56, 34.311562, 64, 35.040283, 67, 710.83447, 72, 481.60388, 77, 38.156250, 83,         0,110,         1,116,         4
52C,2018/06/24 16:15:00, 50, 6.0597744, 49,       128, 44,        88, 45,       124, 56, 34.311562, 64, 35.028076, 67, 710.83447, 72, 481.62225, 77, 38.156250, 83,         0,110,         1,116,         4
52C,2018/06/24 16:16:00, 50, 6.3750610, 49,       128, 44,        88, 45,       124, 56, 34.311562, 64, 35.000610, 67, 710.83447, 72, 481.63928, 77, 38.250000, 83,         0,110,         1,116,         4
53C,2018/06/24 16:17:00, 50, 6.4805231, 49,       128, 44,        88, 45,       124, 56, 34.311562, 64, 35.058594, 67, 710.83447, 72, 481.65179, 77, 38.000000, 83,         0,110,         1,116,         4
54C,2018/06/24 16:18:00, 50, 6.3849802, 49,       128, 44,        88, 45,       124, 56, 34.311562, 64, 34.979248, 67, 710.83447, 72, 481.66559, 77, 38.156250, 83,         0,110,         1,116,         4
5FC,2018/06/24 16:19:00, 50, 6.4521837, 49,       128, 44,        88, 45,       124, 56, 34.311562, 64, 35.067749, 67, 710.83447, 72, 481.68121, 77, 38.187500, 83,         0,110,         1,116,         4
5BC,2018/06/24 16:20:00, 50, 6.4831696, 49,       128, 44,        88, 45,       124, 56, 34.311562, 64, 34.976196, 67, 710.83447, 72, 481.67706, 77, 38.281250, 83,         0,110,         1,116,         4
51C,2018/06/24 16:21:00, 50, 6.3783140, 49,       128, 44,        88, 45,       124, 56, 34.311562, 64, 35.064697, 67, 710.83447, 72, 481.74811, 77, 38.281250, 83,         0,110,         1,116,         4
5CC,2018/06/24 16:22:00, 50, 6.6264687, 49,       128, 44,        88, 45,       124, 56, 34.311562, 64, 34.976196, 67, 710.83447, 72, 481.71198, 77, 38.250000, 83,         0,110,         1,116,         4
51C,2018/06/24 16:23:00, 50, 6.4442387, 49,       128, 44,        88, 45,       124, 56, 34.311562, 64, 35.055542, 67, 710.83447, 72, 481.72424, 77, 38.187500, 83,         0,110,         1,116,         4
5EC,2018/06/24 16:24:00, 50, 6.8184919, 49,       128, 44,        88, 45,       124, 56, 34.311562, 64, 34.994507, 67, 710.83447, 72, 481.73071, 77, 38.281250, 83,         0,110,         1,116,         4
5AC,2018/06/24 16:25:00, 50, 7.0578613, 49,       128, 44,        88, 45,       124, 56, 34.311562, 64, 35.028076, 67, 710.83447, 72, 481.73175, 77, 38.187500, 83,         0,110,         1,116,         4
53C,2018/06/24 16:26:00, 50, 6.3451138, 49,       128, 44,        88, 45,       124, 56, 34.311562, 64, 35.040283, 67, 710.83447, 72, 481.75562, 77, 38.312500, 83,         0,110,         1,116,         4
51C,2018/06/24 16:27:00, 50, 5.8495674, 49,       128, 44,        88, 45,       124, 56, 34.311562, 64, 34.985352, 67, 710.83447, 72, 481.77838, 77, 38.312500, 83,         0,110,         1,116,         4
52C,2018/06/24 16:28:00, 50, 6.1912937, 49,       128, 44,        88, 45,       124, 56, 34.311562, 64, 35.083008, 67, 710.83447, 72, 481.78741, 77, 38.406250, 83,         0,110,         1,116,         4
5EC,2018/06/24 16:29:00, 50, 6.6691294, 49,       128, 44,        88, 45,       124, 56, 34.311562, 64, 34.936523, 67, 710.83447, 72, 481.78400, 77, 38.406250, 83,         0,110,         1,116,         4
5CC,2018/06/24 16:30:00, 50, 6.3231678, 49,       128, 44,        88, 45,       124, 56, 34.311562, 64, 35.128784, 67, 710.83447, 72, 481.81158, 77, 38.437500, 83,         0,110,         1,116,         4
54C,2018/06/24 16:31:00, 50, 6.1136093, 49,       128, 44,        88, 45,       124, 56, 34.311562, 64, 34.906006, 67, 710.83447, 72, 481.82092, 77, 38.406250, 83,         0,110,         1,116,         4
55C,2018/06/24 16:32:00, 50, 5.9352407, 49,       128, 44,        88, 45,       124, 56, 34.311562, 64, 35.128784, 67, 710.83447, 72, 481.84216, 77, 38.437500, 83,         0,110,         1,116,         4
56C,2018/06/24 16:33:00, 50, 5.5211763, 49,       128, 44,        88, 45,       124, 56, 34.311562, 64, 34.936523, 67, 710.83447, 72, 481.85895, 77, 38.406250, 83,         0,110,         1,116,         4
54C,2018/06/24 16:34:00, 50, 5.3602486, 49,       128, 44,        88, 45,       124, 56, 34.311562, 64, 35.064697, 67, 710.83447, 72, 481.86292, 77, 38.500000, 83,         0,110,         1,116,         4
5AC,2018/06/24 16:35:00, 50, 5.5913696, 49,       128, 44,        88, 45,       124, 56, 34.311562, 64, 35.012817, 67, 710.83447, 72, 481.89166, 77, 38.531250, 83,         0,110,         1,116,         4
51C,2018/06/24 16:36:00, 50, 5.6793833, 49,       128, 44,        88, 45,       124, 56, 34.311562, 64, 34.973145, 67, 710.83447, 72, 481.86993, 77, 38.531250, 83,         0,110,         1,116,         4
59C,2018/06/24 16:37:00, 50, 6.0641279, 49,       128, 44,        88, 45,       124, 56, 34.311562, 64, 35.113525, 67, 710.83447, 72, 481.88416, 77, 38.500000, 83,         0,110,         1,116,         4
58C,2018/06/24 16:38:00, 50, 6.1978998, 49,       128, 44,        88, 45,       124, 56, 34.311562, 64, 34.909058, 67, 710.83447, 72, 481.88800, 77, 38.593750, 83,         0,110,         1,116,         4
51C,2018/06/24 16:39:00, 50, 6.5657291, 49,       128, 44,        88, 45,       124, 56, 34.311562, 64, 35.134888, 67, 710.83447, 72, 481.93671, 77, 38.625000, 83,         0,110,         1,116,         4
5BC,2018/06/24 16:40:00, 50, 5.8175945, 49,       128, 44,        88, 45,       124, 56, 34.311562, 64, 34.936523, 67, 710.83447, 72, 481.93848, 77, 38.593750, 83,         0,110,         1,116,         4
5AC,2018/06/24 16:41:00, 50, 5.5277958, 49,       128, 44,        88, 45,       124, 56, 34.311562, 64, 35.058594, 67, 710.83447, 72, 481.95020, 77, 38.625000, 83,         0,110,         1,116,         4
55C,2018/06/24 16:42:00, 50, 5.3259563, 49,       128, 44,        88, 45,       124, 56, 34.311562, 64, 35.043335, 67, 710.83447, 72, 482.00397, 77, 38.562500, 83,         0,110,         1,116,         4
5FC,2018/06/24 16:43:00, 50, 5.5177813, 49,       128, 44,        88, 45,       124, 56, 34.311562, 64, 34.930420, 67, 710.83447, 72, 481.97839, 77, 38.625000, 83,         0,110,         1,116,         4
59C,2018/06/24 16:44:00, 50, 5.7008448, 49,       128, 44,        88, 45,       124, 56, 34.311562, 64, 35.134888, 67, 710.83447, 72, 481.98975, 77, 38.687500, 83,         0,110,         1,116,         4
51C,2018/06/24 16:45:00, 50, 5.9661884, 49,       128, 44,        88, 45,       124, 56, 34.311562, 64, 35.034180, 67, 710.83447, 72, 482.00720, 77, 38.656250, 83,         0,110,         1,116,         4
51C,2018/06/24 16:46:00, 50, 6.1972427, 49,       128, 44,        88, 45,       124, 56, 34.311562, 64, 34.991455, 67, 710.83447, 72, 482.04401, 77, 38.687500, 83,         0,110,         1,116,         4
52C,2018/06/24 16:47:00, 50, 6.4342957, 49,       128, 44,        88, 45,       124, 56, 34.311562, 64, 35.028076, 67, 710.83447, 72, 482.00684, 77, 38.718750, 83,         0,110,         1,116,         4
55C,2018/06/24 16:48:00, 50, 6.0005150, 49,       128, 44,        88, 45,       124, 56, 34.311562, 64, 35.018921, 67, 710.83447, 72, 482.03046, 77, 38.718750, 83,         0,110,         1,116,         4
51C,2018/06/24 16:49:00, 50, 6.0646582, 49,       128, 44,        88, 45,       124, 56, 34.311562, 64, 34.997559, 67, 710.83447, 72, 482.00525, 77, 38.718750, 83,         0,110,         1,116,         4
5BC,2018/06/24 16:50:00, 50, 5.3663845, 49,       128, 44,        88, 45,       124, 56, 34.311562, 64, 35.037231, 67, 710.83447, 72, 482.02789, 77, 38.750000, 83,         0,110,         1,116,         4
56C,2018/06/24 16:51:00, 50, 5.4872580, 49,       128, 44,        88, 45,       124, 56, 34.311562, 64, 35.000610, 67, 710.83447, 72, 482.03656, 77, 38.750000, 83,         0,110,         1,116,         4
58C,2018/06/24 16:52:00, 50, 5.3513565, 49,       128, 44,        88, 45,       124, 56, 34.311562, 64, 35.012817, 67, 710.83447, 72, 482.04993, 77, 38.750000, 83,         0,110,         1,116,         4
58C,2018/06/24 16:53:00, 50, 5.5284691, 49,       128, 44,        88, 45,       124, 56, 34.311562, 64, 35.031128, 67, 710.83447, 72, 481.99457, 77, 38.750000, 83,         0,110,         1,116,         4
51C,2018/06/24 16:54:00, 50, 5.3487110, 49,       128, 44,        88, 45,       124, 56, 34.311562, 64, 34.991455, 67, 710.83447, 72, 482.01813, 77, 38.750000, 83,         0,110,         1,116,         4
5EC,2018/06/24 16:55:00, 50, 5.3611355, 49,       128, 44,        88, 45,       124, 56, 34.311562, 64, 35.025024, 67, 710.83447, 72, 482.07458, 77, 38.750000, 83,         0,110,         1,116,         4
56C,2018/06/24 16:56:00, 50, 5.5054779, 49,       128, 44,        88, 45,       124, 56, 34.311562, 64, 35.031128, 67, 710.83447, 72, 482.03619, 77, 38.781250, 83,         0,110,         1,116,         4
5DC,2018/06/24 16:57:00, 50, 6.0096922, 49,       128, 44,        88, 45,       124, 56, 34.311562, 64, 34.991455, 67, 710.83447, 72, 482.01672, 77, 38.781250, 83,         0,110,         1,116,         4
58C,2018/06/24 16:58:00, 50, 6.2562723, 49,       128, 44,        88, 45,       124, 56, 34.311562, 64, 35.031128, 67, 710.83447, 72, 482.02289, 77, 38.812500, 83,         0,110,         1,116,         4
56C,2018/06/24 16:59:00, 50, 7.2603912, 49,       128, 44,        88, 45,       124, 56, 34.311562, 64, 35.021973, 67, 710.83447, 72, 482.05261, 77, 38.812500, 83,         0,110,         1,116,         4
5EC,2018/06/24 17:00:00, 50, 7.1925468, 49,       128, 44,        88, 45,       124, 56, 34.311562, 64, 34.991455, 67, 710.83447, 72, 482.05615, 77, 38.812500, 83,         0,110,         1,116,         4
52C,2018/06/24 17:01:00, 50, 6.7620020, 49,       128, 44,        88, 45,       124, 56, 34.311562, 64, 35.028076, 67, 710.83447, 72, 482.04370, 77, 38.812500, 83,         0,110,         1,116,         4
50C,2018/06/24 17:02:00, 50, 6.7714701, 49,       128, 44,        88, 45,       124, 56, 34.311562, 64, 35.021973, 67, 710.83447, 72, 482.07471, 77, 38.843750, 83,         0,110,         1,116,         4
5FC,2018/06/24 17:03:00, 50, 7.5815802, 49,       128, 44,        88, 45,       124, 56, 34.311562, 64, 34.991455, 67, 710.83447, 72, 482.07465, 77, 38.843750, 83,         0,110,         1,116,         4
52C,2018/06/24 17:04:00, 50, 7.4802771, 49,       128, 44,        88, 45,       124, 56, 34.311562, 64, 35.025024, 67, 710.83447, 72, 482.05402, 77, 38.843750, 83,         0,110,         1,116,         4
57C,2018/06/24 17:05:00, 50, 7.0509539, 49,       128, 44,        88, 45,       124, 56, 34.311562, 64, 35.028076, 67, 710.83447, 72, 482.07666, 77, 38.843750, 83,         0,110,         1,116,         4
5BC,2018/06/24 17:06:00, 50, 6.8378239, 49,       128, 44,        88, 45,       124, 56, 34.311562, 64, 34.991455, 67, 710.83447, 72, 482.07971, 77, 38.875000, 83,         0,110,         1,116,         4
5BC,2018/06/24 17:07:00, 50, 7.0745363, 49,       128, 44,        88, 45,       124, 56, 34.311562, 64, 35.015869, 67, 710.83447, 72, 482.08478, 77, 38.875000, 83,         0,110,         1,116,         4
57C,2018/06/24 17:08:00, 50, 7.3631725, 49,       128, 44,        88, 45,       124, 56, 34.311562, 64, 35.031128, 67, 710.83447, 72, 482.03119, 77, 38.843750, 83,         0,110,         1,116,         4
5FC,2018/06/24 17:09:00, 50, 6.8031931, 49,       128, 44,        88, 45,       124, 56, 34.311562, 64, 34.994507, 67, 710.83447, 72, 482.12823, 77, 38.843750, 83,         0,110,         1,116,         4
54C,2018/06/24 17:10:00, 50, 6.7136021, 49,       128, 44,        88, 45,       124, 56, 34.311562, 64, 35.009766, 67, 710.83447, 72, 482.13422, 77, 38.875000, 83,         0,110,         1,116,         4
53C,2018/06/24 17:11:00, 50, 6.5943604, 49,       128, 44,        88, 45,       124, 56, 34.311562, 64, 35.037231, 67, 710.83447, 72, 482.14026, 77, 38.906250, 83,         0,110,         1,116,         4
50C,2018/06/24 17:12:00, 50, 6.8058414, 49,       128, 44,        88, 45,       124, 56, 34.311562, 64, 35.006714, 67, 710.83447, 72, 482.16803, 77, 38.906250, 83,         0,110,         1,116,         4
5DC,2018/06/24 17:13:00, 50, 6.9335308, 49,       128, 44,        88, 45,       124, 56, 34.311562, 64, 34.997559, 67, 710.83447, 72, 482.14490, 77, 38.906250, 83,         0,110,         1,116,         4
52C,2018/06/24 17:14:00, 50, 6.9882040, 49,       128, 44,        88, 45,       124, 56, 34.311562, 64, 35.031128, 67, 710.83447, 72, 482.15912, 77, 38.937500, 83,         0,110,         1,116,         4
53C,2018/06/24 17:15:00, 50, 7.5563183, 49,       128, 44,        88, 45,       124, 56, 34.311562, 64, 35.025024, 67, 710.83447, 72, 482.15021, 77, 38.937500, 83,         0,110,         1,116,         4
51C,2018/06/24 17:16:00, 50, 7.1226397, 49,       128, 44,        88, 45,       124, 56, 34.311562, 64, 34.991455, 67, 710.83447, 72, 482.18750, 77, 38.968750, 83,         0,110,         1,116,         4
53C,2018/06/24 17:17:00, 50, 7.3637877, 49,       128, 44,        88, 45,       124, 56, 34.311562, 64, 35.012817, 67, 710.83447, 72, 482.18732, 77, 38.937500, 83,         0,110,         1,116,         4
58C,2018/06/24 17:18:00, 50, 7.5393057, 49,       128, 44,        88, 45,       124, 56, 34.311562, 64, 35.034180, 67, 710.83447, 72, 482.18182, 77, 38.968750, 83,         0,110,         1,116,         4
57C,2018/06/24 17:19:00, 50, 7.6536827, 49,       128, 44,        88, 45,       124, 56, 34.311562, 64, 35.012817, 67, 710.83447, 72, 482.18860, 77, 38.937500, 83,         0,110,         1,116,         4
51C,2018/06/24 17:20:00, 50, 7.8560905, 49,       128, 44,        88, 45,       124, 56, 34.311562, 64, 34.991455, 67, 710.83447, 72, 482.24005, 77, 38.968750, 83,         0,110,         1,116,         4
51C,2018/06/24 17:21:00, 50, 8.1538677, 49,       128, 44,        88, 45,       124, 56, 34.311562, 64, 35.021973, 67, 710.83447, 72, 482.24719, 77, 38.968750, 83,         0,110,         1,116,         4
59C,2018/06/24 17:22:00, 50, 8.3730869, 49,       128, 44,        88, 45,       124, 56, 34.311562, 64, 35.040283, 67, 710.83447, 72, 482.27490, 77, 38.968750, 83,         0,110,         1,116,         4
56C,2018/06/24 17:23:00, 50, 8.7375889, 49,       128, 44,        88, 45,       124, 56, 34.311562, 64, 35.003662, 67, 710.83447, 72, 482.29846, 77, 39.000000, 83,         0,110,         1,116,         4
52C,2018/06/24 17:24:00, 50, 9.3591537, 49,       128, 44,        88, 45,       124, 56, 34.311562, 64, 34.994507, 67, 710.83447, 72, 482.32037, 77, 39.000000, 83,         0,110,         1,116,         4
5DC,2018/06/24 17:25:00, 50, 9.3139973, 49,       128, 44,        88, 45,       124, 56, 34.311562, 64, 35.021973, 67, 710.83447, 72, 482.32941, 77, 39.031250, 83,         0,110,         1,116,         4
58C,2018/06/24 17:26:00, 50, 9.3967476, 49,       128, 44,        88, 45,       124, 56, 34.311562, 64, 35.034180, 67, 710.83447, 72, 482.31525, 77, 39.031250, 83,         0,110,         1,116,         4
5CC,2018/06/24 17:27:00, 50, 9.5477066, 49,       128, 44,        88, 45,       124, 56, 34.311562, 64, 35.006714, 67, 710.83447, 72, 482.31732, 77, 39.062500, 83,         0,110,         1,116,         4
54C,2018/06/24 17:28:00, 50, 9.9218311, 49,       128, 44,        88, 45,       124, 56, 34.311562, 64, 34.991455, 67, 710.83447, 72, 482.33667, 77, 39.031250, 83,         0,110,         1,116,         4
51C,2018/06/24 17:29:00, 50, 9.8497791, 49,       128, 44,        88, 45,       124, 56, 34.311562, 64, 35.018921, 67, 710.83447, 72, 482.35535, 77, 39.093750, 83,         0,110,         1,116,         4
