51C,2017/01/11 16:25:00, 50, 0.0000000, 51, 0.0000000, 52, 0.0000000, 49,        64, 56, 8.9075432, 67, 643.33984, 72, 154.83905, 77, 24.937500,144, 0.0000000, 84, 0.0000000, 48,       104, 16,       141
55C,2017/01/11 16:26:00, 50, 0.0000000, 51, 0.0000000, 52, 0.0000000, 49,        64, 56, 8.9075432, 67, 643.33984, 72, 153.60974, 77, 25.750000,144, 0.0000000, 84, 0.0000000, 48,       104, 16,       141
59C,2017/01/11 16:27:00, 50, 0.0000000, 51, 0.0000000, 52, 0.0000000, 49,        64, 56, 8.9075432, 67, 643.33984, 72, 152.65640, 77, 26.531250,144, 0.0000000, 84, 0.0000000, 48,       104, 16,       141
5CC,2017/01/11 16:28:00, 50, 0.0000000, 51, 0.0000000, 52, 0.0000000, 49,        64, 56, 8.9075432, 67, 641.98999, 72, 151.95120, 77, 27.218750,144, 0.0000000, 84, 0.0000000, 48,       104, 16,       141
54C,2017/01/11 16:29:00, 50, 0.0000000, 51, 0.0000000, 52, 0.0000000, 49,        64, 56, 8.9075432, 67, 641.98999, 72, 151.37726, 77, 27.906250,144, 0.0000000, 84, 0.0000000, 48,       104, 16,       141
51C,2017/01/11 16:30:00, 50, 0.0000000, 51, 0.0000000, 52, 0.0000000, 49,        64, 56, 8.9075432, 67, 641.98999, 72, 150.85114, 77, 28.500000,144, 0.0000000, 84, 0.0000000, 48,       104, 16,       141
50C,2017/01/11 16:31:00, 50, 0.0000000, 51, 0.0000000, 52, 0.0000000, 49,        64, 56, 8.9075432, 67, 641.98999, 72, 150.50238, 77, 29.062500,144, 0.0000000, 84, 0.0000000, 48,       104, 16,       141
5FC,2017/01/11 16:32:00, 50, 0.0000000, 51, 0.0000000, 52, 0.0000000, 49,        64, 56, 8.9075432, 67, 641.98999, 72, 150.11981, 77, 29.625000,144, 0.0000000, 84, 0.0000000, 48,       104, 16,       141
57C,2017/01/11 16:33:00, 50, 0.0000000, 51, 0.0000000, 52, 0.0000000, 49,        64, 56, 8.9075432, 67, 641.98999, 72, 149.94333, 77, 30.125000,144, 0.0000000, 84, 0.0000000, 48,       104, 16,       141
57C,2017/01/11 16:34:00, 50, 0.0000000, 51, 0.0000000, 52, 0.0000000, 49,        64, 56, 8.9075432, 67, 643.33984, 72, 149.70035, 77, 30.625000,144, 0.0000000, 84, 0.0000000, 48,       104, 16,       141
52C,2017/01/11 16:35:00, 50, 0.0000000, 51, 0.0000000, 52, 0.0000000, 49,        64, 56, 8.9075432, 67, 643.33984, 72, 149.48099, 77, 31.218750,144, 0.0000000, 84, 0.0000000, 48,       104, 16,       141
5DC,2017/01/11 16:36:00, 50, 0.0000000, 51, 0.0000000, 52, 0.0000000, 49,        64, 56, 8.9075432, 67, 643.33984, 72, 149.39429, 77, 31.687500,144, 0.0000000, 84, 0.0000000, 48,       104, 16,       141
5BC,2017/01/11 16:37:00, 50, 0.0000000, 51, 0.0000000, 52, 0.0000000, 49,        64, 56, 8.9075432, 67, 643.33984, 72, 149.32013, 77, 31.843750,144, 0.0000000, 84, 0.0000000, 48,       104, 16,       141
5FC,2017/01/11 16:38:00, 50, 0.0000000, 51, 0.0000000, 52, 0.0000000, 49,        64, 56, 8.9075432, 67, 643.33984, 72, 149.15207, 77, 32.250000,144, 0.0000000, 84, 0.0000000, 48,       104, 16,       141
55C,2017/01/11 16:39:00, 50, 0.0000000, 51, 0.0000000, 52, 0.0000000, 49,        64, 56, 8.9075432, 67, 643.33984, 72, 149.17447, 77, 32.687500,144, 0.0000000, 84, 0.0000000, 48,       104, 16,       141
53C,2017/01/11 16:40:00, 50, 0.0000000, 51, 0.0000000, 52, 0.0000000, 49,        64, 56, 8.9075432, 67, 643.33984, 72, 149.20349, 77, 33.093750,144, 0.0000000, 84, 0.0000000, 48,       104, 16,       141
54C,2017/01/11 16:41:00, 50, 0.0000000, 51, 0.0000000, 52, 0.0000000, 49,        64, 56, 8.9075432, 67, 643.33984, 72, 149.05615, 77, 33.500000,144, 0.0000000, 84, 0.0000000, 48,       104, 16,       141
5CC,2017/01/11 16:42:00, 50, 0.0000000, 51, 0.0000000, 52, 0.0000000, 49,        64, 56, 8.9075432, 67, 643.33984, 72, 148.82285, 77, 33.843750,144, 0.0000000, 84, 0.0000000, 48,       104, 16,       141
50C,2017/01/11 16:43:00, 50, 0.0000000, 51, 0.0000000, 52, 0.0000000, 49,        64, 56, 8.9075432, 67, 643.33984, 72, 148.70279, 77, 34.218750,144, 0.0000000, 84, 0.0000000, 48,       104, 16,       141
59C,2017/01/11 16:44:00, 50, 0.0000000, 51, 0.0000000, 52, 0.0000000, 49,        64, 56, 8.9075432, 67, 643.33984, 72, 148.47821, 77, 34.562500,144, 0.0000000, 84, 0.0000000, 48,       104, 16,       141
52C,2017/01/11 16:45:00, 50, 0.0000000, 51, 0.0000000, 52, 0.0000000, 49,        64, 56, 8.9075432, 67, 643.33984, 72, 148.60822, 77, 34.906250,144, 0.0000000, 84, 0.0000000, 48,       104, 16,       141
5BC,2017/01/11 16:46:00, 50, 0.0000000, 51, 0.0000000, 52, 0.0000000, 49,        64, 56, 8.9075432, 67, 643.33984, 72, 148.57495, 77, 35.250000,144, 0.0000000, 84, 0.0000000, 48,       104, 16,       141
55C,2017/01/11 16:47:00, 50, 0.0000000, 51, 0.0000000, 52, 0.0000000, 49,        64, 56, 8.9075432, 67, 643.33984, 72, 148.67557, 77, 35.562500,144, 0.0000000, 84, 0.0000000, 48,       104, 16,       141
58C,2017/01/11 16:48:00, 50, 0.0000000, 51, 0.0000000, 52, 0.0000000, 49,        64, 56, 8.9075432, 67, 643.33984, 72, 148.82880, 77, 35.875000,144, 0.0000000, 84, 0.0000000, 48,       104, 16,       141
51C,2017/01/11 16:49:00, 50, 0.0000000, 51, 0.0000000, 52, 0.0000000, 49,        64, 56, 8.9075432, 67, 643.33984, 72, 149.00302, 77, 36.187500,144, 0.0000000, 84, 0.0000000, 48,       104, 16,       141
55C,2017/01/11 16:50:00, 50, 0.0000000, 51, 0.0000000, 52, 0.0000000, 49,        64, 56, 8.9075432, 67, 643.33984, 72, 149.22934, 77, 36.468750,144, 0.0000000, 84, 0.0000000, 48,       104, 16,       141
56C,2017/01/11 16:51:00, 50, 0.0000000, 51, 0.0000000, 52, 0.0000000, 49,        64, 56, 8.9075432, 67, 643.33984, 72, 149.45480, 77, 36.781250,144, 0.0000000, 84, 0.0000000, 48,       104, 16,       141
55C,2017/01/11 16:52:00, 50, 0.0000000, 51, 0.0000000, 52, 0.0000000, 49,        64, 56, 8.9075432, 67, 643.33984, 72, 149.62958, 77, 37.031250,144, 0.0000000, 84, 0.0000000, 48,       104, 16,       141
55C,2017/01/11 16:53:00, 50, 0.0000000, 51, 0.0000000, 52, 0.0000000, 49,        64, 56, 8.9075432, 67, 643.33984, 72, 149.75864, 77, 37.281250,144, 0.0000000, 84, 0.0000000, 48,       104, 16,       141
54C,2017/01/11 16:54:00, 50, 0.0000000, 51, 0.0000000, 52, 0.0000000, 49,        64, 56, 8.9075432, 67, 643.33984, 72, 149.89337, 77, 37.562500,144, 0.0000000, 84, 0.0000000, 48,       104, 16,       141
54C,2017/01/11 16:55:00, 50, 0.0000000, 51, 0.0000000, 52, 0.0000000, 49,        64, 56, 8.9075432, 67, 643.33984, 72, 150.00763, 77, 37.781250,144, 0.0000000, 84, 0.0000000, 48,       104, 16,       141
5DC,2017/01/11 16:56:00, 50, 0.0000000, 51, 0.0000000, 52, 0.0000000, 49,        64, 56, 8.9075432, 67, 643.33984, 72, 150.09882, 77, 38.031250,144, 0.0000000, 84, 0.0000000, 48,       104, 16,       141
5AC,2017/01/11 16:57:00, 50, 0.0000000, 51, 0.0000000, 52, 0.0000000, 49,        64, 56, 8.9075432, 67, 643.33984, 72, 150.17828, 77, 38.281250,144, 0.0000000, 84, 0.0000000, 48,       104, 16,       141
55C,2017/01/11 16:58:00, 50, 0.0000000, 51, 0.0000000, 52, 0.0000000, 49,        64, 56, 8.9075432, 67, 643.33984, 72, 150.28979, 77, 38.500000,144, 0.0000000, 84, 0.0000000, 48,       104, 16,       141
51C,2017/01/11 16:59:00, 50, 0.0000000, 51, 0.0000000, 52, 0.0000000, 49,        64, 56, 8.9075432, 67, 643.33984, 72, 150.35382, 77, 38.750000,144, 0.0000000, 84, 0.0000000, 48,       104, 16,       141
54C,2017/01/11 17:00:00, 50, 0.0000000, 51, 0.0000000, 52, 0.0000000, 49,        64, 56, 8.9075432, 67, 643.33984, 72, 150.36331, 77, 39.000000,144, 0.0000000, 84, 0.0000000, 48,       104, 16,       141
55C,2017/01/11 17:01:00, 50, 0.7425102, 51,-0.4130853, 52,-1.1555955, 49,        64, 56, 8.9075432, 67, 643.33984, 72, 150.46439, 77, 39.187500,144, 0.0000000, 84, 0.0000000, 48,       104, 16,       141
5FC,2017/01/11 17:02:00, 50, 32.458725, 51, 73.960350, 52, 41.501625, 49,        64, 56, 8.9075432, 67, 643.33984, 72, 150.48526, 77, 39.406250,144, 0.0000000, 84, 0.0000000, 48,       104, 16,       141
50C,2017/01/11 17:03:00, 50, 39.390175, 51, 78.892197, 52, 39.502022, 49,        64, 56, 8.9075432, 67, 643.33984, 72, 150.64346, 77, 39.593750,144, 0.0000000, 84, 0.0000000, 48,       104, 16,       141
55C,2017/01/11 17:04:00, 50, 25.867958, 51, 73.140305, 52, 47.272346, 49,        64, 56, 8.9075432, 67, 643.33984, 72, 150.70007, 77, 39.781250,144, 0.0000000, 84, 0.0000000, 48,       104, 16,       141
57C,2017/01/11 17:05:00, 50, 0.1616143, 51, 41.739510, 52, 41.577896, 49,        64, 56, 8.9075432, 67, 643.33984, 72, 150.64175, 77, 40.000000,144, 0.0000000, 84, 0.0000000, 48,       104, 16,       141
5BC,2017/01/11 17:06:00, 50, 12.285923, 51, 19.082195, 52, 6.7962723, 49,        64, 56, 8.9075432, 67, 643.33984, 72, 150.73737, 77, 40.156250,144, 0.0000000, 84, 0.0000000, 48,       104, 16,       141
59C,2017/01/11 17:07:00, 50, 12.310131, 51, 53.396137, 52, 41.086006, 49,        64, 56, 8.9075432, 67, 643.33984, 72, 150.78864, 77, 40.312500,144, 0.0000000, 84, 0.0000000, 48,       104, 16,       141
54C,2017/01/11 17:08:00, 50, 29.526325, 51, 62.856396, 52, 33.330070, 49,        64, 56, 8.9075432, 67, 643.33984, 72, 150.93799, 77, 40.500000,144, 0.0000000, 84, 0.0000000, 48,       104, 16,       141
5DC,2017/01/11 17:09:00, 50, 23.872555, 51, 52.462288, 52, 28.589733, 49,        64, 56, 8.9075432, 67, 643.33984, 72, 150.93271, 77, 40.625000,144, 0.0000000, 84, 0.0000000, 48,       104, 16,       141
5CC,2017/01/11 17:10:00, 50, 12.113060, 51, 56.735161, 52, 44.622101, 49,        64, 56, 8.9075432, 67, 643.33984, 72, 150.82004, 77, 40.781250,144, 0.0000000, 84, 0.0000000, 48,       104, 16,       141
51C,2017/01/11 17:11:00, 50, 8.9552479, 51, 17.695036, 52, 8.7397881, 49,        64, 56, 8.9075432, 67, 643.33984, 72, 150.83112, 77, 40.968750,144, 0.0000000, 84, 0.0000000, 48,       104, 16,       141
5EC,2017/01/11 17:12:00, 50, 7.9489698, 51, 21.036959, 52, 13.087990, 49,        64, 56, 8.9075432, 67, 643.33984, 72, 150.86902, 77, 41.156250,144, 0.0000000, 84, 0.0000000, 48,       104, 16,       141
59C,2017/01/11 17:13:00, 50, 18.055096, 51, 43.477467, 52, 25.422371, 49,        64, 56, 8.9075432, 67, 643.33984, 72, 151.01675, 77, 41.343750,144, 0.0000000, 84, 0.0000000, 48,       104, 16,       141
51C,2017/01/11 17:14:00, 50, 16.150627, 51, 40.467239, 52, 24.316612, 49,        64, 56, 8.9075432, 67, 643.33984, 72, 151.03882, 77, 41.500000,144, 0.0000000, 84, 0.0000000, 48,       104, 16,       141
53C,2017/01/11 17:15:00, 50,-5.4037399, 51, 22.494240, 52, 27.897980, 49,        64, 56, 8.9075432, 67, 643.33984, 72, 150.89560, 77, 41.687500,144, 0.0000000, 84, 0.0000000, 48,       104, 16,       141
5BC,2017/01/11 17:16:00, 50, 3.6338720, 51, 38.983532, 52, 35.349663, 49,        64, 56, 8.9075432, 67, 643.33984, 72, 150.87802, 77, 41.906250,144, 0.0000000, 84, 0.0000000, 48,       104, 16,       141
5AC,2017/01/11 17:17:00, 50, 10.295134, 51, 22.999058, 52, 12.703924, 49,        64, 56, 8.9075432, 67, 643.33984, 72, 150.91849, 77, 42.093750,144, 0.0000000, 84, 0.0000000, 48,       104, 16,       141
51C,2017/01/11 17:18:00, 50, 14.002331, 51, 30.522205, 52, 16.519875, 49,        64, 56, 8.9075432, 67, 643.33984, 72, 151.08655, 77, 42.281250,144, 0.0000000, 84, 0.0000000, 48,       104, 16,       141
56C,2017/01/11 17:19:00, 50,-4.0121107, 51, 5.1127367, 52, 9.1248474, 49,        64, 56, 8.9075432, 67, 643.33984, 72, 151.10895, 77, 42.468750,144, 0.0000000, 84, 0.0000000, 48,       104, 16,       141
5FC,2017/01/11 17:20:00, 50,-0.8754904, 51, 21.103853, 52, 21.979343, 49,        64, 56, 8.9075432, 67, 643.33984, 72, 151.01639, 77, 42.687500,144, 0.0000000, 84, 0.0000000, 48,       104, 16,       141
53C,2017/01/11 17:21:00, 50, 4.9191065, 51, 18.860563, 52, 13.941458, 49,        64, 56, 8.9075432, 67, 643.33984, 72, 151.03232, 77, 42.875000,144, 0.0000000, 84, 0.0000000, 48,       104, 16,       141
54C,2017/01/11 17:22:00, 50,-20.736534, 51, 40.715988, 52, 61.452522, 49,        64, 56, 8.9075432, 67, 643.33984, 72, 151.01910, 77, 43.062500,144, 0.0000000, 84, 0.0000000, 48,       104, 16,       141
58C,2017/01/11 17:23:00, 50, 46.297379, 51, 2.2205429, 52,-44.076836, 49,        64, 56, 8.9075432, 67, 643.33984, 72, 151.22620, 77, 43.187500,144, 0.0000000, 84, 0.0000000, 48,       104, 16,       141
5FC,2017/01/11 17:24:00, 50,-6.8807516, 51,-1.0539579, 52, 5.8267937, 49,        64, 56, 8.9075432, 67, 643.33984, 72, 151.23721, 77, 43.312500,144, 0.0000000, 84, 0.0000000, 48,       104, 16,       141
58C,2017/01/11 17:25:00, 50,-3.8251276, 51, 13.369579, 52, 17.194706, 49,        64, 56, 8.9075432, 67, 643.33984, 72, 151.05817, 77, 43.437500,144, 0.0000000, 84, 0.0000000, 48,       104, 16,       141
59C,2017/01/11 17:26:00, 50, 1.2271743, 51, 8.1555672, 52, 6.9283934, 49,        64, 56, 8.9075432, 67, 643.33984, 72, 151.02969, 77, 43.500000,144, 0.0000000, 84, 0.0000000, 48,       104, 16,       141
57C,2017/01/11 17:27:00, 50, 98.929520, 51, 67.313416, 52,-31.616104, 49,        64, 56, 8.9075432, 67, 643.33984, 72, 151.03851, 77, 43.593750,144, 0.0000000, 84, 0.0000000, 48,       104, 16,       141
5EC,2017/01/11 17:28:00, 50, 7.0052023, 51, 24.937712, 52, 17.932510, 49,        64, 56, 8.9075432, 67, 643.33984, 72, 151.27621, 77, 43.687500,144, 0.0000000, 84, 0.0000000, 48,       104, 16,       141
58C,2017/01/11 17:29:00, 50, 145.70007, 51, 165.12971, 52, 19.429649, 49,        64, 56, 8.9075432, 67, 643.33984, 72, 151.38150, 77, 43.750000,144, 0.0000000, 84, 0.0000000, 48,       104, 16,       141
57C,2017/01/11 17:30:00, 50, 103.14101, 51,-18.277054, 52,-121.41806, 49,        64, 56, 8.9075432, 67, 643.33984, 72, 151.20660, 77, 43.812500,144, 0.0000000, 84, 0.0000000, 48,       104, 16,       141
50C,2017/01/11 17:31:00, 50, 5.8264399, 51, 14.034177, 52, 8.2077370, 49,        64, 56, 8.9075432, 67, 643.33984, 72, 151.12433, 77, 43.875000,144, 0.0000000, 84, 0.0000000, 48,       104, 16,       141
5EC,2017/01/11 17:32:00, 50, 9.4252834, 51, 12.572359, 52, 3.1470761, 49,        64, 56, 8.9075432, 67, 643.33984, 72, 151.05206, 77, 43.906250,144, 0.0000000, 84, 0.0000000, 48,       104, 16,       141
5EC,2017/01/11 17:33:00, 50,-1.1419709, 51, 25.282610, 52, 26.424580, 49,        64, 56, 8.9075432, 67, 643.33984, 72, 151.21207, 77, 43.937500,144, 0.0000000, 84, 0.0000000, 48,       104, 16,       141
5DC,2017/01/11 17:34:00, 50, 25.175545, 51, 68.664757, 52, 43.489212, 49,        64, 56, 8.9075432, 67, 643.33984, 72, 151.18134, 77, 43.968750,144, 0.0000000, 84, 0.0000000, 48,       104, 16,       141
5FC,2017/01/11 17:35:00, 50, 5.4039850, 51, 15.078725, 52, 9.6747398, 49,        64, 56, 8.9075432, 67, 643.33984, 72, 150.98605, 77, 44.031250,144, 0.0000000, 84, 0.0000000, 48,       104, 16,       141
55C,2017/01/11 17:36:00, 50, 16.518906, 51, 17.008873, 52, 0.4899673, 49,        64, 56, 8.9075432, 67, 643.33984, 72, 150.94943, 77, 44.062500,144, 0.0000000, 84, 0.0000000, 48,       104, 16,       141
5FC,2017/01/11 17:37:00, 50, 4.4570274, 51, 25.250629, 52, 20.793602, 49,        64, 56, 8.9075432, 67, 643.33984, 72, 150.91721, 77, 44.093750,144, 0.0000000, 84, 0.0000000, 48,       104, 16,       141
59C,2017/01/11 17:38:00, 50, 5.8652649, 51, 10.766691, 52, 4.9014263, 49,        64, 56, 8.9075432, 67, 643.33984, 72, 151.10110, 77, 44.093750,144, 0.0000000, 84, 0.0000000, 48,       104, 16,       141
54C,2017/01/11 17:39:00, 50, 0.8615808, 51, 13.375281, 52, 12.513700, 49,        64, 56, 8.9075432, 67, 643.33984, 72, 151.07104, 77, 44.125000,144, 0.0000000, 84, 0.0000000, 48,       104, 16,       141
5DC,2017/01/11 17:40:00, 50, 15.090113, 51, 34.438614, 52, 19.348503, 49,        64, 56, 8.9075432, 67, 643.33984, 72, 150.89365, 77, 44.125000,144, 0.0000000, 84, 0.0000000, 48,       104, 16,       141
50C,2017/01/11 17:41:00, 50,-0.7007968, 51, 10.293756, 52, 10.994553, 49,        64, 56, 8.9075432, 67, 643.33984, 72, 150.86215, 77, 44.125000,144, 0.0000000, 84, 0.0000000, 48,       104, 16,       141
56C,2017/01/11 17:42:00, 50, 6.2030659, 51, 28.322077, 52, 22.119011, 49,        64, 56, 8.9075432, 67, 643.33984, 72, 150.89871, 77, 44.093750,144, 0.0000000, 84, 0.0000000, 48,       104, 16,       141
5EC,2017/01/11 17:43:00, 50,-6.6463299, 51, 15.272722, 52, 21.919052, 49,        64, 56, 8.9075432, 67, 643.33984, 72, 151.08850, 77, 44.093750,144, 0.0000000, 84, 0.0000000, 48,       104, 16,       141
5FC,2017/01/11 17:44:00, 50, 6.9763908, 51, 18.191418, 52, 11.215027, 49,        64, 56, 8.9075432, 67, 643.33984, 72, 151.12311, 77, 44.125000,144, 0.0000000, 84, 0.0000000, 48,       104, 16,       141
53C,2017/01/11 17:45:00, 50, 6.4098978, 51, 14.190576, 52, 7.7806778, 49,        64, 56, 8.9075432, 67, 643.33984, 72, 150.94788, 77, 44.093750,144, 0.0000000, 84, 0.0000000, 48,       104, 16,       141
56C,2017/01/11 17:46:00, 50, 5.4685059, 51,-2.0466566, 52,-7.5151625, 49,        64, 56, 8.9075432, 67, 643.33984, 72, 150.95700, 77, 44.125000,144, 0.0000000, 84, 0.0000000, 48,       104, 16,       141
57C,2017/01/11 17:47:00, 50,-2.6449275, 51, 9.1472292, 52, 11.792156, 49,        64, 56, 8.9075432, 67, 643.33984, 72, 150.96564, 77, 44.093750,144, 0.0000000, 84, 0.0000000, 48,       104, 16,       141
5FC,2017/01/11 17:48:00, 50, 6.5297995, 51, 15.222779, 52, 8.6929798, 49,        64, 56, 8.9075432, 67, 643.33984, 72, 151.09329, 77, 44.125000,144, 0.0000000, 84, 0.0000000, 48,       104, 16,       141
56C,2017/01/11 17:49:00, 50, 17.974789, 51, 43.919415, 52, 25.944626, 49,        64, 56, 8.9075432, 67, 643.33984, 72, 151.10172, 77, 44.156250,144, 0.0000000, 84, 0.0000000, 48,       104, 16,       141
5CC,2017/01/11 17:50:00, 50, 15.813950, 51, 22.164906, 52, 6.3509569, 49,        64, 56, 8.9075432, 67, 643.33984, 72, 150.95340, 77, 44.156250,144, 0.0000000, 84, 0.0000000, 48,       104, 16,       141
5BC,2017/01/11 17:51:00, 50, 12.780218, 51, 22.713753, 52, 9.9335346, 49,        64, 56, 8.9075432, 67, 643.33984, 72, 150.96228, 77, 44.156250,144, 0.0000000, 84, 0.0000000, 48,       104, 16,       141
56C,2017/01/11 17:52:00, 50, 10.667280, 51, 25.136477, 52, 14.469196, 49,        64, 56, 8.9075432, 67, 643.33984, 72, 150.95502, 77, 44.187500,144, 0.0000000, 84, 0.0000000, 48,       104, 16,       141
51C,2017/01/11 17:53:00, 50, 1.1237154, 51,-2.9485369, 52,-4.0722523, 49,        64, 56, 8.9075432, 67, 643.33984, 72, 151.08176, 77, 44.187500,144, 0.0000000, 84, 0.0000000, 48,       104, 16,       141
59C,2017/01/11 17:54:00, 50, 8.4921150, 51, 23.723415, 52, 15.231300, 49,        64, 56, 8.9075432, 67, 643.33984, 72, 150.99243, 77, 44.156250,144, 0.0000000, 84, 0.0000000, 48,       104, 16,       141
5BC,2017/01/11 17:55:00, 50,-1.6554375, 51, 17.959572, 52, 19.615009, 49,        64, 56, 8.9075432, 67, 643.33984, 72, 150.81815, 77, 44.187500,144, 0.0000000, 84, 0.0000000, 48,       104, 16,       141
55C,2017/01/11 17:56:00, 50, 10.715668, 51, 23.553020, 52, 12.837353, 49,        64, 56, 8.9075432, 67, 643.33984, 72, 150.86768, 77, 44.187500,144, 0.0000000, 84, 0.0000000, 48,       104, 16,       141
55C,2017/01/11 17:57:00, 50, 8.6212921, 51, 17.523081, 52, 8.9017887, 49,        64, 56, 8.9075432, 67, 643.33984, 72, 150.85522, 77, 44.187500,144, 0.0000000, 84, 0.0000000, 48,       104, 16,       141
5DC,2017/01/11 17:58:00, 50, 4.8206139, 51, 10.850336, 52, 6.0297222, 49,        64, 56, 8.9075432, 67, 643.33984, 72, 151.03424, 77, 44.187500,144, 0.0000000, 84, 0.0000000, 48,       104, 16,       141
56C,2017/01/11 17:59:00, 50, 1.9791408, 51, 11.431067, 52, 9.4519272, 49,        64, 56, 8.9075432, 67, 643.33984, 72, 151.03763, 77, 44.187500,144, 0.0000000, 84, 0.0000000, 48,       104, 16,       141
55C,2017/01/11 18:00:00, 50,-8.1148911, 51, 2.2713566, 52, 10.386248, 49,        64, 56, 8.9075432, 67, 643.33984, 72, 150.85864, 77, 44.156250,144, 0.0000000, 84, 0.0000000, 48,       104, 16,       141
5BC,2017/01/11 18:01:00, 50, 2.6470375, 51, 59.090054, 52, 56.443016, 49,        64, 56, 8.9075432, 67, 643.33984, 72, 150.85507, 77, 44.156250,144, 0.0000000, 84, 0.0000000, 48,       104, 16,       141
5EC,2017/01/11 18:02:00, 50, 29.311707, 51, 61.249084, 52, 31.937378, 49,        64, 56, 8.9075432, 67, 643.33984, 72, 150.78729, 77, 44.156250,144, 0.0000000, 84, 0.0000000, 48,       104, 16,       141
52C,2017/01/11 18:03:00, 50, 16.023098, 51, 7.8287716, 52,-8.1943264, 49,        64, 56, 8.9075432, 67, 643.33984, 72, 150.94437, 77, 44.125000,144, 0.0000000, 84, 0.0000000, 48,       104, 16,       141
53C,2017/01/11 18:04:00, 50,-4.0770884, 51, 5.1971140, 52, 9.2742023, 49,        64, 56, 8.9075432, 67, 643.33984, 72, 150.93042, 77, 44.125000,144, 0.0000000, 84, 0.0000000, 48,       104, 16,       141
58C,2017/01/11 18:05:00, 50, 1.9484766, 51, 50.666553, 52, 48.718079, 49,        64, 56, 8.9075432, 67, 643.33984, 72, 150.72079, 77, 44.093750,144, 0.0000000, 84, 0.0000000, 48,       104, 16,       141
56C,2017/01/11 18:06:00, 50,-0.7301644, 51,-2.5071342, 52,-1.7769699, 49,        64, 56, 8.9075432, 67, 643.33984, 72, 150.70923, 77, 44.093750,144, 0.0000000, 84, 0.0000000, 48,       104, 16,       141
58C,2017/01/11 18:07:00, 50,-0.6276280, 51, 5.2899890, 52, 5.9176168, 49,        64, 56, 8.9075432, 67, 643.33984, 72, 150.69931, 77, 44.062500,144, 0.0000000, 84, 0.0000000, 48,       104, 16,       141
50C,2017/01/11 18:08:00, 50, 11.879690, 51, 22.679520, 52, 10.799829, 49,        64, 56, 8.9075432, 67, 643.33984, 72, 151.00912, 77, 44.031250,144, 0.0000000, 84, 0.0000000, 48,       104, 16,       141
50C,2017/01/11 18:09:00, 50, 12.813717, 51, 13.168784, 52, 0.3550673, 49,        64, 56, 8.9075432, 67, 643.33984, 72, 151.03455, 77, 44.031250,144, 0.0000000, 84, 0.0000000, 48,       104, 16,       141
52C,2017/01/11 18:10:00, 50, 15.287935, 51, 28.070124, 52, 12.782188, 49,        64, 56, 8.9075432, 67, 643.33984, 72, 150.83597, 77, 44.031250,144, 0.0000000, 84, 0.0000000, 48,       104, 16,       141
59C,2017/01/11 18:11:00, 50,-5.2027750, 51, 29.284142, 52, 34.486916, 49,        64, 56, 8.9075432, 67, 643.33984, 72, 150.79086, 77, 44.000000,144, 0.0000000, 84, 0.0000000, 48,       104, 16,       141
56C,2017/01/11 18:12:00, 50,-0.9342958, 51, 30.129223, 52, 31.063519, 49,        64, 56, 8.9075432, 67, 643.33984, 72, 150.79568, 77, 44.000000,144, 0.0000000, 84, 0.0000000, 48,       104, 16,       141
54C,2017/01/11 18:13:00, 50, 18.840343, 51, 60.021763, 52, 41.181419, 49,        64, 56, 8.9075432, 67, 643.33984, 72, 150.96469, 77, 44.000000,144, 0.0000000, 84, 0.0000000, 48,       104, 16,       141
53C,2017/01/11 18:14:00, 50, 12.667467, 51, 2.6402760, 52,-10.027191, 49,        64, 56, 8.9075432, 67, 643.33984, 72, 150.97000, 77, 43.937500,144, 0.0000000, 84, 0.0000000, 48,       104, 16,       141
56C,2017/01/11 18:15:00, 50, 556.37244, 51, 493.70087, 52,-62.671623, 49,        64, 56, 8.9075432, 67, 643.33984, 72, 150.79916, 77, 43.937500,144, 0.0000000, 84, 0.0000000, 48,       104, 16,       141
5BC,2017/01/11 18:16:00, 50, 14.482321, 51, 14.474771, 52,-0.0075496, 49,        64, 56, 8.9075432, 67, 643.33984, 72, 150.78140, 77, 43.937500,144, 0.0000000, 84, 0.0000000, 48,       104, 16,       141
51C,2017/01/11 18:17:00, 50, 15.206402, 51, 15.945721, 52, 0.7393190, 49,        64, 56, 8.9075432, 67, 643.33984, 72, 150.75546, 77, 43.906250,144, 0.0000000, 84, 0.0000000, 48,       104, 16,       141
53C,2017/01/11 18:18:00, 50,-7.4656887, 51, 16.403467, 52, 23.869156, 49,        64, 56, 8.9075432, 67, 643.33984, 72, 150.91440, 77, 43.843750,144, 0.0000000, 84, 0.0000000, 48,       104, 16,       141
52C,2017/01/11 18:19:00, 50, 4.8561611, 51, 9.7982798, 52, 4.9421186, 49,        64, 56, 8.9075432, 67, 643.33984, 72, 150.94925, 77, 43.843750,144, 0.0000000, 84, 0.0000000, 48,       104, 16,       141
5FC,2017/01/11 18:20:00, 50, 6.7483759, 51, 7.5613232, 52, 0.8129475, 49,        64, 56, 8.9075432, 67, 643.33984, 72, 150.78018, 77, 43.843750,144, 0.0000000, 84, 0.0000000, 48,       104, 16,       141
51C,2017/01/11 18:21:00, 50, 29.948990, 51, 110.55858, 52, 80.609589, 49,        64, 56, 8.9075432, 67, 643.33984, 72, 150.76535, 77, 43.875000,144, 0.0000000, 84, 0.0000000, 48,       104, 16,       141
50C,2017/01/11 18:22:00, 50,-0.4959260, 51, 23.989906, 52, 24.485832, 49,        64, 56, 8.9075432, 67, 643.33984, 72, 150.76663, 77, 43.906250,144, 0.0000000, 84, 0.0000000, 48,       104, 16,       141
55C,2017/01/11 18:23:00, 50, 3.5765071, 51, 13.343476, 52, 9.7669697, 49,        64, 56, 8.9075432, 67, 643.33984, 72, 150.93518, 77, 43.937500,144, 0.0000000, 84, 0.0000000, 48,       104, 16,       141
51C,2017/01/11 18:24:00, 50, 3.3136959, 51, 3.6857865, 52, 0.3720907, 49,        64, 56, 8.9075432, 67, 643.33984, 72, 150.94064, 77, 44.000000,144, 0.0000000, 84, 0.0000000, 48,       104, 16,       141
50C,2017/01/11 18:25:00, 50, 3.3510838, 51, 7.9455509, 52, 4.5944672, 49,        64, 56, 8.9075432, 67, 643.33984, 72, 150.77191, 77, 44.062500,144, 0.0000000, 84, 0.0000000, 48,       104, 16,       141
5CC,2017/01/11 18:26:00, 50, 3.2812390, 51, 13.379436, 52, 10.098198, 49,        64, 56, 8.9075432, 67, 643.33984, 72, 150.78040, 77, 44.093750,144, 0.0000000, 84, 0.0000000, 48,       104, 16,       141
58C,2017/01/11 18:27:00, 50, 28.472565, 51, 53.163731, 52, 24.691166, 49,        64, 56, 8.9075432, 67, 643.33984, 72, 150.80594, 77, 44.187500,144, 0.0000000, 84, 0.0000000, 48,       104, 16,       141
55C,2017/01/11 18:28:00, 50, 18.690002, 51, 30.390884, 52, 11.700882, 49,        64, 56, 8.9075432, 67, 643.33984, 72, 150.99155, 77, 44.250000,144, 0.0000000, 84, 0.0000000, 48,       104, 16,       141
51C,2017/01/11 18:29:00, 50, 7.8377113, 51, 12.509239, 52, 4.6715279, 49,        64, 56, 8.9075432, 67, 643.33984, 72, 150.98349, 77, 44.312500,144, 0.0000000, 84, 0.0000000, 48,       104, 16,       141
58C,2017/01/11 18:30:00, 50, 9.6134605, 51, 7.5627337, 52,-2.0507269, 49,        64, 56, 8.9075432, 67, 643.33984, 72, 150.83194, 77, 44.406250,144, 0.0000000, 84, 0.0000000, 48,       104, 16,       141
55C,2017/01/11 18:31:00, 50, 6.2883739, 51, 22.068054, 52, 15.779680, 49,        64, 56, 8.9075432, 67, 643.33984, 72, 150.80646, 77, 44.468750,144, 0.0000000, 84, 0.0000000, 48,       104, 16,       141
52C,2017/01/11 18:32:00, 50,-3.6376252, 51, 10.715744, 52, 14.353369, 49,        64, 56, 8.9075432, 67, 643.33984, 72, 150.80118, 77, 44.531250,144, 0.0000000, 84, 0.0000000, 48,       104, 16,       141
56C,2017/01/11 18:33:00, 50, 12.988928, 51, 22.109964, 52, 9.1210365, 49,        64, 56, 8.9075432, 67, 643.33984, 72, 150.99924, 77, 44.593750,144, 0.0000000, 84, 0.0000000, 48,       104, 16,       141
55C,2017/01/11 18:34:00, 50, 201.54810, 51, 199.28371, 52,-2.2644005, 49,        64, 56, 8.9075432, 67, 643.33984, 72, 151.02850, 77, 44.656250,144, 0.0000000, 84, 0.0000000, 48,       104, 16,       141
53C,2017/01/11 18:35:00, 50, 4.5601768, 51, 12.024989, 52, 7.4648123, 49,        64, 56, 8.9075432, 67, 643.33984, 72, 150.84674, 77, 44.750000,144, 0.0000000, 84, 0.0000000, 48,       104, 16,       141
5BC,2017/01/11 18:36:00, 50, 1.6194963, 51, 27.992966, 52, 26.373470, 49,        64, 56, 8.9075432, 67, 643.33984, 72, 150.83365, 77, 44.781250,144, 0.0000000, 84, 0.0000000, 48,       104, 16,       141
5CC,2017/01/11 18:37:00, 50, 6.6367712, 51, 4.9420447, 52,-1.6947267, 49,        64, 56, 8.9075432, 67, 643.33984, 72, 150.79312, 77, 44.875000,144, 0.0000000, 84, 0.0000000, 48,       104, 16,       141
5BC,2017/01/11 18:38:00, 50, 6.0573931, 51, 1.0863504, 52,-4.9710426, 49,        64, 56, 8.9075432, 67, 643.33984, 72, 151.03647, 77, 44.968750,144, 0.0000000, 84, 0.0000000, 48,       104, 16,       141
51C,2017/01/11 18:39:00, 50, 62.727104, 51, 84.399544, 52, 21.672443, 49,        64, 56, 8.9075432, 67, 643.33984, 72, 151.09683, 77, 45.000000,144, 0.0000000, 84, 0.0000000, 48,       104, 16,       141
50C,2017/01/11 18:40:00, 50, 6.7957869, 51, 19.065737, 52, 12.269951, 49,        64, 56, 8.9075432, 67, 643.33984, 72, 150.92081, 77, 44.437500,144, 0.0000000, 84, 0.0000000, 48,       104, 16,       141
57C,2017/01/11 18:41:00, 50, 15.236719, 51, 29.431204, 52, 14.194485, 49,        64, 56, 8.9075432, 67, 643.33984, 72, 150.87775, 77, 43.843750,144, 0.0000000, 84, 0.0000000, 48,       104, 16,       141
57C,2017/01/11 18:42:00, 50, 1.7562861, 51, 19.175097, 52, 17.418812, 49,        64, 56, 8.9075432, 67, 643.33984, 72, 150.78940, 77, 43.281250,144, 0.0000000, 84, 0.0000000, 48,       104, 16,       141
53C,2017/01/11 18:43:00, 50, 2.3826723, 51, 11.524201, 52, 9.1415291, 49,        64, 56, 8.9075432, 67, 643.33984, 72, 150.87668, 77, 42.781250,144, 0.0000000, 84, 0.0000000, 48,       104, 16,       141
50C,2017/01/11 18:44:00, 50, 8.4165707, 51, 21.451040, 52, 13.034470, 49,        64, 56, 8.9075432, 67, 643.33984, 72, 150.83643, 77, 42.343750,144, 0.0000000, 84, 0.0000000, 48,       104, 16,       141
58C,2017/01/11 18:45:00, 50, 3.6200032, 51, 60.162018, 52, 56.542015, 49,        64, 56, 8.9075432, 67, 643.33984, 72, 150.64215, 77, 41.968750,144, 0.0000000, 84, 0.0000000, 48,       104, 16,       141
5EC,2017/01/11 18:46:00, 50,-3.9522195, 51, 21.807329, 52, 25.759548, 49,        64, 56, 8.9075432, 67, 643.33984, 72, 150.61844, 77, 41.593750,144, 0.0000000, 84, 0.0000000, 48,       104, 16,       141
5EC,2017/01/11 18:47:00, 50,-11.370903, 51,-5.8725348, 52, 5.4983683, 49,        64, 56, 8.9075432, 67, 643.33984, 72, 150.56915, 77, 41.375000,144, 0.0000000, 84, 0.0000000, 48,       104, 16,       141
50C,2017/01/11 18:48:00, 50,-6.5393801, 51, 11.156208, 52, 17.695587, 49,        64, 56, 8.9075432, 67, 643.33984, 72, 150.71323, 77, 41.093750,144, 0.0000000, 84, 0.0000000, 48,       104, 16,       141
5BC,2017/01/11 18:49:00, 50,-6.4628859, 51,-0.6626244, 52, 5.8002615, 49,        64, 56, 8.9075432, 67, 643.33984, 72, 150.69217, 77, 40.843750,144, 0.0000000, 84, 0.0000000, 48,       104, 16,       141
56C,2017/01/11 18:50:00, 50,-2.5817814, 51, 2.0769081, 52, 4.6586895, 49,        64, 56, 8.9075432, 67, 643.33984, 72, 150.50714, 77, 40.656250,144, 0.0000000, 84, 0.0000000, 48,       104, 16,       141
52C,2017/01/11 18:51:00, 50,-9.1380787, 51, 5.7590141, 52, 14.897093, 49,        64, 56, 8.9075432, 67, 643.33984, 72, 150.49930, 77, 40.500000,144, 0.0000000, 84, 0.0000000, 48,       104, 16,       141
54C,2017/01/11 18:52:00, 50,-1.7499089, 51, 13.896338, 52, 15.646246, 49,        64, 56, 8.9075432, 67, 643.33984, 72, 150.43869, 77, 40.375000,144, 0.0000000, 84, 0.0000000, 48,       104, 16,       141
53C,2017/01/11 18:53:00, 50, 0.4430220, 51, 21.423220, 52, 20.980198, 49,        64, 56, 8.9075432, 67, 643.33984, 72, 150.45334, 77, 40.250000,144, 0.0000000, 84, 0.0000000, 48,       104, 16,       141
59C,2017/01/11 18:54:00, 50, 4.8876514, 51, 9.6052036, 52, 4.7175522, 49,        64, 56, 8.9075432, 67, 643.33984, 72, 150.42352, 77, 40.125000,144, 0.0000000, 84, 0.0000000, 48,       104, 16,       141
57C,2017/01/11 18:55:00, 50, 4.4328594, 51, 19.312330, 52, 14.879471, 49,        64, 56, 8.9075432, 67, 643.33984, 72, 150.26852, 77, 40.031250,144, 0.0000000, 84, 0.0000000, 48,       104, 16,       141
53C,2017/01/11 18:56:00, 50, 10.727045, 51, 14.041671, 52, 3.3146257, 49,        64, 56, 8.9075432, 67, 643.33984, 72, 150.30621, 77, 39.937500,144, 0.0000000, 84, 0.0000000, 48,       104, 16,       141
57C,2017/01/11 18:57:00, 50, 2.5458555, 51, 7.3311138, 52, 4.7852583, 49,        64, 56, 8.9075432, 67, 643.33984, 72, 150.31265, 77, 39.843750,144, 0.0000000, 84, 0.0000000, 48,       104, 16,       141
51C,2017/01/11 18:58:00, 50, 8.1218262, 51, 18.147562, 52, 10.025736, 49,        64, 56, 8.9075432, 67, 643.33984, 72, 150.49951, 77, 39.781250,144, 0.0000000, 84, 0.0000000, 48,       104, 16,       141
59C,2017/01/11 18:59:00, 50,-7.2268534, 51,-6.3818550, 52, 0.8449987, 49,        64, 56, 8.9075432, 67, 643.33984, 72, 150.50568, 77, 39.718750,144, 0.0000000, 84, 0.0000000, 48,       104, 16,       141
55C,2017/01/11 19:00:00, 50,-6.6758852, 51, 5.2543020, 52, 11.930187, 49,        64, 56, 8.9075432, 67, 643.33984, 72, 150.38797, 77, 39.656250,144, 0.0000000, 84, 0.0000000, 48,       104, 16,       141
5DC,2017/01/11 19:01:00, 50,-2.2950397, 51, 9.1837912, 52, 11.478830, 49,        64, 56, 8.9075432, 67, 643.33984, 72, 150.40894, 77, 39.625000,144, 0.0000000, 84, 0.0000000, 48,       104, 16,       141
58C,2017/01/11 19:02:00, 50, 1.6263745, 51, 44.251785, 52, 42.625412, 49,        64, 56, 8.9075432, 67, 643.33984, 72, 150.41843, 77, 39.562500,144, 0.0000000, 84, 0.0000000, 48,       104, 16,       141
56C,2017/01/11 19:03:00, 50, 10.780865, 51,-6.9516106, 52,-17.732475, 49,        64, 56, 8.9075432, 67, 643.33984, 72, 150.60004, 77, 39.531250,144, 0.0000000, 84, 0.0000000, 48,       104, 16,       141
5EC,2017/01/11 19:04:00, 50, 3.2057357, 51, 51.992714, 52, 48.786980, 49,        64, 56, 8.9075432, 67, 643.33984, 72, 150.59384, 77, 39.500000,144, 0.0000000, 84, 0.0000000, 48,       104, 16,       141
53C,2017/01/11 19:05:00, 50, 14.801298, 51, 12.189664, 52,-2.6116347, 49,        64, 56, 8.9075432, 67, 643.33984, 72, 150.41772, 77, 39.468750,144, 0.0000000, 84, 0.0000000, 48,       104, 16,       141
53C,2017/01/11 19:06:00, 50, 11.170996, 51, 20.914560, 52, 9.7435646, 49,        64, 56, 8.9075432, 67, 643.33984, 72, 150.40582, 77, 39.437500,144, 0.0000000, 84, 0.0000000, 48,       104, 16,       141
5EC,2017/01/11 19:07:00, 50, 3.4520454, 51, 16.359154, 52, 12.907108, 49,        64, 56, 8.9075432, 67, 643.33984, 72, 150.44083, 77, 39.406250,144, 0.0000000, 84, 0.0000000, 48,       104, 16,       141
5EC,2017/01/11 19:08:00, 50,-10.224993, 51, 5.3055744, 52, 15.530567, 49,        64, 56, 8.9075432, 67, 643.33984, 72, 150.64517, 77, 39.406250,144, 0.0000000, 84, 0.0000000, 48,       104, 16,       141
52C,2017/01/11 19:09:00, 50, 61.467285, 51, 81.542267, 52, 20.074982, 49,        64, 56, 8.9075432, 67, 643.33984, 72, 150.64990, 77, 39.375000,144, 0.0000000, 84, 0.0000000, 48,       104, 16,       141
5FC,2017/01/11 19:10:00, 50, 0.7289662, 51, 7.8783784, 52, 7.1494122, 49,        64, 56, 8.9075432, 67, 643.33984, 72, 150.49927, 77, 39.375000,144, 0.0000000, 84, 0.0000000, 48,       104, 16,       141
58C,2017/01/11 19:11:00, 50, 18.897839, 51, 142.23181, 52, 123.33398, 49,        64, 56, 8.9075432, 67, 643.33984, 72, 150.50620, 77, 39.343750,144, 0.0000000, 84, 0.0000000, 48,       104, 16,       141
56C,2017/01/11 19:12:00, 50, 9.1287708, 51, 20.107807, 52, 10.979036, 49,        64, 56, 8.9075432, 67, 643.33984, 72, 150.48175, 77, 39.343750,144, 0.0000000, 84, 0.0000000, 48,       104, 16,       141
52C,2017/01/11 19:13:00, 50, 4.6737890, 51, 7.0766563, 52, 2.4028673, 49,        64, 56, 8.9075432, 67, 643.33984, 72, 150.66116, 77, 39.343750,144, 0.0000000, 84, 0.0000000, 48,       104, 16,       141
53C,2017/01/11 19:14:00, 50, 4.1461086, 51, 8.0703144, 52, 3.9242058, 49,        64, 56, 8.9075432, 67, 643.33984, 72, 150.68115, 77, 39.312500,144, 0.0000000, 84, 0.0000000, 48,       104, 16,       141
54C,2017/01/11 19:15:00, 50, 0.5533546, 51, 13.551628, 52, 12.998274, 49,        64, 56, 8.9075432, 67, 643.33984, 72, 150.54459, 77, 39.312500,144, 0.0000000, 84, 0.0000000, 48,       104, 16,       141
58C,2017/01/11 19:16:00, 50, 0.8848128, 51, 9.2929068, 52, 8.4080944, 49,        64, 56, 8.9075432, 67, 643.33984, 72, 150.51508, 77, 39.312500,144, 0.0000000, 84, 0.0000000, 48,       104, 16,       141
57C,2017/01/11 19:17:00, 50,-5.9982605, 51,-1.8132429, 52, 4.1850176, 49,        64, 56, 8.9075432, 67, 643.33984, 72, 150.50629, 77, 39.312500,144, 0.0000000, 84, 0.0000000, 48,       104, 16,       141
59C,2017/01/11 19:18:00, 50, 8.7455769, 51, 17.407145, 52, 8.6615677, 49,        64, 56, 8.9075432, 67, 643.33984, 72, 150.70264, 77, 39.312500,144, 0.0000000, 84, 0.0000000, 48,       104, 16,       141
53C,2017/01/11 19:19:00, 50, 4.1768541, 51, 15.433532, 52, 11.256678, 49,        64, 56, 8.9075432, 67, 643.33984, 72, 150.68777, 77, 39.281250,144, 0.0000000, 84, 0.0000000, 48,       104, 16,       141
5EC,2017/01/11 19:20:00, 50, 14.420851, 51, 13.203162, 52,-1.2176890, 49,        64, 56, 8.9075432, 67, 643.33984, 72, 150.50278, 77, 39.281250,144, 0.0000000, 84, 0.0000000, 48,       104, 16,       141
59C,2017/01/11 19:21:00, 50, 18.714451, 51, 80.141418, 52, 61.426971, 49,        64, 56, 8.9075432, 67, 643.33984, 72, 150.47977, 77, 39.281250,144, 0.0000000, 84, 0.0000000, 48,       104, 16,       141
56C,2017/01/11 19:22:00, 50, 7.8134356, 51, 9.5767603, 52, 1.7633255, 49,        64, 56, 8.9075432, 67, 643.33984, 72, 150.50491, 77, 39.312500,144, 0.0000000, 84, 0.0000000, 48,       104, 16,       141
5DC,2017/01/11 19:23:00, 50, 8.5517025, 51, 11.975677, 52, 3.4239750, 49,        64, 56, 8.9075432, 67, 643.33984, 72, 150.67868, 77, 39.281250,144, 0.0000000, 84, 0.0000000, 48,       104, 16,       141
50C,2017/01/11 19:24:00, 50, 19.822891, 51, 24.298290, 52, 4.4754000, 49,        64, 56, 8.9075432, 67, 643.33984, 72, 150.68649, 77, 39.312500,144, 0.0000000, 84, 0.0000000, 48,       104, 16,       141
51C,2017/01/11 19:25:00, 50, 128.34863, 51, 127.96671, 52,-0.3819424, 49,        64, 56, 8.9075432, 67, 643.33984, 72, 150.53790, 77, 39.343750,144, 0.0000000, 84, 0.0000000, 48,       104, 16,       141
59C,2017/01/11 19:26:00, 50, 19.553040, 51, 35.453724, 52, 15.900686, 49,        64, 56, 8.9075432, 67, 643.33984, 72, 150.52368, 77, 39.343750,144, 0.0000000, 84, 0.0000000, 48,       104, 16,       141
5FC,2017/01/11 19:27:00, 50, 13.658617, 51, 18.951490, 52, 5.2928743, 49,        64, 56, 8.9075432, 67, 643.33984, 72, 150.54373, 77, 39.343750,144, 0.0000000, 84, 0.0000000, 48,       104, 16,       141
59C,2017/01/11 19:28:00, 50, 15.060270, 51, 14.656169, 52,-0.4041017, 49,        64, 56, 8.9075432, 67, 643.33984, 72, 150.70285, 77, 39.343750,144, 0.0000000, 84, 0.0000000, 48,       104, 16,       141
5AC,2017/01/11 19:29:00, 50, 1.8481967, 51, 9.2131948, 52, 7.3649988, 49,        64, 56, 8.9075432, 67, 643.33984, 72, 150.70529, 77, 39.375000,144, 0.0000000, 84, 0.0000000, 48,       104, 16,       141
53C,2017/01/11 19:30:00, 50, 10.777790, 51, 14.638436, 52, 3.8606467, 49,        64, 56, 8.9075432, 67, 643.33984, 72, 150.52744, 77, 39.375000,144, 0.0000000, 84, 0.0000000, 48,       104, 16,       141
54C,2017/01/11 19:31:00, 50, 8.8827801, 51, 14.304522, 52, 5.4217415, 49,        64, 56, 8.9075432, 67, 643.33984, 72, 150.56738, 77, 39.375000,144, 0.0000000, 84, 0.0000000, 48,       104, 16,       141
55C,2017/01/11 19:32:00, 50, 5.3931179, 51, 10.180831, 52, 4.7877131, 49,        64, 56, 8.9075432, 67, 643.33984, 72, 150.54736, 77, 39.375000,144, 0.0000000, 84, 0.0000000, 48,       104, 16,       141
5BC,2017/01/11 19:33:00, 50,-2.8456845, 51, 1.0300713, 52, 3.8757558, 49,        64, 56, 8.9075432, 67, 643.33984, 72, 150.67944, 77, 39.406250,144, 0.0000000, 84, 0.0000000, 48,       104, 16,       141
5DC,2017/01/11 19:34:00, 50,-1.4504552, 51, 2.7762294, 52, 4.2266846, 49,        64, 56, 8.9075432, 67, 643.33984, 72, 150.65860, 77, 39.406250,144, 0.0000000, 84, 0.0000000, 48,       104, 16,       141
51C,2017/01/11 19:35:00, 50, 12.124401, 51, 16.236790, 52, 4.1123886, 49,        64, 56, 8.9075432, 67, 643.33984, 72, 150.49850, 77, 39.406250,144, 0.0000000, 84, 0.0000000, 48,       104, 16,       141
5FC,2017/01/11 19:36:00, 50, 2.0649157, 51, 24.645279, 52, 22.580364, 49,        64, 56, 8.9075432, 67, 643.33984, 72, 150.49106, 77, 39.437500,144, 0.0000000, 84, 0.0000000, 48,       104, 16,       141
5EC,2017/01/11 19:37:00, 50, 0.0403695, 51, 30.441530, 52, 30.401161, 49,        64, 56, 8.9075432, 67, 643.33984, 72, 150.47964, 77, 39.437500,144, 0.0000000, 84, 0.0000000, 48,       104, 16,       141
50C,2017/01/11 19:38:00, 50,-6.6431389, 51,-8.7926683, 52,-2.1495299, 49,        64, 56, 8.9075432, 67, 643.33984, 72, 150.67358, 77, 39.437500,144, 0.0000000, 84, 0.0000000, 48,       104, 16,       141
55C,2017/01/11 19:39:00, 50,-1.5393124, 51, 3.5021696, 52, 5.0414820, 49,        64, 56, 8.9075432, 67, 643.33984, 72, 150.67725, 77, 39.437500,144, 0.0000000, 84, 0.0000000, 48,       104, 16,       141
55C,2017/01/11 19:40:00, 50, 3.5575829, 51, 13.428089, 52, 9.8705063, 49,        64, 56, 8.9075432, 67, 643.33984, 72, 150.50024, 77, 39.437500,144, 0.0000000, 84, 0.0000000, 48,       104, 16,       141
53C,2017/01/11 19:41:00, 50, 19.237354, 51,-16.999691, 52,-36.237045, 49,        64, 56, 8.9075432, 67, 643.33984, 72, 150.48618, 77, 39.437500,144, 0.0000000, 84, 0.0000000, 48,       104, 16,       141
5AC,2017/01/11 19:42:00, 50,-1.9297278, 51, 9.3613396, 52, 11.291067, 49,        64, 56, 8.9075432, 67, 643.33984, 72, 150.48685, 77, 39.468750,144, 0.0000000, 84, 0.0000000, 48,       104, 16,       141
51C,2017/01/11 19:43:00, 50,-2.6748176, 51, 6.9169626, 52, 9.5917797, 49,        64, 56, 8.9075432, 67, 643.33984, 72, 150.63608, 77, 39.468750,144, 0.0000000, 84, 0.0000000, 48,       104, 16,       141
55C,2017/01/11 19:44:00, 50,-7.0556021, 51,-1.1176186, 52, 5.9379835, 49,        64, 56, 8.9075432, 67, 643.33984, 72, 150.65332, 77, 39.468750,144, 0.0000000, 84, 0.0000000, 48,       104, 16,       141
50C,2017/01/11 19:45:00, 50, 0.6603295, 51,-7.5501719, 52,-8.2105007, 49,        64, 56, 8.9075432, 67, 643.33984, 72, 150.46027, 77, 39.500000,144, 0.0000000, 84, 0.0000000, 48,       104, 16,       141
59C,2017/01/11 19:46:00, 50, 6.1439219, 51, 6.5090032, 52, 0.3650816, 49,        64, 56, 8.9075432, 67, 643.33984, 72, 150.43951, 77, 39.468750,144, 0.0000000, 84, 0.0000000, 48,       104, 16,       141
50C,2017/01/11 19:47:00, 50, 4.1544886, 51, 21.630505, 52, 17.476017, 49,        64, 56, 8.9075432, 67, 643.33984, 72, 150.42969, 77, 39.468750,144, 0.0000000, 84, 0.0000000, 48,       104, 16,       141
5CC,2017/01/11 19:48:00, 50,-2.2407818, 51, 8.2579479, 52, 10.498730, 49,        64, 56, 8.9075432, 67, 643.33984, 72, 150.59399, 77, 39.500000,144, 0.0000000, 84, 0.0000000, 48,       104, 16,       141
57C,2017/01/11 19:49:00, 50, 5.8420334, 51, 9.2263184, 52, 3.3842850, 49,        64, 56, 8.9075432, 67, 643.33984, 72, 150.58881, 77, 39.500000,144, 0.0000000, 84, 0.0000000, 48,       104, 16,       141
5DC,2017/01/11 19:50:00, 50, 3.1686506, 51, 16.217916, 52, 13.049267, 49,        64, 56, 8.9075432, 67, 643.33984, 72, 150.41068, 77, 39.500000,144, 0.0000000, 84, 0.0000000, 48,       104, 16,       141
57C,2017/01/11 19:51:00, 50,-2.0061173, 51, 8.4479427, 52, 10.454060, 49,        64, 56, 8.9075432, 67, 643.33984, 72, 150.41055, 77, 39.531250,144, 0.0000000, 84, 0.0000000, 48,       104, 16,       141
5EC,2017/01/11 19:52:00, 50, 5.3933201, 51, 14.802238, 52, 9.4089184, 49,        64, 56, 8.9075432, 67, 643.33984, 72, 150.38553, 77, 39.562500,144, 0.0000000, 84, 0.0000000, 48,       104, 16,       141
55C,2017/01/11 19:53:00, 50, 3.4196053, 51, 18.313091, 52, 14.893486, 49,        64, 56, 8.9075432, 67, 643.33984, 72, 150.55359, 77, 39.531250,144, 0.0000000, 84, 0.0000000, 48,       104, 16,       141
5FC,2017/01/11 19:54:00, 50, 5.6191740, 51, 7.7743025, 52, 2.1551285, 49,        64, 56, 8.9075432, 67, 643.33984, 72, 150.61246, 77, 39.562500,144, 0.0000000, 84, 0.0000000, 48,       104, 16,       141
58C,2017/01/11 19:55:00, 50, 11.171091, 51, 6.2879744, 52,-4.8831167, 49,        64, 56, 8.9075432, 67, 643.33984, 72, 150.46027, 77, 39.531250,144, 0.0000000, 84, 0.0000000, 48,       104, 16,       141
58C,2017/01/11 19:56:00, 50,-2.0237575, 51, 11.730248, 52, 13.754005, 49,        64, 56, 8.9075432, 67, 643.33984, 72, 150.44550, 77, 39.531250,144, 0.0000000, 84, 0.0000000, 48,       104, 16,       141
54C,2017/01/11 19:57:00, 50, 38.043350, 51, 51.599316, 52, 13.555965, 49,        64, 56, 8.9075432, 67, 643.33984, 72, 150.43591, 77, 39.531250,144, 0.0000000, 84, 0.0000000, 48,       104, 16,       141
53C,2017/01/11 19:58:00, 50, 8.2164268, 51, 13.416717, 52, 5.2002897, 49,        64, 56, 8.9075432, 67, 643.33984, 72, 150.47467, 77, 39.531250,144, 0.0000000, 84, 0.0000000, 48,       104, 16,       141
55C,2017/01/11 19:59:00, 50, 6.9444981, 51, 21.405380, 52, 14.460882, 49,        64, 56, 8.9075432, 67, 643.33984, 72, 150.61310, 77, 39.500000,144, 0.0000000, 84, 0.0000000, 48,       104, 16,       141
51C,2017/01/11 20:00:00, 50,-3.3088298, 51, 20.061445, 52, 23.370274, 49,        64, 56, 8.9075432, 67, 643.33984, 72, 150.59464, 77, 39.500000,144, 0.0000000, 84, 0.0000000, 48,       104, 16,       141
52C,2017/01/11 20:01:00, 50, 8.8568726, 51, 14.904216, 52, 6.0473433, 49,        64, 56, 8.9075432, 67, 643.33984, 72, 150.41544, 77, 39.531250,144, 0.0000000, 84, 0.0000000, 48,       104, 16,       141
5AC,2017/01/11 20:02:00, 50, 10.422718, 51, 25.930126, 52, 15.507408, 49,        64, 56, 8.9075432, 67, 643.33984, 72, 150.41055, 77, 39.531250,144, 0.0000000, 84, 0.0000000, 48,       104, 16,       141
59C,2017/01/11 20:03:00, 50, 17.009518, 51, 16.028608, 52,-0.9809096, 49,        64, 56, 8.9075432, 67, 643.33984, 72, 150.42776, 77, 39.562500,144, 0.0000000, 84, 0.0000000, 48,       104, 16,       141
51C,2017/01/11 20:04:00, 50, 2.9470978, 51, 10.678973, 52, 7.7318754, 49,        64, 56, 8.9075432, 67, 643.33984, 72, 150.59781, 77, 39.562500,144, 0.0000000, 84, 0.0000000, 48,       104, 16,       141
54C,2017/01/11 20:05:00, 50, 21.384239, 51, 60.208427, 52, 38.824188, 49,        64, 56, 8.9075432, 67, 643.33984, 72, 150.60846, 77, 39.562500,144, 0.0000000, 84, 0.0000000, 48,       104, 16,       141
52C,2017/01/11 20:06:00, 50, 15.880112, 51, 16.953962, 52, 1.0738509, 49,        64, 56, 8.9075432, 67, 643.33984, 72, 150.43515, 77, 39.562500,144, 0.0000000, 84, 0.0000000, 48,       104, 16,       141
5BC,2017/01/11 20:07:00, 50,-0.9162329, 51, 21.359720, 52, 22.275951, 49,        64, 56, 8.9075432, 67, 643.33984, 72, 150.45505, 77, 39.562500,144, 0.0000000, 84, 0.0000000, 48,       104, 16,       141
53C,2017/01/11 20:08:00, 50, 44.403458, 51, 67.915779, 52, 23.512321, 49,        64, 56, 8.9075432, 67, 643.33984, 72, 150.41174, 77, 39.562500,144, 0.0000000, 84, 0.0000000, 48,       104, 16,       141
5AC,2017/01/11 20:09:00, 50,-5.2159443, 51, 23.975264, 52, 29.191208, 49,        64, 56, 8.9075432, 67, 643.33984, 72, 150.57068, 77, 39.593750,144, 0.0000000, 84, 0.0000000, 48,       104, 16,       141
59C,2017/01/11 20:10:00, 50, 3.8238683, 51, 22.337833, 52, 18.513966, 49,        64, 56, 8.9075432, 67, 643.33984, 72, 150.58685, 77, 39.593750,144, 0.0000000, 84, 0.0000000, 48,       104, 16,       141
5FC,2017/01/11 20:11:00, 50, 4.2301502, 51, 9.8266745, 52, 5.5965242, 49,        64, 56, 8.9075432, 67, 643.33984, 72, 150.41986, 77, 39.625000,144, 0.0000000, 84, 0.0000000, 48,       104, 16,       141
53C,2017/01/11 20:12:00, 50, 12.912548, 51, 7.7694941, 52,-5.1430540, 49,        64, 56, 8.9075432, 67, 643.33984, 72, 150.43381, 77, 39.625000,144, 0.0000000, 84, 0.0000000, 48,       104, 16,       141
57C,2017/01/11 20:13:00, 50,-1.6158340, 51, 10.800711, 52, 12.416544, 49,        64, 56, 8.9075432, 67, 643.33984, 72, 150.44876, 77, 39.656250,144, 0.0000000, 84, 0.0000000, 48,       104, 16,       141
5AC,2017/01/11 20:14:00, 50, 5.9911947, 51,-4.3101244, 52,-10.301319, 49,        64, 56, 8.9075432, 67, 643.33984, 72, 150.66306, 77, 39.687500,144, 0.0000000, 84, 0.0000000, 48,       104, 16,       141
55C,2017/01/11 20:15:00, 50,-3.1306663, 51, 9.5476217, 52, 12.678288, 49,        64, 56, 8.9075432, 67, 643.33984, 72, 150.67334, 77, 39.687500,144, 0.0000000, 84, 0.0000000, 48,       104, 16,       141
54C,2017/01/11 20:16:00, 50,-1.6899855, 51,-3.7300918, 52,-2.0401063, 49,        64, 56, 8.9075432, 67, 643.33984, 72, 150.51312, 77, 39.687500,144, 0.0000000, 84, 0.0000000, 48,       104, 16,       141
5AC,2017/01/11 20:17:00, 50, 4.1674871, 51, 38.849926, 52, 34.682442, 49,        64, 56, 8.9075432, 67, 643.33984, 72, 150.49973, 77, 39.687500,144, 0.0000000, 84, 0.0000000, 48,       104, 16,       141
56C,2017/01/11 20:18:00, 50, 3.3630204, 51, 13.827719, 52, 10.464699, 49,        64, 56, 8.9075432, 67, 643.33984, 72, 150.51331, 77, 39.718750,144, 0.0000000, 84, 0.0000000, 48,       104, 16,       141
59C,2017/01/11 20:19:00, 50, 14.744030, 51, 13.362203, 52,-1.3818278, 49,        64, 56, 8.9075432, 67, 643.33984, 72, 150.72974, 77, 39.718750,144, 0.0000000, 84, 0.0000000, 48,       104, 16,       141
5EC,2017/01/11 20:20:00, 50,-0.3185831, 51, 5.7828479, 52, 6.1014309, 49,        64, 56, 8.9075432, 67, 643.33984, 72, 150.71701, 77, 39.750000,144, 0.0000000, 84, 0.0000000, 48,       104, 16,       141
57C,2017/01/11 20:21:00, 50, 0.3395188, 51, 5.9840174, 52, 5.6444988, 49,        64, 56, 8.9075432, 67, 643.33984, 72, 150.52499, 77, 39.750000,144, 0.0000000, 84, 0.0000000, 48,       104, 16,       141
53C,2017/01/11 20:22:00, 50, 2.2827945, 51, 6.3083997, 52, 4.0256052, 49,        64, 56, 8.9075432, 67, 643.33984, 72, 150.51657, 77, 39.781250,144, 0.0000000, 84, 0.0000000, 48,       104, 16,       141
5BC,2017/01/11 20:23:00, 50, 4.9015903, 51, 17.552385, 52, 12.650795, 49,        64, 56, 8.9075432, 67, 643.33984, 72, 150.52002, 77, 39.781250,144, 0.0000000, 84, 0.0000000, 48,       104, 16,       141
59C,2017/01/11 20:24:00, 50, 128.58997, 51, 310.69473, 52, 182.10477, 49,        64, 56, 8.9075432, 67, 643.33984, 72, 150.70520, 77, 39.781250,144, 0.0000000, 84, 0.0000000, 48,       104, 16,       141
59C,2017/01/11 20:25:00, 50, 4.6538057, 51, 10.437536, 52, 5.7837305, 49,        64, 56, 8.9075432, 67, 643.33984, 72, 150.69281, 77, 39.781250,144, 0.0000000, 84, 0.0000000, 48,       104, 16,       141
56C,2017/01/11 20:26:00, 50, 3.8018160, 51,-1.1415329, 52,-4.9433489, 49,        64, 56, 8.9075432, 67, 643.33984, 72, 150.51846, 77, 39.781250,144, 0.0000000, 84, 0.0000000, 48,       104, 16,       141
5BC,2017/01/11 20:27:00, 50, 12.320623, 51, 8.6092434, 52,-3.7113800, 49,        64, 56, 8.9075432, 67, 643.33984, 72, 150.51688, 77, 39.781250,144, 0.0000000, 84, 0.0000000, 48,       104, 16,       141
56C,2017/01/11 20:28:00, 50,-3.9855642, 51, 7.5692472, 52, 11.554811, 49,        64, 56, 8.9075432, 67, 643.33984, 72, 150.52167, 77, 39.750000,144, 0.0000000, 84, 0.0000000, 48,       104, 16,       141
58C,2017/01/11 20:29:00, 50,-8.4570370, 51, 2.7497482, 52, 11.206785, 49,        64, 56, 8.9075432, 67, 643.33984, 72, 150.69559, 77, 39.781250,144, 0.0000000, 84, 0.0000000, 48,       104, 16,       141
55C,2017/01/11 20:30:00, 50,-14.223978, 51, 2.9240437, 52, 17.148022, 49,        64, 56, 8.9075432, 67, 643.33984, 72, 150.68445, 77, 39.750000,144, 0.0000000, 84, 0.0000000, 48,       104, 16,       141
58C,2017/01/11 20:31:00, 50,-0.6361347, 51, 6.5927424, 52, 7.2288771, 49,        64, 56, 8.9075432, 67, 643.33984, 72, 150.50677, 77, 39.781250,144, 0.0000000, 84, 0.0000000, 48,       104, 16,       141
5DC,2017/01/11 20:32:00, 50, 11.046867, 51, 4.7269373, 52,-6.3199301, 49,        64, 56, 8.9075432, 67, 643.33984, 72, 150.50397, 77, 39.781250,144, 0.0000000, 84, 0.0000000, 48,       104, 16,       141
59C,2017/01/11 20:33:00, 50, 22.712502, 51, 116.78234, 52, 94.069839, 49,        64, 56, 8.9075432, 67, 643.33984, 72, 150.50842, 77, 39.781250,144, 0.0000000, 84, 0.0000000, 48,       104, 16,       141
58C,2017/01/11 20:34:00, 50, 10.938454, 51, 21.232491, 52, 10.294037, 49,        64, 56, 8.9075432, 67, 643.33984, 72, 150.67065, 77, 39.781250,144, 0.0000000, 84, 0.0000000, 48,       104, 16,       141
50C,2017/01/11 20:35:00, 50, 12.458176, 51, 1.9840393, 52,-10.474136, 49,        64, 56, 8.9075432, 67, 643.33984, 72, 150.68951, 77, 39.781250,144, 0.0000000, 84, 0.0000000, 48,       104, 16,       141
50C,2017/01/11 20:36:00, 50, 204.82306, 51,-7.4725037, 52,-212.29556, 49,        64, 56, 8.9075432, 67, 643.33984, 72, 150.53693, 77, 39.781250,144, 0.0000000, 84, 0.0000000, 48,       104, 16,       141
5AC,2017/01/11 20:37:00, 50, 19.022274, 51, 23.022024, 52, 3.9997516, 49,        64, 56, 8.9075432, 67, 643.33984, 72, 150.55673, 77, 39.781250,144, 0.0000000, 84, 0.0000000, 48,       104, 16,       141
59C,2017/01/11 20:38:00, 50, 5.7425318, 51, 14.989572, 52, 9.2470398, 49,        64, 56, 8.9075432, 67, 643.33984, 72, 150.60727, 77, 39.812500,144, 0.0000000, 84, 0.0000000, 48,       104, 16,       141
56C,2017/01/11 20:39:00, 50, 6.0004845, 51, 21.696566, 52, 15.696081, 49,        64, 56, 8.9075432, 67, 643.33984, 72, 150.77463, 77, 39.781250,144, 0.0000000, 84, 0.0000000, 48,       104, 16,       141
5AC,2017/01/11 20:40:00, 50, 12.242912, 51, 40.187473, 52, 27.944561, 49,        64, 56, 8.9075432, 67, 643.33984, 72, 150.76685, 77, 39.781250,144, 0.0000000, 84, 0.0000000, 48,       104, 16,       141
53C,2017/01/11 20:41:00, 50, 1.9027464, 51, 10.427139, 52, 8.5243931, 49,        64, 56, 8.9075432, 67, 643.33984, 72, 150.58566, 77, 39.781250,144, 0.0000000, 84, 0.0000000, 48,       104, 16,       141
52C,2017/01/11 20:42:00, 50, 6.2072487, 51, 6.8838682, 52, 0.6766199, 49,        64, 56, 8.9075432, 67, 643.33984, 72, 150.60455, 77, 39.781250,144, 0.0000000, 84, 0.0000000, 48,       104, 16,       141
56C,2017/01/11 20:43:00, 50, 6.0914879, 51, 11.284910, 52, 5.1934223, 49,        64, 56, 8.9075432, 67, 643.33984, 72, 150.59848, 77, 39.812500,144, 0.0000000, 84, 0.0000000, 48,       104, 16,       141
57C,2017/01/11 20:44:00, 50,-4.6059771, 51, 10.373809, 52, 14.979786, 49,        64, 56, 8.9075432, 67, 643.33984, 72, 150.75076, 77, 39.812500,144, 0.0000000, 84, 0.0000000, 48,       104, 16,       141
5CC,2017/01/11 20:45:00, 50,-3.7934628, 51, 15.907255, 52, 19.700718, 49,        64, 56, 8.9075432, 67, 643.33984, 72, 150.75052, 77, 39.812500,144, 0.0000000, 84, 0.0000000, 48,       104, 16,       141
53C,2017/01/11 20:46:00, 50,-0.0951488, 51, 26.617758, 52, 26.712906, 49,        64, 56, 8.9075432, 67, 643.33984, 72, 150.59323, 77, 39.812500,144, 0.0000000, 84, 0.0000000, 48,       104, 16,       141
5DC,2017/01/11 20:47:00, 50,-1.5693481, 51, 0.1512356, 52, 1.7205837, 49,        64, 56, 8.9075432, 67, 643.33984, 72, 150.60101, 77, 39.812500,144, 0.0000000, 84, 0.0000000, 48,       104, 16,       141
52C,2017/01/11 20:48:00, 50,-2.5217929, 51, 4.5648570, 52, 7.0866499, 49,        64, 56, 8.9075432, 67, 643.33984, 72, 150.61691, 77, 39.843750,144, 0.0000000, 84, 0.0000000, 48,       104, 16,       141
53C,2017/01/11 20:49:00, 50,-0.4445171, 51, 11.049828, 52, 11.494345, 49,        64, 56, 8.9075432, 67, 643.33984, 72, 150.80527, 77, 39.843750,144, 0.0000000, 84, 0.0000000, 48,       104, 16,       141
5CC,2017/01/11 20:50:00, 50, 8.7343616, 51, 7.9175386, 52,-0.8168231, 49,        64, 56, 8.9075432, 67, 643.33984, 72, 150.77264, 77, 39.843750,144, 0.0000000, 84, 0.0000000, 48,       104, 16,       141
55C,2017/01/11 20:51:00, 50, 0.1084808, 51, 7.9872599, 52, 7.8787794, 49,        64, 56, 8.9075432, 67, 643.33984, 72, 150.58627, 77, 39.843750,144, 0.0000000, 84, 0.0000000, 48,       104, 16,       141
52C,2017/01/11 20:52:00, 50, 3.3890085, 51, 7.8173981, 52, 4.4283895, 49,        64, 56, 8.9075432, 67, 643.33984, 72, 150.57288, 77, 39.875000,144, 0.0000000, 84, 0.0000000, 48,       104, 16,       141
5CC,2017/01/11 20:53:00, 50,-4.5911198, 51, 6.4069824, 52, 10.998102, 49,        64, 56, 8.9075432, 67, 643.33984, 72, 150.60999, 77, 39.843750,144, 0.0000000, 84, 0.0000000, 48,       104, 16,       141
50C,2017/01/11 20:54:00, 50,-1.2640398, 51, 2.9993625, 52, 4.2634020, 49,        64, 56, 8.9075432, 67, 643.33984, 72, 150.76392, 77, 39.812500,144, 0.0000000, 84, 0.0000000, 48,       104, 16,       141
54C,2017/01/11 20:55:00, 50,-2.4200406, 51, 8.3057384, 52, 10.725779, 49,        64, 56, 8.9075432, 67, 643.33984, 72, 150.76669, 77, 39.843750,144, 0.0000000, 84, 0.0000000, 48,       104, 16,       141
5CC,2017/01/11 20:56:00, 50, 0.2206379, 51, 12.592649, 52, 12.372011, 49,        64, 56, 8.9075432, 67, 643.33984, 72, 150.59772, 77, 39.843750,144, 0.0000000, 84, 0.0000000, 48,       104, 16,       141
50C,2017/01/11 20:57:00, 50,-9.2007389, 51, 8.9822102, 52, 18.182949, 49,        64, 56, 8.9075432, 67, 643.33984, 72, 150.58966, 77, 39.843750,144, 0.0000000, 84, 0.0000000, 48,       104, 16,       141
5EC,2017/01/11 20:58:00, 50,-8.5788059, 51,-3.3492270, 52, 5.2295790, 49,        64, 56, 8.9075432, 67, 643.33984, 72, 150.56705, 77, 39.843750,144, 0.0000000, 84, 0.0000000, 48,       104, 16,       141
5BC,2017/01/11 20:59:00, 50, 2.3395123, 51, 5.5486798, 52, 3.2091675, 49,        64, 56, 8.9075432, 67, 643.33984, 72, 150.76819, 77, 39.843750,144, 0.0000000, 84, 0.0000000, 48,       104, 16,       141
5CC,2017/01/11 21:00:00, 50, 1.7207553, 51, 9.3568325, 52, 7.6360779, 49,        64, 56, 8.9075432, 67, 643.33984, 72, 150.77628, 77, 39.843750,144, 0.0000000, 84, 0.0000000, 48,       104, 16,       141
5AC,2017/01/11 21:01:00, 50, 26.069633, 51, 36.938679, 52, 10.869047, 49,        64, 56, 8.9075432, 67, 643.33984, 72, 150.60818, 77, 39.812500,144, 0.0000000, 84, 0.0000000, 48,       104, 16,       141
59C,2017/01/11 21:02:00, 50,-9.8579330, 51, 11.377285, 52, 21.235218, 49,        64, 56, 8.9075432, 67, 643.33984, 72, 150.61505, 77, 39.812500,144, 0.0000000, 84, 0.0000000, 48,       104, 16,       141
5EC,2017/01/11 21:03:00, 50, 4.8900042, 51, 40.037731, 52, 35.147728, 49,        64, 56, 8.9075432, 67, 643.33984, 72, 150.62863, 77, 39.812500,144, 0.0000000, 84, 0.0000000, 48,       104, 16,       141
5FC,2017/01/11 21:04:00, 50, 2.8474431, 51, 11.559853, 52, 8.7124100, 49,        64, 56, 8.9075432, 67, 643.33984, 72, 150.78867, 77, 39.843750,144, 0.0000000, 84, 0.0000000, 48,       104, 16,       141
5DC,2017/01/11 21:05:00, 50,-5.2389135, 51, 7.5501680, 52, 12.789082, 49,        64, 56, 8.9075432, 67, 643.33984, 72, 150.79996, 77, 39.843750,144, 0.0000000, 84, 0.0000000, 48,       104, 16,       141
50C,2017/01/11 21:06:00, 50,-9.4120350, 51,-1.2360134, 52, 8.1760216, 49,        64, 56, 8.9075432, 67, 643.33984, 72, 150.62927, 77, 39.812500,144, 0.0000000, 84, 0.0000000, 48,       104, 16,       141
53C,2017/01/11 21:07:00, 50,-9.7600403, 51,-0.6873665, 52, 9.0726738, 49,        64, 56, 8.9075432, 67, 643.33984, 72, 150.62296, 77, 39.812500,144, 0.0000000, 84, 0.0000000, 48,       104, 16,       141
56C,2017/01/11 21:08:00, 50,-2.3731780, 51, 3.0375543, 52, 5.4107323, 49,        64, 56, 8.9075432, 67, 643.33984, 72, 150.66336, 77, 39.812500,144, 0.0000000, 84, 0.0000000, 48,       104, 16,       141
59C,2017/01/11 21:09:00, 50,-0.5747707, 51,-0.7151911, 52,-0.1404204, 49,        64, 56, 8.9075432, 67, 643.33984, 72, 150.81604, 77, 39.812500,144, 0.0000000, 84, 0.0000000, 48,       104, 16,       141
50C,2017/01/11 21:10:00, 50, 1.3648238, 51,-0.8083429, 52,-2.1731668, 49,        64, 56, 8.9075432, 67, 643.33984, 72, 150.80212, 77, 39.812500,144, 0.0000000, 84, 0.0000000, 48,       104, 16,       141
56C,2017/01/11 21:11:00, 50, 1.3221645, 51,-1.9813313, 52,-3.3034959, 49,        64, 56, 8.9075432, 67, 643.33984, 72, 150.61285, 77, 39.812500,144, 0.0000000, 84, 0.0000000, 48,       104, 16,       141
55C,2017/01/11 21:12:00, 50, 0.1365380, 51, 1.0914311, 52, 0.9548931, 49,        64, 56, 8.9075432, 67, 643.33984, 72, 150.60712, 77, 39.812500,144, 0.0000000, 84, 0.0000000, 48,       104, 16,       141
59C,2017/01/11 21:13:00, 50, 0.0264175, 51, 5.9282937, 52, 5.9018764, 49,        64, 56, 8.9075432, 67, 643.33984, 72, 150.59677, 77, 39.812500,144, 0.0000000, 84, 0.0000000, 48,       104, 16,       141
51C,2017/01/11 21:14:00, 50, 65.541046, 51,-21.956985, 52,-87.498032, 49,        64, 56, 8.9075432, 67, 643.33984, 72, 150.78326, 77, 39.812500,144, 0.0000000, 84, 0.0000000, 48,       104, 16,       141
57C,2017/01/11 21:15:00, 50, 14.273300, 51, 38.318172, 52, 24.044872, 49,        64, 56, 8.9075432, 67, 643.33984, 72, 150.78009, 77, 39.812500,144, 0.0000000, 84, 0.0000000, 48,       104, 16,       141
56C,2017/01/11 21:16:00, 50,-3.0433369, 51, 14.128542, 52, 17.171879, 49,        64, 56, 8.9075432, 67, 643.33984, 72, 150.64337, 77, 39.843750,144, 0.0000000, 84, 0.0000000, 48,       104, 16,       141
5CC,2017/01/11 21:17:00, 50, 0.2174725, 51, 7.2707062, 52, 7.0532341, 49,        64, 56, 8.9075432, 67, 643.33984, 72, 150.62625, 77, 39.812500,144, 0.0000000, 84, 0.0000000, 48,       104, 16,       141
5CC,2017/01/11 21:18:00, 50, 3.4085417, 51, 4.0480380, 52, 0.6394963, 49,        64, 56, 8.9075432, 67, 643.33984, 72, 150.60721, 77, 39.843750,144, 0.0000000, 84, 0.0000000, 48,       104, 16,       141
55C,2017/01/11 21:19:00, 50, 1.6890821, 51, 6.4281435, 52, 4.7390614, 49,        64, 56, 8.9075432, 67, 643.33984, 72, 150.76901, 77, 39.843750,144, 0.0000000, 84, 0.0000000, 48,       104, 16,       141
55C,2017/01/11 21:20:00, 50, 3.7383347, 51, 5.7324800, 52, 1.9941456, 49,        64, 56, 8.9075432, 67, 643.33984, 72, 150.77359, 77, 39.843750,144, 0.0000000, 84, 0.0000000, 48,       104, 16,       141
56C,2017/01/11 21:21:00, 50, 0.9859526, 51, 10.812294, 52, 9.8263416, 49,        64, 56, 8.9075432, 67, 643.33984, 72, 150.59937, 77, 39.843750,144, 0.0000000, 84, 0.0000000, 48,       104, 16,       141
5DC,2017/01/11 21:22:00, 50, 2.8386612, 51, 8.7031851, 52, 5.8645239, 49,        64, 56, 8.9075432, 67, 643.33984, 72, 150.61267, 77, 39.843750,144, 0.0000000, 84, 0.0000000, 48,       104, 16,       141
52C,2017/01/11 21:23:00, 50,-1.0909784, 51, 7.6307840, 52, 8.7217617, 49,        64, 56, 8.9075432, 67, 643.33984, 72, 150.62875, 77, 39.843750,144, 0.0000000, 84, 0.0000000, 48,       104, 16,       141
51C,2017/01/11 21:24:00, 50, 123.88820, 51, 648.86255, 52, 524.97437, 49,        64, 56, 8.9075432, 67, 643.33984, 72, 150.80701, 77, 39.843750,144, 0.0000000, 84, 0.0000000, 48,       104, 16,       141
52C,2017/01/11 21:25:00, 50,-0.7346320, 51, 13.838029, 52, 14.572660, 49,        64, 56, 8.9075432, 67, 643.33984, 72, 150.81265, 77, 39.843750,144, 0.0000000, 84, 0.0000000, 48,       104, 16,       141
58C,2017/01/11 21:26:00, 50,-1.8045824, 51, 6.2720842, 52, 8.0766659, 49,        64, 56, 8.9075432, 67, 643.33984, 72, 150.64716, 77, 39.875000,144, 0.0000000, 84, 0.0000000, 48,       104, 16,       141
51C,2017/01/11 21:27:00, 50,-7.5059872, 51, 10.183615, 52, 17.689602, 49,        64, 56, 8.9075432, 67, 643.33984, 72, 150.68176, 77, 39.843750,144, 0.0000000, 84, 0.0000000, 48,       104, 16,       141
56C,2017/01/11 21:28:00, 50,-5.3303356, 51, 10.913599, 52, 16.243935, 49,        64, 56, 8.9075432, 67, 643.33984, 72, 150.70596, 77, 39.843750,144, 0.0000000, 84, 0.0000000, 48,       104, 16,       141
56C,2017/01/11 21:29:00, 50,-3.5405154, 51, 11.382232, 52, 14.922747, 49,        64, 56, 8.9075432, 67, 643.33984, 72, 150.87277, 77, 39.843750,144, 0.0000000, 84, 0.0000000, 48,       104, 16,       141
59C,2017/01/11 21:30:00, 50, 8.3750496, 51, 15.179555, 52, 6.8045053, 49,        64, 56, 8.9075432, 67, 643.33984, 72, 150.88403, 77, 39.843750,144, 0.0000000, 84, 0.0000000, 48,       104, 16,       141
54C,2017/01/11 21:31:00, 50, 107.24278, 51, 6.4697266, 52,-100.77306, 49,        64, 56, 8.9075432, 67, 643.33984, 72, 150.66714, 77, 39.843750,144, 0.0000000, 84, 0.0000000, 48,       104, 16,       141
57C,2017/01/11 21:32:00, 50, 60.622849, 51, 51.683899, 52,-8.9389515, 49,        64, 56, 8.9075432, 67, 643.33984, 72, 150.65402, 77, 39.843750,144, 0.0000000, 84, 0.0000000, 48,       104, 16,       141
59C,2017/01/11 21:33:00, 50, 48.971588, 51, 7.4302063, 52,-41.541382, 49,        64, 56, 8.9075432, 67, 643.33984, 72, 150.65063, 77, 39.875000,144, 0.0000000, 84, 0.0000000, 48,       104, 16,       141
57C,2017/01/11 21:34:00, 50, 6.4681473, 51, 21.064075, 52, 14.595928, 49,        64, 56, 8.9075432, 67, 643.33984, 72, 150.85065, 77, 39.875000,144, 0.0000000, 84, 0.0000000, 48,       104, 16,       141
51C,2017/01/11 21:35:00, 50, 13.387304, 51, 10.586093, 52,-2.8012114, 49,        64, 56, 8.9075432, 67, 643.33984, 72, 150.83820, 77, 39.875000,144, 0.0000000, 84, 0.0000000, 48,       104, 16,       141
50C,2017/01/11 21:36:00, 50, 5.7943678, 51, 22.241869, 52, 16.447502, 49,        64, 56, 8.9075432, 67, 643.33984, 72, 150.64844, 77, 39.906250,144, 0.0000000, 84, 0.0000000, 48,       104, 16,       141
5AC,2017/01/11 21:37:00, 50, 2.0678449, 51, 22.212654, 52, 20.144810, 49,        64, 56, 8.9075432, 67, 643.33984, 72, 150.68573, 77, 39.875000,144, 0.0000000, 84, 0.0000000, 48,       104, 16,       141
5DC,2017/01/11 21:38:00, 50, 8.2207108, 51, 14.754527, 52, 6.5338163, 49,        64, 56, 8.9075432, 67, 643.33984, 72, 150.71207, 77, 39.875000,144, 0.0000000, 84, 0.0000000, 48,       104, 16,       141
54C,2017/01/11 21:39:00, 50, 3.4430137, 51, 4.1135244, 52, 0.6705109, 49,        64, 56, 8.9075432, 67, 643.33984, 72, 150.86475, 77, 39.875000,144, 0.0000000, 84, 0.0000000, 48,       104, 16,       141
58C,2017/01/11 21:40:00, 50, 58.616951, 51, 68.998405, 52, 10.381458, 49,        64, 56, 8.9075432, 67, 643.33984, 72, 150.89996, 77, 39.875000,144, 0.0000000, 84, 0.0000000, 48,       104, 16,       141
55C,2017/01/11 21:41:00, 50, 2.6029429, 51, 11.181195, 52, 8.5782528, 49,        64, 56, 8.9075432, 67, 643.33984, 72, 150.74521, 77, 39.875000,144, 0.0000000, 84, 0.0000000, 48,       104, 16,       141
5CC,2017/01/11 21:42:00, 50, 7.3373423, 51, 2.2220440, 52,-5.1152983, 49,        64, 56, 8.9075432, 67, 643.33984, 72, 150.75824, 77, 39.906250,144, 0.0000000, 84, 0.0000000, 48,       104, 16,       141
50C,2017/01/11 21:43:00, 50, 17.360035, 51, 119.61099, 52, 102.25096, 49,        64, 56, 8.9075432, 67, 643.33984, 72, 150.68372, 77, 39.875000,144, 0.0000000, 84, 0.0000000, 48,       104, 16,       141
59C,2017/01/11 21:44:00, 50, 8.6791058, 51, 28.055910, 52, 19.376804, 49,        64, 56, 8.9075432, 67, 643.33984, 72, 150.80774, 77, 39.906250,144, 0.0000000, 84, 0.0000000, 48,       104, 16,       141
5FC,2017/01/11 21:45:00, 50, 18.479584, 51, 17.957529, 52,-0.5220554, 49,        64, 56, 8.9075432, 67, 643.33984, 72, 150.78595, 77, 39.937500,144, 0.0000000, 84, 0.0000000, 48,       104, 16,       141
5FC,2017/01/11 21:46:00, 50, 5.7261887, 51, 19.291325, 52, 13.565136, 49,        64, 56, 8.9075432, 67, 643.33984, 72, 150.60077, 77, 39.937500,144, 0.0000000, 84, 0.0000000, 48,       104, 16,       141
52C,2017/01/11 21:47:00, 50, 325.66760, 51, 341.71765, 52, 16.050064, 49,        64, 56, 8.9075432, 67, 643.33984, 72, 150.60699, 77, 39.968750,144, 0.0000000, 84, 0.0000000, 48,       104, 16,       141
56C,2017/01/11 21:48:00, 50,-2.6589818, 51, 9.3324299, 52, 11.991411, 49,        64, 56, 8.9075432, 67, 643.33984, 72, 150.59354, 77, 39.968750,144, 0.0000000, 84, 0.0000000, 48,       104, 16,       141
50C,2017/01/11 21:49:00, 50, 2.5667877, 51, 5.2465816, 52, 2.6797938, 49,        64, 56, 8.9075432, 67, 643.33984, 72, 150.74701, 77, 39.968750,144, 0.0000000, 84, 0.0000000, 48,       104, 16,       141
52C,2017/01/11 21:50:00, 50, 5.2994528, 51, 7.3322124, 52, 2.0327597, 49,        64, 56, 8.9075432, 67, 643.33984, 72, 150.67599, 77, 39.968750,144, 0.0000000, 84, 0.0000000, 48,       104, 16,       141
5BC,2017/01/11 21:51:00, 50, 5.4657469, 51, 9.3328514, 52, 3.8671050, 49,        64, 56, 8.9075432, 67, 643.33984, 72, 150.53601, 77, 39.937500,144, 0.0000000, 84, 0.0000000, 48,       104, 16,       141
56C,2017/01/11 21:52:00, 50, 3.9817057, 51, 8.7766314, 52, 4.7949257, 49,        64, 56, 8.9075432, 67, 643.33984, 72, 150.61545, 77, 39.937500,144, 0.0000000, 84, 0.0000000, 48,       104, 16,       141
54C,2017/01/11 21:53:00, 50, 0.8896927, 51, 6.8542757, 52, 5.9645834, 49,        64, 56, 8.9075432, 67, 643.33984, 72, 150.66257, 77, 39.937500,144, 0.0000000, 84, 0.0000000, 48,       104, 16,       141
5EC,2017/01/11 21:54:00, 50,-4.5634146, 51, 7.4152594, 52, 11.978674, 49,        64, 56, 8.9075432, 67, 643.33984, 72, 150.78836, 77, 39.937500,144, 0.0000000, 84, 0.0000000, 48,       104, 16,       141
51C,2017/01/11 21:55:00, 50,-0.9386414, 51, 7.5831490, 52, 8.5217896, 49,        64, 56, 8.9075432, 67, 643.33984, 72, 150.74155, 77, 39.968750,144, 0.0000000, 84, 0.0000000, 48,       104, 16,       141
5BC,2017/01/11 21:56:00, 50, 0.9894134, 51, 15.613984, 52, 14.624571, 49,        64, 56, 8.9075432, 67, 643.33984, 72, 150.56323, 77, 39.968750,144, 0.0000000, 84, 0.0000000, 48,       104, 16,       141
5FC,2017/01/11 21:57:00, 50,-6.1478357, 51, 0.4512558, 52, 6.5990915, 49,        64, 56, 8.9075432, 67, 643.33984, 72, 150.59686, 77, 39.937500,144, 0.0000000, 84, 0.0000000, 48,       104, 16,       141
5EC,2017/01/11 21:58:00, 50,-6.7504330, 51, 6.4437294, 52, 13.194162, 49,        64, 56, 8.9075432, 67, 643.33984, 72, 150.60120, 77, 39.937500,144, 0.0000000, 84, 0.0000000, 48,       104, 16,       141
5FC,2017/01/11 21:59:00, 50, 18.487385, 51, 8.2901287, 52,-10.197256, 49,        64, 56, 8.9075432, 67, 643.33984, 72, 150.80722, 77, 39.937500,144, 0.0000000, 84, 0.0000000, 48,       104, 16,       141
54C,2017/01/11 22:00:00, 50, 6.1435375, 51, 16.903214, 52, 10.759676, 49,        64, 56, 8.9075432, 67, 643.33984, 72, 150.78024, 77, 39.937500,144, 0.0000000, 84, 0.0000000, 48,       104, 16,       141
50C,2017/01/11 22:01:00, 50, 8.9935513, 51, 52.945095, 52, 43.951546, 49,        64, 56, 8.9075432, 67, 643.33984, 72, 150.60223, 77, 39.968750,144, 0.0000000, 84, 0.0000000, 48,       104, 16,       141
52C,2017/01/11 22:02:00, 50, 46.485245, 51, 64.325348, 52, 17.840107, 49,        64, 56, 8.9075432, 67, 643.33984, 72, 150.64133, 77, 39.937500,144, 0.0000000, 84, 0.0000000, 48,       104, 16,       141
58C,2017/01/11 22:03:00, 50, 5.2947054, 51, 16.398039, 52, 11.103334, 49,        64, 56, 8.9075432, 67, 643.33984, 72, 150.66440, 77, 39.937500,144, 0.0000000, 84, 0.0000000, 48,       104, 16,       141
54C,2017/01/11 22:04:00, 50, 11.092356, 51, 19.859203, 52, 8.7668476, 49,        64, 56, 8.9075432, 67, 643.33984, 72, 150.83890, 77, 39.937500,144, 0.0000000, 84, 0.0000000, 48,       104, 16,       141
5EC,2017/01/11 22:05:00, 50, 9.2261066, 51, 22.742605, 52, 13.516499, 49,        64, 56, 8.9075432, 67, 643.33984, 72, 150.80612, 77, 39.937500,144, 0.0000000, 84, 0.0000000, 48,       104, 16,       141
53C,2017/01/11 22:06:00, 50, 9.7934303, 51, 15.260959, 52, 5.4675283, 49,        64, 56, 8.9075432, 67, 643.33984, 72, 150.59952, 77, 39.937500,144, 0.0000000, 84, 0.0000000, 48,       104, 16,       141
59C,2017/01/11 22:07:00, 50, 2.2343955, 51, 15.355264, 52, 13.120869, 49,        64, 56, 8.9075432, 67, 643.33984, 72, 150.57715, 77, 39.968750,144, 0.0000000, 84, 0.0000000, 48,       104, 16,       141
54C,2017/01/11 22:08:00, 50, 2.6291890, 51, 17.301165, 52, 14.671976, 49,        64, 56, 8.9075432, 67, 643.33984, 72, 150.60937, 77, 39.968750,144, 0.0000000, 84, 0.0000000, 48,       104, 16,       141
5FC,2017/01/11 22:09:00, 50, 2.2628131, 51, 11.484733, 52, 9.2219200, 49,        64, 56, 8.9075432, 67, 643.33984, 72, 150.72989, 77, 40.000000,144, 0.0000000, 84, 0.0000000, 48,       104, 16,       141
5FC,2017/01/11 22:10:00, 50, 2.1999688, 51, 6.5928369, 52, 4.3928680, 49,        64, 56, 8.9075432, 67, 643.33984, 72, 150.73392, 77, 40.000000,144, 0.0000000, 84, 0.0000000, 48,       104, 16,       141
54C,2017/01/11 22:11:00, 50, 0.4767406, 51, 14.350632, 52, 13.873892, 49,        64, 56, 8.9075432, 67, 643.33984, 72, 150.54037, 77, 40.000000,144, 0.0000000, 84, 0.0000000, 48,       104, 16,       141
5DC,2017/01/11 22:12:00, 50,-0.7181430, 51, 15.934671, 52, 16.652813, 49,        64, 56, 8.9075432, 67, 643.33984, 72, 150.54526, 77, 40.031250,144, 0.0000000, 84, 0.0000000, 48,       104, 16,       141
51C,2017/01/11 22:13:00, 50, 6.1401930, 51, 23.254614, 52, 17.114422, 49,        64, 56, 8.9075432, 67, 643.33984, 72, 150.54660, 77, 40.031250,144, 0.0000000, 84, 0.0000000, 48,       104, 16,       141
5EC,2017/01/11 22:14:00, 50, 5.0059128, 51, 11.775060, 52, 6.7691469, 49,        64, 56, 8.9075432, 67, 643.33984, 72, 150.70224, 77, 40.031250,144, 0.0000000, 84, 0.0000000, 48,       104, 16,       141
5CC,2017/01/11 22:15:00, 50,-5.6113653, 51, 13.917883, 52, 19.529247, 49,        64, 56, 8.9075432, 67, 643.33984, 72, 150.71896, 77, 40.031250,144, 0.0000000, 84, 0.0000000, 48,       104, 16,       141
57C,2017/01/11 22:16:00, 50,-3.0941358, 51, 7.4220695, 52, 10.516205, 49,        64, 56, 8.9075432, 67, 643.33984, 72, 150.55286, 77, 40.031250,144, 0.0000000, 84, 0.0000000, 48,       104, 16,       141
50C,2017/01/11 22:17:00, 50, 0.0007534, 51, 8.0758181, 52, 8.0750656, 49,        64, 56, 8.9075432, 67, 643.33984, 72, 150.56396, 77, 40.062500,144, 0.0000000, 84, 0.0000000, 48,       104, 16,       141
56C,2017/01/11 22:18:00, 50,-1.5344234, 51, 5.9214187, 52, 7.4558420, 49,        64, 56, 8.9075432, 67, 643.33984, 72, 150.56354, 77, 40.062500,144, 0.0000000, 84, 0.0000000, 48,       104, 16,       141
5CC,2017/01/11 22:19:00, 50,-3.2997227, 51, 3.7361383, 52, 7.0358610, 49,        64, 56, 8.9075432, 67, 643.33984, 72, 150.74808, 77, 40.031250,144, 0.0000000, 84, 0.0000000, 48,       104, 16,       141
59C,2017/01/11 22:20:00, 50,-4.1220922, 51, 7.3448820, 52, 11.466974, 49,        64, 56, 8.9075432, 67, 643.33984, 72, 150.73834, 77, 40.062500,144, 0.0000000, 84, 0.0000000, 48,       104, 16,       141
5EC,2017/01/11 22:21:00, 50, 0.6977324, 51, 4.7367082, 52, 4.0389757, 49,        64, 56, 8.9075432, 67, 643.33984, 72, 150.59219, 77, 40.062500,144, 0.0000000, 84, 0.0000000, 48,       104, 16,       141
58C,2017/01/11 22:22:00, 50, 8.9023113, 51, 3.5679264, 52,-5.3343849, 49,        64, 56, 8.9075432, 67, 643.33984, 72, 150.55121, 77, 40.031250,144, 0.0000000, 84, 0.0000000, 48,       104, 16,       141
55C,2017/01/11 22:23:00, 50, 6.3176003, 51, 11.949547, 52, 5.6319466, 49,        64, 56, 8.9075432, 67, 643.33984, 72, 150.56277, 77, 40.031250,144, 0.0000000, 84, 0.0000000, 48,       104, 16,       141
5FC,2017/01/11 22:24:00, 50, 5.3006964, 51, 21.731321, 52, 16.430626, 49,        64, 56, 8.9075432, 67, 643.33984, 72, 150.71951, 77, 40.031250,144, 0.0000000, 84, 0.0000000, 48,       104, 16,       141
5BC,2017/01/11 22:25:00, 50, 2.4467006, 51, 18.026314, 52, 15.579615, 49,        64, 56, 8.9075432, 67, 643.33984, 72, 150.71646, 77, 40.031250,144, 0.0000000, 84, 0.0000000, 48,       104, 16,       141
52C,2017/01/11 22:26:00, 50, 2.1929088, 51, 15.692683, 52, 13.499775, 49,        64, 56, 8.9075432, 67, 643.33984, 72, 150.60092, 77, 40.031250,144, 0.0000000, 84, 0.0000000, 48,       104, 16,       141
55C,2017/01/11 22:27:00, 50, 2.0508418, 51, 19.240805, 52, 17.189964, 49,        64, 56, 8.9075432, 67, 643.33984, 72, 150.59888, 77, 40.000000,144, 0.0000000, 84, 0.0000000, 48,       104, 16,       141
55C,2017/01/11 22:28:00, 50, 3.5088630, 51, 16.430742, 52, 12.921881, 49,        64, 56, 8.9075432, 67, 643.33984, 72, 150.57291, 77, 40.031250,144, 0.0000000, 84, 0.0000000, 48,       104, 16,       141
5EC,2017/01/11 22:29:00, 50, 8.7809734, 51, 15.998760, 52, 7.2177868, 49,        64, 56, 8.9075432, 67, 643.33984, 72, 150.73190, 77, 40.000000,144, 0.0000000, 84, 0.0000000, 48,       104, 16,       141
5DC,2017/01/11 22:30:00, 50, 5.5988121, 51, 22.535748, 52, 16.936935, 49,        64, 56, 8.9075432, 67, 643.33984, 72, 150.69934, 77, 40.000000,144, 0.0000000, 84, 0.0000000, 48,       104, 16,       141
56C,2017/01/11 22:31:00, 50, 8.6448040, 51, 27.473288, 52, 18.828484, 49,        64, 56, 8.9075432, 67, 643.33984, 72, 150.51041, 77, 39.968750,144, 0.0000000, 84, 0.0000000, 48,       104, 16,       141
5EC,2017/01/11 22:32:00, 50,-4.4104319, 51, 15.077885, 52, 19.488316, 49,        64, 56, 8.9075432, 67, 643.33984, 72, 150.51453, 77, 39.968750,144, 0.0000000, 84, 0.0000000, 48,       104, 16,       141
5BC,2017/01/11 22:33:00, 50, 3.7368197, 51, 25.593130, 52, 21.856312, 49,        64, 56, 8.9075432, 67, 643.33984, 72, 150.57178, 77, 39.968750,144, 0.0000000, 84, 0.0000000, 48,       104, 16,       141
5EC,2017/01/11 22:34:00, 50,-1.5207675, 51, 21.507549, 52, 23.028316, 49,        64, 56, 8.9075432, 67, 643.33984, 72, 150.82925, 77, 39.968750,144, 0.0000000, 84, 0.0000000, 48,       104, 16,       141
53C,2017/01/11 22:35:00, 50, 0.3209385, 51, 23.084572, 52, 22.763634, 49,        64, 56, 8.9075432, 67, 643.33984, 72, 150.82150, 77, 39.968750,144, 0.0000000, 84, 0.0000000, 48,       104, 16,       141
5DC,2017/01/11 22:36:00, 50, 1.3670557, 51, 24.437218, 52, 23.070164, 49,        64, 56, 8.9075432, 67, 643.33984, 72, 150.65253, 77, 39.968750,144, 0.0000000, 84, 0.0000000, 48,       104, 16,       141
5CC,2017/01/11 22:37:00, 50, 1.2626522, 51, 18.434847, 52, 17.172195, 49,        64, 56, 8.9075432, 67, 643.33984, 72, 150.70053, 77, 39.968750,144, 0.0000000, 84, 0.0000000, 48,       104, 16,       141
57C,2017/01/11 22:38:00, 50,-0.0996135, 51, 19.667168, 52, 19.766781, 49,        64, 56, 8.9075432, 67, 643.33984, 72, 150.67355, 77, 39.968750,144, 0.0000000, 84, 0.0000000, 48,       104, 16,       141
51C,2017/01/11 22:39:00, 50, 2.8744836, 51, 17.969343, 52, 15.094860, 49,        64, 56, 8.9075432, 67, 643.33984, 72, 150.66776, 77, 39.937500,144, 0.0000000, 84, 0.0000000, 48,       104, 16,       141
52C,2017/01/11 22:40:00, 50, 2.0180120, 51, 20.615305, 52, 18.597294, 49,        64, 56, 8.9075432, 67, 643.33984, 72, 150.85413, 77, 39.937500,144, 0.0000000, 84, 0.0000000, 48,       104, 16,       141
5AC,2017/01/11 22:41:00, 50, 2.0048862, 51, 21.442080, 52, 19.437195, 49,        64, 56, 8.9075432, 67, 643.33984, 72, 150.84012, 77, 39.937500,144, 0.0000000, 84, 0.0000000, 48,       104, 16,       141
56C,2017/01/11 22:42:00, 50, 3.4551210, 51, 20.504421, 52, 17.049301, 49,        64, 56, 8.9075432, 67, 643.33984, 72, 150.63300, 77, 39.937500,144, 0.0000000, 84, 0.0000000, 48,       104, 16,       141
5DC,2017/01/11 22:43:00, 50, 3.4149761, 51, 31.336393, 52, 27.921417, 49,        64, 56, 8.9075432, 67, 643.33984, 72, 150.65573, 77, 39.968750,144, 0.0000000, 84, 0.0000000, 48,       104, 16,       141
55C,2017/01/11 22:44:00, 50, 2.5444536, 51, 20.555149, 52, 18.010696, 49,        64, 56, 8.9075432, 67, 643.33984, 72, 150.64981, 77, 39.937500,144, 0.0000000, 84, 0.0000000, 48,       104, 16,       141
53C,2017/01/11 22:45:00, 50, 1.9708543, 51, 19.699617, 52, 17.728764, 49,        64, 56, 8.9075432, 67, 643.33984, 72, 150.79654, 77, 39.937500,144, 0.0000000, 84, 0.0000000, 48,       104, 16,       141
53C,2017/01/11 22:46:00, 50, 5.2820625, 51, 19.711317, 52, 14.429255, 49,        64, 56, 8.9075432, 67, 643.33984, 72, 150.76462, 77, 39.937500,144, 0.0000000, 84, 0.0000000, 48,       104, 16,       141
51C,2017/01/11 22:47:00, 50, 7.4956436, 51, 10.982415, 52, 3.4867716, 49,        64, 56, 8.9075432, 67, 643.33984, 72, 150.54669, 77, 39.937500,144, 0.0000000, 84, 0.0000000, 48,       104, 16,       141
5EC,2017/01/11 22:48:00, 50, 3.7907615, 51, 11.299116, 52, 7.5083551, 49,        64, 56, 8.9075432, 67, 643.33984, 72, 150.45810, 77, 39.937500,144, 0.0000000, 84, 0.0000000, 48,       104, 16,       141
53C,2017/01/11 22:49:00, 50, 1.1948509, 51, 7.4530268, 52, 6.2581758, 49,        64, 56, 8.9075432, 67, 643.33984, 72, 150.49200, 77, 39.968750,144, 0.0000000, 84, 0.0000000, 48,       104, 16,       141
53C,2017/01/11 22:50:00, 50, 0.9429872, 51, 5.7004848, 52, 4.7574978, 49,        64, 56, 8.9075432, 67, 643.33984, 72, 150.68155, 77, 39.968750,144, 0.0000000, 84, 0.0000000, 48,       104, 16,       141
5EC,2017/01/11 22:51:00, 50,-0.4116976, 51, 4.4779320, 52, 4.8896294, 49,        64, 56, 8.9075432, 67, 643.33984, 72, 150.66449, 77, 40.000000,144, 0.0000000, 84, 0.0000000, 48,       104, 16,       141
53C,2017/01/11 22:52:00, 50,-0.5562603, 51,-2.1880872, 52,-1.6318269, 49,        64, 56, 8.9075432, 67, 643.33984, 72, 150.45618, 77, 40.000000,144, 0.0000000, 84, 0.0000000, 48,       104, 16,       141
53C,2017/01/11 22:53:00, 50,-1.1164205, 51, 2.4848530, 52, 3.6012735, 49,        64, 56, 8.9075432, 67, 643.33984, 72, 150.44354, 77, 40.031250,144, 0.0000000, 84, 0.0000000, 48,       104, 16,       141
5BC,2017/01/11 22:54:00, 50,-0.5277212, 51, 0.0519865, 52, 0.5797076, 49,        64, 56, 8.9075432, 67, 643.33984, 72, 150.43527, 77, 40.031250,144, 0.0000000, 84, 0.0000000, 48,       104, 16,       141
58C,2017/01/11 22:55:00, 50,-0.5205929, 51, 8.0238867, 52, 8.5444794, 49,        64, 56, 8.9075432, 67, 643.33984, 72, 150.62766, 77, 40.031250,144, 0.0000000, 84, 0.0000000, 48,       104, 16,       141
58C,2017/01/11 22:56:00, 50,-1.0180793, 51, 11.133002, 52, 12.151081, 49,        64, 56, 8.9075432, 67, 643.33984, 72, 150.60352, 77, 40.031250,144, 0.0000000, 84, 0.0000000, 48,       104, 16,       141
5BC,2017/01/11 22:57:00, 50, 0.5010579, 51, 0.7864307, 52, 0.2853729, 49,        64, 56, 8.9075432, 67, 643.33984, 72, 150.43005, 77, 40.031250,144, 0.0000000, 84, 0.0000000, 48,       104, 16,       141
5DC,2017/01/11 22:58:00, 50, 2.7658882, 51, 17.144392, 52, 14.378504, 49,        64, 56, 8.9075432, 67, 643.33984, 72, 150.45456, 77, 40.031250,144, 0.0000000, 84, 0.0000000, 48,       104, 16,       141
52C,2017/01/11 22:59:00, 50, 2.8569021, 51, 10.361158, 52, 7.5042562, 49,        64, 56, 8.9075432, 67, 643.33984, 72, 150.45508, 77, 40.031250,144, 0.0000000, 84, 0.0000000, 48,       104, 16,       141
57C,2017/01/11 23:00:00, 50,-2.7155609, 51, 4.2575712, 52, 6.9731321, 49,        64, 56, 8.9075432, 67, 643.33984, 72, 150.64990, 77, 40.031250,144, 0.0000000, 84, 0.0000000, 48,       104, 16,       141
56C,2017/01/11 23:01:00, 50,-2.0046816, 51,-5.0810733, 52,-3.0763917, 49,        64, 56, 8.9075432, 67, 643.33984, 72, 150.64569, 77, 40.062500,144, 0.0000000, 84, 0.0000000, 48,       104, 16,       141
51C,2017/01/11 23:02:00, 50,-3.9650888, 51, 3.1282244, 52, 7.0933132, 49,        64, 56, 8.9075432, 67, 643.33984, 72, 150.46689, 77, 40.031250,144, 0.0000000, 84, 0.0000000, 48,       104, 16,       141
5BC,2017/01/11 23:03:00, 50,-2.2491174, 51, 4.3956332, 52, 6.6447506, 49,        64, 56, 8.9075432, 67, 643.33984, 72, 150.40408, 77, 40.062500,144, 0.0000000, 84, 0.0000000, 48,       104, 16,       141
52C,2017/01/11 23:04:00, 50, 3.6101370, 51, 3.5762160, 52,-0.0339212, 49,        64, 56, 8.9075432, 67, 643.33984, 72, 150.34906, 77, 40.062500,144, 0.0000000, 84, 0.0000000, 48,       104, 16,       141
5FC,2017/01/11 23:05:00, 50, 1.9246445, 51, 6.9207582, 52, 4.9961138, 49,        64, 56, 8.9075432, 67, 643.33984, 72, 150.48917, 77, 40.062500,144, 0.0000000, 84, 0.0000000, 48,       104, 16,       141
5DC,2017/01/11 23:06:00, 50, 7.8334799, 51, 5.3152127, 52,-2.5182672, 49,        64, 56, 8.9075432, 67, 643.33984, 72, 150.47028, 77, 40.062500,144, 0.0000000, 84, 0.0000000, 48,       104, 16,       141
5EC,2017/01/11 23:07:00, 50,-4.2697515, 51, 7.9783182, 52, 12.248070, 49,        64, 56, 8.9075432, 67, 643.33984, 72, 150.30322, 77, 40.062500,144, 0.0000000, 84, 0.0000000, 48,       104, 16,       141
54C,2017/01/11 23:08:00, 50, 2.6896167, 51, 8.9881744, 52, 6.2985582, 49,        64, 56, 8.9075432, 67, 643.33984, 72, 150.30826, 77, 40.062500,144, 0.0000000, 84, 0.0000000, 48,       104, 16,       141
5EC,2017/01/11 23:09:00, 50, 2.4281740, 51, 5.2152138, 52, 2.7870398, 49,        64, 56, 8.9075432, 67, 643.33984, 72, 150.33057, 77, 40.062500,144, 0.0000000, 84, 0.0000000, 48,       104, 16,       141
52C,2017/01/11 23:10:00, 50,-0.1546762, 51, 5.2364030, 52, 5.3910789, 49,        64, 56, 8.9075432, 67, 643.33984, 72, 150.56940, 77, 40.062500,144, 0.0000000, 84, 0.0000000, 48,       104, 16,       141
54C,2017/01/11 23:11:00, 50, 0.4305820, 51, 4.0472889, 52, 3.6167073, 49,        64, 56, 8.9075432, 67, 643.33984, 72, 150.60861, 77, 40.062500,144, 0.0000000, 84, 0.0000000, 48,       104, 16,       141
53C,2017/01/11 23:12:00, 50, 1.0340972, 51, 5.1869693, 52, 4.1528721, 49,        64, 56, 8.9075432, 67, 643.33984, 72, 150.47198, 77, 40.062500,144, 0.0000000, 84, 0.0000000, 48,       104, 16,       141
59C,2017/01/11 23:13:00, 50,-0.4261271, 51, 4.4815917, 52, 4.9077187, 49,        64, 56, 8.9075432, 67, 643.33984, 72, 150.39954, 77, 40.093750,144, 0.0000000, 84, 0.0000000, 48,       104, 16,       141
5AC,2017/01/11 23:14:00, 50, 0.4922094, 51, 2.3660192, 52, 1.8738098, 49,        64, 56, 8.9075432, 67, 643.33984, 72, 150.40335, 77, 40.093750,144, 0.0000000, 84, 0.0000000, 48,       104, 16,       141
51C,2017/01/11 23:15:00, 50, 0.7059175, 51, 1.4453139, 52, 0.7393965, 49,        64, 56, 8.9075432, 67, 643.33984, 72, 150.59833, 77, 40.093750,144, 0.0000000, 84, 0.0000000, 48,       104, 16,       141
5DC,2017/01/11 23:16:00, 50, 1.2502506, 51, 4.5903955, 52, 3.3401451, 49,        64, 56, 8.9075432, 67, 643.33984, 72, 150.59979, 77, 40.093750,144, 0.0000000, 84, 0.0000000, 48,       104, 16,       141
56C,2017/01/11 23:17:00, 50, 0.1635782, 51, 0.1924696, 52, 0.0288915, 49,        64, 56, 8.9075432, 67, 643.33984, 72, 150.44489, 77, 40.093750,144, 0.0000000, 84, 0.0000000, 48,       104, 16,       141
5AC,2017/01/11 23:18:00, 50, 1.1405616, 51, 2.9866340, 52, 1.8460724, 49,        64, 56, 8.9075432, 67, 643.33984, 72, 150.46722, 77, 40.062500,144, 0.0000000, 84, 0.0000000, 48,       104, 16,       141
5AC,2017/01/11 23:19:00, 50, 1.8996217, 51, 7.5160289, 52, 5.6164074, 49,        64, 56, 8.9075432, 67, 643.33984, 72, 150.46732, 77, 40.062500,144, 0.0000000, 84, 0.0000000, 48,       104, 16,       141
5AC,2017/01/11 23:20:00, 50, 0.5739504, 51, 6.3467650, 52, 5.7728148, 49,        64, 56, 8.9075432, 67, 643.33984, 72, 150.63400, 77, 40.093750,144, 0.0000000, 84, 0.0000000, 48,       104, 16,       141
52C,2017/01/11 23:21:00, 50, 2.4695435, 51, 5.9314713, 52, 3.4619279, 49,        64, 56, 8.9075432, 67, 643.33984, 72, 150.56482, 77, 40.062500,144, 0.0000000, 84, 0.0000000, 48,       104, 16,       141
5EC,2017/01/11 23:22:00, 50, 3.3159161, 51, 6.2873950, 52, 2.9714789, 49,        64, 56, 8.9075432, 67, 643.33984, 72, 150.40637, 77, 40.062500,144, 0.0000000, 84, 0.0000000, 48,       104, 16,       141
5AC,2017/01/11 23:23:00, 50, 2.9120712, 51, 6.3032107, 52, 3.3911395, 49,        64, 56, 8.9075432, 67, 643.33984, 72, 150.43628, 77, 40.062500,144, 0.0000000, 84, 0.0000000, 48,       104, 16,       141
54C,2017/01/11 23:24:00, 50, 0.4344253, 51, 3.1076748, 52, 2.6732497, 49,        64, 56, 8.9075432, 67, 643.33984, 72, 150.42865, 77, 40.031250,144, 0.0000000, 84, 0.0000000, 48,       104, 16,       141
57C,2017/01/11 23:25:00, 50,-2.6411810, 51, 7.0830832, 52, 9.7242641, 49,        64, 56, 8.9075432, 67, 643.33984, 72, 150.60666, 77, 40.062500,144, 0.0000000, 84, 0.0000000, 48,       104, 16,       141
55C,2017/01/11 23:26:00, 50, 0.8698392, 51,-0.2648137, 52,-1.1346529, 49,        64, 56, 8.9075432, 67, 643.33984, 72, 150.63382, 77, 40.062500,144, 0.0000000, 84, 0.0000000, 48,       104, 16,       141
52C,2017/01/11 23:27:00, 50, 3.9350066, 51, 5.6322584, 52, 1.6972520, 49,        64, 56, 8.9075432, 67, 643.33984, 72, 150.44345, 77, 40.031250,144, 0.0000000, 84, 0.0000000, 48,       104, 16,       141
50C,2017/01/11 23:28:00, 50, 3.3917418, 51, 9.5939503, 52, 6.2022085, 49,        64, 56, 8.9075432, 67, 643.33984, 72, 150.42398, 77, 40.031250,144, 0.0000000, 84, 0.0000000, 48,       104, 16,       141
54C,2017/01/11 23:29:00, 50,-1.5230322, 51,-0.1998169, 52, 1.3232152, 49,        64, 56, 8.9075432, 67, 643.33984, 72, 150.37881, 77, 40.031250,144, 0.0000000, 84, 0.0000000, 48,       104, 16,       141
50C,2017/01/11 23:30:00, 50,-0.3832527, 51, 1.1261297, 52, 1.5093825, 49,        64, 56, 8.9075432, 67, 643.33984, 72, 150.55066, 77, 40.031250,144, 0.0000000, 84, 0.0000000, 48,       104, 16,       141
5CC,2017/01/11 23:31:00, 50, 1.3804848, 51, 6.2088165, 52, 4.8283319, 49,        64, 56, 8.9075432, 67, 643.33984, 72, 150.53699, 77, 40.031250,144, 0.0000000, 84, 0.0000000, 48,       104, 16,       141
56C,2017/01/11 23:32:00, 50, 8.7870750, 51, 6.2093267, 52,-2.5777488, 49,        64, 56, 8.9075432, 67, 643.33984, 72, 150.35196, 77, 40.000000,144, 0.0000000, 84, 0.0000000, 48,       104, 16,       141
5CC,2017/01/11 23:33:00, 50, 6.7654495, 51, 7.1188951, 52, 0.3534455, 49,        64, 56, 8.9075432, 67, 643.33984, 72, 150.34796, 77, 39.968750,144, 0.0000000, 84, 0.0000000, 48,       104, 16,       141
56C,2017/01/11 23:34:00, 50, 1.0872858, 51, 0.7405614, 52,-0.3467244, 49,        64, 56, 8.9075432, 67, 643.33984, 72, 150.39398, 77, 40.031250,144, 0.0000000, 84, 0.0000000, 48,       104, 16,       141
51C,2017/01/11 23:35:00, 50,-1.0679641, 51, 0.7476180, 52, 1.8155820, 49,        64, 56, 8.9075432, 67, 643.33984, 72, 150.51370, 77, 40.000000,144, 0.0000000, 84, 0.0000000, 48,       104, 16,       141
5AC,2017/01/11 23:36:00, 50, 0.4610543, 51,-0.5880396, 52,-1.0490940, 49,        64, 56, 8.9075432, 67, 643.33984, 72, 150.52594, 77, 40.000000,144, 0.0000000, 84, 0.0000000, 48,       104, 16,       141
53C,2017/01/11 23:37:00, 50,-0.0739606, 51,-0.0794823, 52,-0.0055217, 49,        64, 56, 8.9075432, 67, 643.33984, 72, 150.36801, 77, 40.031250,144, 0.0000000, 84, 0.0000000, 48,       104, 16,       141
55C,2017/01/11 23:38:00, 50,-4.1301336, 51,-0.5212102, 52, 3.6089234, 49,        64, 56, 8.9075432, 67, 643.33984, 72, 150.34543, 77, 40.031250,144, 0.0000000, 84, 0.0000000, 48,       104, 16,       141
57C,2017/01/11 23:39:00, 50,-2.7014089, 51,-0.5952277, 52, 2.1061811, 49,        64, 56, 8.9075432, 67, 643.33984, 72, 150.33505, 77, 40.000000,144, 0.0000000, 84, 0.0000000, 48,       104, 16,       141
52C,2017/01/11 23:40:00, 50,-5.0271549, 51, 1.5290289, 52, 6.5561838, 49,        64, 56, 8.9075432, 67, 643.33984, 72, 150.50522, 77, 40.031250,144, 0.0000000, 84, 0.0000000, 48,       104, 16,       141
55C,2017/01/11 23:41:00, 50,-2.4897823, 51, 0.2440701, 52, 2.7338524, 49,        64, 56, 8.9075432, 67, 643.33984, 72, 150.50034, 77, 40.031250,144, 0.0000000, 84, 0.0000000, 48,       104, 16,       141
54C,2017/01/11 23:42:00, 50,-2.2233567, 51, 6.5807438, 52, 8.8041000, 49,        64, 56, 8.9075432, 67, 643.33984, 72, 150.36215, 77, 40.031250,144, 0.0000000, 84, 0.0000000, 48,       104, 16,       141
5DC,2017/01/11 23:43:00, 50, 6.5892334, 51, 12.801343, 52, 6.2121096, 49,        64, 56, 8.9075432, 67, 643.33984, 72, 150.40320, 77, 40.031250,144, 0.0000000, 84, 0.0000000, 48,       104, 16,       141
54C,2017/01/11 23:44:00, 50, 3.3470650, 51, 20.862713, 52, 17.515648, 49,        64, 56, 8.9075432, 67, 643.33984, 72, 150.45087, 77, 40.031250,144, 0.0000000, 84, 0.0000000, 48,       104, 16,       141
5FC,2017/01/11 23:45:00, 50, 6.1368685, 51, 30.747852, 52, 24.610985, 49,        64, 56, 8.9075432, 67, 643.33984, 72, 150.61963, 77, 40.000000,144, 0.0000000, 84, 0.0000000, 48,       104, 16,       141
5CC,2017/01/11 23:46:00, 50, 8.6499901, 51, 30.586922, 52, 21.936932, 49,        64, 56, 8.9075432, 67, 643.33984, 72, 150.60995, 77, 40.000000,144, 0.0000000, 84, 0.0000000, 48,       104, 16,       141
53C,2017/01/11 23:47:00, 50, 9.3141441, 51, 32.165768, 52, 22.851624, 49,        64, 56, 8.9075432, 67, 643.33984, 72, 150.44193, 77, 39.968750,144, 0.0000000, 84, 0.0000000, 48,       104, 16,       141
52C,2017/01/11 23:48:00, 50, 10.257013, 51, 41.307838, 52, 31.050827, 49,        64, 56, 8.9075432, 67, 643.33984, 72, 150.44034, 77, 39.968750,144, 0.0000000, 84, 0.0000000, 48,       104, 16,       141
55C,2017/01/11 23:49:00, 50, 10.863173, 51, 37.310711, 52, 26.447540, 49,        64, 56, 8.9075432, 67, 643.33984, 72, 150.44415, 77, 39.968750,144, 0.0000000, 84, 0.0000000, 48,       104, 16,       141
57C,2017/01/11 23:50:00, 50, 9.6474190, 51, 35.786156, 52, 26.138737, 49,        64, 56, 8.9075432, 67, 643.33984, 72, 150.60431, 77, 39.968750,144, 0.0000000, 84, 0.0000000, 48,       104, 16,       141
56C,2017/01/11 23:51:00, 50, 8.2465096, 51, 34.352951, 52, 26.106441, 49,        64, 56, 8.9075432, 67, 643.33984, 72, 150.61328, 77, 39.968750,144, 0.0000000, 84, 0.0000000, 48,       104, 16,       141
50C,2017/01/11 23:52:00, 50, 1.4966598, 51, 17.509724, 52, 16.013065, 49,        64, 56, 8.9075432, 67, 643.33984, 72, 150.46283, 77, 40.000000,144, 0.0000000, 84, 0.0000000, 48,       104, 16,       141
5DC,2017/01/11 23:53:00, 50, 2.2938185, 51, 31.010820, 52, 28.717003, 49,        64, 56, 8.9075432, 67, 643.33984, 72, 150.42874, 77, 40.000000,144, 0.0000000, 84, 0.0000000, 48,       104, 16,       141
50C,2017/01/11 23:54:00, 50, 2.9424529, 51, 32.855236, 52, 29.912785, 49,        64, 56, 8.9075432, 67, 643.33984, 72, 150.48386, 77, 39.968750,144, 0.0000000, 84, 0.0000000, 48,       104, 16,       141
57C,2017/01/11 23:55:00, 50, 11.364779, 51, 29.909704, 52, 18.544926, 49,        64, 56, 8.9075432, 67, 643.33984, 72, 150.70120, 77, 39.968750,144, 0.0000000, 84, 0.0000000, 48,       104, 16,       141
58C,2017/01/11 23:56:00, 50, 11.752810, 51, 32.079945, 52, 20.327137, 49,        64, 56, 8.9075432, 67, 643.33984, 72, 150.70346, 77, 39.968750,144, 0.0000000, 84, 0.0000000, 48,       104, 16,       141
5DC,2017/01/11 23:57:00, 50, 6.3792238, 51, 33.103569, 52, 26.724346, 49,        64, 56, 8.9075432, 67, 643.33984, 72, 150.49628, 77, 39.968750,144, 0.0000000, 84, 0.0000000, 48,       104, 16,       141
5FC,2017/01/11 23:58:00, 50, 2.7733493, 51, 31.396715, 52, 28.623367, 49,        64, 56, 8.9075432, 67, 643.33984, 72, 150.46738, 77, 39.968750,144, 0.0000000, 84, 0.0000000, 48,       104, 16,       141
51C,2017/01/11 23:59:00, 50, 2.7169714, 51, 27.459661, 52, 24.742691, 49,        64, 56, 8.9075432, 67, 643.33984, 72, 150.43466, 77, 39.968750,144, 0.0000000, 84, 0.0000000, 48,       104, 16,       141
