40C,2016/05/10 17:39:00, 50, 0.0000000, 51, 0.0000000, 52, 0.0000000, 49,        64, 56, 6.2676125, 67, 644.68970, 72, 113.04007, 77, 22.343750, 83,     36353,110,        29,116,         4,164,         1
43C,2016/05/10 17:40:00, 50, 0.0000000, 51, 0.0000000, 52, 0.0000000, 49,        64, 56, 6.2676125, 67, 644.68970, 72, 112.77058, 77, 23.156250, 83,     36353,110,        29,116,         4,164,         1
47C,2016/05/10 17:41:00, 50, 0.0000000, 51, 0.0000000, 52, 0.0000000, 49,        64, 56, 6.2676125, 67, 644.68970, 72, 112.67870, 77, 23.843750, 83,     35329,110,        29,116,         4,164,         1
48C,2016/05/10 17:42:00, 50, 0.0000000, 51, 0.0000000, 52, 0.0000000, 49,        64, 56, 6.2676125, 67, 644.68970, 72, 112.64369, 77, 24.343750, 83,     35329,110,        29,116,         4,164,         1
40C,2016/05/10 17:43:00, 50, 0.0000000, 51, 0.0000000, 52, 0.0000000, 49,        64, 56, 6.2676125, 67, 644.68970, 72, 112.61284, 77, 24.906250, 83,     35329,110,        29,116,         4,164,         1
42C,2016/05/10 17:44:00, 50, 0.0000000, 51, 0.0000000, 52, 0.0000000, 49,        64, 56, 6.2676125, 67, 643.33984, 72, 112.56001, 77, 25.500000, 83,     35329,110,        29,116,         4,164,         1
44C,2016/05/10 17:45:00, 50, 0.0000000, 51, 0.0000000, 52, 0.0000000, 49,        64, 56, 6.2676125, 67, 644.68970, 72, 112.50433, 77, 26.000000, 83,     35329,110,        29,116,         4,164,         1
42C,2016/05/10 17:46:00, 50, 0.0000000, 51, 0.0000000, 52, 0.0000000, 49,        64, 56, 6.2676125, 67, 644.68970, 72, 112.46097, 77, 26.468750, 83,     35329,110,        29,116,         4,164,         1
49C,2016/05/10 17:47:00, 50, 0.0000000, 51, 0.0000000, 52, 0.0000000, 49,        64, 56, 6.2676125, 67, 644.68970, 72, 112.44600, 77, 26.906250, 83,     35329,110,        29,116,         4,164,         1
40C,2016/05/10 17:48:00, 50, 0.0000000, 51, 0.0000000, 52, 0.0000000, 49,        64, 56, 6.2676125, 67, 644.68970, 72, 112.39561, 77, 27.343750, 83,     34817,110,        29,116,         4,164,         1
4CC,2016/05/10 17:49:00, 50, 0.0000000, 51, 0.0000000, 52, 0.0000000, 49,        64, 56, 6.2676125, 67, 644.68970, 72, 112.41235, 77, 27.750000, 83,     34817,110,        29,116,         4,164,         1
41C,2016/05/10 17:50:00, 50, 0.0000000, 51, 0.0000000, 52, 0.0000000, 49,        64, 56, 6.2676125, 67, 644.68970, 72, 112.38797, 77, 28.187500, 83,     34817,110,        29,116,         4,164,         1
45C,2016/05/10 17:51:00, 50, 0.0000000, 51, 0.0000000, 52, 0.0000000, 49,        64, 56, 6.2676125, 67, 644.68970, 72, 112.37509, 77, 28.562500, 83,     34817,110,        29,116,         4,164,         1
43C,2016/05/10 17:52:00, 50, 0.0000000, 51, 0.0000000, 52, 0.0000000, 49,        64, 56, 6.2676125, 67, 644.68970, 72, 112.42647, 77, 28.875000, 83,     34817,110,        29,116,         4,164,         1
4AC,2016/05/10 17:53:01, 50, 0.0000000, 51, 0.0000000, 52, 0.0000000, 49,        64, 56, 6.2676125, 67, 644.68970, 72, 112.47499, 77, 29.125000, 83,     34817,110,        29,116,         4,164,         1
4CC,2016/05/10 17:54:00, 50, 0.0000000, 51, 0.0000000, 52, 0.0000000, 49,        64, 56, 6.2676125, 67, 644.68970, 72, 112.52878, 77, 29.375000, 83,     34817,110,        29,116,         4,164,         1
45C,2016/05/10 17:55:00, 50, 0.0000000, 51, 0.0000000, 52, 0.0000000, 49,        64, 56, 6.2676125, 67, 644.68970, 72, 112.60817, 77, 29.625000, 83,     34817,110,        29,116,         4,164,         1
4BC,2016/05/10 17:56:00, 50, 0.0000000, 51, 0.0000000, 52, 0.0000000, 49,        64, 56, 6.2676125, 67, 644.68970, 72, 112.63905, 77, 29.843750, 83,     34817,110,        29,116,         4,164,         1
49C,2016/05/10 17:57:00, 50, 0.0000000, 51, 0.0000000, 52, 0.0000000, 49,        64, 56, 6.2676125, 67, 644.68970, 72, 112.75014, 77, 30.093750, 83,     34817,110,        29,116,         4,164,         1
4DC,2016/05/10 17:58:00, 50, 0.0000000, 51, 0.0000000, 52, 0.0000000, 49,        64, 56, 6.2676125, 67, 644.68970, 72, 112.85942, 77, 30.343750, 83,     34817,110,        29,116,         4,164,         1
42C,2016/05/10 17:59:00, 50, 0.0000000, 51, 0.0000000, 52, 0.0000000, 49,        64, 56, 6.2676125, 67, 644.68970, 72, 112.96602, 77, 30.625000, 83,     34817,110,        29,116,         4,164,         1
40C,2016/05/10 18:00:00, 50, 0.0000000, 51, 0.0000000, 52, 0.0000000, 49,        64, 56, 6.2676125, 67, 644.68970, 72, 113.08208, 77, 30.937500, 83,     34817,110,        29,116,         4,164,         1
46C,2016/05/10 18:01:00, 50, 0.0000000, 51, 0.0000000, 52, 0.0000000, 49,        64, 56, 6.2676125, 67, 644.68970, 72, 113.15602, 77, 31.281250, 83,     34817,110,        29,116,         4,164,         1
43C,2016/05/10 18:02:00, 50, 0.0000000, 51, 0.0000000, 52, 0.0000000, 49,        64, 56, 6.2676125, 67, 644.68970, 72, 113.28674, 77, 31.312500, 83,     34817,110,        29,116,         4,164,         1
49C,2016/05/10 18:03:00, 50, 0.0000000, 51, 0.0000000, 52, 0.0000000, 49,        64, 56, 6.2676125, 67, 644.68970, 72, 113.45674, 77, 31.406250, 83,     34817,110,        29,116,         4,164,         1
4EC,2016/05/10 18:04:00, 50, 0.0000000, 51, 0.0000000, 52, 0.0000000, 49,        64, 56, 6.2676125, 67, 644.68970, 72, 113.59294, 77, 31.750000, 83,     34817,110,        29,116,         4,164,         1
4CC,2016/05/10 18:05:00, 50, 0.0000000, 51, 0.0000000, 52, 0.0000000, 49,        64, 56, 6.2676125, 67, 644.68970, 72, 113.74301, 77, 32.000000, 83,     34817,110,        29,116,         4,164,         1
43C,2016/05/10 18:06:00, 50, 0.0000000, 51, 0.0000000, 52, 0.0000000, 49,        64, 56, 6.2676125, 67, 644.68970, 72, 113.83971, 77, 32.218750, 83,     34817,110,        29,116,         4,164,         1
49C,2016/05/10 18:07:00, 50, 0.0000000, 51, 0.0000000, 52, 0.0000000, 49,        64, 56, 6.2676125, 67, 644.68970, 72, 113.93393, 77, 32.406250, 83,     34817,110,        29,116,         4,164,         1
4EC,2016/05/10 18:08:00, 50, 0.0000000, 51, 0.0000000, 52, 0.0000000, 49,        64, 56, 6.2676125, 67, 644.68970, 72, 114.00380, 77, 32.656250, 83,     34817,110,        29,116,         4,164,         1
4AC,2016/05/10 18:09:00, 50, 0.0000000, 51, 0.0000000, 52, 0.0000000, 49,        64, 56, 6.2676125, 67, 644.68970, 72, 114.13235, 77, 32.875000, 83,     34817,110,        29,116,         4,164,         1
44C,2016/05/10 18:10:00, 50, 0.0000000, 51, 0.0000000, 52, 0.0000000, 49,        64, 56, 6.2676125, 67, 644.68970, 72, 114.26564, 77, 33.093750, 83,     34817,110,        29,116,         4,164,         1
49C,2016/05/10 18:11:00, 50, 0.0000000, 51, 0.0000000, 52, 0.0000000, 49,        64, 56, 6.2676125, 67, 644.68970, 72, 114.35576, 77, 33.312500, 83,     34817,110,        29,116,         4,164,         1
47C,2016/05/10 18:12:00, 50, 0.0000000, 51, 0.0000000, 52, 0.0000000, 49,        64, 56, 6.2676125, 67, 644.68970, 72, 114.46228, 77, 33.531250, 83,     34817,110,        29,116,         4,164,         1
44C,2016/05/10 18:13:00, 50, 0.0000000, 51, 0.0000000, 52, 0.0000000, 49,        64, 56, 6.2676125, 67, 644.68970, 72, 114.52542, 77, 33.718750, 83,     34817,110,        29,116,         4,164,         1
42C,2016/05/10 18:14:00, 50, 0.0000000, 51, 0.0000000, 52, 0.0000000, 49,        64, 56, 6.2676125, 67, 644.68970, 72, 114.66199, 77, 33.937500, 83,     34817,110,        29,116,         4,164,         1
59C,2016/05/10 18:15:00, 50, 154.38629, 51,-85.890686, 52,-240.27698, 49,        64, 56, 6.2676125, 67, 644.68970, 72, 114.71175, 77, 34.125000, 83,         0,110,         3,116,         4,164,         1
58C,2016/05/10 18:16:00, 50, 171.81476, 51, 353.03577, 52, 181.22101, 49,        64, 56, 6.2676125, 67, 644.68970, 72, 114.21027, 77, 34.312500, 83,         0,110,         7,116,         4,164,         1
59C,2016/05/10 18:17:00, 50, 124.31650, 51, 288.08762, 52, 163.77112, 49,        64, 56, 6.2676125, 67, 644.68970, 72, 114.81102, 77, 34.500000, 83,         0,110,         2,116,         4,164,         1
50C,2016/05/10 18:18:00, 50, 657.45850, 51, 1113.8870, 52, 456.42853, 49,        64, 56, 6.2676125, 67, 644.68970, 72, 114.31424, 77, 34.625000, 83,         0,110,         1,116,         4,164,         1
5FC,2016/05/10 18:19:00, 50, 358.02509, 51, 781.25555, 52, 423.23047, 49,        64, 56, 6.2676125, 67, 644.68970, 72, 114.36496, 77, 34.781250, 83,         0,110,         0,116,         4,164,         1
5BC,2016/05/10 18:20:00, 50, 70.129547, 51, 133.38187, 52, 63.252327, 49,        64, 56, 6.2676125, 67, 644.68970, 72, 114.99782, 77, 34.968750, 83,         0,110,         3,116,         4,164,         1
58C,2016/05/10 18:21:00, 50, 101.56947, 51, 229.16974, 52, 127.60027, 49,        64, 56, 6.2676125, 67, 644.68970, 72, 114.48019, 77, 35.093750, 83,         0,110,         7,116,         4,164,         1
5DC,2016/05/10 18:22:00, 50, 544.84363, 51, 466.56177, 52,-78.281891, 49,        64, 56, 6.2676125, 67, 644.68970, 72, 115.14204, 77, 35.250000, 83,         0,110,         2,116,         4,164,         1
5AC,2016/05/10 18:23:00, 50, 362.09326, 51, 540.20807, 52, 178.11484, 49,        64, 56, 6.2676125, 67, 644.68970, 72, 114.58821, 77, 35.406250, 83,         0,110,         1,116,         4,164,         1
57C,2016/05/10 18:24:00, 50, 84.367142, 51, 164.59203, 52, 80.224884, 49,        64, 56, 6.2676125, 67, 644.68970, 72, 114.63252, 77, 35.562500, 83,         0,110,         0,116,         4,164,         1
50C,2016/05/10 18:25:00, 50, 152.77472, 51, 295.94400, 52, 143.16928, 49,        64, 56, 6.2676125, 67, 644.68970, 72, 115.26476, 77, 35.687500, 83,         0,110,         3,116,         4,164,         1
50C,2016/05/10 18:26:00, 50, 1043.1643, 51, 1028.5779, 52,-14.586437, 49,        64, 56, 6.2676125, 67, 644.68970, 72, 114.71021, 77, 35.812500, 83,         0,110,         7,116,         4,164,         1
5FC,2016/05/10 18:27:00, 50, 831.74707, 51, 678.07599, 52,-153.67108, 49,        64, 56, 6.2676125, 67, 644.68970, 72, 115.43166, 77, 35.968750, 83,         0,110,         2,116,         4,164,         1
56C,2016/05/10 18:28:00, 50, 123.18109, 51, 224.08861, 52, 100.90752, 49,        64, 56, 6.2676125, 67, 644.68970, 72, 114.86530, 77, 36.125000, 83,         0,110,         1,116,         4,164,         1
50C,2016/05/10 18:29:00, 50, 464.51343, 51, 597.47540, 52, 132.96201, 49,        64, 56, 6.2676125, 67, 644.68970, 72, 114.85522, 77, 36.218750, 83,         0,110,         0,116,         4,164,         1
54C,2016/05/10 18:30:00, 50, 102.28041, 51, 119.53559, 52, 17.255180, 49,        64, 56, 6.2676125, 67, 644.68970, 72, 115.42847, 77, 36.343750, 83,         0,110,         3,116,         4,164,         1
55C,2016/05/10 18:31:00, 50, 92.831985, 51, 172.46236, 52, 79.630371, 49,        64, 56, 6.2676125, 67, 644.68970, 72, 114.71973, 77, 36.468750, 83,         0,110,         7,116,         4,164,         1
52C,2016/05/10 18:32:00, 50, 94.482178, 51, 146.08099, 52, 51.598816, 49,        64, 56, 6.2676125, 67, 644.68970, 72, 115.33386, 77, 36.593750, 83,         0,110,         2,116,         4,164,         1
5AC,2016/05/10 18:33:00, 50, 135.28204, 51, 213.24301, 52, 77.960968, 49,        64, 56, 6.2676125, 67, 644.68970, 72, 114.64731, 77, 36.656250, 83,         0,110,         1,116,         4,164,         1
56C,2016/05/10 18:34:00, 50, 128.59409, 51, 209.53970, 52, 80.945618, 49,        64, 56, 6.2676125, 67, 644.68970, 72, 114.59709, 77, 36.687500, 83,         0,110,         0,116,         4,164,         1
5CC,2016/05/10 18:35:00, 50, 129.10107, 51, 183.85384, 52, 54.752769, 49,        64, 56, 6.2676125, 67, 644.68970, 72, 115.22032, 77, 36.718750, 83,         0,110,         3,116,         4,164,         1
56C,2016/05/10 18:36:00, 50, 65.726044, 51, 100.66573, 52, 34.939690, 49,        64, 56, 6.2676125, 67, 644.68970, 72, 114.54193, 77, 36.718750, 83,         0,110,         7,116,         4,164,         1
5AC,2016/05/10 18:37:00, 50, 60.824226, 51, 159.66869, 52, 98.844467, 49,        64, 56, 6.2676125, 67, 644.68970, 72, 115.14572, 77, 36.781250, 83,         0,110,         2,116,         4,164,         1
52C,2016/05/10 18:38:00, 50, 103.62285, 51, 209.19685, 52, 105.57401, 49,        64, 56, 6.2676125, 67, 644.68970, 72, 114.44414, 77, 36.750000, 83,         0,110,         1,116,         4,164,         1
5BC,2016/05/10 18:39:00, 50, 99.296082, 51, 208.48955, 52, 109.19347, 49,        64, 56, 6.2676125, 67, 644.68970, 72, 114.40192, 77, 36.812500, 83,         0,110,         0,116,         4,164,         1
5CC,2016/05/10 18:40:00, 50, 83.016190, 51, 166.23207, 52, 83.215881, 49,        64, 56, 6.2676125, 67, 644.68970, 72, 115.03146, 77, 36.812500, 83,         0,110,         3,116,         4,164,         1
5EC,2016/05/10 18:41:00, 50, 144.79590, 51, 171.35359, 52, 26.557701, 49,        64, 56, 6.2676125, 67, 644.68970, 72, 114.30722, 77, 36.781250, 83,         0,110,         7,116,         4,164,         1
51C,2016/05/10 18:42:00, 50, 891.70911, 51, 435.78156, 52,-455.92755, 49,        64, 56, 6.2676125, 67, 644.68970, 72, 114.93185, 77, 36.812500, 83,         0,110,         2,116,         4,164,         1
54C,2016/05/10 18:43:00, 50, 239.11252, 51, 450.96359, 52, 211.85107, 49,        64, 56, 6.2676125, 67, 644.68970, 72, 114.25351, 77, 36.812500, 83,         0,110,         1,116,         4,164,         1
58C,2016/05/10 18:44:00, 50, 155.35568, 51, 198.27679, 52, 42.921120, 49,        64, 56, 6.2676125, 67, 644.68970, 72, 114.25446, 77, 36.812500, 83,         0,110,         0,116,         4,164,         1
57C,2016/05/10 18:45:00, 50, 33.970375, 51, 320.31961, 52, 286.34924, 49,        64, 56, 6.2676125, 67, 644.68970, 72, 114.92877, 77, 36.781250, 83,         0,110,         3,116,         4,164,         1
52C,2016/05/10 18:46:00, 50, 28.987495, 51, 96.902443, 52, 67.914948, 49,        64, 56, 6.2676125, 67, 644.68970, 72, 114.26811, 77, 36.781250, 83,         0,110,         7,116,         4,164,         1
5FC,2016/05/10 18:47:00, 50, 117.41965, 51, 147.09825, 52, 29.678608, 49,        64, 56, 6.2676125, 67, 644.68970, 72, 114.92606, 77, 36.718750, 83,         0,110,         2,116,         4,164,         1
57C,2016/05/10 18:48:00, 50, 74.130768, 51, 218.65958, 52, 144.52881, 49,        64, 56, 6.2676125, 67, 644.68970, 72, 114.26945, 77, 36.718750, 83,         0,110,         1,116,         4,164,         1
50C,2016/05/10 18:49:00, 50, 141.24911, 51, 188.41624, 52, 47.167130, 49,        64, 56, 6.2676125, 67, 644.68970, 72, 114.26424, 77, 36.687500, 83,         0,110,         0,116,         4,164,         1
52C,2016/05/10 18:50:00, 50, 72.049576, 51, 81.493401, 52, 9.4438248, 49,        64, 56, 6.2676125, 67, 644.68970, 72, 114.93263, 77, 36.656250, 83,         0,110,         3,116,         4,164,         1
5EC,2016/05/10 18:51:00, 50, 34.838661, 51, 111.97111, 52, 77.132446, 49,        64, 56, 6.2676125, 67, 644.68970, 72, 114.25395, 77, 36.625000, 83,         0,110,         7,116,         4,164,         1
52C,2016/05/10 18:52:00, 50, 62.846817, 51, 115.99183, 52, 53.145012, 49,        64, 56, 6.2676125, 67, 644.68970, 72, 114.90862, 77, 36.625000, 83,         0,110,         2,116,         4,164,         1
57C,2016/05/10 18:53:00, 50, 235.69681, 51, 375.45636, 52, 139.75955, 49,        64, 56, 6.2676125, 67, 644.68970, 72, 114.23940, 77, 36.656250, 83,         0,110,         1,116,         4,164,         1
56C,2016/05/10 18:54:00, 50, 191.11499, 51, 236.53065, 52, 45.415672, 49,        64, 56, 6.2676125, 67, 644.68970, 72, 114.23817, 77, 36.687500, 83,         0,110,         0,116,         4,164,         1
5BC,2016/05/10 18:55:00, 50, 202.41653, 51, 272.99979, 52, 70.583252, 49,        64, 56, 6.2676125, 67, 644.68970, 72, 114.89029, 77, 36.750000, 83,         0,110,         3,116,         4,164,         1
54C,2016/05/10 18:56:00, 50, 221.97418, 51, 300.61508, 52, 78.640915, 49,        64, 56, 6.2676125, 67, 644.68970, 72, 114.22128, 77, 36.781250, 83,         0,110,         7,116,         4,164,         1
51C,2016/05/10 18:57:00, 50, 173.67957, 51, 480.65118, 52, 306.97162, 49,        64, 56, 6.2676125, 67, 644.68970, 72, 114.87628, 77, 36.843750, 83,         0,110,         2,116,         4,164,         1
59C,2016/05/10 18:58:00, 50, 134.49850, 51, 154.47925, 52, 19.980755, 49,        64, 56, 6.2676125, 67, 644.68970, 72, 114.20740, 77, 36.906250, 83,         0,110,         1,116,         4,164,         1
54C,2016/05/10 18:59:00, 50, 128.44257, 51, 203.43349, 52, 74.990921, 49,        64, 56, 6.2676125, 67, 644.68970, 72, 114.21085, 77, 36.968750, 83,         0,110,         0,116,         4,164,         1
5FC,2016/05/10 19:00:00, 50, 304.46906, 51, 256.44733, 52,-48.021751, 49,        64, 56, 6.2676125, 67, 644.68970, 72, 114.87601, 77, 37.000000, 83,         0,110,         3,116,         4,164,         1
50C,2016/05/10 19:01:00, 50, 182.94092, 51, 295.13727, 52, 112.19635, 49,        64, 56, 6.2676125, 67, 644.68970, 72, 114.21918, 77, 37.031250, 83,         0,110,         7,116,         4,164,         1
57C,2016/05/10 19:02:00, 50, 119.04875, 51, 221.08479, 52, 102.03604, 49,        64, 56, 6.2676125, 67, 644.68970, 72, 114.89783, 77, 37.031250, 83,         0,110,         2,116,         4,164,         1
5DC,2016/05/10 19:03:00, 50, 470.53949, 51, 575.02106, 52, 104.48157, 49,        64, 56, 6.2676125, 67, 644.68970, 72, 114.24190, 77, 37.062500, 83,         0,110,         1,116,         4,164,         1
58C,2016/05/10 19:04:00, 50, 111.84529, 51, 223.67941, 52, 111.83412, 49,        64, 56, 6.2676125, 67, 644.68970, 72, 114.22049, 77, 37.093750, 83,         0,110,         0,116,         4,164,         1
52C,2016/05/10 19:05:00, 50, 76.277695, 51, 130.46329, 52, 54.185600, 49,        64, 56, 6.2676125, 67, 644.68970, 72, 114.86816, 77, 37.125000, 83,         0,110,         3,116,         4,164,         1
5AC,2016/05/10 19:06:00, 50, 142.06866, 51, 188.24680, 52, 46.178131, 49,        64, 56, 6.2676125, 67, 644.68970, 72, 114.19873, 77, 37.218750, 83,         0,110,         7,116,         4,164,         1
5FC,2016/05/10 19:07:00, 50, 114.77907, 51, 167.25153, 52, 52.472466, 49,        64, 56, 6.2676125, 67, 644.68970, 72, 114.86786, 77, 37.281250, 83,         0,110,         2,116,         4,164,         1
55C,2016/05/10 19:08:00, 50, 226.25061, 51, 304.02277, 52, 77.772171, 49,        64, 56, 6.2676125, 67, 644.68970, 72, 114.21344, 77, 37.375000, 83,         0,110,         1,116,         4,164,         1
5EC,2016/05/10 19:09:00, 50, 120.68117, 51, 189.66806, 52, 68.986893, 49,        64, 56, 6.2676125, 67, 644.68970, 72, 114.22334, 77, 37.437500, 83,         0,110,         0,116,         4,164,         1
58C,2016/05/10 19:10:00, 50, 106.65622, 51, 226.68756, 52, 120.03134, 49,        64, 56, 6.2676125, 67, 644.68970, 72, 114.87331, 77, 37.500000, 83,         0,110,         3,116,         4,164,         1
5FC,2016/05/10 19:11:00, 50, 418.47479, 51, 245.98044, 52,-172.49435, 49,        64, 56, 6.2676125, 67, 644.68970, 72, 114.21071, 77, 37.562500, 83,         0,110,         7,116,         4,164,         1
56C,2016/05/10 19:12:00, 50, 325.01080, 51, 619.91449, 52, 294.90369, 49,        64, 56, 6.2676125, 67, 644.68970, 72, 114.89969, 77, 37.625000, 83,         0,110,         2,116,         4,164,         1
5BC,2016/05/10 19:13:00, 50, 249.13983, 51, 185.34825, 52,-63.791580, 49,        64, 56, 6.2676125, 67, 644.68970, 72, 114.25902, 77, 37.718750, 83,         0,110,         1,116,         4,164,         1
58C,2016/05/10 19:14:00, 50, 128.94370, 51, 164.13748, 52, 35.193787, 49,        64, 56, 6.2676125, 67, 644.68970, 72, 114.26434, 77, 37.812500, 83,         0,110,         0,116,         4,164,         1
54C,2016/05/10 19:15:00, 50, 69.929230, 51, 30.132866, 52,-39.796364, 49,        64, 56, 6.2676125, 67, 644.68970, 72, 114.93726, 77, 37.875000, 83,         0,110,         3,116,         4,164,         1
5CC,2016/05/10 19:16:00, 50, 108.33197, 51, 180.02263, 52, 71.690659, 49,        64, 56, 6.2676125, 67, 644.68970, 72, 114.30309, 77, 37.968750, 83,         0,110,         7,116,         4,164,         1
56C,2016/05/10 19:17:00, 50, 219.80371, 51, 172.30406, 52,-47.499649, 49,        64, 56, 6.2676125, 67, 644.68970, 72, 114.97844, 77, 38.062500, 83,         0,110,         2,116,         4,164,         1
50C,2016/05/10 19:18:00, 50, 112.88896, 51, 215.53825, 52, 102.64929, 49,        64, 56, 6.2676125, 67, 644.68970, 72, 114.98726, 77, 38.156250, 83,         0,110,         1,116,         4,164,         1
58C,2016/05/10 19:19:00, 50, 717.26721, 51, 330.94446, 52,-386.32275, 49,        64, 56, 6.2676125, 67, 644.68970, 72, 114.34355, 77, 38.218750, 83,         0,110,         0,116,         4,164,         1
5DC,2016/05/10 19:20:00, 50, 775.36743, 51,-150.58875, 52,-925.95618, 49,        64, 56, 6.2676125, 67, 644.68970, 72, 114.34995, 77, 38.343750, 83,         0,110,         3,116,         4,164,         1
59C,2016/05/10 19:21:00, 50, 218.90109, 51, 177.64647, 52,-41.254631, 49,        64, 56, 6.2676125, 67, 644.68970, 72, 114.36668, 77, 38.437500, 83,         0,110,         7,116,         4,164,         1
5EC,2016/05/10 19:22:00, 50, 114.09441, 51, 81.795662, 52,-32.298744, 49,        64, 56, 6.2676125, 67, 644.68970, 72, 115.04961, 77, 38.500000, 83,         0,110,         2,116,         4,164,         1
5DC,2016/05/10 19:23:00, 50, 126.98727, 51, 190.20506, 52, 63.217789, 49,        64, 56, 6.2676125, 67, 644.68970, 72, 115.06000, 77, 38.562500, 83,         0,110,         1,116,         4,164,         1
52C,2016/05/10 19:24:00, 50, 143.15475, 51, 185.52818, 52, 42.373428, 49,        64, 56, 6.2676125, 67, 644.68970, 72, 114.42105, 77, 38.625000, 83,         0,110,         0,116,         4,164,         1
58C,2016/05/10 19:25:00, 50, 251.04196, 51, 362.90179, 52, 111.85985, 49,        64, 56, 6.2676125, 67, 644.68970, 72, 114.42317, 77, 38.687500, 83,         0,110,         3,116,         4,164,         1
58C,2016/05/10 19:26:00, 50, 272.27673, 51, 324.27243, 52, 51.995720, 49,        64, 56, 6.2676125, 67, 644.68970, 72, 114.46202, 77, 38.812500, 83,         0,110,         7,116,         4,164,         1
54C,2016/05/10 19:27:00, 50, 314.81158, 51, 367.77536, 52, 52.963783, 49,        64, 56, 6.2676125, 67, 644.68970, 72, 115.20863, 77, 38.843750, 83,         0,110,         2,116,         4,164,         1
54C,2016/05/10 19:28:00, 50, 202.51733, 51, 381.86154, 52, 179.34421, 49,        64, 56, 6.2676125, 67, 644.68970, 72, 115.25780, 77, 38.906250, 83,         0,110,         1,116,         4,164,         1
5AC,2016/05/10 19:29:00, 50, 175.41040, 51, 313.35889, 52, 137.94849, 49,        64, 56, 6.2676125, 67, 644.68970, 72, 114.64984, 77, 39.000000, 83,         0,110,         0,116,         4,164,         1
5EC,2016/05/10 19:30:00, 50, 270.37695, 51, 430.88547, 52, 160.50851, 49,        64, 56, 6.2676125, 67, 644.68970, 72, 114.71291, 77, 39.062500, 83,         0,110,         3,116,         4,164,         1
5EC,2016/05/10 19:31:00, 50, 168.89166, 51, 249.93060, 52, 81.038940, 49,        64, 56, 6.2676125, 67, 644.68970, 72, 114.79703, 77, 39.156250, 83,         0,110,         7,116,         4,164,         1
56C,2016/05/10 19:32:00, 50, 159.25592, 51, 243.38489, 52, 84.128967, 49,        64, 56, 6.2676125, 67, 644.68970, 72, 115.52850, 77, 39.218750, 83,         0,110,         2,116,         4,164,         1
56C,2016/05/10 19:33:00, 50, 116.70335, 51, 167.58177, 52, 50.878426, 49,        64, 56, 6.2676125, 67, 644.68970, 72, 115.57173, 77, 39.281250, 83,         0,110,         1,116,         4,164,         1
5DC,2016/05/10 19:34:00, 50, 90.368271, 51, 138.31927, 52, 47.951012, 49,        64, 56, 6.2676125, 67, 644.68970, 72, 114.94917, 77, 39.343750, 83,         0,110,         0,116,         4,164,         1
5EC,2016/05/10 19:35:00, 50, 76.728149, 51, 72.097778, 52,-4.6303730, 49,        64, 56, 6.2676125, 67, 644.68970, 72, 114.98451, 77, 39.437500, 83,         0,110,         3,116,         4,164,         1
51C,2016/05/10 19:36:00, 50, 139.55798, 51, 213.07625, 52, 73.518265, 49,        64, 56, 6.2676125, 67, 644.68970, 72, 115.01767, 77, 39.531250, 83,         0,110,         7,116,         4,164,         1
5EC,2016/05/10 19:37:00, 50, 177.99725, 51, 169.90529, 52,-8.0919704, 49,        64, 56, 6.2676125, 67, 644.68970, 72, 115.71219, 77, 39.593750, 83,         0,110,         2,116,         4,164,         1
58C,2016/05/10 19:38:00, 50, 161.06781, 51, 236.08054, 52, 75.012726, 49,        64, 56, 6.2676125, 67, 644.68970, 72, 115.72179, 77, 39.687500, 83,         0,110,         1,116,         4,164,         1
51C,2016/05/10 19:39:00, 50, 230.09705, 51, 454.96338, 52, 224.86633, 49,        64, 56, 6.2676125, 67, 644.68970, 72, 115.07002, 77, 39.718750, 83,         0,110,         0,116,         4,164,         1
5EC,2016/05/10 19:40:00, 50, 302.95996, 51, 480.54388, 52, 177.58392, 49,        64, 56, 6.2676125, 67, 644.68970, 72, 115.10431, 77, 39.781250, 83,         0,110,         3,116,         4,164,         1
57C,2016/05/10 19:41:00, 50, 438.68781, 51, 482.02887, 52, 43.341087, 49,        64, 56, 6.2676125, 67, 644.68970, 72, 115.13313, 77, 39.875000, 83,         0,110,         7,116,         4,164,         1
54C,2016/05/10 19:42:00, 50, 266.86237, 51, 379.24054, 52, 112.37817, 49,        64, 56, 6.2676125, 67, 644.68970, 72, 115.82661, 77, 39.968750, 83,         0,110,         2,116,         4,164,         1
57C,2016/05/10 19:43:00, 50, 149.76086, 51, 235.19618, 52, 85.435318, 49,        64, 56, 6.2676125, 67, 644.68970, 72, 115.84077, 77, 40.000000, 83,         0,110,         1,116,         4,164,         1
5BC,2016/05/10 19:44:00, 50, 492.87207, 51, 347.81802, 52,-145.05405, 49,        64, 56, 6.2676125, 67, 644.68970, 72, 115.18646, 77, 40.062500, 83,         0,110,         0,116,         4,164,         1
53C,2016/05/10 19:45:00, 50, 134.57971, 51, 485.45038, 52, 350.87067, 49,        64, 56, 6.2676125, 67, 644.68970, 72, 115.19675, 77, 40.156250, 83,         0,110,         3,116,         4,164,         1
59C,2016/05/10 19:46:00, 50, 505.98956, 51, 584.66260, 52, 78.673065, 49,        64, 56, 6.2676125, 67, 644.68970, 72, 115.21745, 77, 40.218750, 83,         0,110,         7,116,         4,164,         1
5FC,2016/05/10 19:47:00, 50, 151.30450, 51, 253.89365, 52, 102.58914, 49,        64, 56, 6.2676125, 67, 644.68970, 72, 115.91615, 77, 40.281250, 83,         0,110,         2,116,         4,164,         1
5AC,2016/05/10 19:48:00, 50, 477.49310, 51, 352.67233, 52,-124.82079, 49,        64, 56, 6.2676125, 67, 644.68970, 72, 115.93152, 77, 40.375000, 83,         0,110,         1,116,         4,164,         1
58C,2016/05/10 19:49:00, 50, 244.41486, 51, 337.85269, 52, 93.437836, 49,        64, 56, 6.2676125, 67, 644.68970, 72, 115.27330, 77, 40.406250, 83,         0,110,         0,116,         4,164,         1
5CC,2016/05/10 19:50:00, 50, 224.88583, 51, 265.58774, 52, 40.701904, 49,        64, 56, 6.2676125, 67, 644.68970, 72, 115.28937, 77, 40.468750, 83,         0,110,         3,116,         4,164,         1
5CC,2016/05/10 19:51:00, 50, 548.42371, 51, 690.85242, 52, 142.42874, 49,        64, 56, 6.2676125, 67, 644.68970, 72, 115.30417, 77, 40.531250, 83,         0,110,         7,116,         4,164,         1
5EC,2016/05/10 19:52:00, 50, 250.81403, 51, 377.04236, 52, 126.22833, 49,        64, 56, 6.2676125, 67, 644.68970, 72, 116.00342, 77, 40.625000, 83,         0,110,         2,116,         4,164,         1
5CC,2016/05/10 19:53:00, 50, 288.34253, 51, 435.59811, 52, 147.25558, 49,        64, 56, 6.2676125, 67, 644.68970, 72, 116.02141, 77, 40.687500, 83,         0,110,         1,116,         4,164,         1
59C,2016/05/10 19:54:00, 50, 342.25342, 51, 477.25793, 52, 135.00452, 49,        64, 56, 6.2676125, 67, 644.68970, 72, 115.35559, 77, 40.750000, 83,         0,110,         0,116,         4,164,         1
50C,2016/05/10 19:55:00, 50, 792.31885, 51, 280.59363, 52,-511.72522, 49,        64, 56, 6.2676125, 67, 644.68970, 72, 115.37140, 77, 40.781250, 83,         0,110,         3,116,         4,164,         1
5EC,2016/05/10 19:56:00, 50, 305.66919, 51, 431.89926, 52, 126.23009, 49,        64, 56, 6.2676125, 67, 644.68970, 72, 115.38646, 77, 40.843750, 83,         0,110,         7,116,         4,164,         1
5AC,2016/05/10 19:57:00, 50, 160.98721, 51, 246.26639, 52, 85.279175, 49,        64, 56, 6.2676125, 67, 644.68970, 72, 116.07512, 77, 40.906250, 83,         0,110,         2,116,         4,164,         1
53C,2016/05/10 19:58:00, 50, 189.58130, 51, 235.17665, 52, 45.595352, 49,        64, 56, 6.2676125, 67, 644.68970, 72, 116.07507, 77, 40.968750, 83,         0,110,         1,116,         4,164,         1
5DC,2016/05/10 19:59:00, 50, 104.63208, 51, 210.67143, 52, 106.03935, 49,        64, 56, 6.2676125, 67, 644.68970, 72, 115.40059, 77, 41.031250, 83,         0,110,         0,116,         4,164,         1
51C,2016/05/10 20:00:00, 50, 149.43527, 51, 307.48349, 52, 158.04822, 49,        64, 56, 6.2676125, 67, 644.68970, 72, 115.40671, 77, 41.093750, 83,         0,110,         3,116,         4,164,         1
56C,2016/05/10 20:01:00, 50, 253.17795, 51, 370.16599, 52, 116.98805, 49,        64, 56, 6.2676125, 67, 644.68970, 72, 115.41603, 77, 41.125000, 83,         0,110,         7,116,         4,164,         1
51C,2016/05/10 20:02:00, 50, 285.03174, 51, 360.68829, 52, 75.656570, 49,        64, 56, 6.2676125, 67, 644.68970, 72, 116.09909, 77, 41.187500, 83,         0,110,         2,116,         4,164,         1
5BC,2016/05/10 20:03:00, 50, 187.34628, 51, 226.45677, 52, 39.110489, 49,        64, 56, 6.2676125, 67, 644.68970, 72, 116.10587, 77, 41.218750, 83,         0,110,         1,116,         4,164,         1
50C,2016/05/10 20:04:00, 50, 129.54312, 51, 227.06854, 52, 97.525421, 49,        64, 56, 6.2676125, 67, 644.68970, 72, 115.45070, 77, 41.218750, 83,         0,110,         0,116,         4,164,         1
56C,2016/05/10 20:05:00, 50, 290.15863, 51, 478.62430, 52, 188.46567, 49,        64, 56, 6.2676125, 67, 644.68970, 72, 115.45210, 77, 41.281250, 83,         0,110,         3,116,         4,164,         1
5BC,2016/05/10 20:06:00, 50, 582.85046, 51, 599.55981, 52, 16.709377, 49,        64, 56, 6.2676125, 67, 644.68970, 72, 115.45436, 77, 41.343750, 83,         0,110,         7,116,         4,164,         1
5DC,2016/05/10 20:07:00, 50, 519.51758, 51, 1018.4513, 52, 498.93372, 49,        64, 56, 6.2676125, 67, 644.68970, 72, 116.16290, 77, 41.406250, 83,         0,110,         2,116,         4,164,         1
59C,2016/05/10 20:08:00, 50, 321.03906, 51, 865.00928, 52, 543.97021, 49,        64, 56, 6.2676125, 67, 644.68970, 72, 116.16977, 77, 41.437500, 83,         0,110,         1,116,         4,164,         1
53C,2016/05/10 20:09:00, 50, 128.61511, 51, 205.50447, 52, 76.889359, 49,        64, 56, 6.2676125, 67, 644.68970, 72, 115.51300, 77, 41.500000, 83,         0,110,         0,116,         4,164,         1
52C,2016/05/10 20:10:00, 50, 230.45270, 51, 1176.5769, 52, 946.12427, 49,        64, 56, 6.2676125, 67, 644.68970, 72, 115.51355, 77, 41.562500, 83,         0,110,         3,116,         4,164,         1
58C,2016/05/10 20:11:00, 50, 100.28647, 51, 204.25204, 52, 103.96558, 49,        64, 56, 6.2676125, 67, 644.68970, 72, 115.51566, 77, 41.625000, 83,         0,110,         7,116,         4,164,         1
58C,2016/05/10 20:12:00, 50, 112.07213, 51, 167.89377, 52, 55.821648, 49,        64, 56, 6.2676125, 67, 644.68970, 72, 116.20395, 77, 41.656250, 83,         0,110,         2,116,         4,164,         1
5BC,2016/05/10 20:13:00, 50, 172.09933, 51, 262.24533, 52, 90.146011, 49,        64, 56, 6.2676125, 67, 644.68970, 72, 116.21149, 77, 41.718750, 83,         0,110,         1,116,         4,164,         1
59C,2016/05/10 20:14:00, 50, 196.49023, 51, 269.20294, 52, 72.712723, 49,        64, 56, 6.2676125, 67, 644.68970, 72, 115.54393, 77, 41.750000, 83,         0,110,         0,116,         4,164,         1
5FC,2016/05/10 20:15:00, 50, 178.05609, 51, 127.30569, 52,-50.750404, 49,        64, 56, 6.2676125, 67, 644.68970, 72, 115.56476, 77, 41.812500, 83,         0,110,         3,116,         4,164,         1
5CC,2016/05/10 20:16:00, 50, 274.00006, 51, 347.85202, 52, 73.851959, 49,        64, 56, 6.2676125, 67, 644.68970, 72, 115.60884, 77, 41.875000, 83,         0,110,         7,116,         4,164,         1
5BC,2016/05/10 20:17:00, 50, 308.08289, 51, 317.53806, 52, 9.4551926, 49,        64, 56, 6.2676125, 67, 644.68970, 72, 116.31018, 77, 41.906250, 83,         0,110,         2,116,         4,164,         1
5BC,2016/05/10 20:18:00, 50, 229.67734, 51, 345.97726, 52, 116.29994, 49,        64, 56, 6.2676125, 67, 644.68970, 72, 116.30487, 77, 41.968750, 83,         0,110,         1,116,         4,164,         1
5DC,2016/05/10 20:19:00, 50, 418.21948, 51, 506.56360, 52, 88.344116, 49,        64, 56, 6.2676125, 67, 644.68970, 72, 115.62569, 77, 42.000000, 83,         0,110,         0,116,         4,164,         1
52C,2016/05/10 20:20:00, 50, 2086.7788, 51,-543.98730, 52,-2630.7661, 49,        64, 56, 6.2676125, 67, 644.68970, 72, 115.61748, 77, 42.031250, 83,         0,110,         3,116,         4,164,         1
57C,2016/05/10 20:21:00, 50, 305.23523, 51, 363.00412, 52, 57.768913, 49,        64, 56, 6.2676125, 67, 644.68970, 72, 115.59126, 77, 42.093750, 83,         0,110,         7,116,         4,164,         1
5EC,2016/05/10 20:22:00, 50, 179.39493, 51, 295.29828, 52, 115.90337, 49,        64, 56, 6.2676125, 67, 644.68970, 72, 116.23924, 77, 42.125000, 83,         0,110,         2,116,         4,164,         1
5EC,2016/05/10 20:23:00, 50, 190.07788, 51, 279.99417, 52, 89.916290, 49,        64, 56, 6.2676125, 67, 644.68970, 72, 116.24419, 77, 42.156250, 83,         0,110,         1,116,         4,164,         1
54C,2016/05/10 20:24:00, 50, 139.24280, 51, 233.22034, 52, 93.977539, 49,        64, 56, 6.2676125, 67, 644.68970, 72, 115.58855, 77, 42.218750, 83,         0,110,         0,116,         4,164,         1
55C,2016/05/10 20:25:00, 50, 188.97757, 51, 380.14621, 52, 191.16864, 49,        64, 56, 6.2676125, 67, 644.68970, 72, 115.59593, 77, 42.250000, 83,         0,110,         3,116,         4,164,         1
5DC,2016/05/10 20:26:00, 50, 189.62018, 51, 398.78537, 52, 209.16519, 49,        64, 56, 6.2676125, 67, 644.68970, 72, 115.61401, 77, 42.281250, 83,         0,110,         7,116,         4,164,         1
5AC,2016/05/10 20:27:00, 50, 197.23181, 51, 255.75653, 52, 58.524719, 49,        64, 56, 6.2676125, 67, 644.68970, 72, 116.30719, 77, 42.312500, 83,         0,110,         2,116,         4,164,         1
5DC,2016/05/10 20:28:00, 50, 211.35489, 51, 262.43149, 52, 51.076599, 49,        64, 56, 6.2676125, 67, 644.68970, 72, 116.30812, 77, 42.375000, 83,         0,110,         1,116,         4,164,         1
58C,2016/05/10 20:29:00, 50, 403.51807, 51, 219.14862, 52,-184.36945, 49,        64, 56, 6.2676125, 67, 644.68970, 72, 115.62132, 77, 42.406250, 83,         0,110,         0,116,         4,164,         1
5BC,2016/05/10 20:30:00, 50, 102.49982, 51, 180.57106, 52, 78.071243, 49,        64, 56, 6.2676125, 67, 644.68970, 72, 115.60674, 77, 42.437500, 83,         0,110,         3,116,         4,164,         1
5FC,2016/05/10 20:31:00, 50, 459.39862, 51, 503.36502, 52, 43.966400, 49,        64, 56, 6.2676125, 67, 644.68970, 72, 115.58882, 77, 42.500000, 83,         0,110,         7,116,         4,164,         1
54C,2016/05/10 20:32:00, 50, 394.69757, 51, 548.67572, 52, 153.97815, 49,        64, 56, 6.2676125, 67, 644.68970, 72, 116.29407, 77, 42.500000, 83,         0,110,         2,116,         4,164,         1
50C,2016/05/10 20:33:00, 50, 344.12024, 51, 455.87515, 52, 111.75491, 49,        64, 56, 6.2676125, 67, 644.68970, 72, 116.30525, 77, 42.531250, 83,         0,110,         1,116,         4,164,         1
53C,2016/05/10 20:34:00, 50, 676.22852, 51, 374.81152, 52,-301.41699, 49,        64, 56, 6.2676125, 67, 644.68970, 72, 115.62395, 77, 42.562500, 83,         0,110,         0,116,         4,164,         1
5CC,2016/05/10 20:35:00, 50, 193.50269, 51, 313.93628, 52, 120.43361, 49,        64, 56, 6.2676125, 67, 644.68970, 72, 115.61601, 77, 42.593750, 83,         0,110,         3,116,         4,164,         1
5EC,2016/05/10 20:36:00, 50, 204.21085, 51, 278.97083, 52, 74.759995, 49,        64, 56, 6.2676125, 67, 644.68970, 72, 115.61734, 77, 42.625000, 83,         0,110,         0,116,         4,164,         1
5BC,2016/05/10 20:37:00, 50, 171.29630, 51, 265.12073, 52, 93.824448, 49,        64, 56, 6.2676125, 67, 644.68970, 72, 116.30972, 77, 42.656250, 83,         0,110,         2,116,         4,164,         1
5EC,2016/05/10 20:38:00, 50, 194.73810, 51, 254.85362, 52, 60.115532, 49,        64, 56, 6.2676125, 67, 644.68970, 72, 116.30869, 77, 42.687500, 83,         0,110,         1,116,         4,164,         1
5CC,2016/05/10 20:39:00, 50, 206.58029, 51, 278.96146, 52, 72.381165, 49,        64, 56, 6.2676125, 67, 644.68970, 72, 115.63438, 77, 42.750000, 83,         0,110,         0,116,         4,164,         1
5BC,2016/05/10 20:40:00, 50, 249.86353, 51, 1027.1250, 52, 777.26147, 49,        64, 56, 6.2676125, 67, 644.68970, 72, 115.64505, 77, 42.781250, 83,         0,110,         3,116,         4,164,         1
55C,2016/05/10 20:41:00, 50, 254.01324, 51, 341.12653, 52, 87.113297, 49,        64, 56, 6.2676125, 67, 644.68970, 72, 115.67728, 77, 42.812500, 83,         0,110,         0,116,         4,164,         1
50C,2016/05/10 20:42:00, 50, 282.77209, 51, 398.19717, 52, 115.42508, 49,        64, 56, 6.2676125, 67, 644.68970, 72, 116.37796, 77, 42.843750, 83,         0,110,         2,116,         4,164,         1
5CC,2016/05/10 20:43:00, 50, 249.38440, 51, 366.13455, 52, 116.75017, 49,        64, 56, 6.2676125, 67, 644.68970, 72, 116.39578, 77, 42.875000, 83,         0,110,         1,116,         4,164,         1
51C,2016/05/10 20:44:00, 50, 346.45538, 51, 390.69785, 52, 44.242485, 49,        64, 56, 6.2676125, 67, 644.68970, 72, 115.73100, 77, 42.906250, 83,         0,110,         0,116,         4,164,         1
5CC,2016/05/10 20:45:00, 50, 397.43396, 51, 524.35925, 52, 126.92534, 49,        64, 56, 6.2676125, 67, 644.68970, 72, 115.73740, 77, 42.937500, 83,         0,110,         3,116,         4,164,         1
52C,2016/05/10 20:46:00, 50, 445.26654, 51, 640.72729, 52, 195.46078, 49,        64, 56, 6.2676125, 67, 644.68970, 72, 115.73286, 77, 42.968750, 83,         0,110,         0,116,         4,164,         1
5DC,2016/05/10 20:47:00, 50, 385.40979, 51, 420.59094, 52, 35.181152, 49,        64, 56, 6.2676125, 67, 644.68970, 72, 116.41922, 77, 43.000000, 83,         0,110,         2,116,         4,164,         1
5FC,2016/05/10 20:48:00, 50, 359.87775, 51, 397.02438, 52, 37.146660, 49,        64, 56, 6.2676125, 67, 644.68970, 72, 116.42375, 77, 43.031250, 83,         0,110,         1,116,         4,164,         1
52C,2016/05/10 20:49:00, 50, 309.73138, 51, 477.85208, 52, 168.12070, 49,        64, 56, 6.2676125, 67, 644.68970, 72, 115.75652, 77, 43.062500, 83,         0,110,         0,116,         4,164,         1
59C,2016/05/10 20:50:00, 50, 347.41986, 51, 419.00613, 52, 71.586273, 49,        64, 56, 6.2676125, 67, 644.68970, 72, 115.75317, 77, 43.093750, 83,         0,110,         3,116,         4,164,         1
52C,2016/05/10 20:51:00, 50, 424.68652, 51, 347.73700, 52,-76.949524, 49,        64, 56, 6.2676125, 67, 644.68970, 72, 115.75226, 77, 43.125000, 83,         0,110,         0,116,         4,164,         1
57C,2016/05/10 20:52:00, 50, 177.25235, 51, 210.76669, 52, 33.514343, 49,        64, 56, 6.2676125, 67, 644.68970, 72, 116.42508, 77, 43.125000, 83,         0,110,         2,116,         4,164,         1
5BC,2016/05/10 20:53:00, 50, 357.97333, 51, 436.62488, 52, 78.651566, 49,        64, 56, 6.2676125, 67, 644.68970, 72, 116.41858, 77, 43.187500, 83,         0,110,         1,116,         4,164,         1
5CC,2016/05/10 20:54:00, 50, 384.79608, 51, 485.32568, 52, 100.52962, 49,        64, 56, 6.2676125, 67, 644.68970, 72, 115.73466, 77, 43.187500, 83,         0,110,         0,116,         4,164,         1
58C,2016/05/10 20:55:00, 50, 312.06000, 51, 322.75180, 52, 10.691807, 49,        64, 56, 6.2676125, 67, 644.68970, 72, 115.72383, 77, 43.218750, 83,         0,110,         3,116,         4,164,         1
5EC,2016/05/10 20:56:00, 50, 322.80475, 51, 422.74472, 52, 99.939972, 49,        64, 56, 6.2676125, 67, 644.68970, 72, 115.69536, 77, 43.250000, 83,         0,110,         0,116,         4,164,         1
5DC,2016/05/10 20:57:00, 50, 299.81189, 51, 476.38205, 52, 176.57016, 49,        64, 56, 6.2676125, 67, 644.68970, 72, 116.35345, 77, 43.281250, 83,         0,110,         2,116,         4,164,         1
5CC,2016/05/10 20:58:00, 50, 255.39804, 51, 327.05859, 52, 71.660568, 49,        64, 56, 6.2676125, 67, 644.68970, 72, 116.35780, 77, 43.312500, 83,         0,110,         1,116,         4,164,         1
5CC,2016/05/10 20:59:00, 50, 376.06116, 51, 627.67438, 52, 251.61325, 49,        64, 56, 6.2676125, 67, 644.68970, 72, 115.67816, 77, 43.312500, 83,         0,110,         0,116,         4,164,         1
5AC,2016/05/10 21:00:00, 50, 245.02744, 51, 336.67206, 52, 91.644638, 49,        64, 56, 6.2676125, 67, 644.68970, 72, 115.68752, 77, 43.375000, 83,         0,110,         3,116,         4,164,         1
51C,2016/05/10 21:01:00, 50, 211.46280, 51, 278.82278, 52, 67.359985, 49,        64, 56, 6.2676125, 67, 644.68970, 72, 115.70338, 77, 43.406250, 83,         0,110,         0,116,         4,164,         1
56C,2016/05/10 21:02:00, 50, 967.41272, 51,-97.803101, 52,-1065.2158, 49,        64, 56, 6.2676125, 67, 644.68970, 72, 116.39081, 77, 43.406250, 83,         0,110,         2,116,         4,164,         1
5FC,2016/05/10 21:03:00, 50, 170.20099, 51, 254.12978, 52, 83.928787, 49,        64, 56, 6.2676125, 67, 644.68970, 72, 116.39461, 77, 43.406250, 83,         0,110,         1,116,         4,164,         1
5AC,2016/05/10 21:04:00, 50, 372.01807, 51, 414.77249, 52, 42.754433, 49,        64, 56, 6.2676125, 67, 644.68970, 72, 115.71938, 77, 43.468750, 83,         0,110,         0,116,         4,164,         1
57C,2016/05/10 21:05:00, 50, 348.17419, 51, 358.95477, 52, 10.780592, 49,        64, 56, 6.2676125, 67, 644.68970, 72, 115.73079, 77, 43.468750, 83,         0,110,         3,116,         4,164,         1
51C,2016/05/10 21:06:00, 50, 286.25055, 51, 381.16891, 52, 94.918365, 49,        64, 56, 6.2676125, 67, 644.68970, 72, 115.73915, 77, 43.500000, 83,         0,110,         0,116,         4,164,         1
56C,2016/05/10 21:07:00, 50, 210.85379, 51, 308.27307, 52, 97.419281, 49,        64, 56, 6.2676125, 67, 644.68970, 72, 116.41660, 77, 43.500000, 83,         0,110,         2,116,         4,164,         1
55C,2016/05/10 21:08:00, 50, 187.02258, 51, 329.65579, 52, 142.63321, 49,        64, 56, 6.2676125, 67, 644.68970, 72, 116.41748, 77, 43.531250, 83,         0,110,         1,116,         4,164,         1
5FC,2016/05/10 21:09:00, 50, 209.49841, 51, 303.76843, 52, 94.270020, 49,        64, 56, 6.2676125, 67, 644.68970, 72, 115.71964, 77, 43.562500, 83,         0,110,         0,116,         4,164,         1
5FC,2016/05/10 21:10:00, 50, 165.06635, 51, 273.99878, 52, 108.93245, 49,        64, 56, 6.2676125, 67, 644.68970, 72, 115.71829, 77, 43.593750, 83,         0,110,         3,116,         4,164,         1
5CC,2016/05/10 21:11:00, 50, 337.90900, 51, 367.67126, 52, 29.762268, 49,        64, 56, 6.2676125, 67, 644.68970, 72, 115.73059, 77, 43.625000, 83,         0,110,         0,116,         4,164,         1
50C,2016/05/10 21:12:00, 50, 228.76254, 51, 262.58371, 52, 33.821190, 49,        64, 56, 6.2676125, 67, 644.68970, 72, 116.41174, 77, 43.656250, 83,         0,110,         2,116,         4,164,         1
5CC,2016/05/10 21:13:00, 50, 145.53757, 51, 214.58505, 52, 69.047485, 49,        64, 56, 6.2676125, 67, 644.68970, 72, 116.40868, 77, 43.656250, 83,         0,110,         1,116,         4,164,         1
5AC,2016/05/10 21:14:00, 50, 196.63721, 51, 194.04764, 52,-2.5895824, 49,        64, 56, 6.2676125, 67, 644.68970, 72, 115.75629, 77, 43.656250, 83,         0,110,         0,116,         4,164,         1
52C,2016/05/10 21:15:00, 50, 87.238281, 51, 154.58821, 52, 67.349930, 49,        64, 56, 6.2676125, 67, 644.68970, 72, 115.75511, 77, 43.718750, 83,         0,110,         3,116,         4,164,         1
5BC,2016/05/10 21:16:00, 50, 97.748108, 51, 118.47882, 52, 20.730717, 49,        64, 56, 6.2676125, 67, 644.68970, 72, 115.76254, 77, 43.718750, 83,         0,110,         0,116,         4,164,         1
59C,2016/05/10 21:17:00, 50, 145.00427, 51, 83.958038, 52,-61.046242, 49,        64, 56, 6.2676125, 67, 644.68970, 72, 116.43559, 77, 43.781250, 83,         0,110,         2,116,         4,164,         1
5DC,2016/05/10 21:18:00, 50, 183.43460, 51, 159.88849, 52,-23.546116, 49,        64, 56, 6.2676125, 67, 644.68970, 72, 116.41246, 77, 43.781250, 83,         0,110,         1,116,         4,164,         1
5FC,2016/05/10 21:19:00, 50, 70.371353, 51, 172.56680, 52, 102.19545, 49,        64, 56, 6.2676125, 67, 644.68970, 72, 115.69220, 77, 43.781250, 83,         0,110,         0,116,         4,164,         1
53C,2016/05/10 21:20:00, 50, 109.86694, 51, 219.05278, 52, 109.18584, 49,        64, 56, 6.2676125, 67, 644.68970, 72, 115.69466, 77, 43.812500, 83,         0,110,         3,116,         4,164,         1
51C,2016/05/10 21:21:00, 50, 86.272629, 51, 171.18796, 52, 84.915329, 49,        64, 56, 6.2676125, 67, 644.68970, 72, 115.70909, 77, 43.812500, 83,         0,110,         0,116,         4,164,         1
5BC,2016/05/10 21:22:00, 50, 158.43216, 51, 240.42142, 52, 81.989258, 49,        64, 56, 6.2676125, 67, 644.68970, 72, 116.41243, 77, 43.843750, 83,         0,110,         2,116,         4,164,         1
55C,2016/05/10 21:23:00, 50, 175.72797, 51, 225.95328, 52, 50.225311, 49,        64, 56, 6.2676125, 67, 643.33984, 72, 116.42271, 77, 43.875000, 83,         0,110,         1,116,         4,164,         1
5BC,2016/05/10 21:24:00, 50, 130.09293, 51, 180.95403, 52, 50.861099, 49,        64, 56, 6.2676125, 67, 643.33984, 72, 115.72768, 77, 43.906250, 83,         0,110,         0,116,         4,164,         1
5EC,2016/05/10 21:25:00, 50, 200.53720, 51, 570.46887, 52, 369.93170, 49,        64, 56, 6.2676125, 67, 643.33984, 72, 115.72928, 77, 43.906250, 83,         0,110,         3,116,         4,164,         1
58C,2016/05/10 21:26:00, 50, 239.43408, 51, 361.36667, 52, 121.93259, 49,        64, 56, 6.2676125, 67, 643.33984, 72, 115.72202, 77, 43.906250, 83,         0,110,         0,116,         4,164,         1
5CC,2016/05/10 21:27:00, 50, 450.43091, 51, 282.75452, 52,-167.67639, 49,        64, 56, 6.2676125, 67, 643.33984, 72, 116.42146, 77, 43.937500, 83,         0,110,         2,116,         4,164,         1
5AC,2016/05/10 21:28:00, 50, 195.86304, 51, 294.19138, 52, 98.328339, 49,        64, 56, 6.2676125, 67, 643.33984, 72, 116.42053, 77, 43.937500, 83,         0,110,         1,116,         4,164,         1
5CC,2016/05/10 21:29:00, 50, 343.33344, 51, 244.52811, 52,-98.805328, 49,        64, 56, 6.2676125, 67, 643.33984, 72, 115.72447, 77, 43.968750, 83,         0,110,         0,116,         4,164,         1
5CC,2016/05/10 21:30:00, 50, 142.79712, 51, 257.90387, 52, 115.10675, 49,        64, 56, 6.2676125, 67, 643.33984, 72, 115.70554, 77, 43.968750, 83,         0,110,         3,116,         4,164,         1
5BC,2016/05/10 21:31:00, 50, 85.480850, 51, 139.99365, 52, 54.512802, 49,        64, 56, 6.2676125, 67, 643.33984, 72, 115.71365, 77, 44.000000, 83,         0,110,         0,116,         4,164,         1
5CC,2016/05/10 21:32:00, 50, 252.80322, 51, 165.84470, 52,-86.958527, 49,        64, 56, 6.2676125, 67, 643.33984, 72, 116.40382, 77, 44.000000, 83,         0,110,         2,116,         4,164,         1
59C,2016/05/10 21:33:00, 50, 75.385635, 51, 169.28096, 52, 93.895325, 49,        64, 56, 6.2676125, 67, 643.33984, 72, 116.40147, 77, 44.031250, 83,         0,110,         1,116,         4,164,         1
58C,2016/05/10 21:34:00, 50, 87.235947, 51, 164.12552, 52, 76.889572, 49,        64, 56, 6.2676125, 67, 643.33984, 72, 115.69931, 77, 44.031250, 83,         0,110,         0,116,         4,164,         1
5FC,2016/05/10 21:35:00, 50, 87.100235, 51, 133.04555, 52, 45.945312, 49,        64, 56, 6.2676125, 67, 643.33984, 72, 115.68517, 77, 44.062500, 83,         0,110,         3,116,         4,164,         1
56C,2016/05/10 21:36:00, 50, 180.12912, 51, 259.05759, 52, 78.928467, 49,        64, 56, 6.2676125, 67, 643.33984, 72, 115.69945, 77, 44.093750, 83,         0,110,         0,116,         4,164,         1
5EC,2016/05/10 21:37:00, 50, 232.93570, 51, 275.73114, 52, 42.795456, 49,        64, 56, 6.2676125, 67, 643.33984, 72, 116.40201, 77, 44.093750, 83,         0,110,         2,116,         4,164,         1
52C,2016/05/10 21:38:00, 50, 440.91943, 51, 329.02362, 52,-111.89581, 49,        64, 56, 6.2676125, 67, 643.33984, 72, 116.41966, 77, 44.093750, 83,         0,110,         1,116,         4,164,         1
52C,2016/05/10 21:39:00, 50, 157.37463, 51, 241.86992, 52, 84.495285, 49,        64, 56, 6.2676125, 67, 643.33984, 72, 115.76738, 77, 44.125000, 83,         0,110,         0,116,         4,164,         1
57C,2016/05/10 21:40:00, 50, 169.17303, 51, 261.90646, 52, 92.733444, 49,        64, 56, 6.2676125, 67, 643.33984, 72, 115.77902, 77, 44.125000, 83,         0,110,         3,116,         4,164,         1
5EC,2016/05/10 21:41:00, 50, 159.19696, 51, 215.11729, 52, 55.920341, 49,        64, 56, 6.2676125, 67, 643.33984, 72, 115.77614, 77, 44.125000, 83,         0,110,         0,116,         4,164,         1
5FC,2016/05/10 21:42:00, 50, 203.97037, 51, 210.18942, 52, 6.2190685, 49,        64, 56, 6.2676125, 67, 643.33984, 72, 116.43521, 77, 44.156250, 83,         0,110,         2,116,         4,164,         1
59C,2016/05/10 21:43:00, 50, 103.40051, 51, 171.95218, 52, 68.551666, 49,        64, 56, 6.2676125, 67, 643.33984, 72, 116.44263, 77, 44.156250, 83,         0,110,         1,116,         4,164,         1
51C,2016/05/10 21:44:00, 50, 207.14368, 51, 261.92612, 52, 54.782455, 49,        64, 56, 6.2676125, 67, 643.33984, 72, 115.77089, 77, 44.187500, 83,         0,110,         0,116,         4,164,         1
52C,2016/05/10 21:45:00, 50, 114.43076, 51, 248.16940, 52, 133.73865, 49,        64, 56, 6.2676125, 67, 643.33984, 72, 115.77521, 77, 44.187500, 83,         0,110,         3,116,         4,164,         1
51C,2016/05/10 21:46:00, 50, 90.343597, 51, 181.61154, 52, 91.267944, 49,        64, 56, 6.2676125, 67, 643.33984, 72, 115.77370, 77, 44.218750, 83,         0,110,         0,116,         4,164,         1
50C,2016/05/10 21:47:00, 50, 146.79111, 51, 139.17848, 52,-7.6126356, 49,        64, 56, 6.2676125, 67, 643.33984, 72, 116.44064, 77, 44.218750, 83,         0,110,         2,116,         4,164,         1
50C,2016/05/10 21:48:00, 50, 126.38005, 51, 184.46925, 52, 58.089203, 49,        64, 56, 6.2676125, 67, 643.33984, 72, 116.42201, 77, 44.218750, 83,         0,110,         1,116,         4,164,         1
5FC,2016/05/10 21:49:00, 50, 82.159286, 51, 155.07048, 52, 72.911194, 49,        64, 56, 6.2676125, 67, 643.33984, 72, 115.73555, 77, 44.250000, 83,         0,110,         0,116,         4,164,         1
50C,2016/05/10 21:50:00, 50, 94.512451, 51, 98.374710, 52, 3.8622627, 49,        64, 56, 6.2676125, 67, 643.33984, 72, 115.72267, 77, 44.250000, 83,         0,110,         3,116,         4,164,         1
5CC,2016/05/10 21:51:00, 50, 64.800568, 51, 120.39999, 52, 55.599419, 49,        64, 56, 6.2676125, 67, 643.33984, 72, 115.71994, 77, 44.250000, 83,         0,110,         0,116,         4,164,         1
52C,2016/05/10 21:52:00, 50, 164.57016, 51, 187.64912, 52, 23.078976, 49,        64, 56, 6.2676125, 67, 643.33984, 72, 116.39450, 77, 44.281250, 83,         0,110,         2,116,         4,164,         1
54C,2016/05/10 21:53:00, 50, 60.363564, 51, 133.49551, 52, 73.131958, 49,        64, 56, 6.2676125, 67, 643.33984, 72, 116.39749, 77, 44.281250, 83,         0,110,         1,116,         4,164,         1
57C,2016/05/10 21:54:00, 50, 46.471100, 51, 127.70068, 52, 81.229584, 49,        64, 56, 6.2676125, 67, 643.33984, 72, 115.71408, 77, 44.281250, 83,         0,110,         0,116,         4,164,         1
59C,2016/05/10 21:55:00, 50, 89.148193, 51, 135.09206, 52, 45.943863, 49,        64, 56, 6.2676125, 67, 643.33984, 72, 115.69614, 77, 44.281250, 83,         0,110,         3,116,         4,164,         1
57C,2016/05/10 21:56:00, 50, 69.601913, 51, 122.21365, 52, 52.611740, 49,        64, 56, 6.2676125, 67, 643.33984, 72, 115.70264, 77, 44.312500, 83,         0,110,         0,116,         4,164,         1
59C,2016/05/10 21:57:00, 50, 80.407913, 51, 142.45996, 52, 62.052055, 49,        64, 56, 6.2676125, 67, 643.33984, 72, 116.39030, 77, 44.312500, 83,         0,110,         2,116,         4,164,         1
5DC,2016/05/10 21:58:00, 50, 69.088699, 51, 144.93756, 52, 75.848862, 49,        64, 56, 6.2676125, 67, 643.33984, 72, 116.38950, 77, 44.281250, 83,         0,110,         1,116,         4,164,         1
52C,2016/05/10 21:59:00, 50, 205.42020, 51, 135.24666, 52,-70.173538, 49,        64, 56, 6.2676125, 67, 643.33984, 72, 115.70369, 77, 44.312500, 83,         0,110,         0,116,         4,164,         1
55C,2016/05/10 22:00:00, 50, 170.40515, 51, 63.676605, 52,-106.72855, 49,        64, 56, 6.2676125, 67, 643.33984, 72, 115.70546, 77, 44.312500, 83,         0,110,         3,116,         4,164,         1
5DC,2016/05/10 22:01:00, 50, 374.16589, 51, 531.44019, 52, 157.27429, 49,        64, 56, 6.2676125, 67, 643.33984, 72, 115.70178, 77, 44.343750, 83,         0,110,         0,116,         4,164,         1
5CC,2016/05/10 22:02:00, 50, 96.867081, 51, 146.63086, 52, 49.763779, 49,        64, 56, 6.2676125, 67, 643.33984, 72, 116.39412, 77, 44.312500, 83,         0,110,         2,116,         4,164,         1
5AC,2016/05/10 22:03:00, 50, 113.95294, 51, 156.94440, 52, 42.991455, 49,        64, 56, 6.2676125, 67, 643.33984, 72, 116.39915, 77, 44.343750, 83,         0,110,         1,116,         4,164,         1
56C,2016/05/10 22:04:00, 50, 88.879517, 51, 156.53491, 52, 67.655396, 49,        64, 56, 6.2676125, 67, 643.33984, 72, 115.72414, 77, 44.343750, 83,         0,110,         0,116,         4,164,         1
57C,2016/05/10 22:05:00, 50, 96.823242, 51, 166.40399, 52, 69.580750, 49,        64, 56, 6.2676125, 67, 643.33984, 72, 115.73346, 77, 44.343750, 83,         0,110,         3,116,         4,164,         1
54C,2016/05/10 22:06:00, 50, 55.407410, 51, 101.55480, 52, 46.147392, 49,        64, 56, 6.2676125, 67, 643.33984, 72, 115.73015, 77, 44.343750, 83,         0,110,         0,116,         4,164,         1
54C,2016/05/10 22:07:00, 50, 56.973946, 51, 103.16248, 52, 46.188530, 49,        64, 56, 6.2676125, 67, 643.33984, 72, 116.41258, 77, 44.406250, 83,         0,110,         2,116,         4,164,         1
5BC,2016/05/10 22:08:00, 50, 43.385727, 51, 96.410378, 52, 53.024651, 49,        64, 56, 6.2676125, 67, 643.33984, 72, 116.42128, 77, 44.406250, 83,         0,110,         1,116,         4,164,         1
57C,2016/05/10 22:09:00, 50, 110.93649, 51, 87.256760, 52,-23.679733, 49,        64, 56, 6.2676125, 67, 643.33984, 72, 115.74074, 77, 44.406250, 83,         0,110,         0,116,         4,164,         1
50C,2016/05/10 22:10:00, 50, 49.998932, 51, 114.26489, 52, 64.265961, 49,        64, 56, 6.2676125, 67, 643.33984, 72, 115.74878, 77, 44.437500, 83,         0,110,         3,116,         4,164,         1
5CC,2016/05/10 22:11:00, 50, 116.83716, 51, 442.09857, 52, 325.26141, 49,        64, 56, 6.2676125, 67, 643.33984, 72, 115.75063, 77, 44.437500, 83,         0,110,         0,116,         4,164,         1
52C,2016/05/10 22:12:00, 50, 73.348862, 51, 99.071693, 52, 25.722836, 49,        64, 56, 6.2676125, 67, 643.33984, 72, 116.42899, 77, 44.468750, 83,         0,110,         2,116,         4,164,         1
55C,2016/05/10 22:13:00, 50, 52.735603, 51, 105.59181, 52, 52.856209, 49,        64, 56, 6.2676125, 67, 643.33984, 72, 116.40897, 77, 44.437500, 83,         0,110,         1,116,         4,164,         1
5FC,2016/05/10 22:14:00, 50, 45.646942, 51, 112.16478, 52, 66.517838, 49,        64, 56, 6.2676125, 67, 643.33984, 72, 115.68672, 77, 44.500000, 83,         0,110,         0,116,         4,164,         1
54C,2016/05/10 22:15:00, 50, 64.506592, 51, 123.08857, 52, 58.581978, 49,        64, 56, 6.2676125, 67, 643.33984, 72, 115.63741, 77, 44.468750, 83,         0,110,         3,116,         4,164,         1
5DC,2016/05/10 22:16:00, 50, 56.110779, 51, 86.417458, 52, 30.306683, 49,        64, 56, 6.2676125, 67, 643.33984, 72, 115.59526, 77, 44.500000, 83,         0,110,         0,116,         4,164,         1
56C,2016/05/10 22:17:00, 50, 85.394974, 51, 129.76680, 52, 44.371826, 49,        64, 56, 6.2676125, 67, 643.33984, 72, 116.23723, 77, 44.500000, 83,         0,110,         2,116,         4,164,         1
54C,2016/05/10 22:18:00, 50, 69.690582, 51, 136.84203, 52, 67.151443, 49,        64, 56, 6.2676125, 67, 643.33984, 72, 116.18661, 77, 44.531250, 83,         0,110,         1,116,         4,164,         1
5BC,2016/05/10 22:19:00, 50, 51.019920, 51, 112.80560, 52, 61.785683, 49,        64, 56, 6.2676125, 67, 643.33984, 72, 115.49046, 77, 44.562500, 83,         0,110,         0,116,         4,164,         1
59C,2016/05/10 22:20:00, 50, 33.031471, 51, 90.910919, 52, 57.879448, 49,        64, 56, 6.2676125, 67, 643.33984, 72, 115.52991, 77, 44.562500, 83,         0,110,         3,116,         4,164,         1
51C,2016/05/10 22:21:00, 50, 90.446762, 51, 82.609558, 52,-7.8372087, 49,        64, 56, 6.2676125, 67, 643.33984, 72, 115.56584, 77, 44.562500, 83,         0,110,         0,116,         4,164,         1
51C,2016/05/10 22:22:00, 50, 62.555367, 51, 120.08763, 52, 57.532265, 49,        64, 56, 6.2676125, 67, 643.33984, 72, 116.25668, 77, 44.562500, 83,         0,110,         2,116,         4,164,         1
53C,2016/05/10 22:23:00, 50, 67.781082, 51, 123.64715, 52, 55.866066, 49,        64, 56, 6.2676125, 67, 643.33984, 72, 116.27640, 77, 44.593750, 83,         0,110,         1,116,         4,164,         1
51C,2016/05/10 22:24:00, 50, 48.908546, 51, 122.45063, 52, 73.542084, 49,        64, 56, 6.2676125, 67, 643.33984, 72, 115.61539, 77, 44.593750, 83,         0,110,         0,116,         4,164,         1
5AC,2016/05/10 22:25:00, 50, 55.656387, 51, 120.76045, 52, 65.104065, 49,        64, 56, 6.2676125, 67, 643.33984, 72, 115.64375, 77, 44.562500, 83,         0,110,         3,116,         4,164,         1
58C,2016/05/10 22:26:00, 50, 54.713974, 51, 102.94419, 52, 48.230217, 49,        64, 56, 6.2676125, 67, 643.33984, 72, 115.65634, 77, 44.593750, 83,         0,110,         0,116,         4,164,         1
55C,2016/05/10 22:27:00, 50, 260.40088, 51, 307.70035, 52, 47.299477, 49,        64, 56, 6.2676125, 67, 643.33984, 72, 116.36020, 77, 44.625000, 83,         0,110,         3,116,         4,164,         1
56C,2016/05/10 22:28:00, 50, 62.140129, 51, 86.500000, 52, 24.359871, 49,        64, 56, 6.2676125, 67, 643.33984, 72, 116.38574, 77, 44.625000, 83,         0,110,         2,116,         4,164,         1
52C,2016/05/10 22:29:00, 50, 60.952850, 51, 109.17623, 52, 48.223381, 49,        64, 56, 6.2676125, 67, 643.33984, 72, 115.70442, 77, 44.656250, 83,         0,110,         1,116,         4,164,         1
57C,2016/05/10 22:30:00, 50, 55.200096, 51, 122.41837, 52, 67.218277, 49,        64, 56, 6.2676125, 67, 643.33984, 72, 115.69992, 77, 44.656250, 83,         0,110,         0,116,         4,164,         1
51C,2016/05/10 22:31:00, 50, 65.613373, 51, 107.90234, 52, 42.288963, 49,        64, 56, 6.2676125, 67, 643.33984, 72, 115.70615, 77, 44.656250, 83,         0,110,         0,116,         4,164,         1
52C,2016/05/10 22:32:00, 50, 121.19148, 51, 195.90604, 52, 74.714554, 49,        64, 56, 6.2676125, 67, 643.33984, 72, 116.39090, 77, 44.656250, 83,         0,110,         3,116,         4,164,         1
50C,2016/05/10 22:33:00, 50, 84.785690, 51, 155.51997, 52, 70.734283, 49,        64, 56, 6.2676125, 67, 643.33984, 72, 116.40028, 77, 44.687500, 83,         0,110,         2,116,         4,164,         1
50C,2016/05/10 22:34:00, 50, 61.096199, 51, 148.02539, 52, 86.929199, 49,        64, 56, 6.2676125, 67, 643.33984, 72, 115.71925, 77, 44.687500, 83,         0,110,         1,116,         4,164,         1
5BC,2016/05/10 22:35:00, 50, 596.41699, 51,-64.648560, 52,-661.06555, 49,        64, 56, 6.2676125, 67, 643.33984, 72, 115.71504, 77, 44.687500, 83,         0,110,         0,116,         4,164,         1
51C,2016/05/10 22:36:00, 50, 200.88947, 51, 229.23627, 52, 28.346809, 49,        64, 56, 6.2676125, 67, 643.33984, 72, 115.71890, 77, 44.687500, 83,         0,110,         0,116,         4,164,         1
55C,2016/05/10 22:37:00, 50, 102.97734, 51, 171.81644, 52, 68.839096, 49,        64, 56, 6.2676125, 67, 643.33984, 72, 116.40810, 77, 44.687500, 83,         0,110,         3,116,         4,164,         1
56C,2016/05/10 22:38:00, 50, 212.37573, 51, 175.41576, 52,-36.959984, 49,        64, 56, 6.2676125, 67, 643.33984, 72, 116.40628, 77, 44.718750, 83,         0,110,         2,116,         4,164,         1
54C,2016/05/10 22:39:00, 50, 239.93268, 51, 246.28441, 52, 6.3517323, 49,        64, 56, 6.2676125, 67, 643.33984, 72, 115.72562, 77, 44.718750, 83,         0,110,         1,116,         4,164,         1
51C,2016/05/10 22:40:00, 50, 94.101303, 51, 160.73758, 52, 66.636276, 49,        64, 56, 6.2676125, 67, 643.33984, 72, 115.72505, 77, 44.750000, 83,         0,110,         0,116,         4,164,         1
53C,2016/05/10 22:41:00, 50, 34.764648, 51, 91.480995, 52, 56.716347, 49,        64, 56, 6.2676125, 67, 643.33984, 72, 115.71725, 77, 44.718750, 83,         0,110,         0,116,         4,164,         1
51C,2016/05/10 22:42:00, 50, 453.33270, 51,-12.406067, 52,-465.73877, 49,        64, 56, 6.2676125, 67, 643.33984, 72, 116.39621, 77, 44.750000, 83,         0,110,         3,116,         4,164,         1
5DC,2016/05/10 22:43:00, 50, 79.133667, 51, 163.57799, 52, 84.444321, 49,        64, 56, 6.2676125, 67, 643.33984, 72, 116.39774, 77, 44.750000, 83,         0,110,         2,116,         4,164,         1
55C,2016/05/10 22:44:00, 50, 36.944565, 51, 85.305313, 52, 48.360748, 49,        64, 56, 6.2676125, 67, 643.33984, 72, 115.71114, 77, 44.750000, 83,         0,110,         1,116,         4,164,         1
5EC,2016/05/10 22:45:00, 50, 31.991383, 51, 90.826759, 52, 58.835381, 49,        64, 56, 6.2676125, 67, 643.33984, 72, 115.70709, 77, 44.718750, 83,         0,110,         0,116,         4,164,         1
5CC,2016/05/10 22:46:00, 50, 86.111313, 51, 95.875572, 52, 9.7642593, 49,        64, 56, 6.2676125, 67, 643.33984, 72, 115.70192, 77, 44.718750, 83,         0,110,         0,116,         4,164,         1
56C,2016/05/10 22:47:00, 50, 94.929062, 51, 334.07669, 52, 239.14764, 49,        64, 56, 6.2676125, 67, 643.33984, 72, 116.38287, 77, 44.687500, 83,         0,110,         3,116,         4,164,         1
51C,2016/05/10 22:48:00, 50, 37.545448, 51, 123.74915, 52, 86.203705, 49,        64, 56, 6.2676125, 67, 643.33984, 72, 116.37697, 77, 44.593750, 83,         0,110,         2,116,         4,164,         1
59C,2016/05/10 22:49:00, 50, 202.23749, 51, 218.74698, 52, 16.509495, 49,        64, 56, 6.2676125, 67, 643.33984, 72, 115.68285, 77, 44.500000, 83,         0,110,         1,116,         4,164,         1
5BC,2016/05/10 22:50:00, 50, 55.967758, 51, 119.89463, 52, 63.926872, 49,        64, 56, 6.2676125, 67, 643.33984, 72, 115.67441, 77, 44.343750, 83,         0,110,         0,116,         4,164,         1
55C,2016/05/10 22:51:00, 50, 37.855858, 51, 94.242134, 52, 56.386276, 49,        64, 56, 6.2676125, 67, 643.33984, 72, 115.65280, 77, 44.156250, 83,         0,110,         0,116,         4,164,         1
55C,2016/05/10 22:52:00, 50, 30.098633, 51, 92.180077, 52, 62.081444, 49,        64, 56, 6.2676125, 67, 643.33984, 72, 116.26915, 77, 43.968750, 83,         0,110,         3,116,         4,164,         1
52C,2016/05/10 22:53:00, 50, 15.498953, 51, 43.156918, 52, 27.657967, 49,        64, 56, 6.2676125, 67, 643.33984, 72, 116.18683, 77, 43.750000, 83,         0,110,         2,116,         4,164,         1
51C,2016/05/10 22:54:00, 50, 58.796165, 51, 93.189323, 52, 34.393158, 49,        64, 56, 6.2676125, 67, 643.33984, 72, 115.42691, 77, 43.500000, 83,         0,110,         1,116,         4,164,         1
50C,2016/05/10 22:55:00, 50, 18.848915, 51, 40.364281, 52, 21.515366, 49,        64, 56, 6.2676125, 67, 643.33984, 72, 115.37152, 77, 43.281250, 83,         0,110,         0,116,         4,164,         1
59C,2016/05/10 22:56:00, 50, 135.18307, 51, 248.78801, 52, 113.60493, 49,        64, 56, 6.2676125, 67, 643.33984, 72, 115.34271, 77, 43.062500, 83,         0,110,         0,116,         4,164,         1
56C,2016/05/10 22:57:00, 50, 46.262741, 51, 98.584236, 52, 52.321495, 49,        64, 56, 6.2676125, 67, 643.33984, 72, 116.02678, 77, 42.781250, 83,         0,110,         3,116,         4,164,         1
54C,2016/05/10 22:58:00, 50, 33.349892, 51, 76.350166, 52, 43.000275, 49,        64, 56, 6.2676125, 67, 643.33984, 72, 116.03883, 77, 42.562500, 83,         0,110,         2,116,         4,164,         1
58C,2016/05/10 22:59:00, 50, 24.478252, 51, 78.828575, 52, 54.350327, 49,        64, 56, 6.2676125, 67, 643.33984, 72, 115.35158, 77, 42.281250, 83,         0,110,         1,116,         4,164,         1
59C,2016/05/10 23:00:00, 50, 35.559181, 51, 82.247169, 52, 46.687988, 49,        64, 56, 6.2676125, 67, 643.33984, 72, 115.35294, 77, 42.062500, 83,         0,110,         0,116,         4,164,         1
50C,2016/05/10 23:01:00, 50, 40.340668, 51, 83.403923, 52, 43.063255, 49,        64, 56, 6.2676125, 67, 643.33984, 72, 115.33414, 77, 41.843750, 83,         0,110,         0,116,         4,164,         1
51C,2016/05/10 23:02:00, 50, 52.150360, 51, 225.58810, 52, 173.43774, 49,        64, 56, 6.2676125, 67, 643.33984, 72, 115.99075, 77, 41.625000, 83,         0,110,         3,116,         4,164,         1
5DC,2016/05/10 23:03:00, 50, 37.413414, 51, 80.357193, 52, 42.943779, 49,        64, 56, 6.2676125, 67, 643.33984, 72, 115.97746, 77, 41.406250, 83,         0,110,         2,116,         4,164,         1
56C,2016/05/10 23:04:00, 50, 18.955803, 51, 65.066086, 52, 46.110283, 49,        64, 56, 6.2676125, 67, 643.33984, 72, 115.27277, 77, 41.187500, 83,         0,110,         1,116,         4,164,         1
5FC,2016/05/10 23:05:00, 50, 47.517860, 51, 107.17192, 52, 59.654060, 49,        64, 56, 6.2676125, 67, 643.33984, 72, 115.26848, 77, 41.062500, 83,         0,110,         0,116,         4,164,         1
5DC,2016/05/10 23:06:00, 50, 35.435486, 51, 64.012177, 52, 28.576691, 49,        64, 56, 6.2676125, 67, 643.33984, 72, 115.27139, 77, 40.906250, 83,         0,110,         0,116,         4,164,         1
5FC,2016/05/10 23:07:00, 50, 28.073090, 51, 69.273407, 52, 41.200317, 49,        64, 56, 6.2676125, 67, 643.33984, 72, 115.95601, 77, 40.718750, 83,         0,110,         3,116,         4,164,         1
5EC,2016/05/10 23:08:00, 50, 17.734848, 51, 84.753845, 52, 67.018997, 49,        64, 56, 6.2676125, 67, 643.33984, 72, 115.93985, 77, 40.531250, 83,         0,110,         2,116,         4,164,         1
50C,2016/05/10 23:09:00, 50, 27.342979, 51, 76.462769, 52, 49.119789, 49,        64, 56, 6.2676125, 67, 643.33984, 72, 115.24541, 77, 40.375000, 83,         0,110,         1,116,         4,164,         1
5BC,2016/05/10 23:10:00, 50, 41.945961, 51, 85.003761, 52, 43.057800, 49,        64, 56, 6.2676125, 67, 643.33984, 72, 115.21425, 77, 40.218750, 83,         0,110,         0,116,         4,164,         1
58C,2016/05/10 23:11:00, 50, 816.60620, 51, 499.48712, 52,-317.11908, 49,        64, 56, 6.2676125, 67, 643.33984, 72, 115.19388, 77, 40.093750, 83,         0,110,         0,116,         4,164,         1
5CC,2016/05/10 23:12:00, 50, 211.52689, 51, 624.91492, 52, 413.38806, 49,        64, 56, 6.2676125, 67, 643.33984, 72, 115.81821, 77, 39.968750, 83,         0,110,         3,116,         4,164,         1
52C,2016/05/10 23:13:00, 50, 65.340256, 51, 104.00822, 52, 38.667969, 49,        64, 56, 6.2676125, 67, 643.33984, 72, 115.74260, 77, 39.875000, 83,         0,110,         2,116,         4,164,         1
51C,2016/05/10 23:14:00, 50, 50.310280, 51, 100.54333, 52, 50.233047, 49,        64, 56, 6.2676125, 67, 643.33984, 72, 115.02493, 77, 39.812500, 83,         0,110,         1,116,         4,164,         1
5DC,2016/05/10 23:15:00, 50, 46.693443, 51, 84.606514, 52, 37.913071, 49,        64, 56, 6.2676125, 67, 643.33984, 72, 114.99271, 77, 39.781250, 83,         0,110,         0,116,         4,164,         1
50C,2016/05/10 23:16:00, 50, 38.575157, 51, 92.156761, 52, 53.581604, 49,        64, 56, 6.2676125, 67, 643.33984, 72, 114.95761, 77, 39.781250, 83,         0,110,         0,116,         4,164,         1
51C,2016/05/10 23:17:00, 50, 33.419693, 51, 83.989998, 52, 50.570305, 49,        64, 56, 6.2676125, 67, 643.33984, 72, 115.58905, 77, 39.750000, 83,         0,110,         3,116,         4,164,         1
55C,2016/05/10 23:18:00, 50, 28.886070, 51, 86.862442, 52, 57.976372, 49,        64, 56, 6.2676125, 67, 643.33984, 72, 115.54654, 77, 39.750000, 83,         0,110,         2,116,         4,164,         1
5EC,2016/05/10 23:19:00, 50, 27.538162, 51, 79.621330, 52, 52.083168, 49,        64, 56, 6.2676125, 67, 643.33984, 72, 114.85651, 77, 39.750000, 83,         0,110,         1,116,         4,164,         1
57C,2016/05/10 23:20:00, 50, 687.37000, 51,-259.55823, 52,-946.92822, 49,        64, 56, 6.2676125, 67, 643.33984, 72, 114.83640, 77, 39.750000, 83,         0,110,         0,116,         4,164,         1
57C,2016/05/10 23:21:00, 50, 44.297417, 51, 82.380417, 52, 38.083000, 49,        64, 56, 6.2676125, 67, 643.33984, 72, 114.82841, 77, 39.750000, 83,         0,110,         0,116,         4,164,         1
5AC,2016/05/10 23:22:00, 50, 38.606163, 51, 74.276054, 52, 35.669891, 49,        64, 56, 6.2676125, 67, 643.33984, 72, 115.49864, 77, 39.750000, 83,         0,110,         3,116,         4,164,         1
5DC,2016/05/10 23:23:00, 50, 31.404736, 51, 89.503334, 52, 58.098602, 49,        64, 56, 6.2676125, 67, 643.33984, 72, 115.50307, 77, 39.781250, 83,         0,110,         2,116,         4,164,         1
57C,2016/05/10 23:24:00, 50, 17.175465, 51, 77.890961, 52, 60.715500, 49,        64, 56, 6.2676125, 67, 643.33984, 72, 114.84407, 77, 39.812500, 83,         0,110,         1,116,         4,164,         1
55C,2016/05/10 23:25:00, 50, 41.392479, 51, 60.937283, 52, 19.544804, 49,        64, 56, 6.2676125, 67, 643.33984, 72, 114.84686, 77, 39.812500, 83,         0,110,         0,116,         4,164,         1
55C,2016/05/10 23:26:00, 50, 52.997200, 51, 68.927444, 52, 15.930250, 49,        64, 56, 6.2676125, 67, 643.33984, 72, 114.85213, 77, 39.843750, 83,         0,110,         0,116,         4,164,         1
5DC,2016/05/10 23:27:00, 50, 17.555374, 51, 52.405006, 52, 34.849632, 49,        64, 56, 6.2676125, 67, 643.33984, 72, 115.53183, 77, 39.843750, 83,         0,110,         2,116,         4,164,         1
5AC,2016/05/10 23:28:00, 50, 10.865368, 51, 57.457577, 52, 46.592209, 49,        64, 56, 6.2676125, 67, 643.33984, 72, 115.54521, 77, 39.875000, 83,         0,110,         1,116,         4,164,         1
50C,2016/05/10 23:29:00, 50, 15.113167, 51, 67.683151, 52, 52.569984, 49,        64, 56, 6.2676125, 67, 643.33984, 72, 114.88092, 77, 39.875000, 83,         0,110,         0,116,         4,164,         1
5DC,2016/05/10 23:30:00, 50, 24.893124, 51, 194.01649, 52, 169.12338, 49,        64, 56, 6.2676125, 67, 643.33984, 72, 114.88902, 77, 39.875000, 83,         0,110,         3,116,         4,164,         1
57C,2016/05/10 23:31:00, 50, 48.340599, 51, 80.233833, 52, 31.893238, 49,        64, 56, 6.2676125, 67, 643.33984, 72, 114.88545, 77, 39.906250, 83,         0,110,         0,116,         4,164,         1
5FC,2016/05/10 23:32:00, 50, 69.126221, 51, 106.10304, 52, 36.976822, 49,        64, 56, 6.2676125, 67, 643.33984, 72, 115.54997, 77, 39.937500, 83,         0,110,         2,116,         4,164,         1
5FC,2016/05/10 23:33:00, 50, 65.676071, 51, 99.586342, 52, 33.910271, 49,        64, 56, 6.2676125, 67, 643.33984, 72, 115.53671, 77, 39.968750, 83,         0,110,         1,116,         4,164,         1
5DC,2016/05/10 23:34:00, 50, 24.403790, 51, 72.440903, 52, 48.037117, 49,        64, 56, 6.2676125, 67, 643.33984, 72, 114.83272, 77, 39.968750, 83,         0,110,         0,116,         4,164,         1
59C,2016/05/10 23:35:00, 50, 32.605049, 51, 91.630074, 52, 59.025024, 49,        64, 56, 6.2676125, 67, 643.33984, 72, 114.82605, 77, 39.968750, 83,         0,110,         3,116,         4,164,         1
52C,2016/05/10 23:36:00, 50, 26.489159, 51, 77.534355, 52, 51.045197, 49,        64, 56, 6.2676125, 67, 643.33984, 72, 114.83595, 77, 40.000000, 83,         0,110,         0,116,         4,164,         1
5BC,2016/05/10 23:37:00, 50, 18.772217, 51, 62.876709, 52, 44.104492, 49,        64, 56, 6.2676125, 67, 643.33984, 72, 115.51823, 77, 40.031250, 83,         0,110,         2,116,         4,164,         1
5BC,2016/05/10 23:38:00, 50, 24.697365, 51, 71.748276, 52, 47.050911, 49,        64, 56, 6.2676125, 67, 643.33984, 72, 115.52168, 77, 40.031250, 83,         0,110,         1,116,         4,164,         1
51C,2016/05/10 23:39:00, 50, 29.442413, 51, 73.170601, 52, 43.728188, 49,        64, 56, 6.2676125, 67, 643.33984, 72, 114.84720, 77, 40.062500, 83,         0,110,         0,116,         4,164,         1
5CC,2016/05/10 23:40:00, 50, 17.825909, 51, 70.452934, 52, 52.627029, 49,        64, 56, 6.2676125, 67, 643.33984, 72, 114.84109, 77, 40.062500, 83,         0,110,         3,116,         4,164,         1
54C,2016/05/10 23:41:00, 50, 52.067970, 51, 70.086418, 52, 18.018452, 49,        64, 56, 6.2676125, 67, 643.33984, 72, 114.82986, 77, 40.062500, 83,         0,110,         0,116,         4,164,         1
59C,2016/05/10 23:42:00, 50, 14.722965, 51, 77.597229, 52, 62.874268, 49,        64, 56, 6.2676125, 67, 643.33984, 72, 115.50578, 77, 40.093750, 83,         0,110,         2,116,         4,164,         1
5BC,2016/05/10 23:43:00, 50, 16.401558, 51, 54.004295, 52, 37.602737, 49,        64, 56, 6.2676125, 67, 643.33984, 72, 115.51347, 77, 40.093750, 83,         0,110,         1,116,         4,164,         1
5DC,2016/05/10 23:44:00, 50, 27.131065, 51, 82.382950, 52, 55.251884, 49,        64, 56, 6.2676125, 67, 643.33984, 72, 114.84322, 77, 40.093750, 83,         0,110,         0,116,         4,164,         1
5DC,2016/05/10 23:45:00, 50, 36.890793, 51, 80.950279, 52, 44.059486, 49,        64, 56, 6.2676125, 67, 643.33984, 72, 114.85010, 77, 40.125000, 83,         0,110,         3,116,         4,164,         1
5DC,2016/05/10 23:46:00, 50, 18.486923, 51, 107.98749, 52, 89.500565, 49,        64, 56, 6.2676125, 67, 643.33984, 72, 114.86122, 77, 40.125000, 83,         0,110,         0,116,         4,164,         1
54C,2016/05/10 23:47:00, 50, 7.3172464, 51, 89.971344, 52, 82.654099, 49,        64, 56, 6.2676125, 67, 643.33984, 72, 115.55432, 77, 40.156250, 83,         0,110,         2,116,         4,164,         1
50C,2016/05/10 23:48:00, 50, 42.821785, 51, 61.620388, 52, 18.798603, 49,        64, 56, 6.2676125, 67, 643.33984, 72, 115.54755, 77, 40.156250, 83,         0,110,         1,116,         4,164,         1
5CC,2016/05/10 23:49:00, 50, 25.536774, 51, 87.355621, 52, 61.818848, 49,        64, 56, 6.2676125, 67, 643.33984, 72, 114.83902, 77, 40.187500, 83,         0,110,         0,116,         4,164,         1
58C,2016/05/10 23:50:00, 50, 16.198879, 51, 49.571690, 52, 33.372810, 49,        64, 56, 6.2676125, 67, 643.33984, 72, 114.77686, 77, 40.187500, 83,         0,110,         3,116,         4,164,         1
51C,2016/05/10 23:51:00, 50, 9.5135231, 51, 42.791386, 52, 33.277863, 49,        64, 56, 6.2676125, 67, 643.33984, 72, 114.69551, 77, 40.218750, 83,         0,110,         0,116,         4,164,         1
59C,2016/05/10 23:52:00, 50, 6.3889074, 51, 39.715229, 52, 33.326324, 49,        64, 56, 6.2676125, 67, 643.33984, 72, 115.31876, 77, 40.218750, 83,         0,110,         2,116,         4,164,         1
58C,2016/05/10 23:53:00, 50, 7.9444075, 51, 44.030144, 52, 36.085739, 49,        64, 56, 6.2676125, 67, 643.33984, 72, 115.28461, 77, 40.218750, 83,         0,110,         2,116,         4,164,         1
52C,2016/05/10 23:54:00, 50, 2.2690721, 51, 47.839375, 52, 45.570305, 49,        64, 56, 6.2676125, 67, 643.33984, 72, 114.57182, 77, 40.250000, 83,         0,110,         1,116,         4,164,         1
54C,2016/05/10 23:55:00, 50,-0.9996629, 51, 54.592777, 52, 55.592438, 49,        64, 56, 6.2676125, 67, 643.33984, 72, 114.51627, 77, 40.250000, 83,         0,110,         0,116,         4,164,         1
56C,2016/05/10 23:56:00, 50, 10.030766, 51, 42.048214, 52, 32.017448, 49,        64, 56, 6.2676125, 67, 643.33984, 72, 114.48038, 77, 40.250000, 83,         0,110,         0,116,         4,164,         1
57C,2016/05/10 23:57:00, 50, 12.221918, 51, 58.896194, 52, 46.674278, 49,        64, 56, 6.2676125, 67, 643.33984, 72, 115.16202, 77, 40.281250, 83,         0,110,         3,116,         4,164,         1
54C,2016/05/10 23:58:00, 50, 5.6817198, 51, 50.837387, 52, 45.155670, 49,        64, 56, 6.2676125, 67, 643.33984, 72, 115.15584, 77, 40.281250, 83,         0,110,         2,116,         4,164,         1
57C,2016/05/10 23:59:00, 50, 9.3990002, 51, 46.457218, 52, 37.058220, 49,        64, 56, 6.2676125, 67, 643.33984, 72, 114.45784, 77, 40.281250, 83,         0,110,         1,116,         4,164,         1
