44C,2016/05/21 15:47:00, 50, 0.0000000, 51, 0.0000000, 52, 0.0000000, 49,        64, 56, 6.2676125, 67, 643.33984, 72, 117.69266, 77, 24.156250, 83,     36353,110,        29,116,         4,164,         1
4FC,2016/05/21 15:48:00, 50, 0.0000000, 51, 0.0000000, 52, 0.0000000, 49,        64, 56, 6.2676125, 67, 643.33984, 72, 117.30980, 77, 24.812500, 83,     36353,110,        29,116,         4,164,         1
40C,2016/05/21 15:49:00, 50, 0.0000000, 51, 0.0000000, 52, 0.0000000, 49,        64, 56, 6.2676125, 67, 644.68970, 72, 117.00255, 77, 25.593750, 83,     35329,110,        29,116,         4,164,         1
44C,2016/05/21 15:50:00, 50, 0.0000000, 51, 0.0000000, 52, 0.0000000, 49,        64, 56, 6.2676125, 67, 643.33984, 72, 116.89557, 77, 26.312500, 83,     35329,110,        29,116,         4,164,         1
4CC,2016/05/21 15:51:00, 50, 0.0000000, 51, 0.0000000, 52, 0.0000000, 49,        64, 56, 6.2676125, 67, 643.33984, 72, 116.87683, 77, 26.937500, 83,     35329,110,        29,116,         4,164,         1
48C,2016/05/21 15:52:00, 50, 0.0000000, 51, 0.0000000, 52, 0.0000000, 49,        64, 56, 6.2676125, 67, 643.33984, 72, 116.76770, 77, 27.593750, 83,     35329,110,        29,116,         4,164,         1
4EC,2016/05/21 15:53:00, 50, 0.0000000, 51, 0.0000000, 52, 0.0000000, 49,        64, 56, 6.2676125, 67, 643.33984, 72, 116.67101, 77, 28.156250, 83,     35329,110,        29,116,         4,164,         1
43C,2016/05/21 15:54:00, 50, 0.0000000, 51, 0.0000000, 52, 0.0000000, 49,        64, 56, 6.2676125, 67, 643.33984, 72, 116.59608, 77, 28.687500, 83,     35329,110,        29,116,         4,164,         1
4AC,2016/05/21 15:55:00, 50, 0.0000000, 51, 0.0000000, 52, 0.0000000, 49,        64, 56, 6.2676125, 67, 643.33984, 72, 116.54884, 77, 29.156250, 83,     34817,110,        29,116,         4,164,         1
4CC,2016/05/21 15:56:00, 50, 0.0000000, 51, 0.0000000, 52, 0.0000000, 49,        64, 56, 6.2676125, 67, 644.68970, 72, 116.43477, 77, 29.562500, 83,     34817,110,        29,116,         4,164,         1
4DC,2016/05/21 15:57:00, 50, 0.0000000, 51, 0.0000000, 52, 0.0000000, 49,        64, 56, 6.2676125, 67, 644.68970, 72, 116.43822, 77, 29.937500, 83,     34817,110,        29,116,         4,164,         1
4DC,2016/05/21 15:58:00, 50, 0.0000000, 51, 0.0000000, 52, 0.0000000, 49,        64, 56, 6.2676125, 67, 644.68970, 72, 116.44336, 77, 30.343750, 83,     34817,110,        29,116,         4,164,         1
4BC,2016/05/21 15:59:00, 50, 0.0000000, 51, 0.0000000, 52, 0.0000000, 49,        64, 56, 6.2676125, 67, 644.68970, 72, 116.49300, 77, 30.781250, 83,     34817,110,        29,116,         4,164,         1
4EC,2016/05/21 16:00:00, 50, 0.0000000, 51, 0.0000000, 52, 0.0000000, 49,        64, 56, 6.2676125, 67, 644.68970, 72, 116.52817, 77, 31.156250, 83,     34817,110,        29,116,         4,164,         1
46C,2016/05/21 16:01:00, 50, 0.0000000, 51, 0.0000000, 52, 0.0000000, 49,        64, 56, 6.2676125, 67, 644.68970, 72, 116.58434, 77, 31.187500, 83,     34817,110,        29,116,         4,164,         1
48C,2016/05/21 16:02:00, 50, 0.0000000, 51, 0.0000000, 52, 0.0000000, 49,        64, 56, 6.2676125, 67, 644.68970, 72, 116.65381, 77, 31.625000, 83,     34817,110,        29,116,         4,164,         1
4AC,2016/05/21 16:03:00, 50, 0.0000000, 51, 0.0000000, 52, 0.0000000, 49,        64, 56, 6.2676125, 67, 644.68970, 72, 116.72987, 77, 31.937500, 83,     34817,110,        29,116,         4,164,         1
4BC,2016/05/21 16:04:00, 50, 0.0000000, 51, 0.0000000, 52, 0.0000000, 49,        64, 56, 6.2676125, 67, 644.68970, 72, 116.77211, 77, 32.281250, 83,     34817,110,        29,116,         4,164,         1
4CC,2016/05/21 16:05:00, 50, 0.0000000, 51, 0.0000000, 52, 0.0000000, 49,        64, 56, 6.2676125, 67, 644.68970, 72, 116.81476, 77, 32.562500, 83,     34817,110,        29,116,         4,164,         1
4FC,2016/05/21 16:06:00, 50, 0.0000000, 51, 0.0000000, 52, 0.0000000, 49,        64, 56, 6.2676125, 67, 644.68970, 72, 116.81874, 77, 32.875000, 83,     34817,110,        29,116,         4,164,         1
44C,2016/05/21 16:07:00, 50, 0.0000000, 51, 0.0000000, 52, 0.0000000, 49,        64, 56, 6.2676125, 67, 644.68970, 72, 116.94478, 77, 33.156250, 83,     34817,110,        29,116,         4,164,         1
47C,2016/05/21 16:08:00, 50, 0.0000000, 51, 0.0000000, 52, 0.0000000, 49,        64, 56, 6.2676125, 67, 644.68970, 72, 117.07668, 77, 33.375000, 83,     34817,110,        29,116,         4,164,         1
40C,2016/05/21 16:09:00, 50, 0.0000000, 51, 0.0000000, 52, 0.0000000, 49,        64, 56, 6.2676125, 67, 644.68970, 72, 117.13976, 77, 33.656250, 83,     34817,110,        29,116,         4,164,         1
4DC,2016/05/21 16:10:00, 50, 0.0000000, 51, 0.0000000, 52, 0.0000000, 49,        64, 56, 6.2676125, 67, 644.68970, 72, 117.22733, 77, 33.875000, 83,     34817,110,        29,116,         4,164,         1
42C,2016/05/21 16:11:00, 50, 0.0000000, 51, 0.0000000, 52, 0.0000000, 49,        64, 56, 6.2676125, 67, 644.68970, 72, 117.36513, 77, 34.125000, 83,     34817,110,        29,116,         4,164,         1
41C,2016/05/21 16:12:00, 50, 0.0000000, 51, 0.0000000, 52, 0.0000000, 49,        64, 56, 6.2676125, 67, 644.68970, 72, 117.43050, 77, 34.343750, 83,     34817,110,        29,116,         4,164,         1
44C,2016/05/21 16:13:00, 50, 0.0000000, 51, 0.0000000, 52, 0.0000000, 49,        64, 56, 6.2676125, 67, 644.68970, 72, 117.57471, 77, 34.531250, 83,     34817,110,        29,116,         4,164,         1
47C,2016/05/21 16:14:00, 50, 0.0000000, 51, 0.0000000, 52, 0.0000000, 49,        64, 56, 6.2676125, 67, 644.68970, 72, 117.73615, 77, 34.750000, 83,     34817,110,        29,116,         4,164,         1
43C,2016/05/21 16:15:00, 50, 0.0000000, 51, 0.0000000, 52, 0.0000000, 49,        64, 56, 6.2676125, 67, 644.68970, 72, 117.87024, 77, 34.937500, 83,     34817,110,        29,116,         4,164,         1
46C,2016/05/21 16:16:00, 50, 0.0000000, 51, 0.0000000, 52, 0.0000000, 49,        64, 56, 6.2676125, 67, 644.68970, 72, 117.98528, 77, 35.093750, 83,     34817,110,        29,116,         4,164,         1
4DC,2016/05/21 16:17:00, 50, 0.0000000, 51, 0.0000000, 52, 0.0000000, 49,        64, 56, 6.2676125, 67, 644.68970, 72, 118.04103, 77, 35.312500, 83,     34817,110,        29,116,         4,164,         1
46C,2016/05/21 16:18:00, 50, 0.0000000, 51, 0.0000000, 52, 0.0000000, 49,        64, 56, 6.2676125, 67, 644.68970, 72, 118.17140, 77, 35.562500, 83,     34817,110,        29,116,         4,164,         1
43C,2016/05/21 16:19:00, 50, 0.0000000, 51, 0.0000000, 52, 0.0000000, 49,        64, 56, 6.2676125, 67, 644.68970, 72, 118.22397, 77, 35.812500, 83,     34817,110,        29,116,         4,164,         1
4BC,2016/05/21 16:20:00, 50, 0.0000000, 51, 0.0000000, 52, 0.0000000, 49,        64, 56, 6.2676125, 67, 644.68970, 72, 118.31302, 77, 36.062500, 83,     34817,110,        29,116,         4,164,         1
4CC,2016/05/21 16:24:00, 50, 0.0000000, 51, 0.0000000, 52, 0.0000000, 49,        64, 56, 6.2676125, 67, 644.68970, 72, 120.69086, 77, 35.875000, 83,     35841,110,        29,116,         4,164,         1
4DC,2016/05/21 16:25:00, 50, 0.0000000, 51, 0.0000000, 52, 0.0000000, 49,        64, 56, 6.2676125, 67, 644.68970, 72, 119.84644, 77, 36.093750, 83,     35841,110,        29,116,         4,164,         1
4FC,2016/05/21 16:42:00, 50, 0.0000000, 51, 0.0000000, 52, 0.0000000, 49,        64, 56, 6.2676125, 67, 641.98999, 72, 119.07431, 77, 35.968750, 83,     36353,110,        29,116,         4,164,         1
44C,2016/05/21 16:43:00, 50, 0.0000000, 51, 0.0000000, 52, 0.0000000, 49,        64, 56, 6.2676125, 67, 641.98999, 72, 118.98114, 77, 35.875000, 83,     36353,110,        29,116,         4,164,         1
4BC,2016/05/21 16:44:00, 50, 0.0000000, 51, 0.0000000, 52, 0.0000000, 49,        64, 56, 6.2676125, 67, 641.98999, 72, 118.92786, 77, 35.968750, 83,     36353,110,        29,116,         4,164,         1
48C,2016/05/21 17:14:00, 50, 0.0000000, 51, 0.0000000, 52, 0.0000000, 49,        64, 56, 6.2676125, 67, 639.29016, 72, 117.68117, 77, 28.625000, 83,     36353,110,        29,116,         4,164,         1
4FC,2016/05/21 17:15:00, 50, 0.0000000, 51, 0.0000000, 52, 0.0000000, 49,        64, 56, 6.2676125, 67, 639.29016, 72, 117.56041, 77, 29.218750, 83,     36353,110,        29,116,         4,164,         1
47C,2016/05/21 17:16:00, 50, 0.0000000, 51, 0.0000000, 52, 0.0000000, 49,        64, 56, 6.2676125, 67, 639.29016, 72, 117.49706, 77, 29.937500, 83,     36353,110,        29,116,         4,164,         1
40C,2016/05/21 17:17:00, 50, 0.0000000, 51, 0.0000000, 52, 0.0000000, 49,        64, 56, 6.2676125, 67, 640.64001, 72, 117.45204, 77, 30.656250, 83,     35329,110,        29,116,         4,164,         1
4FC,2016/05/21 17:18:00, 50, 0.0000000, 51, 0.0000000, 52, 0.0000000, 49,        64, 56, 6.2676125, 67, 640.64001, 72, 117.38722, 77, 31.468750, 83,     35329,110,        29,116,         4,164,         1
41C,2016/05/21 17:19:00, 50, 0.0000000, 51, 0.0000000, 52, 0.0000000, 49,        64, 56, 6.2676125, 67, 640.64001, 72, 117.36200, 77, 31.718750, 83,     35329,110,        29,116,         4,164,         1
48C,2016/05/21 17:20:00, 50, 0.0000000, 51, 0.0000000, 52, 0.0000000, 49,        64, 56, 6.2676125, 67, 640.64001, 72, 117.36874, 77, 32.312500, 83,     35329,110,        29,116,         4,164,         1
4EC,2016/05/21 17:21:00, 50, 0.0000000, 51, 0.0000000, 52, 0.0000000, 49,        64, 56, 6.2676125, 67, 640.64001, 72, 117.37334, 77, 32.687500, 83,     35329,110,        29,116,         4,164,         1
43C,2016/05/21 17:22:00, 50, 0.0000000, 51, 0.0000000, 52, 0.0000000, 49,        64, 56, 6.2676125, 67, 640.64001, 72, 117.35352, 77, 33.125000, 83,     34817,110,        29,116,         4,164,         1
4EC,2016/05/21 17:23:00, 50, 0.0000000, 51, 0.0000000, 52, 0.0000000, 49,        64, 56, 6.2676125, 67, 641.98999, 72, 117.46123, 77, 33.531250, 83,     34817,110,        29,116,         4,164,         1
44C,2016/05/21 17:24:00, 50, 0.0000000, 51, 0.0000000, 52, 0.0000000, 49,        64, 56, 6.2676125, 67, 641.98999, 72, 117.61534, 77, 33.875000, 83,     34817,110,        29,116,         4,164,         1
4CC,2016/05/21 17:25:00, 50, 0.0000000, 51, 0.0000000, 52, 0.0000000, 49,        64, 56, 6.2676125, 67, 641.98999, 72, 117.70074, 77, 34.156250, 83,     34817,110,        29,116,         4,164,         1
43C,2016/05/21 17:26:00, 50, 0.0000000, 51, 0.0000000, 52, 0.0000000, 49,        64, 56, 6.2676125, 67, 643.33984, 72, 117.73169, 77, 34.468750, 83,     34817,110,        29,116,         4,164,         1
49C,2016/05/21 17:27:00, 50, 0.0000000, 51, 0.0000000, 52, 0.0000000, 49,        64, 56, 6.2676125, 67, 643.33984, 72, 117.79092, 77, 34.718750, 83,     34817,110,        29,116,         4,164,         1
4FC,2016/05/21 17:28:00, 50, 0.0000000, 51, 0.0000000, 52, 0.0000000, 49,        64, 56, 6.2676125, 67, 643.33984, 72, 117.91292, 77, 35.000000, 83,     34817,110,        29,116,         4,164,         1
4BC,2016/05/21 17:29:00, 50, 0.0000000, 51, 0.0000000, 52, 0.0000000, 49,        64, 56, 6.2676125, 67, 643.33984, 72, 117.99377, 77, 35.250000, 83,     34817,110,        29,116,         4,164,         1
5CC,2016/05/21 17:30:00, 50, 0.0000000, 51, 0.0000000, 52, 0.0000000, 49,        64, 56, 6.2676125, 67, 643.33984, 72, 118.02950, 77, 35.468750, 83,         0,110,         0,116,         4,164,         1
5DC,2016/05/21 17:31:00, 50, 199.59128, 51, 115.23735, 52,-84.353928, 49,        64, 56, 6.2676125, 67, 643.33984, 72, 117.44997, 77, 35.718750, 83,         0,110,         6,116,         4,164,         1
51C,2016/05/21 17:32:00, 50, 51.596817, 51, 305.02527, 52, 253.42847, 49,        64, 56, 6.2676125, 67, 643.33984, 72, 117.44145, 77, 35.937500, 83,         0,110,         3,116,         4,164,         1
52C,2016/05/21 17:33:00, 50, 222.84076, 51, 1025.3424, 52, 802.50171, 49,        64, 56, 6.2676125, 67, 643.33984, 72, 118.03792, 77, 36.156250, 83,         0,110,         2,116,         4,164,         1
54C,2016/05/21 17:34:00, 50, 57.487206, 51, 177.93369, 52, 120.44649, 49,        64, 56, 6.2676125, 67, 643.33984, 72, 118.05592, 77, 36.375000, 83,         0,110,         1,116,         4,164,         1
59C,2016/05/21 17:35:00, 50, 80.741409, 51, 378.43146, 52, 297.69006, 49,        64, 56, 6.2676125, 67, 643.33984, 72, 117.51213, 77, 36.562500, 83,         0,110,         0,116,         4,164,         1
5DC,2016/05/21 17:36:00, 50, 109.05397, 51, 174.38884, 52, 65.334869, 49,        64, 56, 6.2676125, 67, 643.33984, 72, 117.57484, 77, 36.718750, 83,         0,110,         6,116,         4,164,         1
57C,2016/05/21 17:37:00, 50, 22.724762, 51, 94.099182, 52, 71.374420, 49,        64, 56, 6.2676125, 67, 643.33984, 72, 117.61963, 77, 36.875000, 83,         0,110,         3,116,         4,164,         1
54C,2016/05/21 17:38:00, 50, 349.62970, 51, 807.65613, 52, 458.02643, 49,        64, 56, 6.2676125, 67, 643.33984, 72, 118.32004, 77, 37.031250, 83,         0,110,         2,116,         4,164,         1
5FC,2016/05/21 17:39:00, 50, 224.33102, 51, 692.70233, 52, 468.37134, 49,        64, 56, 6.2676125, 67, 643.33984, 72, 118.38976, 77, 37.187500, 83,         0,110,         1,116,         4,164,         1
53C,2016/05/21 17:40:00, 50, 272.43726, 51, 852.80273, 52, 580.36548, 49,        64, 56, 6.2676125, 67, 643.33984, 72, 117.78876, 77, 37.343750, 83,         0,110,         0,116,         4,164,         1
5CC,2016/05/21 17:41:00, 50, 579.28247, 51, 606.66974, 52, 27.387299, 49,        64, 56, 6.2676125, 67, 643.33984, 72, 117.83670, 77, 37.531250, 83,         0,110,         6,116,         4,164,         1
5AC,2016/05/21 17:42:00, 50, 963.80237, 51, 344.42786, 52,-619.37451, 49,        64, 56, 6.2676125, 67, 643.33984, 72, 117.87540, 77, 37.687500, 83,         0,110,         3,116,         4,164,         1
5FC,2016/05/21 17:43:00, 50, 283.79840, 51, 174.20306, 52,-109.59534, 49,        64, 56, 6.2676125, 67, 643.33984, 72, 118.56911, 77, 37.812500, 83,         0,110,         2,116,         4,164,         1
57C,2016/05/21 17:44:00, 50, 175.92117, 51, 199.12169, 52, 23.200516, 49,        64, 56, 6.2676125, 67, 643.33984, 72, 118.61490, 77, 37.968750, 83,         0,110,         1,116,         4,164,         1
58C,2016/05/21 17:45:00, 50, 494.63947, 51, 379.71616, 52,-114.92332, 49,        64, 56, 6.2676125, 67, 643.33984, 72, 118.03444, 77, 38.125000, 83,         0,110,         0,116,         4,164,         1
54C,2016/05/21 17:46:00, 50, 144.07983, 51, 149.21971, 52, 5.1398840, 49,        64, 56, 6.2676125, 67, 643.33984, 72, 118.08702, 77, 38.250000, 83,         0,110,         6,116,         4,164,         1
52C,2016/05/21 17:47:00, 50, 67.457397, 51, 106.40985, 52, 38.952454, 49,        64, 56, 6.2676125, 67, 643.33984, 72, 118.11871, 77, 38.406250, 83,         0,110,         3,116,         4,164,         1
59C,2016/05/21 17:48:00, 50, 221.59796, 51, 166.01030, 52,-55.587669, 49,        64, 56, 6.2676125, 67, 643.33984, 72, 118.79858, 77, 38.531250, 83,         0,110,         2,116,         4,164,         1
5DC,2016/05/21 17:49:00, 50, 216.75513, 51, 276.99661, 52, 60.241486, 49,        64, 56, 6.2676125, 67, 643.33984, 72, 118.79257, 77, 38.656250, 83,         0,110,         1,116,         4,164,         1
51C,2016/05/21 17:50:00, 50, 396.88440, 51, 520.70441, 52, 123.82001, 49,        64, 56, 6.2676125, 67, 643.33984, 72, 118.13397, 77, 38.781250, 83,         0,110,         0,116,         4,164,         1
58C,2016/05/21 17:51:00, 50, 104.27432, 51, 218.95963, 52, 114.68530, 49,        64, 56, 6.2676125, 67, 643.33984, 72, 118.13341, 77, 38.937500, 83,         0,110,         6,116,         4,164,         1
5DC,2016/05/21 17:52:00, 50, 79.893677, 51, 132.87791, 52, 52.984245, 49,        64, 56, 6.2676125, 67, 643.33984, 72, 118.15251, 77, 39.031250, 83,         0,110,         3,116,         4,164,         1
5DC,2016/05/21 17:53:00, 50, 319.74139, 51,-2.2473755, 52,-321.98877, 49,        64, 56, 6.2676125, 67, 643.33984, 72, 118.87190, 77, 39.125000, 83,         0,110,         2,116,         4,164,         1
52C,2016/05/21 17:54:00, 50, 66.053192, 51, 174.91176, 52, 108.85857, 49,        64, 56, 6.2676125, 67, 643.33984, 72, 118.90230, 77, 39.250000, 83,         0,110,         1,116,         4,164,         1
5FC,2016/05/21 17:55:00, 50, 61.198425, 51, 132.25754, 52, 71.059113, 49,        64, 56, 6.2676125, 67, 643.33984, 72, 118.25330, 77, 39.375000, 83,         0,110,         0,116,         4,164,         1
57C,2016/05/21 17:56:00, 50, 105.09589, 51, 293.95685, 52, 188.86096, 49,        64, 56, 6.2676125, 67, 643.33984, 72, 118.28416, 77, 39.468750, 83,         0,110,         6,116,         4,164,         1
5DC,2016/05/21 17:57:00, 50, 102.11548, 51, 253.35242, 52, 151.23694, 49,        64, 56, 6.2676125, 67, 643.33984, 72, 118.29410, 77, 39.562500, 83,         0,110,         3,116,         4,164,         1
5BC,2016/05/21 17:58:00, 50, 744.19922, 51, 118.13611, 52,-626.06311, 49,        64, 56, 6.2676125, 67, 643.33984, 72, 118.98938, 77, 39.656250, 83,         0,110,         2,116,         4,164,         1
5CC,2016/05/21 17:59:00, 50, 613.15723, 51, 863.88855, 52, 250.73132, 49,        64, 56, 6.2676125, 67, 643.33984, 72, 118.98997, 77, 39.750000, 83,         0,110,         1,116,         4,164,         1
5DC,2016/05/21 18:00:00, 50, 468.49896, 51, 564.95728, 52, 96.458328, 49,        64, 56, 6.2676125, 67, 643.33984, 72, 118.31750, 77, 39.812500, 83,         0,110,         0,116,         4,164,         1
50C,2016/05/21 18:01:00, 50, 1098.6294, 51, 1667.8929, 52, 569.26355, 49,        64, 56, 6.2676125, 67, 643.33984, 72, 118.31049, 77, 39.875000, 83,         0,110,         6,116,         4,164,         1
57C,2016/05/21 18:02:00, 50, 297.86896, 51, 327.93033, 52, 30.061375, 49,        64, 56, 6.2676125, 67, 643.33984, 72, 118.30699, 77, 39.968750, 83,         0,110,         3,116,         4,164,         1
5DC,2016/05/21 18:03:00, 50, 392.59595, 51, 801.20544, 52, 408.60950, 49,        64, 56, 6.2676125, 67, 643.33984, 72, 118.96878, 77, 40.031250, 83,         0,110,         2,116,         4,164,         1
50C,2016/05/21 18:04:00, 50, 628.70764, 51, 1124.5115, 52, 495.80383, 49,        64, 56, 6.2676125, 67, 643.33984, 72, 118.95685, 77, 40.125000, 83,         0,110,         1,116,         4,164,         1
5AC,2016/05/21 18:05:00, 50, 912.22083, 51, 547.16986, 52,-365.05096, 49,        64, 56, 6.2676125, 67, 643.33984, 72, 118.24448, 77, 40.156250, 83,         0,110,         0,116,         4,164,         1
50C,2016/05/21 18:06:00, 50, 129.82886, 51, 235.94292, 52, 106.11406, 49,        64, 56, 6.2676125, 67, 643.33984, 72, 118.23405, 77, 40.250000, 83,         0,110,         6,116,         4,164,         1
54C,2016/05/21 18:07:00, 50, 89.038773, 51, 179.61465, 52, 90.575882, 49,        64, 56, 6.2676125, 67, 643.33984, 72, 118.25279, 77, 40.312500, 83,         0,110,         3,116,         4,164,         1
53C,2016/05/21 18:08:00, 50, 402.81055, 51, 413.60574, 52, 10.795198, 49,        64, 56, 6.2676125, 67, 643.33984, 72, 118.95245, 77, 40.375000, 83,         0,110,         2,116,         4,164,         1
55C,2016/05/21 18:09:00, 50, 253.38757, 51, 415.51236, 52, 162.12479, 49,        64, 56, 6.2676125, 67, 643.33984, 72, 118.94756, 77, 40.437500, 83,         0,110,         1,116,         4,164,         1
57C,2016/05/21 18:10:00, 50, 99.382095, 51, 200.16051, 52, 100.77841, 49,        64, 56, 6.2676125, 67, 643.33984, 72, 118.24774, 77, 40.468750, 83,         0,110,         0,116,         4,164,         1
56C,2016/05/21 18:11:00, 50, 156.52347, 51, 231.90388, 52, 75.380417, 49,        64, 56, 6.2676125, 67, 643.33984, 72, 118.24521, 77, 40.531250, 83,         0,110,         6,116,         4,164,         1
5FC,2016/05/21 18:12:00, 50, 250.10843, 51, 350.15955, 52, 100.05112, 49,        64, 56, 6.2676125, 67, 643.33984, 72, 118.25757, 77, 40.593750, 83,         0,110,         3,116,         4,164,         1
59C,2016/05/21 18:13:00, 50, 99.427826, 51, 199.70357, 52, 100.27574, 49,        64, 56, 6.2676125, 67, 643.33984, 72, 118.95686, 77, 40.625000, 83,         0,110,         2,116,         4,164,         1
55C,2016/05/21 18:14:00, 50, 237.47729, 51, 314.33353, 52, 76.856232, 49,        64, 56, 6.2676125, 67, 643.33984, 72, 118.97598, 77, 40.687500, 83,         0,110,         1,116,         4,164,         1
5AC,2016/05/21 18:15:00, 50, 149.68698, 51, 517.41772, 52, 367.73077, 49,        64, 56, 6.2676125, 67, 643.33984, 72, 118.31517, 77, 40.718750, 83,         0,110,         0,116,         4,164,         1
5DC,2016/05/21 18:16:00, 50, 347.60974, 51, 284.04437, 52,-63.565369, 49,        64, 56, 6.2676125, 67, 643.33984, 72, 118.30789, 77, 40.781250, 83,         0,110,         6,116,         4,164,         1
5CC,2016/05/21 18:17:00, 50, 223.54550, 51, 421.45197, 52, 197.90646, 49,        64, 56, 6.2676125, 67, 643.33984, 72, 118.29652, 77, 40.812500, 83,         0,110,         3,116,         4,164,         1
58C,2016/05/21 18:18:00, 50, 117.89328, 51, 191.99840, 52, 74.105118, 49,        64, 56, 6.2676125, 67, 643.33984, 72, 118.96777, 77, 40.875000, 83,         0,110,         2,116,         4,164,         1
5CC,2016/05/21 18:19:00, 50, 117.24849, 51, 222.98253, 52, 105.73404, 49,        64, 56, 6.2676125, 67, 643.33984, 72, 118.96588, 77, 40.906250, 83,         0,110,         1,116,         4,164,         1
53C,2016/05/21 18:20:00, 50, 134.74133, 51, 207.62347, 52, 72.882141, 49,        64, 56, 6.2676125, 67, 643.33984, 72, 118.28526, 77, 40.937500, 83,         0,110,         0,116,         4,164,         1
54C,2016/05/21 18:21:00, 50, 234.29816, 51, 371.11948, 52, 136.82132, 49,        64, 56, 6.2676125, 67, 643.33984, 72, 118.29271, 77, 40.968750, 83,         0,110,         6,116,         4,164,         1
57C,2016/05/21 18:22:00, 50, 295.96161, 51, 405.52383, 52, 109.56223, 49,        64, 56, 6.2676125, 67, 643.33984, 72, 118.28648, 77, 41.000000, 83,         0,110,         3,116,         4,164,         1
57C,2016/05/21 18:23:00, 50, 306.50500, 51, 317.37167, 52, 10.866674, 49,        64, 56, 6.2676125, 67, 643.33984, 72, 118.94307, 77, 41.000000, 83,         0,110,         2,116,         4,164,         1
58C,2016/05/21 18:24:00, 50, 290.31104, 51, 314.62131, 52, 24.310280, 49,        64, 56, 6.2676125, 67, 643.33984, 72, 118.90948, 77, 41.031250, 83,         0,110,         1,116,         4,164,         1
5FC,2016/05/21 18:25:00, 50, 139.43549, 51, 228.53311, 52, 89.097626, 49,        64, 56, 6.2676125, 67, 643.33984, 72, 118.23933, 77, 41.062500, 83,         0,110,         0,116,         4,164,         1
5EC,2016/05/21 18:26:00, 50, 454.86395, 51, 477.27414, 52, 22.410191, 49,        64, 56, 6.2676125, 67, 643.33984, 72, 118.26184, 77, 41.093750, 83,         0,110,         6,116,         4,164,         1
50C,2016/05/21 18:27:00, 50, 267.76770, 51, 203.97751, 52,-63.790215, 49,        64, 56, 6.2676125, 67, 643.33984, 72, 118.27592, 77, 41.125000, 83,         0,110,         3,116,         4,164,         1
5AC,2016/05/21 18:28:00, 50, 145.26801, 51, 278.95108, 52, 133.68307, 49,        64, 56, 6.2676125, 67, 643.33984, 72, 118.96321, 77, 41.125000, 83,         0,110,         2,116,         4,164,         1
5BC,2016/05/21 18:29:00, 50, 152.76318, 51, 230.69769, 52, 77.934509, 49,        64, 56, 6.2676125, 67, 643.33984, 72, 118.95712, 77, 41.156250, 83,         0,110,         1,116,         4,164,         1
5FC,2016/05/21 18:30:00, 50, 167.39059, 51, 286.86508, 52, 119.47449, 49,        64, 56, 6.2676125, 67, 643.33984, 72, 118.25906, 77, 41.187500, 83,         0,110,         0,116,         4,164,         1
53C,2016/05/21 18:31:00, 50, 219.30862, 51, 117.63864, 52,-101.66998, 49,        64, 56, 6.2676125, 67, 643.33984, 72, 118.26494, 77, 41.250000, 83,         0,110,         6,116,         4,164,         1
5CC,2016/05/21 18:32:00, 50, 189.80353, 51, 456.18481, 52, 266.38129, 49,        64, 56, 6.2676125, 67, 643.33984, 72, 118.27258, 77, 41.281250, 83,         0,110,         3,116,         4,164,         1
59C,2016/05/21 18:33:00, 50, 169.87772, 51, 227.02861, 52, 57.150894, 49,        64, 56, 6.2676125, 67, 643.33984, 72, 118.95482, 77, 41.343750, 83,         0,110,         2,116,         4,164,         1
54C,2016/05/21 18:34:00, 50, 147.66495, 51, 278.11755, 52, 130.45261, 49,        64, 56, 6.2676125, 67, 643.33984, 72, 118.95932, 77, 41.437500, 83,         0,110,         1,116,         4,164,         1
52C,2016/05/21 18:35:00, 50, 334.76404, 51, 286.45868, 52,-48.305359, 49,        64, 56, 6.2676125, 67, 643.33984, 72, 118.26978, 77, 41.500000, 83,         0,110,         0,116,         4,164,         1
50C,2016/05/21 18:36:00, 50, 160.93628, 51, 256.72333, 52, 95.787048, 49,        64, 56, 6.2676125, 67, 643.33984, 72, 118.25299, 77, 41.593750, 83,         0,110,         6,116,         4,164,         1
53C,2016/05/21 18:37:00, 50, 121.92310, 51, 234.31242, 52, 112.38933, 49,        64, 56, 6.2676125, 67, 643.33984, 72, 118.25792, 77, 41.656250, 83,         0,110,         3,116,         4,164,         1
5FC,2016/05/21 18:38:00, 50, 93.663071, 51, 260.59616, 52, 166.93311, 49,        64, 56, 6.2676125, 67, 643.33984, 72, 118.95737, 77, 41.750000, 83,         0,110,         2,116,         4,164,         1
5EC,2016/05/21 18:39:00, 50, 190.56848, 51, 128.56021, 52,-62.008270, 49,        64, 56, 6.2676125, 67, 643.33984, 72, 118.96771, 77, 41.812500, 83,         0,110,         1,116,         4,164,         1
59C,2016/05/21 18:40:00, 50, 131.58704, 51, 284.50989, 52, 152.92285, 49,        64, 56, 6.2676125, 67, 643.33984, 72, 118.29025, 77, 41.906250, 83,         0,110,         0,116,         4,164,         1
59C,2016/05/21 18:41:00, 50, 168.66986, 51, 190.37234, 52, 21.702488, 49,        64, 56, 6.2676125, 67, 643.33984, 72, 118.29895, 77, 42.000000, 83,         0,110,         6,116,         4,164,         1
5FC,2016/05/21 18:42:00, 50, 160.21561, 51, 700.71680, 52, 540.50122, 49,        64, 56, 6.2676125, 67, 643.33984, 72, 118.30200, 77, 42.062500, 83,         0,110,         3,116,         4,164,         1
5CC,2016/05/21 18:43:00, 50, 94.387146, 51, 127.47308, 52, 33.085930, 49,        64, 56, 6.2676125, 67, 643.33984, 72, 118.99535, 77, 42.156250, 83,         0,110,         2,116,         4,164,         1
54C,2016/05/21 18:44:00, 50, 110.94417, 51, 179.86621, 52, 68.922043, 49,        64, 56, 6.2676125, 67, 643.33984, 72, 119.00563, 77, 42.218750, 83,         0,110,         1,116,         4,164,         1
50C,2016/05/21 18:45:00, 50, 105.61589, 51, 216.05612, 52, 110.44023, 49,        64, 56, 6.2676125, 67, 643.33984, 72, 118.33472, 77, 42.312500, 83,         0,110,         0,116,         4,164,         1
5EC,2016/05/21 18:46:00, 50, 193.77264, 51, 389.66296, 52, 195.89032, 49,        64, 56, 6.2676125, 67, 643.33984, 72, 118.36526, 77, 42.375000, 83,         0,110,         6,116,         4,164,         1
5FC,2016/05/21 18:47:00, 50, 169.07593, 51, 243.80974, 52, 74.733810, 49,        64, 56, 6.2676125, 67, 643.33984, 72, 118.39153, 77, 42.468750, 83,         0,110,         3,116,         4,164,         1
5CC,2016/05/21 18:48:00, 50, 81.192261, 51, 138.52359, 52, 57.331329, 49,        64, 56, 6.2676125, 67, 643.33984, 72, 119.09300, 77, 42.531250, 83,         0,110,         2,116,         4,164,         1
5FC,2016/05/21 18:49:00, 50, 225.87903, 51, 214.98903, 52,-10.890013, 49,        64, 56, 6.2676125, 67, 643.33984, 72, 119.10902, 77, 42.593750, 83,         0,110,         1,116,         4,164,         1
58C,2016/05/21 18:50:00, 50, 69.639603, 51, 165.68155, 52, 96.041946, 49,        64, 56, 6.2676125, 67, 643.33984, 72, 118.45570, 77, 42.656250, 83,         0,110,         0,116,         4,164,         1
50C,2016/05/21 18:51:00, 50, 83.968735, 51, 124.79378, 52, 40.825043, 49,        64, 56, 6.2676125, 67, 643.33984, 72, 118.45003, 77, 42.750000, 83,         0,110,         6,116,         4,164,         1
5BC,2016/05/21 18:52:00, 50, 43.298157, 51, 132.11255, 52, 88.814392, 49,        64, 56, 6.2676125, 67, 643.33984, 72, 118.43819, 77, 42.812500, 83,         0,110,         3,116,         4,164,         1
5EC,2016/05/21 18:53:00, 50, 154.19272, 51, 300.33853, 52, 146.14581, 49,        64, 56, 6.2676125, 67, 643.33984, 72, 119.11438, 77, 42.875000, 83,         0,110,         2,116,         4,164,         1
50C,2016/05/21 18:54:00, 50, 151.86414, 51, 169.90356, 52, 18.039440, 49,        64, 56, 6.2676125, 67, 643.33984, 72, 119.11111, 77, 42.937500, 83,         0,110,         1,116,         4,164,         1
50C,2016/05/21 18:55:00, 50, 98.887100, 51, 126.57404, 52, 27.686947, 49,        64, 56, 6.2676125, 67, 643.33984, 72, 118.42322, 77, 43.031250, 83,         0,110,         0,116,         4,164,         1
5FC,2016/05/21 18:56:00, 50, 86.195969, 51, 180.48645, 52, 94.290482, 49,        64, 56, 6.2676125, 67, 643.33984, 72, 118.42984, 77, 43.062500, 83,         0,110,         6,116,         4,164,         1
53C,2016/05/21 18:57:00, 50, 80.330551, 51, 181.22545, 52, 100.89490, 49,        64, 56, 6.2676125, 67, 643.33984, 72, 118.43927, 77, 43.125000, 83,         0,110,         3,116,         4,164,         1
5EC,2016/05/21 18:58:00, 50, 97.541595, 51, 97.902016, 52, 0.3604221, 49,        64, 56, 6.2676125, 67, 643.33984, 72, 119.11142, 77, 43.156250, 83,         0,110,         2,116,         4,164,         1
56C,2016/05/21 18:59:00, 50, 82.780899, 51, 185.17560, 52, 102.39470, 49,        64, 56, 6.2676125, 67, 643.33984, 72, 119.09425, 77, 43.218750, 83,         0,110,         1,116,         4,164,         1
52C,2016/05/21 19:00:00, 50, 48.624214, 51, 111.17127, 52, 62.547058, 49,        64, 56, 6.2676125, 67, 643.33984, 72, 118.40308, 77, 43.281250, 83,         0,110,         0,116,         4,164,         1
59C,2016/05/21 19:01:00, 50, 186.51468, 51, 261.42090, 52, 74.906235, 49,        64, 56, 6.2676125, 67, 643.33984, 72, 118.37283, 77, 43.343750, 83,         0,110,         6,116,         4,164,         1
51C,2016/05/21 19:02:00, 50, 119.46243, 51, 165.66225, 52, 46.199814, 49,        64, 56, 6.2676125, 67, 643.33984, 72, 118.37660, 77, 43.406250, 83,         0,110,         3,116,         4,164,         1
52C,2016/05/21 19:03:00, 50, 216.29382, 51, 195.40993, 52,-20.883907, 49,        64, 56, 6.2676125, 67, 643.33984, 72, 119.03368, 77, 43.437500, 83,         0,110,         2,116,         4,164,         1
5FC,2016/05/21 19:04:00, 50, 101.94350, 51, 128.21779, 52, 26.274303, 49,        64, 56, 6.2676125, 67, 643.33984, 72, 119.04726, 77, 43.500000, 83,         0,110,         1,116,         4,164,         1
5CC,2016/05/21 19:05:00, 50, 220.38501, 51, 483.33722, 52, 262.95221, 49,        64, 56, 6.2676125, 67, 643.33984, 72, 118.38329, 77, 43.531250, 83,         0,110,         0,116,         4,164,         1
55C,2016/05/21 19:06:00, 50, 89.708893, 51, 197.58551, 52, 107.87662, 49,        64, 56, 6.2676125, 67, 643.33984, 72, 118.42378, 77, 43.593750, 83,         0,110,         6,116,         4,164,         1
58C,2016/05/21 19:07:00, 50, 80.523148, 51, 182.27939, 52, 101.75624, 49,        64, 56, 6.2676125, 67, 643.33984, 72, 118.44252, 77, 43.625000, 83,         0,110,         3,116,         4,164,         1
58C,2016/05/21 19:08:00, 50, 262.72937, 51, 179.56735, 52,-83.162033, 49,        64, 56, 6.2676125, 67, 643.33984, 72, 119.12965, 77, 43.687500, 83,         0,110,         2,116,         4,164,         1
58C,2016/05/21 19:09:00, 50, 119.58572, 51, 188.88391, 52, 69.298187, 49,        64, 56, 6.2676125, 67, 643.33984, 72, 119.12758, 77, 43.750000, 83,         0,110,         1,116,         4,164,         1
5AC,2016/05/21 19:10:00, 50, 83.654892, 51, 151.61295, 52, 67.958054, 49,        64, 56, 6.2676125, 67, 643.33984, 72, 118.43150, 77, 43.781250, 83,         0,110,         0,116,         4,164,         1
5BC,2016/05/21 19:11:00, 50, 106.05110, 51, 138.35039, 52, 32.299294, 49,        64, 56, 6.2676125, 67, 643.33984, 72, 118.40259, 77, 43.781250, 83,         0,110,         6,116,         4,164,         1
59C,2016/05/21 19:12:00, 50, 546.18762, 51,-52.879272, 52,-599.06689, 49,        64, 56, 6.2676125, 67, 643.33984, 72, 118.37393, 77, 43.843750, 83,         0,110,         3,116,         4,164,         1
58C,2016/05/21 19:13:00, 50, 160.94107, 51, 284.39484, 52, 123.45377, 49,        64, 56, 6.2676125, 67, 643.33984, 72, 119.02205, 77, 43.906250, 83,         0,110,         2,116,         4,164,         1
53C,2016/05/21 19:14:00, 50, 111.81221, 51, 217.57227, 52, 105.76006, 49,        64, 56, 6.2676125, 67, 643.33984, 72, 119.01442, 77, 43.906250, 83,         0,110,         1,116,         4,164,         1
5AC,2016/05/21 19:15:00, 50, 108.18393, 51, 176.46170, 52, 68.277771, 49,        64, 56, 6.2676125, 67, 643.33984, 72, 118.33940, 77, 43.968750, 83,         0,110,         0,116,         4,164,         1
58C,2016/05/21 19:16:00, 50, 113.36458, 51, 120.76109, 52, 7.3965158, 49,        64, 56, 6.2676125, 67, 643.33984, 72, 118.35458, 77, 44.000000, 83,         0,110,         6,116,         4,164,         1
5CC,2016/05/21 19:17:00, 50, 200.97842, 51, 404.30820, 52, 203.32977, 49,        64, 56, 6.2676125, 67, 643.33984, 72, 118.34392, 77, 44.031250, 83,         0,110,         3,116,         4,164,         1
59C,2016/05/21 19:18:00, 50, 402.30377, 51, 1000.7401, 52, 598.43628, 49,        64, 56, 6.2676125, 67, 643.33984, 72, 118.99472, 77, 44.093750, 83,         0,110,         2,116,         4,164,         1
5BC,2016/05/21 19:19:00, 50, 548.43750, 51, 610.37854, 52, 61.941086, 49,        64, 56, 6.2676125, 67, 643.33984, 72, 118.98456, 77, 44.125000, 83,         0,110,         1,116,         4,164,         1
50C,2016/05/21 19:20:00, 50, 361.49463, 51, 189.11111, 52,-172.38351, 49,        64, 56, 6.2676125, 67, 643.33984, 72, 118.29593, 77, 44.187500, 83,         0,110,         0,116,         4,164,         1
59C,2016/05/21 19:21:00, 50, 176.79675, 51, 359.24600, 52, 182.44925, 49,        64, 56, 6.2676125, 67, 643.33984, 72, 118.31343, 77, 44.187500, 83,         0,110,         6,116,         4,164,         1
56C,2016/05/21 19:22:00, 50, 1288.4514, 51,-431.50391, 52,-1719.9553, 49,        64, 56, 6.2676125, 67, 643.33984, 72, 118.32733, 77, 44.218750, 83,         0,110,         3,116,         4,164,         1
5BC,2016/05/21 19:23:00, 50, 157.33408, 51, 160.29884, 52, 2.9647813, 49,        64, 56, 6.2676125, 67, 643.33984, 72, 119.03816, 77, 44.250000, 83,         0,110,         2,116,         4,164,         1
57C,2016/05/21 19:24:00, 50, 200.25299, 51, 393.15637, 52, 192.90338, 49,        64, 56, 6.2676125, 67, 643.33984, 72, 119.05183, 77, 44.281250, 83,         0,110,         1,116,         4,164,         1
56C,2016/05/21 19:25:00, 50, 291.34155, 51, 313.17615, 52, 21.834595, 49,        64, 56, 6.2676125, 67, 643.33984, 72, 118.36815, 77, 44.312500, 83,         0,110,         0,116,         4,164,         1
5CC,2016/05/21 19:26:00, 50, 185.91821, 51, 194.81194, 52, 8.8937359, 49,        64, 56, 6.2676125, 67, 643.33984, 72, 118.38574, 77, 44.343750, 83,         0,110,         6,116,         4,164,         1
5FC,2016/05/21 19:27:00, 50, 172.56989, 51, 260.45874, 52, 87.888855, 49,        64, 56, 6.2676125, 67, 643.33984, 72, 118.39119, 77, 44.406250, 83,         0,110,         3,116,         4,164,         1
5AC,2016/05/21 19:28:00, 50, 89.963135, 51, 161.00566, 52, 71.042526, 49,        64, 56, 6.2676125, 67, 643.33984, 72, 119.07668, 77, 44.437500, 83,         0,110,         2,116,         4,164,         1
56C,2016/05/21 19:29:00, 50, 70.303101, 51, 175.95074, 52, 105.64764, 49,        64, 56, 6.2676125, 67, 643.33984, 72, 119.10617, 77, 44.437500, 83,         0,110,         1,116,         4,164,         1
58C,2016/05/21 19:30:00, 50, 93.000015, 51, 177.77501, 52, 84.774994, 49,        64, 56, 6.2676125, 67, 643.33984, 72, 118.45444, 77, 44.468750, 83,         0,110,         0,116,         4,164,         1
55C,2016/05/21 19:31:00, 50, 102.27585, 51, 225.65779, 52, 123.38194, 49,        64, 56, 6.2676125, 67, 643.33984, 72, 118.48552, 77, 44.468750, 83,         0,110,         6,116,         4,164,         1
5FC,2016/05/21 19:32:00, 50, 177.69751, 51, 225.39452, 52, 47.697006, 49,        64, 56, 6.2676125, 67, 643.33984, 72, 118.48988, 77, 44.500000, 83,         0,110,         3,116,         4,164,         1
5BC,2016/05/21 19:33:00, 50, 116.29915, 51, 125.49010, 52, 9.1909504, 49,        64, 56, 6.2676125, 67, 643.33984, 72, 119.15781, 77, 44.531250, 83,         0,110,         2,116,         4,164,         1
5DC,2016/05/21 19:34:00, 50, 133.62131, 51, 332.14734, 52, 198.52603, 49,        64, 56, 6.2676125, 67, 643.33984, 72, 119.13171, 77, 44.593750, 83,         0,110,         1,116,         4,164,         1
5AC,2016/05/21 19:35:00, 50, 185.76868, 51, 160.23975, 52,-25.528934, 49,        64, 56, 6.2676125, 67, 643.33984, 72, 118.42038, 77, 44.593750, 83,         0,110,         0,116,         4,164,         1
57C,2016/05/21 19:36:00, 50, 122.29677, 51, 185.68945, 52, 63.392685, 49,        64, 56, 6.2676125, 67, 643.33984, 72, 118.40399, 77, 44.656250, 83,         0,110,         6,116,         4,164,         1
5FC,2016/05/21 19:37:00, 50, 117.21361, 51, 178.90462, 52, 61.691017, 49,        64, 56, 6.2676125, 67, 643.33984, 72, 118.41498, 77, 44.656250, 83,         0,110,         0,116,         4,164,         1
57C,2016/05/21 19:38:00, 50, 37.186417, 51, 76.673241, 52, 39.486824, 49,        64, 56, 6.2676125, 67, 643.33984, 72, 119.12164, 77, 44.687500, 83,         0,110,         3,116,         4,164,         1
5CC,2016/05/21 19:39:00, 50, 45.800797, 51, 120.70486, 52, 74.904068, 49,        64, 56, 6.2676125, 67, 643.33984, 72, 119.15002, 77, 44.687500, 83,         0,110,         2,116,         4,164,         1
5EC,2016/05/21 19:40:00, 50, 72.524292, 51, 254.29956, 52, 181.77527, 49,        64, 56, 6.2676125, 67, 643.33984, 72, 118.47330, 77, 44.718750, 83,         0,110,         1,116,         4,164,         1
5FC,2016/05/21 19:41:00, 50, 89.680389, 51, 167.42577, 52, 77.745377, 49,        64, 56, 6.2676125, 67, 643.33984, 72, 118.49968, 77, 44.718750, 83,         0,110,         6,116,         4,164,         1
57C,2016/05/21 19:42:00, 50, 347.14453, 51, 69.542969, 52,-277.60156, 49,        64, 56, 6.2676125, 67, 643.33984, 72, 118.51167, 77, 44.750000, 83,         0,110,         0,116,         4,164,         1
5EC,2016/05/21 19:43:00, 50, 95.796127, 51, 137.56070, 52, 41.764572, 49,        64, 56, 6.2676125, 67, 643.33984, 72, 119.19794, 77, 44.781250, 83,         0,110,         3,116,         4,164,         1
5EC,2016/05/21 19:44:00, 50, 66.257462, 51, 109.74699, 52, 43.489532, 49,        64, 56, 6.2676125, 67, 643.33984, 72, 119.19305, 77, 44.781250, 83,         0,110,         2,116,         4,164,         1
51C,2016/05/21 19:45:00, 50, 73.103439, 51, 172.48074, 52, 99.377304, 49,        64, 56, 6.2676125, 67, 643.33984, 72, 118.50185, 77, 44.812500, 83,         0,110,         1,116,         4,164,         1
54C,2016/05/21 19:46:00, 50, 91.870514, 51, 138.17699, 52, 46.306480, 49,        64, 56, 6.2676125, 67, 643.33984, 72, 118.47684, 77, 44.812500, 83,         0,110,         6,116,         4,164,         1
5CC,2016/05/21 19:47:00, 50, 81.371719, 51, 117.24289, 52, 35.871170, 49,        64, 56, 6.2676125, 67, 643.33984, 72, 118.48012, 77, 44.812500, 83,         0,110,         0,116,         4,164,         1
53C,2016/05/21 19:48:00, 50, 59.105606, 51, 109.69554, 52, 50.589935, 49,        64, 56, 6.2676125, 67, 643.33984, 72, 119.16451, 77, 44.812500, 83,         0,110,         3,116,         4,164,         1
52C,2016/05/21 19:49:00, 50, 58.085648, 51, 123.42633, 52, 65.340683, 49,        64, 56, 6.2676125, 67, 643.33984, 72, 119.15514, 77, 44.875000, 83,         0,110,         2,116,         4,164,         1
5EC,2016/05/21 19:50:00, 50, 77.917557, 51, 150.52118, 52, 72.603622, 49,        64, 56, 6.2676125, 67, 643.33984, 72, 118.47896, 77, 44.875000, 83,         0,110,         1,116,         4,164,         1
5AC,2016/05/21 19:51:00, 50, 37.998322, 51, 106.77795, 52, 68.779633, 49,        64, 56, 6.2676125, 67, 643.33984, 72, 118.49817, 77, 44.906250, 83,         0,110,         6,116,         4,164,         1
54C,2016/05/21 19:52:00, 50, 41.648384, 51, 81.820869, 52, 40.172485, 49,        64, 56, 6.2676125, 67, 643.33984, 72, 118.52257, 77, 44.906250, 83,         0,110,         0,116,         4,164,         1
5DC,2016/05/21 19:53:00, 50, 120.19652, 51, 51.124359, 52,-69.072159, 49,        64, 56, 6.2676125, 67, 643.33984, 72, 119.23940, 77, 44.906250, 83,         0,110,         3,116,         4,164,         1
52C,2016/05/21 19:54:00, 50, 65.882248, 51, 164.44890, 52, 98.566650, 49,        64, 56, 6.2676125, 67, 643.33984, 72, 119.26997, 77, 44.937500, 83,         0,110,         2,116,         4,164,         1
52C,2016/05/21 19:55:00, 50, 150.27994, 51, 298.05096, 52, 147.77103, 49,        64, 56, 6.2676125, 67, 643.33984, 72, 118.60356, 77, 44.937500, 83,         0,110,         1,116,         4,164,         1
53C,2016/05/21 19:56:00, 50, 105.18788, 51, 244.77037, 52, 139.58249, 49,        64, 56, 6.2676125, 67, 643.33984, 72, 118.59964, 77, 44.968750, 83,         0,110,         6,116,         4,164,         1
5CC,2016/05/21 19:57:00, 50, 245.57608, 51, 246.31206, 52, 0.7359784, 49,        64, 56, 6.2676125, 67, 643.33984, 72, 118.59837, 77, 44.968750, 83,         0,110,         0,116,         4,164,         1
5CC,2016/05/21 19:58:00, 50, 92.062607, 51, 181.34160, 52, 89.278992, 49,        64, 56, 6.2676125, 67, 643.33984, 72, 119.26492, 77, 45.000000, 83,         0,110,         3,116,         4,164,         1
54C,2016/05/21 19:59:00, 50, 60.770493, 51, 135.52728, 52, 74.756790, 49,        64, 56, 6.2676125, 67, 643.33984, 72, 119.25012, 77, 44.656250, 83,         0,110,         2,116,         4,164,         1
55C,2016/05/21 20:00:00, 50, 22.027851, 51, 75.081238, 52, 53.053391, 49,        64, 56, 6.2676125, 67, 643.33984, 72, 118.52962, 77, 44.031250, 83,         0,110,         1,116,         4,164,         1
50C,2016/05/21 20:01:00, 50, 225.12497, 51, 190.36911, 52,-34.755867, 49,        64, 56, 6.2676125, 67, 643.33984, 72, 118.41136, 77, 43.343750, 83,         0,110,         6,116,         4,164,         1
5EC,2016/05/21 20:02:00, 50, 178.19888, 51, 311.18863, 52, 132.98975, 49,        64, 56, 6.2676125, 67, 643.33984, 72, 118.30049, 77, 42.687500, 83,         0,110,         0,116,         4,164,         1
5FC,2016/05/21 20:03:00, 50, 143.55078, 51, 189.15315, 52, 45.602379, 49,        64, 56, 6.2676125, 67, 643.33984, 72, 118.89142, 77, 42.125000, 83,         0,110,         3,116,         4,164,         1
55C,2016/05/21 20:04:00, 50, 235.65414, 51, 188.79341, 52,-46.860741, 49,        64, 56, 6.2676125, 67, 643.33984, 72, 118.79395, 77, 41.531250, 83,         0,110,         2,116,         4,164,         1
52C,2016/05/21 20:05:00, 50, 175.63474, 51, 187.74246, 52, 12.107735, 49,        64, 56, 6.2676125, 67, 643.33984, 72, 118.04720, 77, 41.062500, 83,         0,110,         1,116,         4,164,         1
53C,2016/05/21 20:06:00, 50, 29.575565, 51, 151.74986, 52, 122.17430, 49,        64, 56, 6.2676125, 67, 643.33984, 72, 117.95889, 77, 40.593750, 83,         0,110,         6,116,         4,164,         1
53C,2016/05/21 20:07:00, 50, 73.256104, 51, 137.73883, 52, 64.482727, 49,        64, 56, 6.2676125, 67, 643.33984, 72, 117.88377, 77, 40.187500, 83,         0,110,         0,116,         4,164,         1
5DC,2016/05/21 20:08:00, 50, 63.329605, 51, 155.38037, 52, 92.050766, 49,        64, 56, 6.2676125, 67, 643.33984, 72, 118.52171, 77, 39.812500, 83,         0,110,         3,116,         4,164,         1
55C,2016/05/21 20:09:00, 50, 76.487061, 51, 78.779343, 52, 2.2922835, 49,        64, 56, 6.2676125, 67, 643.33984, 72, 118.48672, 77, 39.468750, 83,         0,110,         2,116,         4,164,         1
54C,2016/05/21 20:10:00, 50, 76.763397, 51, 152.90953, 52, 76.146133, 49,        64, 56, 6.2676125, 67, 643.33984, 72, 117.78148, 77, 39.156250, 83,         0,110,         1,116,         4,164,         1
56C,2016/05/21 20:11:00, 50, 139.06836, 51, 196.28905, 52, 57.220695, 49,        64, 56, 6.2676125, 67, 643.33984, 72, 117.74466, 77, 38.906250, 83,         0,110,         6,116,         4,164,         1
5AC,2016/05/21 20:12:00, 50, 80.040878, 51, 149.86635, 52, 69.825470, 49,        64, 56, 6.2676125, 67, 643.33984, 72, 117.70801, 77, 38.656250, 83,         0,110,         0,116,         4,164,         1
56C,2016/05/21 20:13:00, 50, 21.588047, 51, 60.193096, 52, 38.605049, 49,        64, 56, 6.2676125, 67, 643.33984, 72, 118.35568, 77, 38.468750, 83,         0,110,         3,116,         4,164,         1
53C,2016/05/21 20:14:00, 50, 113.60165, 51, 404.22031, 52, 290.61865, 49,        64, 56, 6.2676125, 67, 643.33984, 72, 118.32964, 77, 38.281250, 83,         0,110,         2,116,         4,164,         1
56C,2016/05/21 20:15:00, 50, 26.178726, 51, 76.012199, 52, 49.833473, 49,        64, 56, 6.2676125, 67, 643.33984, 72, 117.63907, 77, 38.093750, 83,         0,110,         1,116,         4,164,         1
57C,2016/05/21 20:16:00, 50, 110.78360, 51, 280.50165, 52, 169.71805, 49,        64, 56, 6.2676125, 67, 643.33984, 72, 117.62555, 77, 37.968750, 83,         0,110,         6,116,         4,164,         1
59C,2016/05/21 20:17:00, 50, 145.69974, 51, 72.852371, 52,-72.847366, 49,        64, 56, 6.2676125, 67, 643.33984, 72, 117.62292, 77, 37.906250, 83,         0,110,         0,116,         4,164,         1
5FC,2016/05/21 20:18:00, 50, 79.748718, 51, 154.57649, 52, 74.827774, 49,        64, 56, 6.2676125, 67, 643.33984, 72, 118.30083, 77, 37.875000, 83,         0,110,         3,116,         4,164,         1
5DC,2016/05/21 20:19:00, 50, 163.21765, 51, 267.37677, 52, 104.15912, 49,        64, 56, 6.2676125, 67, 643.33984, 72, 118.31728, 77, 37.812500, 83,         0,110,         2,116,         4,164,         1
56C,2016/05/21 20:20:00, 50, 375.10516, 51, 413.63980, 52, 38.534645, 49,        64, 56, 6.2676125, 67, 643.33984, 72, 117.65143, 77, 37.812500, 83,         0,110,         1,116,         4,164,         1
57C,2016/05/21 20:21:00, 50, 130.85071, 51, 226.11679, 52, 95.266083, 49,        64, 56, 6.2676125, 67, 643.33984, 72, 117.65596, 77, 37.781250, 83,         0,110,         6,116,         4,164,         1
5DC,2016/05/21 20:22:00, 50, 124.24312, 51, 193.33257, 52, 69.089447, 49,        64, 56, 6.2676125, 67, 643.33984, 72, 117.66502, 77, 37.781250, 83,         0,110,         0,116,         4,164,         1
5EC,2016/05/21 20:23:00, 50, 141.78766, 51, 216.63214, 52, 74.844482, 49,        64, 56, 6.2676125, 67, 643.33984, 72, 118.34003, 77, 37.781250, 83,         0,110,         3,116,         4,164,         1
51C,2016/05/21 20:24:00, 50, 125.45395, 51, 225.93120, 52, 100.47725, 49,        64, 56, 6.2676125, 67, 643.33984, 72, 118.35495, 77, 37.750000, 83,         0,110,         2,116,         4,164,         1
55C,2016/05/21 20:25:00, 50, 142.63858, 51, 215.00079, 52, 72.362213, 49,        64, 56, 6.2676125, 67, 643.33984, 72, 117.70193, 77, 37.750000, 83,         0,110,         1,116,         4,164,         1
5CC,2016/05/21 20:26:00, 50, 205.46909, 51, 237.98466, 52, 32.515587, 49,        64, 56, 6.2676125, 67, 643.33984, 72, 117.71901, 77, 37.718750, 83,         0,110,         6,116,         4,164,         1
54C,2016/05/21 20:27:00, 50, 129.40649, 51, 216.31271, 52, 86.906219, 49,        64, 56, 6.2676125, 67, 643.33984, 72, 117.71092, 77, 37.625000, 83,         0,110,         0,116,         4,164,         1
58C,2016/05/21 20:28:00, 50, 173.68427, 51, 270.37866, 52, 96.694412, 49,        64, 56, 6.2676125, 67, 643.33984, 72, 118.38441, 77, 37.562500, 83,         0,110,         3,116,         4,164,         1
5BC,2016/05/21 20:29:00, 50, 173.64102, 51, 252.77155, 52, 79.130524, 49,        64, 56, 6.2676125, 67, 643.33984, 72, 118.37407, 77, 37.500000, 83,         0,110,         2,116,         4,164,         1
59C,2016/05/21 20:30:00, 50, 213.04446, 51, 366.46268, 52, 153.41821, 49,        64, 56, 6.2676125, 67, 643.33984, 72, 117.68262, 77, 37.406250, 83,         0,110,         1,116,         4,164,         1
5DC,2016/05/21 20:31:00, 50, 156.49588, 51, 268.40134, 52, 111.90546, 49,        64, 56, 6.2676125, 67, 643.33984, 72, 117.69812, 77, 37.343750, 83,         0,110,         6,116,         4,164,         1
5BC,2016/05/21 20:32:00, 50, 88.788208, 51, 234.21652, 52, 145.42831, 49,        64, 56, 6.2676125, 67, 643.33984, 72, 117.71457, 77, 37.281250, 83,         0,110,         0,116,         4,164,         1
59C,2016/05/21 20:33:00, 50, 249.43161, 51, 288.83572, 52, 39.404129, 49,        64, 56, 6.2676125, 67, 643.33984, 72, 118.38716, 77, 37.218750, 83,         0,110,         3,116,         4,164,         1
52C,2016/05/21 20:34:00, 50, 151.59030, 51, 211.45003, 52, 59.859726, 49,        64, 56, 6.2676125, 67, 643.33984, 72, 118.38878, 77, 37.156250, 83,         0,110,         2,116,         4,164,         1
5EC,2016/05/21 20:35:00, 50, 132.55225, 51, 249.14868, 52, 116.59644, 49,        64, 56, 6.2676125, 67, 643.33984, 72, 117.71301, 77, 37.093750, 83,         0,110,         1,116,         4,164,         1
55C,2016/05/21 20:36:01, 50, 210.06522, 51, 340.08444, 52, 130.01923, 49,        64, 56, 6.2676125, 67, 643.33984, 72, 117.70203, 77, 37.062500, 83,         0,110,         6,116,         4,164,         1
5EC,2016/05/21 20:37:00, 50, 59.431885, 51, 157.33733, 52, 97.905441, 49,        64, 56, 6.2676125, 67, 643.33984, 72, 117.70216, 77, 37.000000, 83,         0,110,         0,116,         4,164,         1
53C,2016/05/21 20:38:00, 50, 107.12396, 51, 144.90651, 52, 37.782555, 49,        64, 56, 6.2676125, 67, 643.33984, 72, 117.70171, 77, 36.968750, 83,         0,110,         3,116,         4,164,         1
5BC,2016/05/21 20:39:00, 50, 108.60953, 51, 356.98712, 52, 248.37759, 49,        64, 56, 6.2676125, 67, 643.33984, 72, 118.38390, 77, 36.906250, 83,         0,110,         2,116,         4,164,         1
5BC,2016/05/21 20:40:00, 50, 71.711014, 51, 148.16704, 52, 76.456024, 49,        64, 56, 6.2676125, 67, 643.33984, 72, 118.36714, 77, 36.875000, 83,         0,110,         1,116,         4,164,         1
5DC,2016/05/21 20:41:00, 50, 153.21997, 51, 179.93698, 52, 26.717014, 49,        64, 56, 6.2676125, 67, 643.33984, 72, 117.67432, 77, 36.875000, 83,         0,110,         6,116,         4,164,         1
5FC,2016/05/21 20:42:00, 50, 252.82101, 51, 405.43829, 52, 152.61728, 49,        64, 56, 6.2676125, 67, 643.33984, 72, 117.67442, 77, 36.843750, 83,         0,110,         0,116,         4,164,         1
51C,2016/05/21 20:43:00, 50, 127.33217, 51, 215.82742, 52, 88.495255, 49,        64, 56, 6.2676125, 67, 643.33984, 72, 117.67693, 77, 36.812500, 83,         0,110,         3,116,         4,164,         1
50C,2016/05/21 20:44:00, 50, 176.90048, 51, 264.06940, 52, 87.168930, 49,        64, 56, 6.2676125, 67, 643.33984, 72, 118.34375, 77, 36.812500, 83,         0,110,         2,116,         4,164,         1
53C,2016/05/21 20:45:00, 50, 134.49792, 51, 220.06262, 52, 85.564697, 49,        64, 56, 6.2676125, 67, 643.33984, 72, 118.34375, 77, 36.812500, 83,         0,110,         1,116,         4,164,         1
5BC,2016/05/21 20:46:00, 50, 98.920319, 51, 166.32526, 52, 67.404938, 49,        64, 56, 6.2676125, 67, 643.33984, 72, 117.66663, 77, 36.812500, 83,         0,110,         6,116,         4,164,         1
5AC,2016/05/21 20:47:00, 50, 103.65530, 51, 196.99870, 52, 93.343399, 49,        64, 56, 6.2676125, 67, 643.33984, 72, 117.67290, 77, 36.781250, 83,         0,110,         0,116,         4,164,         1
53C,2016/05/21 20:48:00, 50, 108.25441, 51, 194.61516, 52, 86.360748, 49,        64, 56, 6.2676125, 67, 643.33984, 72, 117.67047, 77, 36.781250, 83,         0,110,         3,116,         4,164,         1
5CC,2016/05/21 20:49:00, 50, 204.99350, 51, 249.46507, 52, 44.471573, 49,        64, 56, 6.2676125, 67, 643.33984, 72, 118.32147, 77, 36.750000, 83,         0,110,         2,116,         4,164,         1
5DC,2016/05/21 20:50:00, 50, 119.33661, 51, 208.05725, 52, 88.720642, 49,        64, 56, 6.2676125, 67, 643.33984, 72, 118.31252, 77, 36.750000, 83,         0,110,         1,116,         4,164,         1
5CC,2016/05/21 20:51:00, 50, 176.71936, 51, 311.16492, 52, 134.44556, 49,        64, 56, 6.2676125, 67, 643.33984, 72, 117.61555, 77, 36.718750, 83,         0,110,         6,116,         4,164,         1
5FC,2016/05/21 20:52:00, 50, 281.96106, 51, 293.60388, 52, 11.642834, 49,        64, 56, 6.2676125, 67, 643.33984, 72, 117.59796, 77, 36.718750, 83,         0,110,         0,116,         4,164,         1
57C,2016/05/21 20:53:00, 50, 121.75870, 51, 202.57623, 52, 80.817535, 49,        64, 56, 6.2676125, 67, 643.33984, 72, 117.58409, 77, 36.687500, 83,         0,110,         3,116,         4,164,         1
58C,2016/05/21 20:54:00, 50, 161.40509, 51, 237.14886, 52, 75.743774, 49,        64, 56, 6.2676125, 67, 643.33984, 72, 118.23874, 77, 36.656250, 83,         0,110,         2,116,         4,164,         1
5DC,2016/05/21 20:55:00, 50, 90.331253, 51, 121.86601, 52, 31.534763, 49,        64, 56, 6.2676125, 67, 643.33984, 72, 118.24257, 77, 36.625000, 83,         0,110,         1,116,         4,164,         1
57C,2016/05/21 20:56:00, 50, 114.46382, 51, 200.86613, 52, 86.402313, 49,        64, 56, 6.2676125, 67, 643.33984, 72, 117.58122, 77, 36.625000, 83,         0,110,         6,116,         4,164,         1
56C,2016/05/21 20:57:00, 50, 220.78223, 51, 199.80084, 52,-20.981396, 49,        64, 56, 6.2676125, 67, 643.33984, 72, 117.57312, 77, 36.593750, 83,         0,110,         0,116,         4,164,         1
56C,2016/05/21 20:58:00, 50, 127.75401, 51, 213.57397, 52, 85.819962, 49,        64, 56, 6.2676125, 67, 643.33984, 72, 117.56856, 77, 36.593750, 83,         0,110,         3,116,         4,164,         1
59C,2016/05/21 20:59:00, 50, 294.97723, 51, 784.23590, 52, 489.25867, 49,        64, 56, 6.2676125, 67, 643.33984, 72, 118.24414, 77, 36.562500, 83,         0,110,         2,116,         4,164,         1
59C,2016/05/21 21:00:00, 50, 154.62561, 51, 171.90759, 52, 17.281990, 49,        64, 56, 6.2676125, 67, 643.33984, 72, 118.24222, 77, 36.593750, 83,         0,110,         1,116,         4,164,         1
53C,2016/05/21 21:01:00, 50, 92.285599, 51, 166.95392, 52, 74.668320, 49,        64, 56, 6.2676125, 67, 643.33984, 72, 117.55777, 77, 36.593750, 83,         0,110,         6,116,         4,164,         1
58C,2016/05/21 21:02:00, 50, 98.564850, 51, 152.79784, 52, 54.232994, 49,        64, 56, 6.2676125, 67, 643.33984, 72, 117.56377, 77, 36.562500, 83,         0,110,         0,116,         4,164,         1
5DC,2016/05/21 21:03:00, 50, 153.23807, 51, 285.48166, 52, 132.24359, 49,        64, 56, 6.2676125, 67, 643.33984, 72, 117.56558, 77, 36.562500, 83,         0,110,         3,116,         4,164,         1
56C,2016/05/21 21:04:00, 50, 107.00644, 51, 175.69067, 52, 68.684235, 49,        64, 56, 6.2676125, 67, 643.33984, 72, 118.25607, 77, 36.562500, 83,         0,110,         2,116,         4,164,         1
55C,2016/05/21 21:05:00, 50, 120.30667, 51, 170.25670, 52, 49.950035, 49,        64, 56, 6.2676125, 67, 643.33984, 72, 118.26086, 77, 36.562500, 83,         0,110,         1,116,         4,164,         1
58C,2016/05/21 21:06:00, 50, 100.35986, 51, 217.12386, 52, 116.76399, 49,        64, 56, 6.2676125, 67, 643.33984, 72, 117.60602, 77, 36.562500, 83,         0,110,         6,116,         4,164,         1
51C,2016/05/21 21:07:00, 50, 130.12823, 51, 185.96019, 52, 55.831955, 49,        64, 56, 6.2676125, 67, 643.33984, 72, 117.59853, 77, 36.562500, 83,         0,110,         0,116,         4,164,         1
5BC,2016/05/21 21:08:00, 50, 135.00793, 51, 225.28294, 52, 90.275009, 49,        64, 56, 6.2676125, 67, 643.33984, 72, 117.58267, 77, 36.562500, 83,         0,110,         3,116,         4,164,         1
5FC,2016/05/21 21:09:00, 50, 192.60663, 51, 198.34413, 52, 5.7375116, 49,        64, 56, 6.2676125, 67, 643.33984, 72, 118.25623, 77, 36.531250, 83,         0,110,         2,116,         4,164,         1
59C,2016/05/21 21:10:00, 50, 126.23482, 51, 293.08493, 52, 166.85013, 49,        64, 56, 6.2676125, 67, 643.33984, 72, 118.24608, 77, 36.562500, 83,         0,110,         1,116,         4,164,         1
59C,2016/05/21 21:11:00, 50, 50.955177, 51, 111.61008, 52, 60.654907, 49,        64, 56, 6.2676125, 67, 643.33984, 72, 117.57721, 77, 36.500000, 83,         0,110,         6,116,         4,164,         1
57C,2016/05/21 21:12:00, 50, 48.344803, 51, 162.89723, 52, 114.55243, 49,        64, 56, 6.2676125, 67, 643.33984, 72, 117.57253, 77, 36.500000, 83,         0,110,         0,116,         4,164,         1
5BC,2016/05/21 21:13:00, 50, 42.820396, 51, 110.15652, 52, 67.336121, 49,        64, 56, 6.2676125, 67, 643.33984, 72, 117.57231, 77, 36.468750, 83,         0,110,         3,116,         4,164,         1
59C,2016/05/21 21:14:00, 50, 54.713173, 51, 125.68966, 52, 70.976486, 49,        64, 56, 6.2676125, 67, 643.33984, 72, 118.25568, 77, 36.468750, 83,         0,110,         2,116,         4,164,         1
50C,2016/05/21 21:15:00, 50, 135.02274, 51, 132.79866, 52,-2.2240791, 49,        64, 56, 6.2676125, 67, 643.33984, 72, 118.26044, 77, 36.468750, 83,         0,110,         1,116,         4,164,         1
5BC,2016/05/21 21:16:00, 50, 79.622513, 51, 152.80367, 52, 73.181152, 49,        64, 56, 6.2676125, 67, 643.33984, 72, 117.59373, 77, 36.468750, 83,         0,110,         6,116,         4,164,         1
52C,2016/05/21 21:17:00, 50, 113.28612, 51, 207.51180, 52, 94.225677, 49,        64, 56, 6.2676125, 67, 643.33984, 72, 117.58798, 77, 36.437500, 83,         0,110,         0,116,         4,164,         1
59C,2016/05/21 21:18:00, 50, 71.487595, 51, 386.50723, 52, 315.01965, 49,        64, 56, 6.2676125, 67, 643.33984, 72, 117.59247, 77, 36.468750, 83,         0,110,         3,116,         4,164,         1
59C,2016/05/21 21:19:00, 50, 709.88696, 51,-26.526611, 52,-736.41357, 49,        64, 56, 6.2676125, 67, 643.33984, 72, 118.25826, 77, 36.437500, 83,         0,110,         2,116,         4,164,         1
5AC,2016/05/21 21:20:00, 50, 112.52470, 51, 235.47594, 52, 122.95123, 49,        64, 56, 6.2676125, 67, 643.33984, 72, 118.26718, 77, 36.468750, 83,         0,110,         1,116,         4,164,         1
55C,2016/05/21 21:21:00, 50, 96.868622, 51, 140.52197, 52, 43.653358, 49,        64, 56, 6.2676125, 67, 643.33984, 72, 117.60866, 77, 36.437500, 83,         0,110,         6,116,         4,164,         1
5DC,2016/05/21 21:22:00, 50, 79.381165, 51, 150.98569, 52, 71.604523, 49,        64, 56, 6.2676125, 67, 643.33984, 72, 117.61420, 77, 36.437500, 83,         0,110,         0,116,         4,164,         1
54C,2016/05/21 21:23:00, 50, 159.28610, 51, 115.00183, 52,-44.284279, 49,        64, 56, 6.2676125, 67, 643.33984, 72, 117.60036, 77, 36.406250, 83,         0,110,         3,116,         4,164,         1
59C,2016/05/21 21:24:00, 50, 117.26433, 51, 185.60788, 52, 68.343552, 49,        64, 56, 6.2676125, 67, 643.33984, 72, 118.27536, 77, 36.437500, 83,         0,110,         2,116,         4,164,         1
54C,2016/05/21 21:25:00, 50, 103.77324, 51, 356.34128, 52, 252.56805, 49,        64, 56, 6.2676125, 67, 643.33984, 72, 118.28561, 77, 36.437500, 83,         0,110,         1,116,         4,164,         1
5DC,2016/05/21 21:26:00, 50, 199.85526, 51, 128.49675, 52,-71.358505, 49,        64, 56, 6.2676125, 67, 643.33984, 72, 117.60204, 77, 36.406250, 83,         0,110,         6,116,         4,164,         1
5CC,2016/05/21 21:27:00, 50, 63.329887, 51, 194.78572, 52, 131.45584, 49,        64, 56, 6.2676125, 67, 643.33984, 72, 117.58276, 77, 36.437500, 83,         0,110,         0,116,         4,164,         1
54C,2016/05/21 21:28:00, 50, 76.438919, 51, 179.45445, 52, 103.01553, 49,        64, 56, 6.2676125, 67, 643.33984, 72, 117.57178, 77, 36.437500, 83,         0,110,         3,116,         4,164,         1
52C,2016/05/21 21:29:00, 50, 32.554268, 51, 95.141899, 52, 62.587631, 49,        64, 56, 6.2676125, 67, 643.33984, 72, 118.25401, 77, 36.437500, 83,         0,110,         2,116,         4,164,         1
50C,2016/05/21 21:30:00, 50, 98.436508, 51, 227.89970, 52, 129.46320, 49,        64, 56, 6.2676125, 67, 643.33984, 72, 118.25740, 77, 36.406250, 83,         0,110,         1,116,         4,164,         1
54C,2016/05/21 21:31:00, 50, 126.09612, 51, 155.52078, 52, 29.424667, 49,        64, 56, 6.2676125, 67, 643.33984, 72, 117.58211, 77, 36.375000, 83,         0,110,         6,116,         4,164,         1
5EC,2016/05/21 21:32:00, 50, 56.891602, 51, 131.81673, 52, 74.925125, 49,        64, 56, 6.2676125, 67, 643.33984, 72, 117.57877, 77, 36.375000, 83,         0,110,         0,116,         4,164,         1
55C,2016/05/21 21:33:00, 50, 129.47821, 51, 444.12762, 52, 314.64941, 49,        64, 56, 6.2676125, 67, 643.33984, 72, 117.57803, 77, 36.375000, 83,         0,110,         3,116,         4,164,         1
50C,2016/05/21 21:34:00, 50, 142.15308, 51, 170.93219, 52, 28.779125, 49,        64, 56, 6.2676125, 67, 643.33984, 72, 118.25365, 77, 36.343750, 83,         0,110,         2,116,         4,164,         1
5FC,2016/05/21 21:35:00, 50, 211.20663, 51, 313.81830, 52, 102.61168, 49,        64, 56, 6.2676125, 67, 643.33984, 72, 118.26385, 77, 36.343750, 83,         0,110,         1,116,         4,164,         1
53C,2016/05/21 21:36:00, 50, 814.15222, 51, 1000.6525, 52, 186.50027, 49,        64, 56, 6.2676125, 67, 643.33984, 72, 117.60652, 77, 36.343750, 83,         0,110,         6,116,         4,164,         1
5CC,2016/05/21 21:37:00, 50, 115.13744, 51, 155.15021, 52, 40.012772, 49,        64, 56, 6.2676125, 67, 643.33984, 72, 117.61409, 77, 36.375000, 83,         0,110,         0,116,         4,164,         1
5DC,2016/05/21 21:38:00, 50, 143.73767, 51, 224.97794, 52, 81.240265, 49,        64, 56, 6.2676125, 67, 643.33984, 72, 117.62192, 77, 36.375000, 83,         0,110,         3,116,         4,164,         1
5EC,2016/05/21 21:39:00, 50, 98.181549, 51, 175.29094, 52, 77.109390, 49,        64, 56, 6.2676125, 67, 643.33984, 72, 118.25810, 77, 36.375000, 83,         0,110,         2,116,         4,164,         1
5FC,2016/05/21 21:40:00, 50, 81.437439, 51, 157.28362, 52, 75.846176, 49,        64, 56, 6.2676125, 67, 643.33984, 72, 118.24016, 77, 36.406250, 83,         0,110,         1,116,         4,164,         1
56C,2016/05/21 21:41:00, 50, 22.098030, 51, 98.853539, 52, 76.755508, 49,        64, 56, 6.2676125, 67, 643.33984, 72, 117.49721, 77, 36.406250, 83,         0,110,         6,116,         4,164,         1
51C,2016/05/21 21:42:00, 50, 57.821648, 51, 113.67436, 52, 55.852715, 49,        64, 56, 6.2676125, 67, 643.33984, 72, 117.48112, 77, 36.406250, 83,         0,110,         0,116,         4,164,         1
59C,2016/05/21 21:43:00, 50, 58.038712, 51, 130.44164, 52, 72.402924, 49,        64, 56, 6.2676125, 67, 643.33984, 72, 117.48193, 77, 36.406250, 83,         0,110,         3,116,         4,164,         1
58C,2016/05/21 21:44:00, 50, 94.709900, 51, 167.31978, 52, 72.609879, 49,        64, 56, 6.2676125, 67, 643.33984, 72, 118.16588, 77, 36.437500, 83,         0,110,         2,116,         4,164,         1
52C,2016/05/21 21:45:01, 50, 80.215958, 51, 111.58068, 52, 31.364727, 49,        64, 56, 6.2676125, 67, 643.33984, 72, 118.15477, 77, 36.406250, 83,         0,110,         1,116,         4,164,         1
5BC,2016/05/21 21:46:00, 50, 38.332626, 51, 95.697937, 52, 57.365311, 49,        64, 56, 6.2676125, 67, 643.33984, 72, 117.45558, 77, 36.437500, 83,         0,110,         6,116,         4,164,         1
5BC,2016/05/21 21:47:00, 50, 85.921570, 51, 130.82062, 52, 44.899055, 49,        64, 56, 6.2676125, 67, 643.33984, 72, 117.43996, 77, 36.468750, 83,         0,110,         0,116,         4,164,         1
58C,2016/05/21 21:48:00, 50, 69.101074, 51, 133.20464, 52, 64.103561, 49,        64, 56, 6.2676125, 67, 643.33984, 72, 117.44589, 77, 36.468750, 83,         0,110,         3,116,         4,164,         1
52C,2016/05/21 21:49:00, 50, 50.164139, 51, 89.188843, 52, 39.024704, 49,        64, 56, 6.2676125, 67, 643.33984, 72, 118.13261, 77, 36.468750, 83,         0,110,         2,116,         4,164,         1
57C,2016/05/21 21:50:00, 50, 68.428177, 51, 125.10518, 52, 56.677002, 49,        64, 56, 6.2676125, 67, 643.33984, 72, 118.14815, 77, 36.468750, 83,         0,110,         1,116,         4,164,         1
58C,2016/05/21 21:51:00, 50, 55.232727, 51, 95.159393, 52, 39.926666, 49,        64, 56, 6.2676125, 67, 643.33984, 72, 117.50359, 77, 36.468750, 83,         0,110,         6,116,         4,164,         1
5BC,2016/05/21 21:52:00, 50, 150.40305, 51, 208.62984, 52, 58.226791, 49,        64, 56, 6.2676125, 67, 643.33984, 72, 117.52373, 77, 36.437500, 83,         0,110,         0,116,         4,164,         1
5FC,2016/05/21 21:53:00, 50, 61.949875, 51, 91.102394, 52, 29.152523, 49,        64, 56, 6.2676125, 67, 643.33984, 72, 117.53851, 77, 36.437500, 83,         0,110,         3,116,         4,164,         1
54C,2016/05/21 21:54:00, 50, 92.311493, 51, 134.37807, 52, 42.066582, 49,        64, 56, 6.2676125, 67, 643.33984, 72, 118.22424, 77, 36.468750, 83,         0,110,         2,116,         4,164,         1
59C,2016/05/21 21:55:00, 50, 107.88680, 51, 165.00670, 52, 57.119904, 49,        64, 56, 6.2676125, 67, 643.33984, 72, 118.23871, 77, 36.437500, 83,         0,110,         1,116,         4,164,         1
59C,2016/05/21 21:56:00, 50, 194.09909, 51, 189.65550, 52,-4.4435902, 49,        64, 56, 6.2676125, 67, 643.33984, 72, 117.56216, 77, 36.468750, 83,         0,110,         6,116,         4,164,         1
5CC,2016/05/21 21:57:00, 50, 75.224518, 51, 130.56474, 52, 55.340225, 49,        64, 56, 6.2676125, 67, 643.33984, 72, 117.55228, 77, 36.468750, 83,         0,110,         0,116,         4,164,         1
5FC,2016/05/21 21:58:00, 50, 57.573280, 51, 184.83961, 52, 127.26634, 49,        64, 56, 6.2676125, 67, 643.33984, 72, 117.55466, 77, 36.437500, 83,         0,110,         3,116,         4,164,         1
5AC,2016/05/21 21:59:00, 50, 81.814392, 51, 122.65841, 52, 40.844017, 49,        64, 56, 6.2676125, 67, 643.33984, 72, 118.21646, 77, 36.437500, 83,         0,110,         2,116,         4,164,         1
58C,2016/05/21 22:00:00, 50, 72.667435, 51, 84.771523, 52, 12.104090, 49,        64, 56, 6.2676125, 67, 643.33984, 72, 118.20810, 77, 36.468750, 83,         0,110,         1,116,         4,164,         1
54C,2016/05/21 22:01:00, 50, 32.314407, 51, 73.798996, 52, 41.484589, 49,        64, 56, 6.2676125, 67, 643.33984, 72, 117.51228, 77, 36.437500, 83,         0,110,         6,116,         4,164,         1
52C,2016/05/21 22:02:00, 50, 72.192856, 51, 118.79811, 52, 46.605255, 49,        64, 56, 6.2676125, 67, 643.33984, 72, 117.48289, 77, 36.437500, 83,         0,110,         0,116,         4,164,         1
57C,2016/05/21 22:03:00, 50, 76.689194, 51, 156.12260, 52, 79.433411, 49,        64, 56, 6.2676125, 67, 643.33984, 72, 117.47131, 77, 36.437500, 83,         0,110,         3,116,         4,164,         1
5CC,2016/05/21 22:04:00, 50, 52.927856, 51, 124.44965, 52, 71.521790, 49,        64, 56, 6.2676125, 67, 643.33984, 72, 118.14746, 77, 36.406250, 83,         0,110,         2,116,         4,164,         1
55C,2016/05/21 22:05:00, 50, 46.669151, 51, 105.42802, 52, 58.758873, 49,        64, 56, 6.2676125, 67, 643.33984, 72, 118.16013, 77, 36.406250, 83,         0,110,         1,116,         4,164,         1
50C,2016/05/21 22:06:00, 50, 56.661652, 51, 106.84000, 52, 50.178352, 49,        64, 56, 6.2676125, 67, 643.33984, 72, 117.52701, 77, 36.406250, 83,         0,110,         6,116,         4,164,         1
52C,2016/05/21 22:07:00, 50, 98.573914, 51, 96.839363, 52,-1.7345510, 49,        64, 56, 6.2676125, 67, 643.33984, 72, 117.53308, 77, 36.375000, 83,         0,110,         0,116,         4,164,         1
5AC,2016/05/21 22:08:00, 50, 55.126877, 51, 108.96066, 52, 53.833786, 49,        64, 56, 6.2676125, 67, 643.33984, 72, 117.53944, 77, 36.375000, 83,         0,110,         3,116,         4,164,         1
5DC,2016/05/21 22:09:00, 50, 55.172409, 51, 75.367218, 52, 20.194809, 49,        64, 56, 6.2676125, 67, 643.33984, 72, 118.20740, 77, 36.343750, 83,         0,110,         2,116,         4,164,         1
55C,2016/05/21 22:10:00, 50, 92.217560, 51, 184.37189, 52, 92.154327, 49,        64, 56, 6.2676125, 67, 643.33984, 72, 118.21774, 77, 36.343750, 83,         0,110,         1,116,         4,164,         1
5CC,2016/05/21 22:11:00, 50, 51.919708, 51, 128.45456, 52, 76.534851, 49,        64, 56, 6.2676125, 67, 643.33984, 72, 117.54948, 77, 36.312500, 83,         0,110,         6,116,         4,164,         1
53C,2016/05/21 22:12:00, 50, 53.859184, 51, 138.26555, 52, 84.406372, 49,        64, 56, 6.2676125, 67, 643.33984, 72, 117.53804, 77, 36.312500, 83,         0,110,         0,116,         4,164,         1
53C,2016/05/21 22:13:00, 50, 44.441551, 51, 112.25539, 52, 67.813843, 49,        64, 56, 6.2676125, 67, 643.33984, 72, 117.52269, 77, 36.312500, 83,         0,110,         3,116,         4,164,         1
5AC,2016/05/21 22:14:00, 50, 117.66539, 51, 203.17148, 52, 85.506088, 49,        64, 56, 6.2676125, 67, 643.33984, 72, 118.19696, 77, 36.281250, 83,         0,110,         2,116,         4,164,         1
51C,2016/05/21 22:15:00, 50, 84.691360, 51, 242.36372, 52, 157.67236, 49,        64, 56, 6.2676125, 67, 643.33984, 72, 118.18452, 77, 36.250000, 83,         0,110,         1,116,         4,164,         1
58C,2016/05/21 22:16:00, 50, 41.900124, 51, 120.70553, 52, 78.805405, 49,        64, 56, 6.2676125, 67, 643.33984, 72, 117.51071, 77, 36.250000, 83,         0,110,         6,116,         4,164,         1
53C,2016/05/21 22:17:00, 50, 83.706909, 51, 152.56973, 52, 68.862823, 49,        64, 56, 6.2676125, 67, 643.33984, 72, 117.51990, 77, 36.187500, 83,         0,110,         0,116,         4,164,         1
5EC,2016/05/21 22:18:00, 50, 155.10233, 51, 172.06755, 52, 16.965229, 49,        64, 56, 6.2676125, 67, 643.33984, 72, 117.52910, 77, 36.187500, 83,         0,110,         3,116,         4,164,         1
5AC,2016/05/21 22:19:00, 50, 60.311409, 51, 122.52174, 52, 62.210327, 49,        64, 56, 6.2676125, 67, 643.33984, 72, 118.18636, 77, 36.187500, 83,         0,110,         2,116,         4,164,         1
59C,2016/05/21 22:20:00, 50, 208.61780, 51, 289.38379, 52, 80.766006, 49,        64, 56, 6.2676125, 67, 643.33984, 72, 118.18150, 77, 36.156250, 83,         0,110,         1,116,         4,164,         1
55C,2016/05/21 22:21:00, 50, 134.21448, 51, 308.59903, 52, 174.38455, 49,        64, 56, 6.2676125, 67, 643.33984, 72, 117.50871, 77, 36.156250, 83,         0,110,         6,116,         4,164,         1
57C,2016/05/21 22:22:00, 50, 190.56769, 51, 327.12000, 52, 136.55231, 49,        64, 56, 6.2676125, 67, 643.33984, 72, 117.50757, 77, 36.125000, 83,         0,110,         0,116,         4,164,         1
58C,2016/05/21 22:23:00, 50, 55.533142, 51, 114.96221, 52, 59.429070, 49,        64, 56, 6.2676125, 67, 643.33984, 72, 117.51997, 77, 36.125000, 83,         0,110,         3,116,         4,164,         1
5BC,2016/05/21 22:24:00, 50, 42.907036, 51, 115.91557, 52, 73.008530, 49,        64, 56, 6.2676125, 67, 643.33984, 72, 118.20802, 77, 36.125000, 83,         0,110,         2,116,         4,164,         1
56C,2016/05/21 22:25:00, 50, 61.292618, 51, 128.84401, 52, 67.551392, 49,        64, 56, 6.2676125, 67, 643.33984, 72, 118.22069, 77, 36.093750, 83,         0,110,         1,116,         4,164,         1
5EC,2016/05/21 22:26:00, 50, 88.991501, 51, 156.21117, 52, 67.219666, 49,        64, 56, 6.2676125, 67, 643.33984, 72, 117.56627, 77, 36.062500, 83,         0,110,         6,116,         4,164,         1
59C,2016/05/21 22:27:00, 50, 56.899857, 51, 140.03012, 52, 83.130264, 49,        64, 56, 6.2676125, 67, 643.33984, 72, 117.58025, 77, 36.093750, 83,         0,110,         0,116,         4,164,         1
52C,2016/05/21 22:28:00, 50, 154.44659, 51, 226.45375, 52, 72.007156, 49,        64, 56, 6.2676125, 67, 643.33984, 72, 117.58449, 77, 36.000000, 83,         0,110,         3,116,         4,164,         1
55C,2016/05/21 22:29:00, 50, 136.37152, 51, 92.075378, 52,-44.296150, 49,        64, 56, 6.2676125, 67, 643.33984, 72, 118.25404, 77, 36.000000, 83,         0,110,         2,116,         4,164,         1
56C,2016/05/21 22:30:00, 50, 68.094727, 51, 70.915611, 52, 2.8208899, 49,        64, 56, 6.2676125, 67, 643.33984, 72, 118.25661, 77, 35.937500, 83,         0,110,         1,116,         4,164,         1
59C,2016/05/21 22:31:00, 50, 66.254135, 51, 114.06967, 52, 47.815536, 49,        64, 56, 6.2676125, 67, 643.33984, 72, 117.56430, 77, 35.906250, 83,         0,110,         6,116,         4,164,         1
5BC,2016/05/21 22:32:00, 50, 67.064362, 51, 108.01542, 52, 40.951057, 49,        64, 56, 6.2676125, 67, 643.33984, 72, 117.56033, 77, 35.843750, 83,         0,110,         0,116,         4,164,         1
52C,2016/05/21 22:33:00, 50, 79.520325, 51, 183.67426, 52, 104.15393, 49,        64, 56, 6.2676125, 67, 643.33984, 72, 117.53773, 77, 35.875000, 83,         0,110,         3,116,         4,164,         1
5CC,2016/05/21 22:34:00, 50, 148.10413, 51, 158.99492, 52, 10.890804, 49,        64, 56, 6.2676125, 67, 643.33984, 72, 118.18979, 77, 35.843750, 83,         0,110,         2,116,         4,164,         1
55C,2016/05/21 22:35:00, 50, 126.45717, 51, 152.48018, 52, 26.023018, 49,        64, 56, 6.2676125, 67, 643.33984, 72, 118.18704, 77, 35.843750, 83,         0,110,         1,116,         4,164,         1
5FC,2016/05/21 22:36:00, 50, 138.18155, 51, 168.14621, 52, 29.964664, 49,        64, 56, 6.2676125, 67, 643.33984, 72, 117.50952, 77, 35.812500, 83,         0,110,         6,116,         4,164,         1
5DC,2016/05/21 22:37:00, 50, 45.866432, 51, 143.73085, 52, 97.864426, 49,        64, 56, 6.2676125, 67, 643.33984, 72, 117.50107, 77, 35.843750, 83,         0,110,         0,116,         4,164,         1
52C,2016/05/21 22:38:00, 50, 228.75317, 51, 339.37216, 52, 110.61899, 49,        64, 56, 6.2676125, 67, 643.33984, 72, 117.49376, 77, 35.843750, 83,         0,110,         3,116,         4,164,         1
56C,2016/05/21 22:39:00, 50, 55.671883, 51, 103.90408, 52, 48.232193, 49,        64, 56, 6.2676125, 67, 643.33984, 72, 118.15967, 77, 35.843750, 83,         0,110,         2,116,         4,164,         1
5FC,2016/05/21 22:40:00, 50, 80.634933, 51, 122.89397, 52, 42.259041, 49,        64, 56, 6.2676125, 67, 643.33984, 72, 118.15840, 77, 35.843750, 83,         0,110,         1,116,         4,164,         1
51C,2016/05/21 22:41:00, 50, 27.131680, 51, 89.971405, 52, 62.839729, 49,        64, 56, 6.2676125, 67, 643.33984, 72, 117.47299, 77, 35.812500, 83,         0,110,         6,116,         4,164,         1
53C,2016/05/21 22:42:00, 50, 35.452393, 51, 68.703308, 52, 33.250916, 49,        64, 56, 6.2676125, 67, 643.33984, 72, 117.48164, 77, 35.812500, 83,         0,110,         0,116,         4,164,         1
53C,2016/05/21 22:43:00, 50, 33.178429, 51, 88.263321, 52, 55.084892, 49,        64, 56, 6.2676125, 67, 643.33984, 72, 117.48792, 77, 35.812500, 83,         0,110,         3,116,         4,164,         1
58C,2016/05/21 22:44:00, 50, 73.921265, 51, 147.45972, 52, 73.538452, 49,        64, 56, 6.2676125, 67, 643.33984, 72, 118.15410, 77, 35.843750, 83,         0,110,         2,116,         4,164,         1
51C,2016/05/21 22:45:00, 50, 194.32629, 51, 246.34923, 52, 52.022942, 49,        64, 56, 6.2676125, 67, 643.33984, 72, 118.14313, 77, 35.843750, 83,         0,110,         1,116,         4,164,         1
5AC,2016/05/21 22:46:00, 50, 109.48625, 51, 172.59203, 52, 63.105782, 49,        64, 56, 6.2676125, 67, 643.33984, 72, 117.43352, 77, 35.843750, 83,         0,110,         6,116,         4,164,         1
56C,2016/05/21 22:47:00, 50, 69.909332, 51, 146.72220, 52, 76.812866, 49,        64, 56, 6.2676125, 67, 643.33984, 72, 117.42564, 77, 35.843750, 83,         0,110,         0,116,         4,164,         1
54C,2016/05/21 22:48:00, 50, 42.040337, 51, 86.031090, 52, 43.990753, 49,        64, 56, 6.2676125, 67, 643.33984, 72, 117.43124, 77, 35.843750, 83,         0,110,         3,116,         4,164,         1
5CC,2016/05/21 22:49:00, 50, 43.703606, 51, 97.316780, 52, 53.613174, 49,        64, 56, 6.2676125, 67, 643.33984, 72, 118.10556, 77, 35.843750, 83,         0,110,         2,116,         4,164,         1
50C,2016/05/21 22:50:00, 50, 144.87631, 51, 187.85458, 52, 42.978271, 49,        64, 56, 6.2676125, 67, 643.33984, 72, 118.09923, 77, 35.812500, 83,         0,110,         1,116,         4,164,         1
59C,2016/05/21 22:51:00, 50, 66.310455, 51, 109.73343, 52, 43.422974, 49,        64, 56, 6.2676125, 67, 643.33984, 72, 117.41412, 77, 35.812500, 83,         0,110,         6,116,         4,164,         1
50C,2016/05/21 22:52:00, 50, 68.175934, 51, 251.58136, 52, 183.40543, 49,        64, 56, 6.2676125, 67, 643.33984, 72, 117.40947, 77, 35.781250, 83,         0,110,         0,116,         4,164,         1
56C,2016/05/21 22:53:00, 50, 59.140343, 51, 133.62801, 52, 74.487671, 49,        64, 56, 6.2676125, 67, 643.33984, 72, 117.39867, 77, 35.781250, 83,         0,110,         3,116,         4,164,         1
59C,2016/05/21 22:54:00, 50, 59.782875, 51, 150.92223, 52, 91.139359, 49,        64, 56, 6.2676125, 67, 643.33984, 72, 118.05534, 77, 35.781250, 83,         0,110,         2,116,         4,164,         1
50C,2016/05/21 22:55:00, 50, 47.194008, 51, 106.31315, 52, 59.119141, 49,        64, 56, 6.2676125, 67, 643.33984, 72, 118.05058, 77, 35.750000, 83,         0,110,         1,116,         4,164,         1
5EC,2016/05/21 22:56:00, 50, 66.541870, 51, 97.583214, 52, 31.041348, 49,        64, 56, 6.2676125, 67, 643.33984, 72, 117.37434, 77, 35.718750, 83,         0,110,         6,116,         4,164,         1
58C,2016/05/21 22:57:00, 50, 59.495316, 51, 148.06885, 52, 88.573532, 49,        64, 56, 6.2676125, 67, 643.33984, 72, 117.38547, 77, 35.687500, 83,         0,110,         0,116,         4,164,         1
52C,2016/05/21 22:58:00, 50, 75.502594, 51, 169.29265, 52, 93.790054, 49,        64, 56, 6.2676125, 67, 643.33984, 72, 117.39413, 77, 35.687500, 83,         0,110,         3,116,         4,164,         1
53C,2016/05/21 22:59:00, 50, 98.505325, 51, 271.28421, 52, 172.77890, 49,        64, 56, 6.2676125, 67, 643.33984, 72, 118.07178, 77, 35.656250, 83,         0,110,         2,116,         4,164,         1
52C,2016/05/21 23:00:00, 50, 72.696945, 51, 126.92630, 52, 54.229355, 49,        64, 56, 6.2676125, 67, 643.33984, 72, 118.07681, 77, 35.625000, 83,         0,110,         1,116,         4,164,         1
54C,2016/05/21 23:01:00, 50, 76.979980, 51, 171.61673, 52, 94.636749, 49,        64, 56, 6.2676125, 67, 643.33984, 72, 117.40431, 77, 35.625000, 83,         0,110,         6,116,         4,164,         1
55C,2016/05/21 23:02:00, 50, 61.572784, 51, 119.38791, 52, 57.815125, 49,        64, 56, 6.2676125, 67, 643.33984, 72, 117.39888, 77, 35.593750, 83,         0,110,         0,116,         4,164,         1
57C,2016/05/21 23:03:00, 50, 58.872147, 51, 129.92949, 52, 71.057343, 49,        64, 56, 6.2676125, 67, 643.33984, 72, 117.38896, 77, 35.593750, 83,         0,110,         3,116,         4,164,         1
53C,2016/05/21 23:04:00, 50, 72.369919, 51, 161.81082, 52, 89.440903, 49,        64, 56, 6.2676125, 67, 643.33984, 72, 118.06096, 77, 35.562500, 83,         0,110,         2,116,         4,164,         1
53C,2016/05/21 23:05:00, 50, 89.772232, 51, 162.66310, 52, 72.890869, 49,        64, 56, 6.2676125, 67, 643.33984, 72, 118.05109, 77, 35.531250, 83,         0,110,         1,116,         4,164,         1
53C,2016/05/21 23:06:00, 50, 39.456352, 51, 101.02132, 52, 61.564964, 49,        64, 56, 6.2676125, 67, 643.33984, 72, 117.37273, 77, 35.531250, 83,         0,110,         6,116,         4,164,         1
57C,2016/05/21 23:07:00, 50, 28.187668, 51, 78.740898, 52, 50.553230, 49,        64, 56, 6.2676125, 67, 643.33984, 72, 117.37097, 77, 35.500000, 83,         0,110,         0,116,         4,164,         1
5FC,2016/05/21 23:08:00, 50, 36.921593, 51, 438.71863, 52, 401.79706, 49,        64, 56, 6.2676125, 67, 643.33984, 72, 117.37758, 77, 35.437500, 83,         0,110,         3,116,         4,164,         1
5CC,2016/05/21 23:09:00, 50, 65.461075, 51, 208.41603, 52, 142.95496, 49,        64, 56, 6.2676125, 67, 643.33984, 72, 118.06075, 77, 35.437500, 83,         0,110,         2,116,         4,164,         1
5BC,2016/05/21 23:10:00, 50, 25.114220, 51, 261.18210, 52, 236.06790, 49,        64, 56, 6.2676125, 67, 643.33984, 72, 118.06540, 77, 35.375000, 83,         0,110,         1,116,         4,164,         1
51C,2016/05/21 23:11:00, 50, 23.342258, 51, 69.359901, 52, 46.017647, 49,        64, 56, 6.2676125, 67, 643.33984, 72, 117.37305, 77, 35.343750, 83,         0,110,         6,116,         4,164,         1
5FC,2016/05/21 23:12:00, 50, 27.902134, 51, 78.362984, 52, 50.460854, 49,        64, 56, 6.2676125, 67, 643.33984, 72, 117.36234, 77, 35.343750, 83,         0,110,         0,116,         4,164,         1
5CC,2016/05/21 23:13:00, 50, 32.223648, 51, 89.555832, 52, 57.332184, 49,        64, 56, 6.2676125, 67, 643.33984, 72, 117.36774, 77, 35.312500, 83,         0,110,         3,116,         4,164,         1
5AC,2016/05/21 23:14:00, 50, 21.270775, 51, 60.921837, 52, 39.651062, 49,        64, 56, 6.2676125, 67, 643.33984, 72, 118.03912, 77, 35.312500, 83,         0,110,         2,116,         4,164,         1
5AC,2016/05/21 23:15:00, 50, 85.055939, 51, 117.47852, 52, 32.422577, 49,        64, 56, 6.2676125, 67, 643.33984, 72, 118.04243, 77, 35.312500, 83,         0,110,         1,116,         4,164,         1
57C,2016/05/21 23:16:00, 50, 2.8596210, 51, 65.520897, 52, 62.661278, 49,        64, 56, 6.2676125, 67, 643.33984, 72, 117.37042, 77, 35.281250, 83,         0,110,         6,116,         4,164,         1
5AC,2016/05/21 23:17:00, 50, 5.9243126, 51, 75.182777, 52, 69.258469, 49,        64, 56, 6.2676125, 67, 643.33984, 72, 117.37135, 77, 35.250000, 83,         0,110,         0,116,         4,164,         1
5EC,2016/05/21 23:18:00, 50, 28.840557, 51, 56.076229, 52, 27.235672, 49,        64, 56, 6.2676125, 67, 643.33984, 72, 117.35002, 77, 35.218750, 83,         0,110,         3,116,         4,164,         1
55C,2016/05/21 23:19:00, 50, 22.804119, 51, 68.555992, 52, 45.751877, 49,        64, 56, 6.2676125, 67, 643.33984, 72, 118.00592, 77, 35.218750, 83,         0,110,         2,116,         4,164,         1
5DC,2016/05/21 23:20:00, 50, 34.869202, 51, 63.158566, 52, 28.289364, 49,        64, 56, 6.2676125, 67, 643.33984, 72, 117.99213, 77, 35.187500, 83,         0,110,         1,116,         4,164,         1
55C,2016/05/21 23:21:00, 50, 28.817558, 51, 74.080513, 52, 45.262955, 49,        64, 56, 6.2676125, 67, 643.33984, 72, 117.32027, 77, 35.187500, 83,         0,110,         6,116,         4,164,         1
50C,2016/05/21 23:22:00, 50, 14.667112, 51, 51.000729, 52, 36.333618, 49,        64, 56, 6.2676125, 67, 643.33984, 72, 117.32532, 77, 35.156250, 83,         0,110,         0,116,         4,164,         1
5CC,2016/05/21 23:23:00, 50, 58.051720, 51, 232.62920, 52, 174.57748, 49,        64, 56, 6.2676125, 67, 643.33984, 72, 117.32808, 77, 35.156250, 83,         0,110,         3,116,         4,164,         1
59C,2016/05/21 23:24:00, 50, 38.628365, 51, 87.688034, 52, 49.059669, 49,        64, 56, 6.2676125, 67, 643.33984, 72, 117.99228, 77, 35.156250, 83,         0,110,         2,116,         4,164,         1
52C,2016/05/21 23:25:00, 50, 24.733002, 51, 93.691635, 52, 68.958633, 49,        64, 56, 6.2676125, 67, 643.33984, 72, 117.98082, 77, 35.156250, 83,         0,110,         1,116,         4,164,         1
55C,2016/05/21 23:26:00, 50, 40.657631, 51, 117.88511, 52, 77.227478, 49,        64, 56, 6.2676125, 67, 643.33984, 72, 117.29387, 77, 35.187500, 83,         0,110,         6,116,         4,164,         1
5CC,2016/05/21 23:27:00, 50, 39.263390, 51, 98.773109, 52, 59.509720, 49,        64, 56, 6.2676125, 67, 643.33984, 72, 117.30339, 77, 35.187500, 83,         0,110,         1,116,         4,164,         1
5BC,2016/05/21 23:28:00, 50, 50.098457, 51, 98.103561, 52, 48.005104, 49,        64, 56, 6.2676125, 67, 643.33984, 72, 117.31105, 77, 35.218750, 83,         0,110,         0,116,         4,164,         1
52C,2016/05/21 23:29:00, 50, 98.129807, 51, 146.87941, 52, 48.749603, 49,        64, 56, 6.2676125, 67, 643.33984, 72, 117.99104, 77, 35.218750, 83,         0,110,         3,116,         4,164,         1
5AC,2016/05/21 23:30:00, 50, 101.32524, 51, 154.90282, 52, 53.577576, 49,        64, 56, 6.2676125, 67, 643.33984, 72, 117.98767, 77, 35.218750, 83,         0,110,         2,116,         4,164,         1
5DC,2016/05/21 23:31:00, 50, 24.610275, 51, 77.949303, 52, 53.339027, 49,        64, 56, 6.2676125, 67, 643.33984, 72, 117.31491, 77, 35.218750, 83,         0,110,         6,116,         4,164,         1
58C,2016/05/21 23:32:00, 50, 47.605461, 51, 57.179596, 52, 9.5741348, 49,        64, 56, 6.2676125, 67, 643.33984, 72, 117.32361, 77, 35.218750, 83,         0,110,         1,116,         4,164,         1
5BC,2016/05/21 23:33:00, 50, 24.237301, 51, 108.84078, 52, 84.603485, 49,        64, 56, 6.2676125, 67, 643.33984, 72, 117.32062, 77, 35.250000, 83,         0,110,         0,116,         4,164,         1
55C,2016/05/21 23:34:00, 50, 19.365784, 51, 71.704887, 52, 52.339104, 49,        64, 56, 6.2676125, 67, 643.33984, 72, 117.99245, 77, 35.218750, 83,         0,110,         3,116,         4,164,         1
5BC,2016/05/21 23:35:00, 50, 30.548439, 51, 106.56986, 52, 76.021423, 49,        64, 56, 6.2676125, 67, 643.33984, 72, 118.00899, 77, 35.218750, 83,         0,110,         2,116,         4,164,         1
51C,2016/05/21 23:36:00, 50, 43.525375, 51, 100.57343, 52, 57.048050, 49,        64, 56, 6.2676125, 67, 643.33984, 72, 117.33031, 77, 35.218750, 83,         0,110,         6,116,         4,164,         1
50C,2016/05/21 23:37:00, 50, 36.744545, 51, 101.16592, 52, 64.421371, 49,        64, 56, 6.2676125, 67, 643.33984, 72, 117.34964, 77, 35.250000, 83,         0,110,         1,116,         4,164,         1
52C,2016/05/21 23:38:00, 50, 38.509903, 51, 97.503830, 52, 58.993927, 49,        64, 56, 6.2676125, 67, 643.33984, 72, 117.36769, 77, 35.218750, 83,         0,110,         0,116,         4,164,         1
5FC,2016/05/21 23:39:00, 50, 32.026634, 51, 90.305603, 52, 58.278969, 49,        64, 56, 6.2676125, 67, 643.33984, 72, 118.04443, 77, 35.250000, 83,         0,110,         3,116,         4,164,         1
54C,2016/05/21 23:40:00, 50, 126.82307, 51, 184.86285, 52, 58.039787, 49,        64, 56, 6.2676125, 67, 643.33984, 72, 118.03752, 77, 35.250000, 83,         0,110,         2,116,         4,164,         1
52C,2016/05/21 23:41:00, 50, 37.044701, 51, 98.893692, 52, 61.848991, 49,        64, 56, 6.2676125, 67, 643.33984, 72, 117.35316, 77, 35.281250, 83,         0,110,         6,116,         4,164,         1
5EC,2016/05/21 23:42:00, 50, 35.645294, 51, 101.30659, 52, 65.661301, 49,        64, 56, 6.2676125, 67, 643.33984, 72, 117.36490, 77, 35.250000, 83,         0,110,         1,116,         4,164,         1
5AC,2016/05/21 23:43:00, 50, 91.782654, 51, 236.77054, 52, 144.98788, 49,        64, 56, 6.2676125, 67, 643.33984, 72, 117.37610, 77, 35.281250, 83,         0,110,         0,116,         4,164,         1
5FC,2016/05/21 23:44:00, 50, 70.836502, 51, 134.58739, 52, 63.750885, 49,        64, 56, 6.2676125, 67, 643.33984, 72, 118.05112, 77, 35.281250, 83,         0,110,         3,116,         4,164,         1
5BC,2016/05/21 23:45:00, 50, 39.912560, 51, 84.052483, 52, 44.139923, 49,        64, 56, 6.2676125, 67, 643.33984, 72, 118.04652, 77, 35.250000, 83,         0,110,         2,116,         4,164,         1
54C,2016/05/21 23:46:00, 50, 34.851425, 51, 96.496452, 52, 61.645027, 49,        64, 56, 6.2676125, 67, 643.33984, 72, 117.37524, 77, 35.281250, 83,         0,110,         6,116,         4,164,         1
5BC,2016/05/21 23:47:00, 50, 32.561172, 51, 99.824982, 52, 67.263809, 49,        64, 56, 6.2676125, 67, 643.33984, 72, 117.38013, 77, 35.281250, 83,         0,110,         1,116,         4,164,         1
5FC,2016/05/21 23:48:00, 50, 20.684757, 51, 86.624985, 52, 65.940231, 49,        64, 56, 6.2676125, 67, 643.33984, 72, 117.37740, 77, 35.281250, 83,         0,110,         0,116,         4,164,         1
56C,2016/05/21 23:49:00, 50, 37.791641, 51, 87.242767, 52, 49.451126, 49,        64, 56, 6.2676125, 67, 643.33984, 72, 118.06166, 77, 35.281250, 83,         0,110,         3,116,         4,164,         1
5EC,2016/05/21 23:50:00, 50, 107.33986, 51, 68.568329, 52,-38.771530, 49,        64, 56, 6.2676125, 67, 643.33984, 72, 118.06099, 77, 35.281250, 83,         0,110,         2,116,         4,164,         1
59C,2016/05/21 23:51:00, 50, 23.735256, 51, 114.17596, 52, 90.440704, 49,        64, 56, 6.2676125, 67, 643.33984, 72, 117.39186, 77, 35.281250, 83,         0,110,         6,116,         4,164,         1
51C,2016/05/21 23:52:00, 50, 63.835022, 51, 113.98862, 52, 50.153603, 49,        64, 56, 6.2676125, 67, 643.33984, 72, 117.39417, 77, 35.281250, 83,         0,110,         1,116,         4,164,         1
5EC,2016/05/21 23:53:00, 50, 126.56798, 51, 65.966560, 52,-60.601418, 49,        64, 56, 6.2676125, 67, 643.33984, 72, 117.39061, 77, 35.281250, 83,         0,110,         0,116,         4,164,         1
59C,2016/05/21 23:54:00, 50, 50.306992, 51, 123.46783, 52, 73.160843, 49,        64, 56, 6.2676125, 67, 643.33984, 72, 118.06953, 77, 35.281250, 83,         0,110,         3,116,         4,164,         1
51C,2016/05/21 23:55:00, 50, 21.010109, 51, 64.893402, 52, 43.883293, 49,        64, 56, 6.2676125, 67, 643.33984, 72, 118.05884, 77, 35.281250, 83,         0,110,         2,116,         4,164,         1
5AC,2016/05/21 23:56:00, 50, 36.693100, 51, 63.013081, 52, 26.319981, 49,        64, 56, 6.2676125, 67, 643.33984, 72, 117.35701, 77, 35.250000, 83,         0,110,         6,116,         4,164,         1
52C,2016/05/21 23:57:00, 50, 66.361755, 51, 79.820152, 52, 13.458403, 49,        64, 56, 6.2676125, 67, 643.33984, 72, 117.34296, 77, 35.250000, 83,         0,110,         1,116,         4,164,         1
5EC,2016/05/21 23:58:00, 50, 21.269936, 51, 73.350563, 52, 52.080627, 49,        64, 56, 6.2676125, 67, 643.33984, 72, 117.31319, 77, 35.250000, 83,         0,110,         0,116,         4,164,         1
5DC,2016/05/21 23:59:00, 50, 18.576786, 51, 83.271408, 52, 64.694626, 49,        64, 56, 6.2676125, 67, 643.33984, 72, 117.95648, 77, 35.218750, 83,         0,110,         3,116,         4,164,         1
