4CC,2019/04/26 19:32:00, 50, 0.0000000, 13,       208, 49,         4, 56, 1.0976870, 74, 11.822749, 73, 514.21631, 77, 19.093750, 79, 1.2444999, 75, 22.498611, 66, 1.2490845,116,         4, 84, 4.8156738
5DC,2019/04/26 19:33:00, 50, 0.0000000, 13,        56, 49,         1, 56, 1.0976870, 74, 11.822749, 73, 515.44446, 77, 19.562500, 79, 1.2396387, 75, 23.488823, 66,-0.3869629,116,         4, 84, 4.6754456
51C,2019/04/26 19:34:00, 50, 0.0000000, 13,        46, 49,         1, 56, 1.0976870, 74, 11.807193, 73, 514.59644, 77, 19.937500, 79, 1.2299160, 75, 24.402763, 66, 1.3642883,116,         4, 84, 4.0132141
56C,2019/04/26 19:35:00, 50, 0.0000000, 13,        46, 49,       128, 56, 1.0976870, 74, 11.822749, 73, 514.71344, 77, 20.312500, 79, 1.2250546, 75, 25.303322, 66, 0.0003052,116,         4, 84, 3.8385010
59C,2019/04/26 19:36:00, 50, 0.0000000, 13,        51, 49,         1, 56, 1.0976870, 74, 11.807193, 73, 516.26324, 77, 20.687500, 79, 1.2347773, 75, 26.249771, 66,-0.3840637,116,         4, 84, 3.8185120
56C,2019/04/26 19:37:00, 50, 0.0000000, 13,        56, 49,         1, 56, 1.0976870, 74, 11.807193, 73, 516.58490, 77, 21.031250, 79, 1.2347773, 75, 27.182251, 66,-0.3833008,116,         4, 84, 3.8275146
58C,2019/04/26 19:38:00, 50, 0.0000000, 13,        60, 49,         1, 56, 1.0976870, 74, 11.807193, 73, 516.76038, 77, 21.343750, 79, 1.2299160, 75, 28.101410, 66,-0.3823853,116,         4, 84, 3.8179016
5BC,2019/04/26 19:39:00, 50, 0.0000000, 13,        69, 49,         1, 56, 1.0976870, 74, 11.807193, 73, 516.93579, 77, 21.687500, 79, 1.2347773, 75, 29.064156, 66,-0.3820801,116,         4, 84, 3.7776184
50C,2019/04/26 19:40:00, 50, 0.0000000, 13,        73, 49,         1, 56, 1.0976870, 74, 11.791636, 73, 517.11127, 77, 22.000000, 79, 1.2299160, 75, 29.902359, 66,-0.3817749,116,         4, 84, 3.8041687
5CC,2019/04/26 19:41:00, 50, 0.0000000, 13,        79, 49,         1, 56, 1.0976870, 74, 11.822749, 73, 517.19897, 77, 22.312500, 79, 1.2347773, 75, 30.785439, 66,-0.3813171,116,         4, 84, 3.8278198
54C,2019/04/26 19:42:00, 50, 0.0000000, 13,        88, 49,         1, 56, 1.0976870, 74, 11.807193, 73, 517.34521, 77, 22.593750, 79, 1.2347773, 75, 31.603569, 66,-0.3807068,116,         4, 84, 3.8244629
54C,2019/04/26 19:43:00, 50, 0.0000000, 13,        93, 49,         1, 56, 1.0976870, 74, 11.807193, 73, 517.40369, 77, 22.875000, 79, 1.2299160, 75, 32.412788, 66,-0.3802490,116,         4, 84, 3.8153076
43C,2019/04/26 19:44:00, 50, 0.0000000, 13,       101, 49,         1, 56, 1.0976870, 74, 11.807193, 73, 517.31598, 77, 23.156250, 79, 1.2299160, 75, 33.213631, 66,-0.3802490,116,         4, 84, 3.8128662
44C,2019/04/26 19:45:00, 50, 0.0000000, 13,       106, 49,         1, 56, 1.0976870, 74, 11.807193, 73, 517.63763, 77, 23.437500, 79, 1.2250546, 75, 34.059250, 66,-0.3799438,116,         4, 84, 3.8137817
49C,2019/04/26 19:46:00, 50, 0.0000000, 13,       110, 49,         1, 56, 1.0976870, 74, 11.807193, 73, 517.72534, 77, 23.750000, 79, 1.2250546, 75, 34.792358, 66,-0.3793335,116,         4, 84, 3.8047791
47C,2019/04/26 19:47:00, 50, 0.0000000, 13,       116, 49,         1, 56, 1.0976870, 74, 11.807193, 73, 517.84229, 77, 23.968750, 79, 1.2299160, 75, 35.571297, 66,-0.3790283,116,         4, 84, 3.8203430
42C,2019/04/26 19:48:00, 50, 0.0000000, 13,       118, 49,         1, 56, 1.0976870, 74, 11.807193, 73, 517.81305, 77, 24.250000, 79, 1.2299160, 75, 36.292671, 66,-0.3790283,116,         4, 84, 3.8006592
41C,2019/04/26 19:49:00, 50, 0.0000000, 13,       121, 49,         1, 56, 1.0976870, 74, 11.807193, 73, 517.93005, 77, 24.531250, 79, 1.2299160, 75, 37.060028, 66,-0.3787231,116,         4, 84, 3.8076782
47C,2019/04/26 19:50:00, 50, 0.0000000, 13,       124, 49,         1, 56, 1.0976870, 74, 11.807193, 73, 517.95929, 77, 24.750000, 79, 1.2250546, 75, 37.720840, 66,-0.3785706,116,         4, 84, 3.8145447
49C,2019/04/26 19:51:00, 50, 0.0000000, 13,       127, 49,         1, 56, 1.0976870, 74, 11.807193, 73, 518.04700, 77, 25.031250, 79, 1.2347773, 75, 38.428505, 66,-0.3782654,116,         4, 84, 3.8107300
46C,2019/04/26 19:52:00, 50, 0.0000000, 13,       131, 49,         1, 56, 1.0976870, 74, 11.807193, 73, 518.13477, 77, 25.312500, 79, 1.2299160, 75, 39.132469, 66,-0.3779602,116,         4, 84, 3.8093567
4AC,2019/04/26 19:53:00, 50, 0.0000000, 13,       135, 49,         1, 56, 1.0976870, 74, 11.807193, 73, 518.19324, 77, 25.531250, 79, 1.2299160, 75, 39.783218, 66,-0.3776550,116,         4, 84, 3.8092041
4BC,2019/04/26 19:54:00, 50, 0.0000000, 13,       138, 49,         1, 56, 1.0976870, 74, 11.807193, 73, 518.28094, 77, 25.812500, 79, 1.2250546, 75, 40.331894, 66,-0.3773499,116,         4, 84, 3.7989807
46C,2019/04/26 19:55:00, 50, 0.0000000, 13,       141, 49,         1, 56, 1.0976870, 74, 11.807193, 73, 518.39789, 77, 26.062500, 79, 1.2250546, 75, 41.028000, 66,-0.3770447,116,         4, 84, 3.8183594
4AC,2019/04/26 19:56:00, 50, 0.0000000, 13,       144, 49,         1, 56, 1.0976870, 74, 11.807193, 73, 518.48566, 77, 26.312500, 79, 1.2250546, 75, 41.672493, 66,-0.3767395,116,         4, 84, 3.8008118
46C,2019/04/26 19:57:00, 50, 0.0000000, 13,       148, 49,         1, 56, 1.0976870, 74, 11.807193, 73, 518.54413, 77, 26.562500, 79, 1.2299160, 75, 42.216682, 66,-0.3764343,116,         4, 84, 3.8195801
42C,2019/04/26 19:58:00, 50, 0.0000000, 13,       151, 49,         1, 56, 1.0976870, 74, 11.807193, 73, 518.63184, 77, 26.781250, 79, 1.2250546, 75, 42.858749, 66,-0.3762817,116,         4, 84, 3.8052368
4EC,2019/04/26 19:59:00, 50, 0.0000000, 13,       155, 49,         1, 56, 1.0976870, 74, 11.807193, 73, 518.71960, 77, 27.031250, 79, 1.2250546, 75, 43.450706, 66,-0.3759766,116,         4, 84, 3.8166809
40C,2019/04/26 20:00:00, 50, 0.0000000, 13,       159, 49,         1, 56, 1.0976870, 74, 11.807193, 73, 518.80731, 77, 27.218750, 79, 1.2250546, 75, 43.992943, 66,-0.3756714,116,         4, 84, 3.7998962
4DC,2019/04/26 20:01:00, 50, 0.0000000, 13,       163, 49,         1, 56, 1.0976870, 74, 11.822749, 73, 518.86578, 77, 27.437500, 79, 1.2201934, 75, 44.633598, 66,-0.3755188,116,         4, 84, 3.8035583
47C,2019/04/26 20:02:00, 50, 0.0000000, 13,       166, 49,         1, 56, 1.0976870, 74, 11.807193, 73, 518.95349, 77, 27.625000, 79, 1.2347773, 75, 45.077194, 66,-0.3752136,116,         4, 84, 3.8053894
45C,2019/04/26 20:03:00, 50, 0.0000000, 13,       170, 49,         1, 56, 1.0976870, 74, 11.822749, 73, 519.04126, 77, 27.843750, 79, 1.2250546, 75, 45.668961, 66,-0.3750610,116,         4, 84, 3.8133240
47C,2019/04/26 20:04:00, 50, 0.0000000, 13,       173, 49,         1, 56, 1.0976870, 74, 11.822749, 73, 519.09973, 77, 28.031250, 79, 1.2347773, 75, 45.570305, 66,-0.3747559,116,         4, 84, 3.8191223
4CC,2019/04/26 20:05:00, 50, 0.0000000, 13,       175, 49,         1, 56, 1.0976870, 74, 11.838305, 73, 519.15820, 77, 28.187500, 79, 1.2201934, 75, 45.570305, 66,-0.3746033,116,         4, 84, 3.8130188
4FC,2019/04/26 20:06:00, 50, 0.0000000, 13,       177, 49,         1, 56, 1.0976870, 74, 11.807193, 73, 519.18744, 77, 28.375000, 79, 1.2250546, 75, 45.965050, 66,-0.3744507,116,         4, 84, 3.8058472
4EC,2019/04/26 20:07:00, 50, 0.0000000, 13,       180, 49,         1, 56, 1.0976870, 74, 11.822749, 73, 519.21667, 77, 28.531250, 79, 1.2250546, 75, 46.360130, 66,-0.3741455,116,         4, 84, 3.8125610
43C,2019/04/26 20:08:00, 50, 0.0000000, 13,       183, 49,         1, 56, 1.0976870, 74, 11.807193, 73, 519.30444, 77, 28.687500, 79, 1.2250546, 75, 47.151588, 66,-0.3739929,116,         4, 84, 3.8055420
4AC,2019/04/26 20:09:00, 50, 0.0000000, 13,       187, 49,         1, 56, 1.0976870, 74, 11.838305, 73, 519.36292, 77, 28.812500, 79, 1.2250546, 75, 47.399361, 66,-0.3738403,116,         4, 84, 3.8131714
47C,2019/04/26 20:10:00, 50, 0.0000000, 13,       190, 49,         1, 56, 1.0976870, 74, 11.838305, 73, 519.36292, 77, 29.000000, 79, 1.2250546, 75, 47.498535, 66,-0.3736877,116,         4, 84, 3.8136292
41C,2019/04/26 20:11:00, 50, 138.33539, 13,       193, 49,         1, 56, 1.0976870, 74, 11.822749, 73, 518.28094, 77, 29.125000, 79, 1.2201934, 75, 48.542519, 66, 1.8544006,116,         4, 84, 3.8053894
53C,2019/04/26 20:12:00, 50, 138.33539, 13,       197, 49,        32, 56, 1.0976870, 74, 11.822749, 73, 518.19324, 77, 29.250000, 79, 1.2250546, 75, 48.841820, 66, 1.4335632,116,         4, 84, 3.8031006
56C,2019/04/26 20:13:00, 50, 138.33539, 13,       201, 49,        64, 56, 1.0976870, 74, 11.822749, 73, 518.22247, 77, 29.343750, 79, 1.2250546, 75, 49.391884, 66, 2.0451355,116,         4, 84, 3.8027954
52C,2019/04/26 20:14:00, 50, 138.33539, 13,       204, 49,        64, 56, 1.0976870, 74, 11.838305, 73, 518.25171, 77, 29.468750, 79, 1.2250546, 75, 49.793137, 66, 1.7807007,116,         4, 84, 3.8038635
5EC,2019/04/26 20:15:00, 50, 138.33539, 13,       208, 49,        64, 56, 1.0976870, 74, 11.807193, 73, 518.28094, 77, 29.593750, 79, 1.2201934, 75, 50.044472, 66, 2.1415710,116,         4, 84, 3.8093567
50C,2019/04/26 20:16:00, 50, 138.33539, 13,       211, 49,        64, 56, 1.0976870, 74, 11.807193, 73, 518.31018, 77, 29.718750, 79, 1.2201934, 75, 50.245865, 66, 1.7646790,116,         4, 84, 3.8095093
51C,2019/04/26 20:17:00, 50, 138.33539, 13,       213, 49,        64, 56, 1.0976870, 74, 11.838305, 73, 518.33942, 77, 29.812500, 79, 1.2250546, 75, 50.447563, 66, 2.4960327,116,         4, 84, 3.8003540
55C,2019/04/26 20:18:00, 50, 138.33539, 13,       216, 49,        64, 56, 1.0976870, 74, 11.838305, 73, 518.33942, 77, 29.937500, 79, 1.2201934, 75, 50.599037, 66, 2.1171570,116,         4, 84, 3.7997437
57C,2019/04/26 20:19:00, 50, 138.33539, 13,       217, 49,        64, 56, 1.0976870, 74, 11.838305, 73, 518.39789, 77, 30.031250, 79, 1.2201934, 75, 50.649567, 66, 1.8885803,116,         4, 84, 3.8053894
59C,2019/04/26 20:20:00, 50, 360.78546, 13,       219, 49,        64, 56, 1.0976870, 74, 11.822749, 73, 518.42719, 77, 30.125000, 79, 1.2201934, 75, 50.700111, 66, 1.8215942,116,         4, 84, 3.8146973
54C,2019/04/26 20:21:00, 50, 317.36328, 13,       220, 49,        64, 56, 1.0976870, 74, 11.838305, 73, 518.45642, 77, 30.218750, 79, 1.2250546, 75, 50.700111, 66, 2.2528076,116,         4, 84, 3.8139343
56C,2019/04/26 20:22:00, 50, 1350.0129, 13,       220, 49,        64, 56, 1.0976870, 74, 11.853862, 73, 518.51489, 77, 30.312500, 79, 1.2201934, 75, 50.700111, 66, 2.8092957,116,         4, 84, 3.8006592
5DC,2019/04/26 20:23:00, 50, 1259.3362, 13,       221, 49,        64, 56, 1.0976870, 74, 11.838305, 73, 518.54413, 77, 30.375000, 79, 1.2201934, 75, 50.649567, 66, 2.8083801,116,         4, 84, 3.8104248
57C,2019/04/26 20:24:00, 50, 1809.8010, 13,       221, 49,        32, 56, 1.0976870, 74, 11.822749, 73, 518.51489, 77, 30.406250, 79, 1.2201934, 75, 50.599037, 66, 1.3398743,116,         4, 84, 3.8031006
58C,2019/04/26 20:25:00, 50, 632.69983, 13,       222, 49,        32, 56, 1.0976870, 74, 11.838305, 73, 518.54413, 77, 30.500000, 79, 1.2250546, 75, 50.599037, 66, 1.1270142,116,         4, 84, 3.8195801
52C,2019/04/26 20:26:00, 50, 1340.6465, 13,       222, 49,        32, 56, 1.0976870, 74, 11.869418, 73, 518.51489, 77, 30.531250, 79, 1.2201934, 75, 50.498032, 66, 1.3420105,116,         4, 84, 3.8160706
56C,2019/04/26 20:27:00, 50, 1531.1841, 13,       222, 49,        32, 56, 1.0976870, 74, 11.853862, 73, 518.63184, 77, 30.593750, 79, 1.2250546, 75, 50.397110, 66, 1.7660522,116,         4, 84, 3.8182068
52C,2019/04/26 20:28:00, 50, 1953.3416, 13,       222, 49,        32, 56, 1.0976870, 74, 11.822749, 73, 518.60260, 77, 30.625000, 79, 1.2250546, 75, 50.296265, 66, 1.4514160,116,         4, 84, 3.8204956
5AC,2019/04/26 20:29:00, 50, 1378.2502, 13,       222, 49,        32, 56, 1.0976870, 74, 11.853862, 73, 518.60260, 77, 30.656250, 79, 1.2299160, 75, 50.296265, 66, 1.3679504,116,         4, 84, 3.8218689
5BC,2019/04/26 20:30:00, 50, 1329.6611, 13,       222, 49,        32, 56, 1.0976870, 74, 11.869418, 73, 518.60260, 77, 30.687500, 79, 1.2201934, 75, 50.245865, 66, 1.3092041,116,         4, 84, 3.8209534
58C,2019/04/26 20:31:00, 50, 1227.1821, 13,       222, 49,        32, 56, 1.0976870, 74, 11.838305, 73, 518.63184, 77, 30.750000, 79, 1.2201934, 75, 50.195496, 66, 1.2561035,116,         4, 84, 3.8217163
5CC,2019/04/26 20:32:00, 50, 1140.5344, 13,       222, 49,        32, 56, 1.0976870, 74, 11.807193, 73, 518.60260, 77, 30.812500, 79, 1.2201934, 75, 50.145134, 66, 1.1582947,116,         4, 84, 3.8226318
55C,2019/04/26 20:33:00, 50, 928.29480, 13,       222, 49,        32, 56, 1.0976870, 74, 11.853862, 73, 518.66107, 77, 30.875000, 79, 1.2201934, 75, 50.094795, 66, 1.1036682,116,         4, 84, 3.8224792
59C,2019/04/26 20:34:00, 50, 725.24536, 13,       222, 49,        32, 56, 1.0976870, 74, 11.869418, 73, 518.69031, 77, 30.906250, 79, 1.2250546, 75, 50.094795, 66, 1.1177063,116,         4, 84, 3.8267517
50C,2019/04/26 20:35:00, 50, 767.56360, 13,       222, 49,        32, 56, 1.0976870, 74, 11.869418, 73, 518.69031, 77, 30.906250, 79, 1.2201934, 75, 50.094795, 66, 1.2474060,116,         4, 84, 3.8464355
5AC,2019/04/26 20:36:00, 50, 1163.4329, 13,       222, 49,        32, 56, 1.0976870, 74, 11.822749, 73, 518.71960, 77, 30.968750, 79, 1.2153320, 75, 50.044472, 66, 1.2959290,116,         4, 84, 3.8491821
5BC,2019/04/26 20:37:00, 50, 1244.0808, 13,       222, 49,        32, 56, 1.0976870, 74, 11.853862, 73, 518.71960, 77, 30.968750, 79, 1.2201934, 75, 50.044472, 66, 1.2966919,116,         4, 84, 3.8519287
57C,2019/04/26 20:38:00, 50, 1876.5967, 13,       222, 49,        32, 56, 1.0976870, 74, 11.869418, 73, 518.71960, 77, 31.000000, 79, 1.2201934, 75, 49.994171, 66, 1.6204834,116,         4, 84, 3.8516235
50C,2019/04/26 20:39:00, 50, 2296.5542, 13,       222, 49,        32, 56, 1.0976870, 74, 11.869418, 73, 518.74884, 77, 31.031250, 79, 1.2201934, 75, 49.943886, 66, 1.6372681,116,         4, 84, 3.8500977
51C,2019/04/26 20:40:00, 50, 2363.0469, 13,       222, 49,        32, 56, 1.0976870, 74, 11.822749, 73, 518.77808, 77, 31.031250, 79, 1.2201934, 75, 49.943886, 66, 1.5721130,116,         4, 84, 3.8471985
51C,2019/04/26 20:41:00, 50, 2288.1367, 13,       222, 49,        32, 56, 1.0976870, 74, 11.853862, 73, 518.80731, 77, 31.062500, 79, 1.2201934, 75, 49.994171, 66, 1.5397644,116,         4, 84, 3.8447571
55C,2019/04/26 20:42:00, 50, 2235.9062, 13,       222, 49,        32, 56, 1.0976870, 74, 11.853862, 73, 518.80731, 77, 31.062500, 79, 1.2201934, 75, 49.994171, 66, 1.5702820,116,         4, 84, 3.8424683
53C,2019/04/26 20:43:00, 50, 2242.5415, 13,       222, 49,        32, 56, 1.0976870, 74, 11.838305, 73, 518.80731, 77, 31.093750, 79, 1.2201934, 75, 49.943886, 66, 1.5994263,116,         4, 84, 3.8400269
59C,2019/04/26 20:44:00, 50, 2257.8706, 13,       222, 49,        32, 56, 1.0976870, 74, 11.838305, 73, 518.83655, 77, 31.125000, 79, 1.2201934, 75, 49.994171, 66, 1.5818787,116,         4, 84, 3.8363647
5BC,2019/04/26 20:45:00, 50, 2236.8350, 13,       222, 49,        32, 56, 1.0976870, 74, 11.853862, 73, 518.80731, 77, 31.125000, 79, 1.2201934, 75, 49.994171, 66, 1.5415955,116,         4, 84, 3.8351440
59C,2019/04/26 20:46:00, 50, 2230.2554, 13,       222, 49,        32, 56, 1.0976870, 74, 11.869418, 73, 518.80731, 77, 31.125000, 79, 1.2201934, 75, 49.994171, 66, 1.5391541,116,         4, 84, 3.8305664
5FC,2019/04/26 20:47:00, 50, 2199.5698, 13,       222, 49,        32, 56, 1.0976870, 74, 11.838305, 73, 518.83655, 77, 31.156250, 79, 1.2201934, 75, 49.994171, 66, 1.4649963,116,         4, 84, 3.8267517
5FC,2019/04/26 20:48:00, 50, 2190.9883, 13,       222, 49,        32, 56, 1.0976870, 74, 11.822749, 73, 518.83655, 77, 31.125000, 79, 1.2250546, 75, 49.994171, 66, 1.6023254,116,         4, 84, 3.8223267
59C,2019/04/26 20:49:00, 50, 2208.0439, 13,       222, 49,        32, 56, 1.0976870, 74, 11.853862, 73, 518.83655, 77, 31.156250, 79, 1.2201934, 75, 49.994171, 66, 1.5618896,116,         4, 84, 3.8203430
5DC,2019/04/26 20:50:00, 50, 2183.7114, 13,       222, 49,        32, 56, 1.0976870, 74, 11.869418, 73, 518.89502, 77, 31.156250, 79, 1.2250546, 75, 49.994171, 66, 1.4619446,116,         4, 84, 3.8175964
52C,2019/04/26 20:51:00, 50, 2143.6553, 13,       222, 49,        32, 56, 1.0976870, 74, 11.853862, 73, 518.86578, 77, 31.187500, 79, 1.2250546, 75, 49.994171, 66, 1.4685059,116,         4, 84, 3.8145447
5FC,2019/04/26 20:52:00, 50, 2104.5518, 13,       222, 49,        32, 56, 1.0976870, 74, 11.822749, 73, 518.92426, 77, 31.218750, 79, 1.2299160, 75, 49.994171, 66, 1.4573669,116,         4, 84, 3.8099670
5DC,2019/04/26 20:53:00, 50, 2064.9448, 13,       222, 49,        32, 56, 1.0976870, 74, 11.853862, 73, 518.92426, 77, 31.218750, 79, 1.2250546, 75, 49.994171, 66, 1.4404297,116,         4, 84, 3.8058472
5FC,2019/04/26 20:54:00, 50, 2026.8210, 13,       222, 49,        32, 56, 1.0976870, 74, 11.869418, 73, 518.92426, 77, 31.218750, 79, 1.2201934, 75, 49.994171, 66, 1.4196777,116,         4, 84, 3.8032532
50C,2019/04/26 20:55:00, 50, 1987.5288, 13,       223, 49,        32, 56, 1.0976870, 74, 11.853862, 73, 518.95349, 77, 31.250000, 79, 1.2250546, 75, 49.994171, 66, 1.4649963,116,         4, 84, 3.8165283
52C,2019/04/26 20:56:00, 50, 1965.3235, 13,       223, 49,        32, 56, 1.0976870, 74, 11.822749, 73, 518.95349, 77, 31.250000, 79, 1.2201934, 75, 50.044472, 66, 1.4270020,116,         4, 84, 3.8134766
5BC,2019/04/26 20:57:00, 50, 1960.7971, 13,       223, 49,        32, 56, 1.0976870, 74, 11.853862, 73, 518.92426, 77, 31.281250, 79, 1.2201934, 75, 50.044472, 66, 1.5260315,116,         4, 84, 3.8102722
5FC,2019/04/26 20:58:00, 50, 1955.3730, 13,       223, 49,        32, 56, 1.0976870, 74, 11.869418, 73, 518.98273, 77, 31.281250, 79, 1.2201934, 75, 50.044472, 66, 1.4245605,116,         4, 84, 3.8085937
5BC,2019/04/26 20:59:00, 50, 1942.8372, 13,       223, 49,        32, 56, 1.0976870, 74, 11.853862, 73, 518.98273, 77, 31.312500, 79, 1.2250546, 75, 49.994171, 66, 1.4616394,116,         4, 84, 3.8046265
50C,2019/04/26 21:00:00, 50, 2016.2400, 13,       224, 49,        32, 56, 1.0976870, 74, 11.822749, 73, 519.01202, 77, 31.343750, 79, 1.2153320, 75, 49.994171, 66, 1.8572998,116,         4, 84, 3.8056946
51C,2019/04/26 21:01:00, 50, 2458.7295, 13,       224, 49,        32, 56, 1.0976870, 74, 11.853862, 73, 519.01202, 77, 31.343750, 79, 1.2250546, 75, 49.994171, 66, 1.5568542,116,         4, 84, 3.8140869
53C,2019/04/26 21:02:00, 50, 2121.5693, 13,       224, 49,        32, 56, 1.0976870, 74, 11.853862, 73, 518.98273, 77, 31.343750, 79, 1.2250546, 75, 49.994171, 66, 1.4546204,116,         4, 84, 3.8117981
5AC,2019/04/26 21:03:00, 50, 1871.0146, 13,       224, 49,        32, 56, 1.0976870, 74, 11.869418, 73, 518.95349, 77, 31.343750, 79, 1.2201934, 75, 49.994171, 66, 1.4421082,116,         4, 84, 3.8095093
5EC,2019/04/26 21:04:00, 50, 1892.8191, 13,       224, 49,        32, 56, 1.0976870, 74, 11.822749, 73, 518.95349, 77, 31.375000, 79, 1.2250546, 75, 49.994171, 66, 1.4401245,116,         4, 84, 3.8053894
5EC,2019/04/26 21:05:00, 50, 1855.6052, 13,       224, 49,        32, 56, 1.0976870, 74, 11.853862, 73, 518.95349, 77, 31.375000, 79, 1.2201934, 75, 49.994171, 66, 1.4323425,116,         4, 84, 3.8023376
56C,2019/04/26 21:06:00, 50, 1845.4685, 13,       224, 49,        32, 56, 1.0976870, 74, 11.869418, 73, 518.95349, 77, 31.406250, 79, 1.2153320, 75, 50.044472, 66, 1.4231873,116,         4, 84, 3.8002014
5EC,2019/04/26 21:07:00, 50, 1843.5845, 13,       225, 49,        32, 56, 1.0976870, 74, 11.853862, 73, 518.98273, 77, 31.437500, 79, 1.2201934, 75, 50.044472, 66, 1.4662170,116,         4, 84, 3.8154602
5BC,2019/04/26 21:08:00, 50, 1864.2114, 13,       225, 49,        32, 56, 1.0976870, 74, 11.838305, 73, 519.01202, 77, 31.437500, 79, 1.2201934, 75, 49.994171, 66, 1.4682007,116,         4, 84, 3.8110352
5BC,2019/04/26 21:09:00, 50, 1876.3713, 13,       225, 49,        32, 56, 1.0976870, 74, 11.869418, 73, 518.95349, 77, 31.468750, 79, 1.2153320, 75, 49.994171, 66, 1.4666748,116,         4, 84, 3.8084412
51C,2019/04/26 21:10:00, 50, 1880.3154, 13,       225, 49,        32, 56, 1.0976870, 74, 11.853862, 73, 518.95349, 77, 31.468750, 79, 1.2201934, 75, 50.044472, 66, 1.4509583,116,         4, 84, 3.8061523
53C,2019/04/26 21:11:00, 50, 1863.1428, 13,       225, 49,        32, 56, 1.0976870, 74, 11.838305, 73, 518.95349, 77, 31.500000, 79, 1.2201934, 75, 50.044472, 66, 1.4125061,116,         4, 84, 3.8035583
5DC,2019/04/26 21:12:00, 50, 1847.3145, 13,       225, 49,        32, 56, 1.0976870, 74, 11.822749, 73, 518.98273, 77, 31.531250, 79, 1.2250546, 75, 49.994171, 66, 1.4071655,116,         4, 84, 3.8018799
5FC,2019/04/26 21:13:00, 50, 1835.4270, 13,       226, 49,        32, 56, 1.0976870, 74, 11.853862, 73, 518.98273, 77, 31.562500, 79, 1.2153320, 75, 49.994171, 66, 1.4079285,116,         4, 84, 3.8168335
5FC,2019/04/26 21:14:00, 50, 1814.8679, 13,       226, 49,        32, 56, 1.0976870, 74, 11.869418, 73, 518.95349, 77, 31.562500, 79, 1.2153320, 75, 49.994171, 66, 1.3664246,116,         4, 84, 3.8127136
57C,2019/04/26 21:15:00, 50, 1790.2283, 13,       226, 49,        32, 56, 1.0976870, 74, 11.853862, 73, 518.98273, 77, 31.562500, 79, 1.2201934, 75, 49.994171, 66, 1.4106750,116,         4, 84, 3.8099670
54C,2019/04/26 21:16:00, 50, 1869.2639, 13,       226, 49,        32, 56, 1.0976870, 74, 11.838305, 73, 519.01202, 77, 31.625000, 79, 1.2201934, 75, 49.994171, 66, 1.7236328,116,         4, 84, 3.8066101
55C,2019/04/26 21:17:00, 50, 3012.2383, 13,       226, 49,        32, 56, 1.0976870, 74, 11.853862, 73, 519.01202, 77, 31.625000, 79, 1.2201934, 75, 49.994171, 66, 1.7481995,116,         4, 84, 3.8046265
51C,2019/04/26 21:18:00, 50, 2373.7739, 13,       227, 49,        32, 56, 1.0976870, 74, 11.853862, 73, 519.01202, 77, 31.687500, 79, 1.2250546, 75, 50.044472, 66, 1.5666199,116,         4, 84, 3.8165283
5BC,2019/04/26 21:19:00, 50, 2158.1187, 13,       227, 49,        32, 56, 1.0976870, 74, 11.869418, 73, 519.01202, 77, 31.750000, 79, 1.2201934, 75, 50.044472, 66, 1.5348816,116,         4, 84, 3.8116455
56C,2019/04/26 21:20:00, 50, 2174.3315, 13,       227, 49,        32, 56, 1.0976870, 74, 11.822749, 73, 519.07050, 77, 31.781250, 79, 1.2201934, 75, 50.044472, 66, 1.5765381,116,         4, 84, 3.8101196
56C,2019/04/26 21:21:00, 50, 2229.2827, 13,       227, 49,        32, 56, 1.0976870, 74, 11.853862, 73, 519.04126, 77, 31.843750, 79, 1.2250546, 75, 50.044472, 66, 1.6241455,116,         4, 84, 3.8084412
5DC,2019/04/26 21:22:00, 50, 2286.3257, 13,       227, 49,        32, 56, 1.0976870, 74, 11.869418, 73, 519.09973, 77, 31.875000, 79, 1.2201934, 75, 49.994171, 66, 1.5940857,116,         4, 84, 3.8066101
5DC,2019/04/26 21:23:00, 50, 2368.8096, 13,       227, 49,        32, 56, 1.0976870, 74, 11.853862, 73, 519.12897, 77, 31.906250, 79, 1.2250546, 75, 49.994171, 66, 1.7433167,116,         4, 84, 3.8046265
54C,2019/04/26 21:24:00, 50, 3822.9888, 13,       227, 49,        32, 56, 1.0976870, 74, 11.822749, 73, 519.12897, 77, 31.906250, 79, 1.2299160, 75, 50.044472, 66, 2.0664978,116,         4, 84, 3.8040161
5EC,2019/04/26 21:25:00, 50, 3695.3008, 13,       227, 49,        32, 56, 1.0976870, 74, 11.853862, 73, 519.18744, 77, 31.875000, 79, 1.2201934, 75, 49.994171, 66, 1.9386292,116,         4, 84, 3.8020325
51C,2019/04/26 21:26:00, 50, 3294.0615, 13,       228, 49,        32, 56, 1.0976870, 74, 11.869418, 73, 519.18744, 77, 31.906250, 79, 1.2250546, 75, 50.044472, 66, 1.8371582,116,         4, 84, 3.8165283
5FC,2019/04/26 21:27:00, 50, 2713.4141, 13,       228, 49,        32, 56, 1.0976870, 74, 11.853862, 73, 519.15820, 77, 31.906250, 79, 1.2201934, 75, 49.994171, 66, 1.6685486,116,         4, 84, 3.8145447
59C,2019/04/26 21:28:00, 50, 2543.2759, 13,       228, 49,        32, 56, 1.0976870, 74, 11.822749, 73, 519.18744, 77, 31.937500, 79, 1.2201934, 75, 50.044472, 66, 1.6380310,116,         4, 84, 3.8121033
5AC,2019/04/26 21:29:00, 50, 2535.2324, 13,       228, 49,        32, 56, 1.0976870, 74, 11.853862, 73, 519.24591, 77, 31.937500, 79, 1.2201934, 75, 49.994171, 66, 1.6410828,116,         4, 84, 3.8101196
5CC,2019/04/26 21:30:00, 50, 2482.4009, 13,       228, 49,        32, 56, 1.0976870, 74, 11.853862, 73, 519.24591, 77, 31.968750, 79, 1.2153320, 75, 50.044472, 66, 1.5678406,116,         4, 84, 3.8078308
59C,2019/04/26 21:31:00, 50, 2381.6060, 13,       228, 49,        32, 56, 1.0976870, 74, 11.838305, 73, 519.27515, 77, 32.031250, 79, 1.2347773, 75, 49.994171, 66, 1.5844727,116,         4, 84, 3.8047791
56C,2019/04/26 21:32:00, 50, 2335.6499, 13,       229, 49,        32, 56, 1.0976870, 74, 11.838305, 73, 519.33368, 77, 32.031250, 79, 1.2250546, 75, 50.044472, 66, 1.5675354,116,         4, 84, 3.8166809
57C,2019/04/26 21:33:00, 50, 2288.7456, 13,       229, 49,        32, 56, 1.0976870, 74, 11.838305, 73, 519.33368, 77, 32.000000, 79, 1.2153320, 75, 49.994171, 66, 1.5432739,116,         4, 84, 3.8140869
5EC,2019/04/26 21:34:00, 50, 2236.4985, 13,       229, 49,        32, 56, 1.0976870, 74, 11.869418, 73, 519.36292, 77, 31.968750, 79, 1.2153320, 75, 50.044472, 66, 1.4942932,116,         4, 84, 3.8108826
56C,2019/04/26 21:35:00, 50, 1861.9419, 13,       229, 49,        32, 56, 1.0976870, 74, 11.869418, 73, 519.39215, 77, 32.000000, 79, 1.2201934, 75, 50.044472, 66, 1.4082336,116,         4, 84, 3.8078308
58C,2019/04/26 21:36:00, 50, 1716.3450, 13,       229, 49,        32, 56, 1.0976870, 74, 11.807193, 73, 519.42139, 77, 32.031250, 79, 1.2201934, 75, 50.044472, 66, 1.3726807,116,         4, 84, 3.8041687
55C,2019/04/26 21:37:00, 50, 1659.6716, 13,       229, 49,        32, 56, 1.0976870, 74, 11.869418, 73, 519.42139, 77, 32.062500, 79, 1.2299160, 75, 50.044472, 66, 1.3571167,116,         4, 84, 3.8023376
54C,2019/04/26 21:38:00, 50, 1637.8577, 13,       230, 49,        32, 56, 1.0976870, 74, 11.869418, 73, 519.42139, 77, 32.093750, 79, 1.2201934, 75, 49.994171, 66, 1.3761902,116,         4, 84, 3.8151550
56C,2019/04/26 21:39:00, 50, 1631.9863, 13,       230, 49,        32, 56, 1.0976870, 74, 11.853862, 73, 519.36292, 77, 32.125000, 79, 1.2153320, 75, 49.994171, 66, 1.3830566,116,         4, 84, 3.8127136
5AC,2019/04/26 21:40:00, 50, 1631.9961, 13,       230, 49,        32, 56, 1.0976870, 74, 11.822749, 73, 519.39215, 77, 32.125000, 79, 1.2250546, 75, 49.994171, 66, 1.3906860,116,         4, 84, 3.8088989
50C,2019/04/26 21:41:00, 50, 1638.2251, 13,       230, 49,        32, 56, 1.0976870, 74, 11.853862, 73, 519.42139, 77, 32.187500, 79, 1.2201934, 75, 50.044472, 66, 1.3844299,116,         4, 84, 3.8049316
58C,2019/04/26 21:42:00, 50, 1645.1240, 13,       230, 49,        32, 56, 1.0976870, 74, 11.869418, 73, 519.42139, 77, 32.218750, 79, 1.2250546, 75, 50.044472, 66, 1.3970947,116,         4, 84, 3.8040161
59C,2019/04/26 21:43:00, 50, 1650.7249, 13,       230, 49,        32, 56, 1.0976870, 74, 11.853862, 73, 519.47986, 77, 32.281250, 79, 1.2201934, 75, 49.994171, 66, 1.4079285,116,         4, 84, 3.8035583
59C,2019/04/26 21:44:00, 50, 1659.6355, 13,       230, 49,        32, 56, 1.0976870, 74, 11.822749, 73, 519.47986, 77, 32.312500, 79, 1.2250546, 75, 50.044472, 66, 1.4170837,116,         4, 84, 3.8018799
57C,2019/04/26 21:45:00, 50, 1674.3062, 13,       231, 49,        32, 56, 1.0976870, 74, 11.869418, 73, 519.50909, 77, 32.343750, 79, 1.2153320, 75, 49.994171, 66, 1.4355469,116,         4, 84, 3.8148499
56C,2019/04/26 21:46:00, 50, 1708.1367, 13,       231, 49,        32, 56, 1.0976870, 74, 11.884974, 73, 519.56763, 77, 32.343750, 79, 1.2201934, 75, 49.994171, 66, 1.4421082,116,         4, 84, 3.8137817
5DC,2019/04/26 21:47:00, 50, 1785.8477, 13,       231, 49,        32, 56, 1.0976870, 74, 11.853862, 73, 519.50909, 77, 32.406250, 79, 1.2201934, 75, 49.994171, 66, 1.4605713,116,         4, 84, 3.8124084
5FC,2019/04/26 21:48:00, 50, 1830.3967, 13,       231, 49,        32, 56, 1.0976870, 74, 11.838305, 73, 519.53833, 77, 32.406250, 79, 1.2153320, 75, 49.994171, 66, 1.4248657,116,         4, 84, 3.8104248
57C,2019/04/26 21:49:00, 50, 1820.2007, 13,       231, 49,        32, 56, 1.0976870, 74, 11.838305, 73, 519.53833, 77, 32.375000, 79, 1.2250546, 75, 49.994171, 66, 1.4477539,116,         4, 84, 3.8101196
56C,2019/04/26 21:50:00, 50, 1827.1052, 13,       231, 49,        32, 56, 1.0976870, 74, 11.869418, 73, 519.50909, 77, 32.437500, 79, 1.2056093, 75, 49.994171, 66, 1.4331055,116,         4, 84, 3.8085937
58C,2019/04/26 21:51:00, 50, 1813.3420, 13,       231, 49,        32, 56, 1.0976870, 74, 11.869418, 73, 519.45062, 77, 32.406250, 79, 1.2250546, 75, 49.943886, 66, 1.4448547,116,         4, 84, 3.8095093
5BC,2019/04/26 21:52:00, 50, 1838.7124, 13,       231, 49,        32, 56, 1.0976870, 74, 11.838305, 73, 519.47986, 77, 32.375000, 79, 1.2250546, 75, 49.943886, 66, 1.4627075,116,         4, 84, 3.8070679
52C,2019/04/26 21:53:00, 50, 1850.0703, 13,       231, 49,        32, 56, 1.0976870, 74, 11.838305, 73, 519.45062, 77, 32.406250, 79, 1.2250546, 75, 50.044472, 66, 1.4762878,116,         4, 84, 3.8058472
5BC,2019/04/26 21:54:00, 50, 1857.7034, 13,       231, 49,        32, 56, 1.0976870, 74, 11.869418, 73, 519.42139, 77, 32.406250, 79, 1.2153320, 75, 49.943886, 66, 1.4343262,116,         4, 84, 3.8043213
5EC,2019/04/26 21:55:00, 50, 1836.9031, 13,       232, 49,        32, 56, 1.0976870, 74, 11.869418, 73, 519.45062, 77, 32.437500, 79, 1.2299160, 75, 49.943886, 66, 1.4053345,116,         4, 84, 3.8169861
57C,2019/04/26 21:56:00, 50, 1776.3035, 13,       232, 49,        32, 56, 1.0976870, 74, 11.838305, 73, 519.45062, 77, 32.437500, 79, 1.2153320, 75, 49.893616, 66, 1.4051819,116,         4, 84, 3.8156128
5EC,2019/04/26 21:57:00, 50, 1716.9612, 13,       232, 49,        32, 56, 1.0976870, 74, 11.869418, 73, 519.47986, 77, 32.500000, 79, 1.2201934, 75, 49.994171, 66, 1.3980103,116,         4, 84, 3.8124084
5EC,2019/04/26 21:58:00, 50, 1706.2444, 13,       232, 49,        32, 56, 1.0976870, 74, 11.869418, 73, 519.50909, 77, 32.500000, 79, 1.2201934, 75, 50.044472, 66, 1.3862610,116,         4, 84, 3.8081360
5FC,2019/04/26 21:59:00, 50, 1696.1648, 13,       232, 49,        32, 56, 1.0976870, 74, 11.884974, 73, 519.53833, 77, 32.531250, 79, 1.2201934, 75, 50.044472, 66, 1.3838196,116,         4, 84, 3.8064575
58C,2019/04/26 22:00:00, 50, 1678.6099, 13,       232, 49,        32, 56, 1.0976870, 74, 11.853862, 73, 519.53833, 77, 32.562500, 79, 1.2153320, 75, 50.145134, 66, 1.3887024,116,         4, 84, 3.8035583
5BC,2019/04/26 22:01:00, 50, 1664.8030, 13,       232, 49,        32, 56, 1.0976870, 74, 11.853862, 73, 519.56763, 77, 32.593750, 79, 1.2153320, 75, 50.044472, 66, 1.3693237,116,         4, 84, 3.8017273
5FC,2019/04/26 22:02:00, 50, 1660.2434, 13,       232, 49,        32, 56, 1.0976870, 74, 11.884974, 73, 519.59686, 77, 32.593750, 79, 1.2201934, 75, 50.195496, 66, 1.3829041,116,         4, 84, 3.8017273
54C,2019/04/26 22:03:00, 50, 1656.8806, 13,       233, 49,        32, 56, 1.0976870, 74, 11.869418, 73, 519.56763, 77, 32.656250, 79, 1.2250546, 75, 50.044472, 66, 1.3804626,116,         4, 84, 3.8151550
5FC,2019/04/26 22:04:00, 50, 1648.3508, 13,       233, 49,        32, 56, 1.0976870, 74, 11.791636, 73, 519.59686, 77, 32.687500, 79, 1.2153320, 75, 49.943886, 66, 1.3626099,116,         4, 84, 3.8122559
57C,2019/04/26 22:05:00, 50, 1621.3887, 13,       233, 49,        32, 56, 1.0976870, 74, 11.838305, 73, 519.56763, 77, 32.656250, 79, 1.2153320, 75, 50.044472, 66, 1.3314819,116,         4, 84, 3.8046265
5BC,2019/04/26 22:06:00, 50, 1533.9734, 13,       233, 49,        32, 56, 1.0976870, 74, 11.869418, 73, 519.62610, 77, 32.718750, 79, 1.2153320, 75, 50.044472, 66, 1.3330078,116,         4, 84, 3.8050842
5CC,2019/04/26 22:07:00, 50, 1510.4519, 13,       233, 49,        32, 56, 1.0976870, 74, 11.853862, 73, 519.68457, 77, 32.718750, 79, 1.2250546, 75, 50.044472, 66, 1.3340759,116,         4, 84, 3.8034058
5AC,2019/04/26 22:08:00, 50, 1512.2812, 13,       233, 49,        32, 56, 1.0976870, 74, 11.853862, 73, 519.65533, 77, 32.750000, 79, 1.2104707, 75, 50.044472, 66, 1.3296509,116,         4, 84, 3.8012695
56C,2019/04/26 22:09:00, 50, 1514.5708, 13,       233, 49,        32, 56, 1.0976870, 74, 11.869418, 73, 519.68457, 77, 32.750000, 79, 1.2250546, 75, 49.943886, 66, 1.3316345,116,         4, 84, 3.8014221
54C,2019/04/26 22:10:00, 50, 1521.7410, 13,       233, 49,        32, 56, 1.0976870, 74, 11.884974, 73, 519.68457, 77, 32.750000, 79, 1.2153320, 75, 49.943886, 66, 1.3502502,116,         4, 84, 3.8031006
52C,2019/04/26 22:11:00, 50, 1542.3154, 13,       233, 49,        32, 56, 1.0976870, 74, 11.869418, 73, 519.68457, 77, 32.750000, 79, 1.2153320, 75, 50.044472, 66, 1.3749695,116,         4, 84, 3.8003540
50C,2019/04/26 22:12:00, 50, 1633.5129, 13,       234, 49,        32, 56, 1.0976870, 74, 11.853862, 73, 519.68457, 77, 32.750000, 79, 1.2250546, 75, 49.943886, 66, 1.3813782,116,         4, 84, 3.8162231
50C,2019/04/26 22:13:00, 50, 1686.6670, 13,       234, 49,        32, 56, 1.0976870, 74, 11.838305, 73, 519.68457, 77, 32.750000, 79, 1.2153320, 75, 49.994171, 66, 1.4076233,116,         4, 84, 3.8171387
51C,2019/04/26 22:14:00, 50, 1680.0652, 13,       234, 49,        32, 56, 1.0976870, 74, 11.869418, 73, 519.71381, 77, 32.781250, 79, 1.2201934, 75, 49.943886, 66, 1.3864136,116,         4, 84, 3.8145447
5BC,2019/04/26 22:15:00, 50, 1671.5520, 13,       234, 49,        32, 56, 1.0976870, 74, 11.853862, 73, 519.74304, 77, 32.781250, 79, 1.2250546, 75, 50.145134, 66, 1.3822937,116,         4, 84, 3.8125610
5DC,2019/04/26 22:16:00, 50, 1694.0962, 13,       234, 49,        32, 56, 1.0976870, 74, 11.807193, 73, 519.77228, 77, 32.812500, 79, 1.2250546, 75, 49.943886, 66, 1.4353943,116,         4, 84, 3.8121033
5FC,2019/04/26 22:17:00, 50, 1773.4692, 13,       234, 49,        32, 56, 1.0976870, 74, 11.853862, 73, 519.71381, 77, 32.812500, 79, 1.2201934, 75, 49.994171, 66, 1.4381409,116,         4, 84, 3.8108826
5BC,2019/04/26 22:18:00, 50, 2030.1716, 13,       234, 49,        32, 56, 1.0976870, 74, 11.853862, 73, 519.77228, 77, 32.812500, 79, 1.2250546, 75, 49.994171, 66, 1.5127563,116,         4, 84, 3.8092041
58C,2019/04/26 22:19:00, 50, 2204.2412, 13,       234, 49,        32, 56, 1.0976870, 74, 11.853862, 73, 519.80151, 77, 32.843750, 79, 1.2201934, 75, 49.893616, 66, 1.5640259,116,         4, 84, 3.8093567
53C,2019/04/26 22:20:00, 50, 2168.8765, 13,       234, 49,        32, 56, 1.0976870, 74, 11.822749, 73, 519.80151, 77, 32.875000, 79, 1.2153320, 75, 49.994171, 66, 1.5151978,116,         4, 84, 3.8037109
58C,2019/04/26 22:21:00, 50, 1853.4268, 13,       234, 49,        32, 56, 1.0976870, 74, 11.853862, 73, 519.83075, 77, 32.875000, 79, 1.2104707, 75, 50.044472, 66, 1.4253235,116,         4, 84, 3.8021851
57C,2019/04/26 22:22:00, 50, 2063.8086, 13,       234, 49,        32, 56, 1.0976870, 74, 11.869418, 73, 519.83075, 77, 32.875000, 79, 1.2201934, 75, 50.044472, 66, 1.5303040,116,         4, 84, 3.8017273
55C,2019/04/26 22:23:00, 50, 1995.8196, 13,       234, 49,        32, 56, 1.0976870, 74, 11.853862, 73, 519.80151, 77, 32.906250, 79, 1.2250546, 75, 50.094795, 66, 1.4706421,116,         4, 84, 3.8002014
5EC,2019/04/26 22:24:00, 50, 1969.4529, 13,       235, 49,        32, 56, 1.0976870, 74, 11.838305, 73, 519.80151, 77, 32.906250, 79, 1.2201934, 75, 49.994171, 66, 1.4895630,116,         4, 84, 3.8151550
5CC,2019/04/26 22:25:00, 50, 2258.4111, 13,       236, 49,        32, 56, 1.0976870, 74, 11.838305, 73, 519.83075, 77, 32.906250, 79, 1.2056093, 75, 49.994171, 66, 1.5328979,116,         4, 84, 3.8452148
5FC,2019/04/26 22:26:00, 50, 2487.3203, 13,       236, 49,        32, 56, 1.0976870, 74, 11.869418, 73, 519.83075, 77, 32.906250, 79, 1.2201934, 75, 49.943886, 66, 1.5802002,116,         4, 84, 3.8462830
53C,2019/04/26 22:27:00, 50, 2522.3120, 13,       236, 49,        32, 56, 1.0976870, 74, 11.853862, 73, 519.80151, 77, 32.906250, 79, 1.2250546, 75, 50.044472, 66, 1.5827942,116,         4, 84, 3.8459778
59C,2019/04/26 22:28:00, 50, 2548.1831, 13,       236, 49,        32, 56, 1.0976870, 74, 11.822749, 73, 519.77228, 77, 32.906250, 79, 1.2201934, 75, 49.994171, 66, 1.5634155,116,         4, 84, 3.8439941
55C,2019/04/26 22:29:00, 50, 2566.8848, 13,       236, 49,        32, 56, 1.0976870, 74, 11.853862, 73, 519.74304, 77, 32.875000, 79, 1.2104707, 75, 49.994171, 66, 1.5982056,116,         4, 84, 3.8412476
5CC,2019/04/26 22:30:00, 50, 2578.3525, 13,       236, 49,        32, 56, 1.0976870, 74, 11.869418, 73, 519.77228, 77, 32.875000, 79, 1.2201934, 75, 49.994171, 66, 1.5975952,116,         4, 84, 3.8391113
5EC,2019/04/26 22:31:00, 50, 2583.4517, 13,       236, 49,        32, 56, 1.0976870, 74, 11.853862, 73, 519.77228, 77, 32.875000, 79, 1.2250546, 75, 49.994171, 66, 1.5728760,116,         4, 84, 3.8345337
56C,2019/04/26 22:32:00, 50, 2579.2812, 13,       236, 49,        32, 56, 1.0976870, 74, 11.822749, 73, 519.77228, 77, 32.875000, 79, 1.2250546, 75, 50.044472, 66, 1.5829468,116,         4, 84, 3.8311768
52C,2019/04/26 22:33:00, 50, 2572.1626, 13,       236, 49,        32, 56, 1.0976870, 74, 11.822749, 73, 519.77228, 77, 32.875000, 79, 1.2153320, 75, 49.994171, 66, 1.5620422,116,         4, 84, 3.8272095
5AC,2019/04/26 22:34:00, 50, 2567.4541, 13,       236, 49,        32, 56, 1.0976870, 74, 11.869418, 73, 519.83075, 77, 32.843750, 79, 1.2104707, 75, 49.994171, 66, 1.5711975,116,         4, 84, 3.8259888
55C,2019/04/26 22:35:00, 50, 2566.3306, 13,       236, 49,        32, 56, 1.0976870, 74, 11.853862, 73, 519.83075, 77, 32.812500, 79, 1.2299160, 75, 49.994171, 66, 1.5916443,116,         4, 84, 3.8246155
59C,2019/04/26 22:36:00, 50, 2565.1274, 13,       236, 49,        32, 56, 1.0976870, 74, 11.838305, 73, 519.80151, 77, 32.812500, 79, 1.2201934, 75, 49.943886, 66, 1.5830994,116,         4, 84, 3.8212585
56C,2019/04/26 22:37:00, 50, 2563.9722, 13,       236, 49,        32, 56, 1.0976870, 74, 11.853862, 73, 519.80151, 77, 32.812500, 79, 1.2250546, 75, 50.044472, 66, 1.5583801,116,         4, 84, 3.8204956
50C,2019/04/26 22:38:00, 50, 2559.6357, 13,       236, 49,        32, 56, 1.0976870, 74, 11.869418, 73, 519.80151, 77, 32.781250, 79, 1.2250546, 75, 49.994171, 66, 1.5669250,116,         4, 84, 3.8212585
5DC,2019/04/26 22:39:00, 50, 2550.0620, 13,       236, 49,        32, 56, 1.0976870, 74, 11.853862, 73, 519.77228, 77, 32.781250, 79, 1.2104707, 75, 49.994171, 66, 1.5534973,116,         4, 84, 3.8220215
52C,2019/04/26 22:40:00, 50, 2522.5972, 13,       236, 49,        32, 56, 1.0976870, 74, 11.822749, 73, 519.74304, 77, 32.781250, 79, 1.2250546, 75, 49.994171, 66, 1.5251160,116,         4, 84, 3.8224792
5DC,2019/04/26 22:41:00, 50, 2397.4824, 13,       236, 49,        32, 56, 1.0976870, 74, 11.822749, 73, 519.71381, 77, 32.781250, 79, 1.2201934, 75, 49.994171, 66, 1.5158081,116,         4, 84, 3.8226318
55C,2019/04/26 22:42:00, 50, 2360.5107, 13,       236, 49,        32, 56, 1.0976870, 74, 11.869418, 73, 519.77228, 77, 32.750000, 79, 1.2104707, 75, 49.994171, 66, 1.5180969,116,         4, 84, 3.8235474
55C,2019/04/26 22:43:00, 50, 2351.0015, 13,       236, 49,        32, 56, 1.0976870, 74, 11.853862, 73, 519.71381, 77, 32.781250, 79, 1.2201934, 75, 49.994171, 66, 1.5246582,116,         4, 84, 3.8224792
57C,2019/04/26 22:44:00, 50, 2343.3564, 13,       236, 49,        32, 56, 1.0976870, 74, 11.822749, 73, 519.74304, 77, 32.781250, 79, 1.2153320, 75, 49.943886, 66, 1.5112305,116,         4, 84, 3.8229370
56C,2019/04/26 22:45:00, 50, 2328.3281, 13,       236, 49,        32, 56, 1.0976870, 74, 11.853862, 73, 519.68457, 77, 32.750000, 79, 1.2153320, 75, 49.943886, 66, 1.5133667,116,         4, 84, 3.8209534
52C,2019/04/26 22:46:00, 50, 2310.2100, 13,       236, 49,        32, 56, 1.0976870, 74, 11.869418, 73, 519.68457, 77, 32.781250, 79, 1.2153320, 75, 49.994171, 66, 1.5103149,116,         4, 84, 3.8201904
5AC,2019/04/26 22:47:00, 50, 2294.7798, 13,       236, 49,        32, 56, 1.0976870, 74, 11.869418, 73, 519.65533, 77, 32.750000, 79, 1.2250546, 75, 49.994171, 66, 1.5017700,116,         4, 84, 3.8195801
58C,2019/04/26 22:48:00, 50, 2276.1519, 13,       236, 49,        32, 56, 1.0976870, 74, 11.838305, 73, 519.68457, 77, 32.750000, 79, 1.2299160, 75, 49.994171, 66, 1.4842224,116,         4, 84, 3.8188171
5CC,2019/04/26 22:49:00, 50, 2263.0562, 13,       236, 49,        32, 56, 1.0976870, 74, 11.838305, 73, 519.68457, 77, 32.718750, 79, 1.2153320, 75, 49.994171, 66, 1.4994812,116,         4, 84, 3.8183594
55C,2019/04/26 22:50:00, 50, 2250.2095, 13,       236, 49,        32, 56, 1.0976870, 74, 11.869418, 73, 519.68457, 77, 32.718750, 79, 1.2153320, 75, 50.044472, 66, 1.4712524,116,         4, 84, 3.8169861
59C,2019/04/26 22:51:00, 50, 2239.0298, 13,       236, 49,        32, 56, 1.0976870, 74, 11.869418, 73, 519.65533, 77, 32.718750, 79, 1.2299160, 75, 49.943886, 66, 1.4775085,116,         4, 84, 3.8174438
54C,2019/04/26 22:52:00, 50, 2226.3076, 13,       236, 49,        32, 56, 1.0976870, 74, 11.838305, 73, 519.68457, 77, 32.687500, 79, 1.2153320, 75, 49.994171, 66, 1.4837646,116,         4, 84, 3.8151550
58C,2019/04/26 22:53:00, 50, 2219.1182, 13,       236, 49,        32, 56, 1.0976870, 74, 11.838305, 73, 519.68457, 77, 32.687500, 79, 1.2201934, 75, 49.994171, 66, 1.4826965,116,         4, 84, 3.8148499
52C,2019/04/26 22:54:00, 50, 2212.6763, 13,       236, 49,        32, 56, 1.0976870, 74, 11.869418, 73, 519.68457, 77, 32.718750, 79, 1.2299160, 75, 49.994171, 66, 1.4556885,116,         4, 84, 3.8130188
57C,2019/04/26 22:55:00, 50, 2197.8335, 13,       236, 49,        32, 56, 1.0976870, 74, 11.869418, 73, 519.71381, 77, 32.687500, 79, 1.2153320, 75, 50.044472, 66, 1.4512634,116,         4, 84, 3.8128662
5EC,2019/04/26 22:56:00, 50, 2143.5981, 13,       236, 49,        32, 56, 1.0976870, 74, 11.853862, 73, 519.65533, 77, 32.687500, 79, 1.2201934, 75, 49.994171, 66, 1.4460754,116,         4, 84, 3.8116455
53C,2019/04/26 22:57:00, 50, 2088.6221, 13,       236, 49,        32, 56, 1.0976870, 74, 11.838305, 73, 519.71381, 77, 32.687500, 79, 1.2201934, 75, 49.994171, 66, 1.4254761,116,         4, 84, 3.8085937
54C,2019/04/26 22:58:00, 50, 2078.8623, 13,       236, 49,        32, 56, 1.0976870, 74, 11.869418, 73, 519.71381, 77, 32.718750, 79, 1.2299160, 75, 49.994171, 66, 1.4497375,116,         4, 84, 3.8085937
53C,2019/04/26 22:59:00, 50, 2072.6670, 13,       236, 49,        32, 56, 1.0976870, 74, 11.869418, 73, 519.68457, 77, 32.718750, 79, 1.2153320, 75, 49.994171, 66, 1.4390564,116,         4, 84, 3.8064575
5BC,2019/04/26 23:00:00, 50, 2061.8394, 13,       236, 49,        32, 56, 1.0976870, 74, 11.838305, 73, 519.68457, 77, 32.718750, 79, 1.2201934, 75, 50.044472, 66, 1.4356995,116,         4, 84, 3.8032532
53C,2019/04/26 23:01:00, 50, 2051.2246, 13,       236, 49,        32, 56, 1.0976870, 74, 11.822749, 73, 519.71381, 77, 32.687500, 79, 1.2104707, 75, 49.994171, 66, 1.4340210,116,         4, 84, 3.8038635
5DC,2019/04/26 23:02:00, 50, 2047.2507, 13,       236, 49,        32, 56, 1.0976870, 74, 11.869418, 73, 519.71381, 77, 32.718750, 79, 1.2153320, 75, 49.994171, 66, 1.4323425,116,         4, 84, 3.8027954
56C,2019/04/26 23:03:00, 50, 2043.7461, 13,       236, 49,        32, 56, 1.0976870, 74, 11.853862, 73, 519.71381, 77, 32.750000, 79, 1.2056093, 75, 49.994171, 66, 1.4202881,116,         4, 84, 3.8011169
5CC,2019/04/26 23:04:00, 50, 2038.6797, 13,       237, 49,        32, 56, 1.0976870, 74, 11.838305, 73, 519.74304, 77, 32.750000, 79, 1.2104707, 75, 49.994171, 66, 1.4329529,116,         4, 84, 3.8163757
5AC,2019/04/26 23:05:00, 50, 2037.4395, 13,       237, 49,        32, 56, 1.0976870, 74, 11.838305, 73, 519.74304, 77, 32.750000, 79, 1.2201934, 75, 50.044472, 66, 1.4286804,116,         4, 84, 3.8148499
59C,2019/04/26 23:06:00, 50, 2037.1116, 13,       237, 49,        32, 56, 1.0976870, 74, 11.869418, 73, 519.68457, 77, 32.750000, 79, 1.2153320, 75, 49.994171, 66, 1.4369202,116,         4, 84, 3.8137817
55C,2019/04/26 23:07:00, 50, 2037.3848, 13,       237, 49,        32, 56, 1.0976870, 74, 11.853862, 73, 519.68457, 77, 32.781250, 79, 1.2153320, 75, 50.044472, 66, 1.4251709,116,         4, 84, 3.8104248
55C,2019/04/26 23:08:00, 50, 2037.7590, 13,       237, 49,        32, 56, 1.0976870, 74, 11.822749, 73, 519.71381, 77, 32.781250, 79, 1.2153320, 75, 49.943886, 66, 1.4320374,116,         4, 84, 3.8110352
53C,2019/04/26 23:09:00, 50, 2039.4673, 13,       237, 49,        32, 56, 1.0976870, 74, 11.838305, 73, 519.68457, 77, 32.781250, 79, 1.2250546, 75, 50.044472, 66, 1.4341736,116,         4, 84, 3.8099670
52C,2019/04/26 23:10:00, 50, 2040.7627, 13,       237, 49,        32, 56, 1.0976870, 74, 11.853862, 73, 519.71381, 77, 32.750000, 79, 1.2299160, 75, 49.994171, 66, 1.4326477,116,         4, 84, 3.8102722
53C,2019/04/26 23:11:00, 50, 2040.7366, 13,       237, 49,        32, 56, 1.0976870, 74, 11.853862, 73, 519.71381, 77, 32.750000, 79, 1.2201934, 75, 49.994171, 66, 1.4381409,116,         4, 84, 3.8090515
5CC,2019/04/26 23:12:00, 50, 2038.5957, 13,       237, 49,        32, 56, 1.0976870, 74, 11.838305, 73, 519.74304, 77, 32.750000, 79, 1.2201934, 75, 49.994171, 66, 1.4154053,116,         4, 84, 3.8070679
5DC,2019/04/26 23:13:00, 50, 2036.6216, 13,       237, 49,        32, 56, 1.0976870, 74, 11.822749, 73, 519.74304, 77, 32.781250, 79, 1.2153320, 75, 49.994171, 66, 1.4163208,116,         4, 84, 3.8053894
5FC,2019/04/26 23:14:00, 50, 2032.5547, 13,       237, 49,        32, 56, 1.0976870, 74, 11.853862, 73, 519.77228, 77, 32.812500, 79, 1.2201934, 75, 50.044472, 66, 1.4378357,116,         4, 84, 3.8050842
5BC,2019/04/26 23:15:00, 50, 2027.7441, 13,       237, 49,        32, 56, 1.0976870, 74, 11.869418, 73, 519.74304, 77, 32.781250, 79, 1.2299160, 75, 49.994171, 66, 1.4195251,116,         4, 84, 3.8035583
5CC,2019/04/26 23:16:00, 50, 2019.9973, 13,       237, 49,        32, 56, 1.0976870, 74, 11.838305, 73, 519.77228, 77, 32.781250, 79, 1.2201934, 75, 49.994171, 66, 1.4163208,116,         4, 84, 3.8027954
5FC,2019/04/26 23:17:00, 50, 2106.6401, 13,       239, 49,        32, 56, 1.0976870, 74, 11.822749, 73, 519.80151, 77, 32.812500, 79, 1.2056093, 75, 49.994171, 66, 1.4596558,116,         4, 84, 3.8357544
5AC,2019/04/26 23:18:00, 50, 2129.1548, 13,       239, 49,        32, 56, 1.0976870, 74, 11.869418, 73, 519.77228, 77, 32.781250, 79, 1.2347773, 75, 49.994171, 66, 1.4787292,116,         4, 84, 3.8328552
50C,2019/04/26 23:19:00, 50, 2142.2275, 13,       239, 49,        32, 56, 1.0976870, 74, 11.853862, 73, 519.71381, 77, 32.781250, 79, 1.2250546, 75, 49.994171, 66, 1.4840698,116,         4, 84, 3.8305664
52C,2019/04/26 23:20:00, 50, 2180.1362, 13,       239, 49,        32, 56, 1.0976870, 74, 11.853862, 73, 519.71381, 77, 32.781250, 79, 1.2153320, 75, 50.044472, 66, 1.4848328,116,         4, 84, 3.8290405
5EC,2019/04/26 23:21:00, 50, 2206.9722, 13,       239, 49,        32, 56, 1.0976870, 74, 11.822749, 73, 519.71381, 77, 32.781250, 79, 1.2201934, 75, 49.994171, 66, 1.5003967,116,         4, 84, 3.8261414
59C,2019/04/26 23:22:00, 50, 2266.1289, 13,       239, 49,        32, 56, 1.0976870, 74, 11.884974, 73, 519.68457, 77, 32.750000, 79, 1.2201934, 75, 49.994171, 66, 1.5046692,116,         4, 84, 3.8229370
57C,2019/04/26 23:23:00, 50, 2282.1304, 13,       239, 49,        32, 56, 1.0976870, 74, 11.869418, 73, 519.71381, 77, 32.781250, 79, 1.2250546, 75, 49.994171, 66, 1.5159607,116,         4, 84, 3.8212585
53C,2019/04/26 23:24:00, 50, 2310.5591, 13,       239, 49,        32, 56, 1.0976870, 74, 11.838305, 73, 519.68457, 77, 32.781250, 79, 1.2104707, 75, 49.994171, 66, 1.5061951,116,         4, 84, 3.8188171
5FC,2019/04/26 23:25:00, 50, 2337.6924, 13,       239, 49,        32, 56, 1.0976870, 74, 11.838305, 73, 519.68457, 77, 32.781250, 79, 1.2153320, 75, 49.994171, 66, 1.5222168,116,         4, 84, 3.8165283
55C,2019/04/26 23:26:00, 50, 2375.6152, 13,       239, 49,        32, 56, 1.0976870, 74, 11.869418, 73, 519.68457, 77, 32.781250, 79, 1.2250546, 75, 50.044472, 66, 1.5325928,116,         4, 84, 3.8154602
50C,2019/04/26 23:27:00, 50, 2449.6221, 13,       239, 49,        32, 56, 1.0976870, 74, 11.869418, 73, 519.65533, 77, 32.750000, 79, 1.2201934, 75, 50.044472, 66, 1.5469360,116,         4, 84, 3.8146973
52C,2019/04/26 23:28:00, 50, 2586.4751, 13,       239, 49,        32, 56, 1.0976870, 74, 11.838305, 73, 519.65533, 77, 32.781250, 79, 1.2153320, 75, 49.994171, 66, 1.5983582,116,         4, 84, 3.8133240
57C,2019/04/26 23:29:00, 50, 2712.2271, 13,       239, 49,        32, 56, 1.0976870, 74, 11.838305, 73, 519.65533, 77, 32.812500, 79, 1.2153320, 75, 49.943886, 66, 1.6186523,116,         4, 84, 3.8110352
5DC,2019/04/26 23:30:00, 50, 2691.1606, 13,       239, 49,        32, 56, 1.0976870, 74, 11.869418, 73, 519.62610, 77, 32.781250, 79, 1.2201934, 75, 49.994171, 66, 1.6026306,116,         4, 84, 3.8082886
57C,2019/04/26 23:31:00, 50, 2708.1812, 13,       239, 49,        32, 56, 1.0976870, 74, 11.853862, 73, 519.62610, 77, 32.781250, 79, 1.2250546, 75, 49.994171, 66, 1.6142273,116,         4, 84, 3.8088989
55C,2019/04/26 23:32:00, 50, 2807.0034, 13,       239, 49,        32, 56, 1.0976870, 74, 11.853862, 73, 519.62610, 77, 32.812500, 79, 1.2201934, 75, 49.994171, 66, 1.6355896,116,         4, 84, 3.8084412
50C,2019/04/26 23:33:00, 50, 2758.7935, 13,       239, 49,        32, 56, 1.0976870, 74, 11.822749, 73, 519.59686, 77, 32.812500, 79, 1.2153320, 75, 49.994171, 66, 1.6152954,116,         4, 84, 3.8061523
59C,2019/04/26 23:34:00, 50, 2704.5366, 13,       239, 49,        32, 56, 1.0976870, 74, 11.869418, 73, 519.62610, 77, 32.781250, 79, 1.2347773, 75, 50.044472, 66, 1.5777588,116,         4, 84, 3.8040161
5EC,2019/04/26 23:35:00, 50, 2588.7705, 13,       239, 49,        32, 56, 1.0976870, 74, 11.869418, 73, 519.62610, 77, 32.781250, 79, 1.2056093, 75, 49.994171, 66, 1.5689087,116,         4, 84, 3.8038635
5EC,2019/04/26 23:36:00, 50, 2522.3379, 13,       239, 49,        32, 56, 1.0976870, 74, 11.838305, 73, 519.56763, 77, 32.781250, 79, 1.2250546, 75, 49.994171, 66, 1.5461731,116,         4, 84, 3.8012695
56C,2019/04/26 23:37:00, 50, 2497.3491, 13,       239, 49,        32, 56, 1.0976870, 74, 11.838305, 73, 519.59686, 77, 32.750000, 79, 1.2299160, 75, 49.994171, 66, 1.5475464,116,         4, 84, 3.8023376
57C,2019/04/26 23:38:00, 50, 2494.1367, 13,       240, 49,        32, 56, 1.0976870, 74, 11.869418, 73, 519.56763, 77, 32.812500, 79, 1.2250546, 75, 49.994171, 66, 1.5473938,116,         4, 84, 3.8136292
5EC,2019/04/26 23:39:00, 50, 2487.7847, 13,       240, 49,        32, 56, 1.0976870, 74, 11.869418, 73, 519.53833, 77, 32.781250, 79, 1.2299160, 75, 49.994171, 66, 1.5605164,116,         4, 84, 3.8133240
5CC,2019/04/26 23:40:00, 50, 2473.4771, 13,       240, 49,        32, 56, 1.0976870, 74, 11.853862, 73, 519.53833, 77, 32.781250, 79, 1.2299160, 75, 49.994171, 66, 1.5408325,116,         4, 84, 3.8128662
5EC,2019/04/26 23:41:00, 50, 2470.4619, 13,       240, 49,        32, 56, 1.0976870, 74, 11.838305, 73, 519.56763, 77, 32.812500, 79, 1.2201934, 75, 49.994171, 66, 1.5554810,116,         4, 84, 3.8113403
5CC,2019/04/26 23:42:00, 50, 2480.6021, 13,       240, 49,        32, 56, 1.0976870, 74, 11.853862, 73, 519.53833, 77, 32.812500, 79, 1.2250546, 75, 50.044472, 66, 1.5457153,116,         4, 84, 3.8095093
5FC,2019/04/26 23:43:00, 50, 2480.7090, 13,       240, 49,        32, 56, 1.0976870, 74, 11.838305, 73, 519.50909, 77, 32.812500, 79, 1.2104707, 75, 49.994171, 66, 1.5440369,116,         4, 84, 3.8099670
5BC,2019/04/26 23:44:00, 50, 2470.4473, 13,       240, 49,        32, 56, 1.0976870, 74, 11.853862, 73, 519.50909, 77, 32.812500, 79, 1.2250546, 75, 50.044472, 66, 1.5248108,116,         4, 84, 3.8078308
55C,2019/04/26 23:45:00, 50, 2466.1099, 13,       240, 49,        32, 56, 1.0976870, 74, 11.822749, 73, 519.47986, 77, 32.843750, 79, 1.2250546, 75, 49.994171, 66, 1.5589905,116,         4, 84, 3.8093567
57C,2019/04/26 23:46:00, 50, 2503.2080, 13,       240, 49,        32, 56, 1.0976870, 74, 11.838305, 73, 519.45062, 77, 32.812500, 79, 1.2104707, 75, 49.943886, 66, 1.5794373,116,         4, 84, 3.8088989
5AC,2019/04/26 23:47:00, 50, 2651.6440, 13,       240, 49,        32, 56, 1.0976870, 74, 11.853862, 73, 519.45062, 77, 32.812500, 79, 1.2299160, 75, 50.044472, 66, 1.5948486,116,         4, 84, 3.8063049
5CC,2019/04/26 23:48:00, 50, 2650.4556, 13,       240, 49,        32, 56, 1.0976870, 74, 11.822749, 73, 519.45062, 77, 32.812500, 79, 1.2250546, 75, 49.994171, 66, 1.5744019,116,         4, 84, 3.8038635
5AC,2019/04/26 23:49:00, 50, 2648.2202, 13,       240, 49,        32, 56, 1.0976870, 74, 11.838305, 73, 519.45062, 77, 32.812500, 79, 1.2153320, 75, 49.994171, 66, 1.6105652,116,         4, 84, 3.8027954
5BC,2019/04/26 23:50:00, 50, 2722.7163, 13,       240, 49,        32, 56, 1.0976870, 74, 11.869418, 73, 519.42139, 77, 32.843750, 79, 1.2201934, 75, 49.943886, 66, 1.6195679,116,         4, 84, 3.8037109
52C,2019/04/26 23:51:00, 50, 2722.7163, 13,       240, 49,        32, 56, 1.0976870, 74, 11.853862, 73, 519.45062, 77, 32.781250, 79, 1.2201934, 75, 49.994171, 66, 1.6200256,116,         4, 84, 3.8044739
58C,2019/04/26 23:52:00, 50, 2722.7163, 13,       240, 49,        32, 56, 1.0976870, 74, 11.822749, 73, 519.45062, 77, 32.781250, 79, 1.2201934, 75, 49.994171, 66, 1.5957642,116,         4, 84, 3.8070679
5EC,2019/04/26 23:53:00, 50, 2722.7163, 13,       240, 49,        32, 56, 1.0976870, 74, 11.822749, 73, 519.42139, 77, 32.812500, 79, 1.2201934, 75, 49.943886, 66, 1.5580750,116,         4, 84, 3.8056946
57C,2019/04/26 23:54:00, 50, 2722.7163, 13,       240, 49,        32, 56, 1.0976870, 74, 11.869418, 73, 519.39215, 77, 32.781250, 79, 1.2153320, 75, 49.994171, 66, 1.5516663,116,         4, 84, 3.8055420
57C,2019/04/26 23:55:00, 50, 2722.7163, 13,       240, 49,        32, 56, 1.0976870, 74, 11.869418, 73, 519.36292, 77, 32.781250, 79, 1.2250546, 75, 49.994171, 66, 1.5267944,116,         4, 84, 3.8052368
5BC,2019/04/26 23:56:00, 50, 2722.7163, 13,       240, 49,        32, 56, 1.0976870, 74, 11.869418, 73, 519.39215, 77, 32.781250, 79, 1.2250546, 75, 49.994171, 66, 1.5119934,116,         4, 84, 3.8056946
5DC,2019/04/26 23:57:00, 50, 2556.6621, 13,       240, 49,        32, 56, 1.0976870, 74, 11.838305, 73, 519.36292, 77, 32.812500, 79, 1.2153320, 75, 50.044472, 66, 1.5258789,116,         4, 84, 3.8031006
59C,2019/04/26 23:58:00, 50, 13.663126, 13,       240, 49,        32, 56, 1.0976870, 74, 11.869418, 73, 519.36292, 77, 32.781250, 79, 1.2201934, 75, 49.994171, 66, 1.5330505,116,         4, 84, 3.8041687
56C,2019/04/26 23:59:00, 50, 38.313843, 13,       240, 49,        32, 56, 1.0976870, 74, 11.853862, 73, 519.36292, 77, 32.781250, 79, 1.2250546, 75, 49.994171, 66, 1.5402222,116,         4, 84, 3.8040161
