55C,2019/01/28 00:07:00, 50, 0.0000000, 49,         4, 44,       255, 45,         0, 56, 34.311562, 64, 35.058594, 67, 712.18445, 72, 266.70880, 77, 22.218750, 83,     33537,110,        29,116,         4
5AC,2019/01/28 18:34:00, 50, 0.0000000, 49,         4, 44,       255, 45,         0, 56, 34.311562, 64, 34.976196, 67, 712.18445, 72, 266.65234, 77, 22.281250, 83,     33537,110,        29,116,         4
53C,2019/01/28 18:35:00, 50, 0.0000000, 49,         4, 44,       255, 45,         0, 56, 34.311562, 64, 35.128784, 67, 712.18445, 72, 266.19180, 77, 22.562500, 83,     33537,110,        29,116,         4
54C,2019/01/28 18:36:00, 50, 0.0000000, 49,         4, 44,       255, 45,         0, 56, 34.311562, 64, 35.272217, 67, 713.53430, 72, 265.93768, 77, 22.812500, 83,     33537,110,        29,116,         4
46C,2019/01/28 18:37:00, 50, 0.0000000, 49,        32, 44,       255, 45,       230, 56, 34.311562, 64, 35.180664, 67, 713.53430, 72, 265.68857, 77, 23.062500, 83,     33537,110,        29,116,         4
45C,2019/01/28 18:38:00, 50, 0.0000000, 49,        64, 44,       255, 45,       170, 56, 34.311562, 64, 35.302734, 67, 713.53430, 72, 265.46539, 77, 23.281250, 83,     33537,110,        29,116,         4
4AC,2019/01/28 18:39:00, 50, 0.0000000, 49,       128, 44,       255, 45,       124, 56, 34.311562, 64, 35.348511, 67, 713.53430, 72, 265.24689, 77, 23.531250, 83,     33540,110,         6,116,         4
48C,2019/01/28 18:40:00, 50, 0.0000000, 49,       128, 44,       255, 45,       124, 56, 34.311562, 64, 35.052490, 67, 713.53430, 72, 265.24689, 77, 23.687500, 83,     33540,110,         6,116,         4
45C,2019/01/28 18:41:00, 50, 0.0000000, 49,       128, 44,       255, 45,       124, 56, 34.311562, 64, 35.098267, 67, 713.53430, 72, 265.24689, 77, 23.937500, 83,     33540,110,         6,116,         4
4CC,2019/01/28 18:42:00, 50, 0.0000000, 49,       128, 44,       138, 45,       124, 56, 34.311562, 64, 35.198975, 67, 713.53430, 72, 265.24689, 77, 24.187500, 83,     33284,110,         6,116,         4
55C,2019/01/28 18:43:00, 50, 0.0000000, 49,       128, 44,        98, 45,       124, 56, 34.311562, 64, 35.153198, 67, 713.53430, 72, 265.24689, 77, 24.406250, 83,     33284,110,         7,116,         4
57C,2019/01/28 18:44:00, 50, 0.0000000, 49,       128, 44,        95, 45,       124, 56, 34.311562, 64, 35.067749, 67, 713.53430, 72, 265.24689, 77, 24.625000, 83,     33284,110,         7,116,         4
56C,2019/01/28 18:45:00, 50, 0.0000000, 49,       128, 44,        95, 45,       124, 56, 34.311562, 64, 35.043335, 67, 713.53430, 72, 265.24689, 77, 24.906250, 83,     33284,110,         7,116,         4
50C,2019/01/28 18:46:00, 50, 0.0000000, 49,       128, 44,        95, 45,       124, 56, 34.311562, 64, 35.086060, 67, 713.53430, 72, 265.24689, 77, 25.125000, 83,     33284,110,         7,116,         4
5BC,2019/01/28 18:47:00, 50, 0.0000000, 49,       128, 44,        95, 45,       124, 56, 34.311562, 64, 35.156250, 67, 713.53430, 72, 265.24689, 77, 25.375000, 83,     33284,110,         7,116,         4
5BC,2019/01/28 18:48:00, 50, 0.0000000, 49,       128, 44,        95, 45,       124, 56, 34.311562, 64, 35.195923, 67, 713.53430, 72, 265.24689, 77, 25.593750, 83,     33280,110,         0,116,         4
52C,2019/01/28 18:49:00, 50, 0.0000000, 49,       128, 44,        95, 45,       124, 56, 34.311562, 64, 35.180664, 67, 713.53430, 72, 265.24689, 77, 25.843750, 83,     33280,110,         0,116,         4
52C,2019/01/28 18:50:00, 50, 0.0000000, 49,       128, 44,        95, 45,       124, 56, 34.311562, 64, 35.128784, 67, 713.53430, 72, 265.24689, 77, 26.062500, 83,         0,110,         0,116,         4
5FC,2019/01/28 18:51:00, 50,-24.464096, 49,       128, 44,        95, 45,       124, 56, 34.311562, 64, 35.076904, 67, 713.53430, 72, 265.30234, 77, 26.312500, 83,         0,110,         1,116,         4
56C,2019/01/28 18:52:00, 50,-3.9702644, 49,       128, 44,        95, 45,       124, 56, 34.311562, 64, 35.049438, 67, 713.53430, 72, 266.32205, 77, 26.562500, 83,         0,110,         1,116,         4
50C,2019/01/28 18:53:00, 50, 5.0498648, 49,       128, 44,        95, 45,       124, 56, 34.311562, 64, 35.040283, 67, 713.53430, 72, 266.43039, 77, 26.781250, 83,         0,110,         1,116,         4
54C,2019/01/28 18:54:00, 50, 3.0330639, 49,       128, 44,        95, 45,       124, 56, 34.311562, 64, 35.034180, 67, 713.53430, 72, 266.82468, 77, 27.000000, 83,         0,110,         1,116,         4
5BC,2019/01/28 18:55:00, 50, 2.9963756, 49,       128, 44,        95, 45,       124, 56, 34.311562, 64, 35.031128, 67, 713.53430, 72, 266.99084, 77, 27.218750, 83,         0,110,         1,116,         4
55C,2019/01/28 18:56:00, 50, 4.7876186, 49,       128, 44,        95, 45,       124, 56, 34.311562, 64, 35.186768, 67, 713.53430, 72, 267.14490, 77, 27.468750, 83,         0,110,         1,116,         4
59C,2019/01/28 18:57:00, 50,-3.3365169, 49,       128, 44,        95, 45,       124, 56, 34.311562, 64, 35.183716, 67, 713.53430, 72, 267.54138, 77, 27.687500, 83,         0,110,         1,116,         4
5CC,2019/01/28 18:58:00, 50,-6.0202694, 49,       128, 44,        95, 45,       124, 56, 34.311562, 64, 35.168457, 67, 713.53430, 72, 267.94901, 77, 27.906250, 83,         0,110,         1,116,         4
57C,2019/01/28 18:59:00, 50,-2.1620979, 49,       128, 44,        95, 45,       124, 56, 34.311562, 64, 35.150146, 67, 713.53430, 72, 268.53986, 77, 28.156250, 83,         0,110,         1,116,         4
51C,2019/01/28 19:00:00, 50, 6.5063028, 49,       128, 44,        95, 45,       124, 56, 34.311562, 64, 35.107422, 67, 712.18445, 72, 268.86697, 77, 28.375000, 83,         0,110,         1,116,         4
52C,2019/01/28 19:01:00, 50, 12.646835, 49,       128, 44,        95, 45,       124, 56, 34.311562, 64, 35.061646, 67, 712.18445, 72, 269.22742, 77, 28.625000, 83,         0,110,         1,116,         4
56C,2019/01/28 19:02:00, 50, 10.971468, 49,       128, 44,        95, 45,       124, 56, 34.311562, 64, 35.025024, 67, 712.18445, 72, 269.51266, 77, 28.812500, 83,         0,110,         1,116,         4
5EC,2019/01/28 19:03:00, 50, 10.928991, 49,       128, 44,        95, 45,       124, 56, 34.311562, 64, 35.055542, 67, 712.18445, 72, 269.87323, 77, 29.093750, 83,         0,110,         1,116,         4
57C,2019/01/28 19:04:00, 50, 10.078442, 49,       128, 44,        95, 45,       124, 56, 34.311562, 64, 35.137939, 67, 712.18445, 72, 270.27423, 77, 29.218750, 83,         0,110,         1,116,         4
5BC,2019/01/28 19:05:00, 50, 8.6872501, 49,       128, 44,        95, 45,       124, 56, 34.311562, 64, 35.177612, 67, 712.18445, 72, 270.36041, 77, 29.593750, 83,         0,110,         1,116,         4
55C,2019/01/28 19:06:00, 50, 8.7096920, 49,       128, 44,        95, 45,       124, 56, 34.311562, 64, 35.104370, 67, 712.18445, 72, 270.56363, 77, 29.718750, 83,         0,110,         1,116,         4
5FC,2019/01/28 19:07:00, 50, 6.5786867, 49,       128, 44,        95, 45,       124, 56, 34.311562, 64, 35.018921, 67, 712.18445, 72, 270.66031, 77, 29.875000, 83,         0,110,         1,116,         4
53C,2019/01/28 19:08:00, 50, 5.3157225, 49,       128, 44,        95, 45,       124, 56, 34.311562, 64, 35.092163, 67, 712.18445, 72, 270.58145, 77, 30.062500, 83,         0,110,         1,116,         4
5BC,2019/01/28 19:09:00, 50, 5.2583351, 49,       128, 44,        95, 45,       124, 56, 34.311562, 64, 35.162354, 67, 712.18445, 72, 270.94559, 77, 30.250000, 83,         0,110,         1,116,         4
57C,2019/01/28 19:10:00, 50, 5.8198614, 49,       128, 44,        95, 45,       124, 56, 34.311562, 64, 35.055542, 67, 712.18445, 72, 271.03015, 77, 30.437500, 83,         0,110,         1,116,         4
5CC,2019/01/28 19:11:00, 50, 5.6671028, 49,       128, 44,        95, 45,       124, 56, 34.311562, 64, 35.043335, 67, 712.18445, 72, 271.21628, 77, 30.625000, 83,         0,110,         1,116,         4
50C,2019/01/28 19:12:00, 50, 4.9725857, 49,       128, 44,        95, 45,       124, 56, 34.311562, 64, 35.165405, 67, 712.18445, 72, 271.44421, 77, 30.781250, 83,         0,110,         1,116,         4
50C,2019/01/28 19:13:00, 50, 6.0606508, 49,       128, 44,        95, 45,       124, 56, 34.311562, 64, 35.070801, 67, 712.18445, 72, 271.70950, 77, 30.968750, 83,         0,110,         1,116,         4
5BC,2019/01/28 19:14:00, 50, 2.4871068, 49,       128, 44,        95, 45,       124, 56, 34.311562, 64, 35.034180, 67, 712.18445, 72, 271.58353, 77, 31.125000, 83,         0,110,         1,116,         4
55C,2019/01/28 19:15:00, 50, 1.5085685, 49,       128, 44,        95, 45,       124, 56, 34.311562, 64, 35.165405, 67, 712.18445, 72, 271.68381, 77, 31.281250, 83,         0,110,         1,116,         4
52C,2019/01/28 19:16:00, 50, 0.7714704, 49,       128, 44,        95, 45,       124, 56, 34.311562, 64, 35.031128, 67, 712.18445, 72, 271.74051, 77, 31.437500, 83,         0,110,         1,116,         4
54C,2019/01/28 19:17:00, 50, 3.4087992, 49,       128, 44,        95, 45,       124, 56, 34.311562, 64, 35.131836, 67, 712.18445, 72, 271.82687, 77, 31.593750, 83,         0,110,         1,116,         4
56C,2019/01/28 19:18:00, 50, 2.6617923, 49,       128, 44,        95, 45,       124, 56, 34.311562, 64, 34.991455, 67, 712.18445, 72, 272.14874, 77, 31.750000, 83,         0,110,         1,116,         4
57C,2019/01/28 19:19:00, 50, 4.0857430, 49,       128, 44,        95, 45,       124, 56, 34.311562, 64, 35.198975, 67, 712.18445, 72, 272.67078, 77, 31.906250, 83,         0,110,         1,116,         4
55C,2019/01/28 19:20:00, 50, 9.4066315, 49,       128, 44,        95, 45,       124, 56, 34.311562, 64, 34.963989, 67, 712.18445, 72, 272.44498, 77, 32.031250, 83,         0,110,         1,116,         4
54C,2019/01/28 19:21:00, 50, 9.4333000, 49,       128, 44,        95, 45,       124, 56, 34.311562, 64, 34.967041, 67, 712.18445, 72, 272.58759, 77, 32.187500, 83,         0,110,         1,116,         4
54C,2019/01/28 19:22:00, 50, 9.7357960, 49,       128, 44,        95, 45,       124, 56, 34.311562, 64, 35.183716, 67, 712.18445, 72, 272.83228, 77, 32.312500, 83,         0,110,         1,116,         4
58C,2019/01/28 19:23:00, 50, 7.5472641, 49,       128, 44,        95, 45,       124, 56, 34.311562, 64, 34.976196, 67, 712.18445, 72, 272.76398, 77, 32.437500, 83,         0,110,         1,116,         4
5EC,2019/01/28 19:24:00, 50, 7.7146664, 49,       128, 44,        95, 45,       124, 56, 34.311562, 64, 35.165405, 67, 712.18445, 72, 272.80594, 77, 32.562500, 83,         0,110,         1,116,         4
54C,2019/01/28 19:25:00, 50, 8.2392750, 49,       128, 44,        95, 45,       124, 56, 34.311562, 64, 34.976196, 67, 712.18445, 72, 272.99734, 77, 32.718750, 83,         0,110,         1,116,         4
5DC,2019/01/28 19:26:00, 50, 6.4394093, 49,       128, 44,        95, 45,       124, 56, 34.311562, 64, 34.963989, 67, 712.18445, 72, 272.84470, 77, 32.843750, 83,         0,110,         1,116,         4
5DC,2019/01/28 19:27:00, 50, 6.0849619, 49,       128, 44,        95, 45,       124, 56, 34.311562, 64, 35.189819, 67, 712.18445, 72, 273.10080, 77, 32.968750, 83,         0,110,         1,116,         4
53C,2019/01/28 19:28:00, 50, 7.3178034, 49,       128, 44,        95, 45,       124, 56, 34.311562, 64, 34.957886, 67, 712.18445, 72, 273.26950, 77, 33.093750, 83,         0,110,         1,116,         4
5DC,2019/01/28 19:29:00, 50, 8.3712406, 49,       128, 44,        95, 45,       124, 56, 34.311562, 64, 35.168457, 67, 712.18445, 72, 273.24173, 77, 33.218750, 83,         0,110,         1,116,         4
5FC,2019/01/28 19:30:00, 50, 7.8045359, 49,       128, 44,        95, 45,       124, 56, 34.311562, 64, 35.003662, 67, 712.18445, 72, 273.50620, 77, 33.312500, 83,         0,110,         1,116,         4
51C,2019/01/28 19:31:00, 50, 6.7669182, 49,       128, 44,        95, 45,       124, 56, 34.311562, 64, 35.055542, 67, 712.18445, 72, 273.85196, 77, 33.468750, 83,         0,110,         1,116,         4
5CC,2019/01/28 19:32:00, 50, 6.0300417, 49,       128, 44,        95, 45,       124, 56, 34.311562, 64, 35.150146, 67, 712.18445, 72, 274.02481, 77, 33.593750, 83,         0,110,         1,116,         4
58C,2019/01/28 19:33:00, 50, 8.0564346, 49,       128, 44,        95, 45,       124, 56, 34.311562, 64, 34.948730, 67, 712.18445, 72, 274.15265, 77, 33.687500, 83,         0,110,         1,116,         4
57C,2019/01/28 19:34:00, 50, 9.5202999, 49,       128, 44,        95, 45,       124, 56, 34.311562, 64, 35.147095, 67, 712.18445, 72, 274.27429, 77, 33.812500, 83,         0,110,         1,116,         4
55C,2019/01/28 19:35:00, 50, 9.9362526, 49,       128, 44,        95, 45,       124, 56, 34.311562, 64, 35.076904, 67, 712.18445, 72, 274.23483, 77, 33.906250, 83,         0,110,         1,116,         4
50C,2019/01/28 19:36:00, 50, 9.5455341, 49,       128, 44,        95, 45,       124, 56, 34.311562, 64, 34.957886, 67, 712.18445, 72, 274.20609, 77, 33.968750, 83,         0,110,         1,116,         4
5BC,2019/01/28 19:37:00, 50, 9.9698391, 49,       128, 44,        95, 45,       124, 56, 34.311562, 64, 35.159302, 67, 712.18445, 72, 274.32916, 77, 34.093750, 83,         0,110,         1,116,         4
52C,2019/01/28 19:38:00, 50, 10.184708, 49,       128, 44,        95, 45,       124, 56, 34.311562, 64, 35.086060, 67, 712.18445, 72, 274.48535, 77, 34.156250, 83,         0,110,         1,116,         4
5EC,2019/01/28 19:39:00, 50, 9.9805737, 49,       128, 44,        95, 45,       124, 56, 34.311562, 64, 34.942627, 67, 712.18445, 72, 274.58856, 77, 34.218750, 83,         0,110,         1,116,         4
5EC,2019/01/28 19:40:00, 50, 9.1705914, 49,       128, 44,        95, 45,       124, 56, 34.311562, 64, 35.089111, 67, 712.18445, 72, 274.57312, 77, 34.343750, 83,         0,110,         1,116,         4
52C,2019/01/28 19:41:00, 50, 9.5886459, 49,       128, 44,        95, 45,       124, 56, 34.311562, 64, 35.165405, 67, 712.18445, 72, 274.39771, 77, 34.437500, 83,         0,110,         1,116,         4
52C,2019/01/28 19:42:00, 50, 10.274578, 49,       128, 44,        95, 45,       124, 56, 34.311562, 64, 35.098267, 67, 712.18445, 72, 274.76498, 77, 34.531250, 83,         0,110,         1,116,         4
5DC,2019/01/28 19:43:00, 50, 9.8849106, 49,       128, 44,        95, 45,       124, 56, 34.311562, 64, 34.942627, 67, 712.18445, 72, 274.52390, 77, 34.625000, 83,         0,110,         1,116,         4
5EC,2019/01/28 19:44:00, 50, 9.0905800, 49,       128, 44,        95, 45,       124, 56, 34.311562, 64, 35.055542, 67, 712.18445, 72, 274.41122, 77, 34.718750, 83,         0,110,         1,116,         4
50C,2019/01/28 19:45:00, 50, 9.5523186, 49,       128, 44,        95, 45,       124, 56, 34.311562, 64, 35.171509, 67, 712.18445, 72, 274.57922, 77, 34.812500, 83,         0,110,         1,116,         4
53C,2019/01/28 19:46:00, 50, 10.631115, 49,       128, 44,        95, 45,       124, 56, 34.311562, 64, 35.131836, 67, 712.18445, 72, 274.68890, 77, 34.906250, 83,         0,110,         1,116,         4
5EC,2019/01/28 19:47:00, 50, 10.882557, 49,       128, 44,        95, 45,       124, 56, 34.311562, 64, 34.997559, 67, 712.18445, 72, 275.04831, 77, 35.000000, 83,         0,110,         1,116,         4
5AC,2019/01/28 19:48:00, 50, 8.4001179, 49,       128, 44,        95, 45,       124, 56, 34.311562, 64, 34.936523, 67, 712.18445, 72, 274.86478, 77, 35.062500, 83,         0,110,         1,116,         4
50C,2019/01/28 19:49:00, 50, 7.2833061, 49,       128, 44,        95, 45,       124, 56, 34.311562, 64, 34.985352, 67, 712.18445, 72, 274.88675, 77, 35.187500, 83,         0,110,         1,116,         4
53C,2019/01/28 19:50:00, 50, 7.9768810, 49,       128, 44,        95, 45,       124, 56, 34.311562, 64, 35.095215, 67, 712.18445, 72, 274.96939, 77, 35.250000, 83,         0,110,         1,116,         4
5CC,2019/01/28 19:51:00, 50, 10.289692, 49,       128, 44,        95, 45,       124, 56, 34.311562, 64, 35.168457, 67, 712.18445, 72, 274.94693, 77, 35.343750, 83,         0,110,         1,116,         4
52C,2019/01/28 19:52:00, 50, 10.748199, 49,       128, 44,        95, 45,       124, 56, 34.311562, 64, 35.153198, 67, 712.18445, 72, 275.00589, 77, 35.406250, 83,         0,110,         1,116,         4
5CC,2019/01/28 19:53:00, 50, 11.233881, 49,       128, 44,        95, 45,       124, 56, 34.311562, 64, 35.095215, 67, 712.18445, 72, 274.94424, 77, 35.500000, 83,         0,110,         1,116,         4
53C,2019/01/28 19:54:00, 50, 10.444769, 49,       128, 44,        95, 45,       124, 56, 34.311562, 64, 35.070801, 67, 712.18445, 72, 274.98926, 77, 35.562500, 83,         0,110,         1,116,         4
59C,2019/01/28 19:55:00, 50, 10.475172, 49,       128, 44,        95, 45,       124, 56, 34.311562, 64, 35.134888, 67, 712.18445, 72, 275.07587, 77, 35.625000, 83,         0,110,         1,116,         4
50C,2019/01/28 19:56:00, 50, 11.047714, 49,       128, 44,        95, 45,       124, 56, 34.311562, 64, 35.159302, 67, 712.18445, 72, 275.33820, 77, 35.718750, 83,         0,110,         1,116,         4
57C,2019/01/28 19:57:00, 50, 9.5649128, 49,       128, 44,        95, 45,       124, 56, 34.311562, 64, 35.168457, 67, 712.18445, 72, 275.41141, 77, 35.781250, 83,         0,110,         1,116,         4
59C,2019/01/28 19:58:00, 50, 11.004408, 49,       128, 44,        95, 45,       124, 56, 34.311562, 64, 35.165405, 67, 712.18445, 72, 275.29053, 77, 35.875000, 83,         0,110,         1,116,         4
56C,2019/01/28 19:59:00, 50, 10.424942, 49,       128, 44,        95, 45,       124, 56, 34.311562, 64, 35.153198, 67, 712.18445, 72, 275.31311, 77, 35.937500, 83,         0,110,         1,116,         4
56C,2019/01/28 20:00:00, 50, 11.216015, 49,       128, 44,        95, 45,       124, 56, 34.311562, 64, 35.150146, 67, 712.18445, 72, 275.25024, 77, 36.000000, 83,         0,110,         1,116,         4
56C,2019/01/28 20:01:00, 50, 12.983410, 49,       128, 44,        95, 45,       124, 56, 34.311562, 64, 35.147095, 67, 712.18445, 72, 275.42874, 77, 36.062500, 83,         0,110,         1,116,         4
55C,2019/01/28 20:02:00, 50, 12.843052, 49,       128, 44,        95, 45,       124, 56, 34.311562, 64, 35.144043, 67, 712.18445, 72, 275.62802, 77, 36.156250, 83,         0,110,         1,116,         4
5EC,2019/01/28 20:03:00, 50, 14.540045, 49,       128, 44,        95, 45,       124, 56, 34.311562, 64, 35.150146, 67, 712.18445, 72, 275.84018, 77, 36.187500, 83,         0,110,         1,116,         4
58C,2019/01/28 20:04:00, 50, 14.428961, 49,       128, 44,        95, 45,       124, 56, 34.311562, 64, 35.159302, 67, 712.18445, 72, 275.63776, 77, 36.250000, 83,         0,110,         1,116,         4
5EC,2019/01/28 20:05:00, 50, 11.923878, 49,       128, 44,        95, 45,       124, 56, 34.311562, 64, 35.165405, 67, 712.18445, 72, 275.51465, 77, 36.312500, 83,         0,110,         1,116,         4
58C,2019/01/28 20:06:00, 50, 11.477249, 49,       128, 44,        95, 45,       124, 56, 34.311562, 64, 35.156250, 67, 712.18445, 72, 275.49872, 77, 36.375000, 83,         0,110,         1,116,         4
5BC,2019/01/28 20:07:00, 50, 9.3348236, 49,       128, 44,        95, 45,       124, 56, 34.311562, 64, 35.119629, 67, 712.18445, 72, 275.43900, 77, 36.437500, 83,         0,110,         1,116,         4
5CC,2019/01/28 20:08:00, 50, 10.244223, 49,       128, 44,        95, 45,       124, 56, 34.311562, 64, 35.067749, 67, 712.18445, 72, 275.41068, 77, 36.500000, 83,         0,110,         1,116,         4
59C,2019/01/28 20:09:00, 50, 9.4482212, 49,       128, 44,        95, 45,       124, 56, 34.311562, 64, 34.985352, 67, 712.18445, 72, 275.42743, 77, 36.562500, 83,         0,110,         1,116,         4
52C,2019/01/28 20:10:00, 50, 8.4092579, 49,       128, 44,        95, 45,       124, 56, 34.311562, 64, 34.933472, 67, 712.18445, 72, 275.37952, 77, 36.593750, 83,         0,110,         1,116,         4
5DC,2019/01/28 20:11:00, 50, 8.3637657, 49,       128, 44,        95, 45,       124, 56, 34.311562, 64, 34.927368, 67, 712.18445, 72, 275.18051, 77, 36.687500, 83,         0,110,         1,116,         4
5BC,2019/01/28 20:12:00, 50, 6.9248857, 49,       128, 44,        95, 45,       124, 56, 34.311562, 64, 34.976196, 67, 712.18445, 72, 275.46207, 77, 36.750000, 83,         0,110,         1,116,         4
52C,2019/01/28 20:13:00, 50, 8.2692337, 49,       128, 44,        95, 45,       124, 56, 34.311562, 64, 35.095215, 67, 712.18445, 72, 275.44244, 77, 36.781250, 83,         0,110,         1,116,         4
50C,2019/01/28 20:14:00, 50, 7.8208437, 49,       128, 44,        95, 45,       124, 56, 34.311562, 64, 35.162354, 67, 712.18445, 72, 275.41797, 77, 36.875000, 83,         0,110,         1,116,         4
53C,2019/01/28 20:15:00, 50, 9.1775875, 49,       128, 44,        95, 45,       124, 56, 34.311562, 64, 35.003662, 67, 712.18445, 72, 275.42493, 77, 36.906250, 83,         0,110,         1,116,         4
53C,2019/01/28 20:16:00, 50, 9.1230240, 49,       128, 44,        95, 45,       124, 56, 34.311562, 64, 35.116577, 67, 712.18445, 72, 275.37967, 77, 36.968750, 83,         0,110,         1,116,         4
54C,2019/01/28 20:17:00, 50, 7.5763826, 49,       128, 44,        95, 45,       124, 56, 34.311562, 64, 35.153198, 67, 712.18445, 72, 275.38516, 77, 37.000000, 83,         0,110,         1,116,         4
5CC,2019/01/28 20:18:00, 50, 9.0519581, 49,       128, 44,        95, 45,       124, 56, 34.311562, 64, 35.006714, 67, 712.18445, 72, 275.64749, 77, 37.062500, 83,         0,110,         1,116,         4
5CC,2019/01/28 20:19:00, 50, 8.5513058, 49,       128, 44,        95, 45,       124, 56, 34.311562, 64, 34.927368, 67, 712.18445, 72, 275.86371, 77, 37.093750, 83,         0,110,         1,116,         4
50C,2019/01/28 20:20:00, 50, 7.1583834, 49,       128, 44,        95, 45,       124, 56, 34.311562, 64, 35.049438, 67, 712.18445, 72, 276.18109, 77, 37.156250, 83,         0,110,         1,116,         4
53C,2019/01/28 20:21:00, 50, 7.3830261, 49,       128, 44,        95, 45,       124, 56, 34.311562, 64, 35.159302, 67, 712.18445, 72, 276.13806, 77, 37.218750, 83,         0,110,         1,116,         4
51C,2019/01/28 20:22:00, 50, 8.4521255, 49,       128, 44,        95, 45,       124, 56, 34.311562, 64, 35.025024, 67, 710.83447, 72, 275.93518, 77, 37.281250, 83,         0,110,         1,116,         4
54C,2019/01/28 20:23:00, 50, 7.5052538, 49,       128, 44,        95, 45,       124, 56, 34.311562, 64, 34.933472, 67, 710.83447, 72, 276.20221, 77, 37.312500, 83,         0,110,         1,116,         4
5EC,2019/01/28 20:24:00, 50, 6.1692228, 49,       128, 44,        95, 45,       124, 56, 34.311562, 64, 35.119629, 67, 710.83447, 72, 276.27795, 77, 37.375000, 83,         0,110,         1,116,         4
52C,2019/01/28 20:25:00, 50, 6.9362764, 49,       128, 44,        95, 45,       124, 56, 34.311562, 64, 35.101318, 67, 710.83447, 72, 276.32135, 77, 37.406250, 83,         0,110,         1,116,         4
5EC,2019/01/28 20:26:00, 50, 4.7517872, 49,       128, 44,        95, 45,       124, 56, 34.311562, 64, 34.927368, 67, 710.83447, 72, 276.32935, 77, 37.468750, 83,         0,110,         1,116,         4
55C,2019/01/28 20:27:00, 50, 8.6254730, 49,       128, 44,        95, 45,       124, 56, 34.311562, 64, 35.067749, 67, 710.83447, 72, 276.33789, 77, 37.500000, 83,         0,110,         1,116,         4
5AC,2019/01/28 20:28:00, 50, 9.4318256, 49,       128, 44,        95, 45,       124, 56, 34.311562, 64, 35.104370, 67, 710.83447, 72, 276.47498, 77, 37.531250, 83,         0,110,         1,116,         4
54C,2019/01/28 20:29:00, 50, 8.6480751, 49,       128, 44,        95, 45,       124, 56, 34.311562, 64, 34.921265, 67, 710.83447, 72, 276.23981, 77, 37.562500, 83,         0,110,         1,116,         4
55C,2019/01/28 20:30:00, 50, 11.341024, 49,       128, 44,        95, 45,       124, 56, 34.311562, 64, 35.128784, 67, 710.83447, 72, 276.26147, 77, 37.625000, 83,         0,110,         1,116,         4
53C,2019/01/28 20:31:00, 50, 10.774315, 49,       128, 44,        95, 45,       124, 56, 34.311562, 64, 35.028076, 67, 710.83447, 72, 276.00775, 77, 37.687500, 83,         0,110,         1,116,         4
5AC,2019/01/28 20:32:00, 50, 12.149208, 49,       128, 44,        95, 45,       124, 56, 34.311562, 64, 34.957886, 67, 710.83447, 72, 276.35797, 77, 37.718750, 83,         0,110,         1,116,         4
50C,2019/01/28 20:33:00, 50, 11.034449, 49,       128, 44,        95, 45,       124, 56, 34.311562, 64, 34.957886, 67, 710.83447, 72, 276.35645, 77, 37.750000, 83,         0,110,         1,116,         4
50C,2019/01/28 20:34:00, 50, 10.006701, 49,       128, 44,        95, 45,       124, 56, 34.311562, 64, 35.092163, 67, 710.83447, 72, 276.50470, 77, 37.812500, 83,         0,110,         1,116,         4
5EC,2019/01/28 20:35:00, 50, 9.9382362, 49,       128, 44,        95, 45,       124, 56, 34.311562, 64, 34.991455, 67, 710.83447, 72, 276.58664, 77, 37.875000, 83,         0,110,         1,116,         4
58C,2019/01/28 20:36:00, 50, 9.7005806, 49,       128, 44,        95, 45,       124, 56, 34.311562, 64, 35.058594, 67, 710.83447, 72, 276.62918, 77, 37.906250, 83,         0,110,         1,116,         4
51C,2019/01/28 20:37:00, 50, 9.2056351, 49,       128, 44,        95, 45,       124, 56, 34.311562, 64, 35.034180, 67, 710.83447, 72, 276.71759, 77, 37.937500, 83,         0,110,         1,116,         4
5AC,2019/01/28 20:38:00, 50, 10.158764, 49,       128, 44,        95, 45,       124, 56, 34.311562, 64, 35.015869, 67, 710.83447, 72, 276.94232, 77, 37.968750, 83,         0,110,         1,116,         4
52C,2019/01/28 20:39:00, 50, 11.164356, 49,       128, 44,        95, 45,       124, 56, 34.311562, 64, 35.052490, 67, 710.83447, 72, 277.10825, 77, 38.000000, 83,         0,110,         1,116,         4
59C,2019/01/28 20:40:00, 50, 10.041092, 49,       128, 44,        95, 45,       124, 56, 34.311562, 64, 35.015869, 67, 710.83447, 72, 277.28693, 77, 38.093750, 83,         0,110,         1,116,         4
5DC,2019/01/28 20:41:00, 50, 10.255718, 49,       128, 44,        95, 45,       124, 56, 34.311562, 64, 35.034180, 67, 710.83447, 72, 277.35150, 77, 38.125000, 83,         0,110,         1,116,         4
5AC,2019/01/28 20:42:00, 50, 9.7816143, 49,       128, 44,        95, 45,       124, 56, 34.311562, 64, 35.043335, 67, 710.83447, 72, 277.41107, 77, 38.156250, 83,         0,110,         1,116,         4
51C,2019/01/28 20:43:00, 50, 10.352695, 49,       128, 44,        95, 45,       124, 56, 34.311562, 64, 34.997559, 67, 710.83447, 72, 277.87537, 77, 38.250000, 83,         0,110,         1,116,         4
5DC,2019/01/28 20:44:00, 50, 8.5107918, 49,       128, 44,        95, 45,       124, 56, 34.311562, 64, 35.073853, 67, 710.83447, 72, 277.99539, 77, 38.281250, 83,         0,110,         1,116,         4
5CC,2019/01/28 20:45:00, 50, 8.6242008, 49,       128, 44,        95, 45,       124, 56, 34.311562, 64, 34.960937, 67, 710.83447, 72, 278.25058, 77, 38.343750, 83,         0,110,         1,116,         4
59C,2019/01/28 20:46:00, 50, 8.4474468, 49,       128, 44,        95, 45,       124, 56, 34.311562, 64, 35.101318, 67, 710.83447, 72, 278.40720, 77, 38.375000, 83,         0,110,         1,116,         4
5EC,2019/01/28 20:47:00, 50, 8.3823986, 49,       128, 44,        95, 45,       124, 56, 34.311562, 64, 34.985352, 67, 710.83447, 72, 278.79147, 77, 38.437500, 83,         0,110,         1,116,         4
55C,2019/01/28 20:48:00, 50, 7.4965210, 49,       128, 44,        95, 45,       124, 56, 34.311562, 64, 35.012817, 67, 710.83447, 72, 279.03958, 77, 38.468750, 83,         0,110,         1,116,         4
58C,2019/01/28 20:49:00, 50, 8.1483116, 49,       128, 44,        95, 45,       124, 56, 34.311562, 64, 35.086060, 67, 710.83447, 72, 279.19302, 77, 38.500000, 83,         0,110,         1,116,         4
57C,2019/01/28 20:50:00, 50, 7.0522995, 49,       128, 44,        95, 45,       124, 56, 34.311562, 64, 34.951782, 67, 710.83447, 72, 279.20517, 77, 38.562500, 83,         0,110,         1,116,         4
59C,2019/01/28 20:51:00, 50, 7.6520071, 49,       128, 44,        95, 45,       124, 56, 34.311562, 64, 35.055542, 67, 710.83447, 72, 279.05997, 77, 38.593750, 83,         0,110,         1,116,         4
5CC,2019/01/28 20:52:00, 50, 7.7021828, 49,       128, 44,        95, 45,       124, 56, 34.311562, 64, 35.076904, 67, 710.83447, 72, 279.32004, 77, 38.656250, 83,         0,110,         1,116,         4
5FC,2019/01/28 20:53:00, 50, 8.1593513, 49,       128, 44,        95, 45,       124, 56, 34.311562, 64, 34.951782, 67, 710.83447, 72, 279.60406, 77, 38.718750, 83,         0,110,         1,116,         4
5BC,2019/01/28 20:54:00, 50, 7.5111837, 49,       128, 44,        95, 45,       124, 56, 34.311562, 64, 35.021973, 67, 710.83447, 72, 279.85577, 77, 38.750000, 83,         0,110,         1,116,         4
50C,2019/01/28 20:55:00, 50, 7.5859194, 49,       128, 44,        95, 45,       124, 56, 34.311562, 64, 35.095215, 67, 710.83447, 72, 279.96808, 77, 38.812500, 83,         0,110,         1,116,         4
5EC,2019/01/28 20:56:00, 50, 8.3562775, 49,       128, 44,        95, 45,       124, 56, 34.311562, 64, 34.988403, 67, 710.83447, 72, 280.07770, 77, 38.843750, 83,         0,110,         1,116,         4
50C,2019/01/28 20:57:00, 50, 7.8231115, 49,       128, 44,        95, 45,       124, 56, 34.311562, 64, 34.963989, 67, 710.83447, 72, 280.31299, 77, 38.875000, 83,         0,110,         1,116,         4
59C,2019/01/28 20:58:00, 50, 7.1315136, 49,       128, 44,        95, 45,       124, 56, 34.311562, 64, 35.067749, 67, 710.83447, 72, 280.17120, 77, 38.937500, 83,         0,110,         1,116,         4
54C,2019/01/28 20:59:00, 50, 7.6519575, 49,       128, 44,        95, 45,       124, 56, 34.311562, 64, 35.083008, 67, 710.83447, 72, 280.57217, 77, 39.000000, 83,         0,110,         1,116,         4
54C,2019/01/28 21:00:00, 50, 7.6321001, 49,       128, 44,        95, 45,       124, 56, 34.311562, 64, 34.991455, 67, 710.83447, 72, 280.41412, 77, 39.031250, 83,         0,110,         1,116,         4
58C,2019/01/28 21:01:00, 50, 7.2362404, 49,       128, 44,        95, 45,       124, 56, 34.311562, 64, 34.948730, 67, 710.83447, 72, 280.57071, 77, 39.093750, 83,         0,110,         1,116,         4
55C,2019/01/28 21:02:00, 50, 9.1383972, 49,       128, 44,        95, 45,       124, 56, 34.311562, 64, 35.015869, 67, 710.83447, 72, 280.70709, 77, 39.125000, 83,         0,110,         1,116,         4
5CC,2019/01/28 21:03:00, 50, 9.0395546, 49,       128, 44,        95, 45,       124, 56, 34.311562, 64, 35.086060, 67, 710.83447, 72, 280.75769, 77, 39.187500, 83,         0,110,         1,116,         4
5AC,2019/01/28 21:04:00, 50, 9.5505524, 49,       128, 44,        95, 45,       124, 56, 34.311562, 64, 35.086060, 67, 710.83447, 72, 280.82773, 77, 39.250000, 83,         0,110,         1,116,         4
5DC,2019/01/28 21:05:00, 50, 9.5522957, 49,       128, 44,        95, 45,       124, 56, 34.311562, 64, 35.025024, 67, 710.83447, 72, 280.82596, 77, 39.281250, 83,         0,110,         1,116,         4
5EC,2019/01/28 21:06:00, 50, 8.9204483, 49,       128, 44,        95, 45,       124, 56, 34.311562, 64, 34.963989, 67, 710.83447, 72, 281.20554, 77, 39.312500, 83,         0,110,         1,116,         4
5DC,2019/01/28 21:07:00, 50, 9.6538067, 49,       128, 44,        95, 45,       124, 56, 34.311562, 64, 34.945679, 67, 710.83447, 72, 281.24820, 77, 39.375000, 83,         0,110,         1,116,         4
5BC,2019/01/28 21:08:00, 50, 11.082880, 49,       128, 44,        95, 45,       124, 56, 34.311562, 64, 34.973145, 67, 710.83447, 72, 281.11420, 77, 39.406250, 83,         0,110,         1,116,         4
51C,2019/01/28 21:09:00, 50, 12.425493, 49,       128, 44,        95, 45,       124, 56, 34.311562, 64, 35.015869, 67, 710.83447, 72, 281.12665, 77, 39.437500, 83,         0,110,         1,116,         4
59C,2019/01/28 21:10:00, 50, 10.713890, 49,       128, 44,        95, 45,       124, 56, 34.311562, 64, 35.049438, 67, 710.83447, 72, 281.37445, 77, 39.468750, 83,         0,110,         1,116,         4
5DC,2019/01/28 21:11:00, 50, 11.463604, 49,       128, 44,        95, 45,       124, 56, 34.311562, 64, 35.070801, 67, 710.83447, 72, 281.42154, 77, 39.531250, 83,         0,110,         1,116,         4
56C,2019/01/28 21:12:00, 50, 11.375820, 49,       128, 44,        95, 45,       124, 56, 34.311562, 64, 35.083008, 67, 710.83447, 72, 281.44168, 77, 39.562500, 83,         0,110,         1,116,         4
50C,2019/01/28 21:13:00, 50, 8.8752823, 49,       128, 44,        95, 45,       124, 56, 34.311562, 64, 35.089111, 67, 710.83447, 72, 281.52124, 77, 39.593750, 83,         0,110,         1,116,         4
57C,2019/01/28 21:14:00, 50, 9.9526234, 49,       128, 44,        95, 45,       124, 56, 34.311562, 64, 35.089111, 67, 710.83447, 72, 281.78943, 77, 39.625000, 83,         0,110,         1,116,         4
51C,2019/01/28 21:15:00, 50, 11.500134, 49,       128, 44,        95, 45,       124, 56, 34.311562, 64, 35.086060, 67, 710.83447, 72, 281.91345, 77, 39.656250, 83,         0,110,         1,116,         4
59C,2019/01/28 21:16:00, 50, 12.853899, 49,       128, 44,        95, 45,       124, 56, 34.311562, 64, 35.086060, 67, 710.83447, 72, 282.21722, 77, 39.656250, 83,         0,110,         1,116,         4
58C,2019/01/28 21:17:00, 50, 9.6648445, 49,       128, 44,        95, 45,       124, 56, 34.311562, 64, 35.086060, 67, 710.83447, 72, 282.18152, 77, 39.687500, 83,         0,110,         1,116,         4
58C,2019/01/28 21:18:00, 50, 9.4912186, 49,       128, 44,        95, 45,       124, 56, 34.311562, 64, 35.089111, 67, 710.83447, 72, 282.25171, 77, 39.718750, 83,         0,110,         1,116,         4
5BC,2019/01/28 21:19:00, 50, 8.3359833, 49,       128, 44,        95, 45,       124, 56, 34.311562, 64, 35.089111, 67, 710.83447, 72, 282.37628, 77, 39.750000, 83,         0,110,         1,116,         4
57C,2019/01/28 21:20:00, 50, 8.5492401, 49,       128, 44,        95, 45,       124, 56, 34.311562, 64, 35.079956, 67, 710.83447, 72, 282.16644, 77, 39.750000, 83,         0,110,         1,116,         4
5FC,2019/01/28 21:21:00, 50, 9.9715767, 49,       128, 44,        95, 45,       124, 56, 34.311562, 64, 35.064697, 67, 710.83447, 72, 282.27930, 77, 39.781250, 83,         0,110,         1,116,         4
57C,2019/01/28 21:22:00, 50, 9.4215927, 49,       128, 44,        95, 45,       124, 56, 34.311562, 64, 35.037231, 67, 710.83447, 72, 282.49121, 77, 39.812500, 83,         0,110,         1,116,         4
56C,2019/01/28 21:23:00, 50, 8.8458157, 49,       128, 44,        95, 45,       124, 56, 34.311562, 64, 34.997559, 67, 710.83447, 72, 281.87036, 77, 39.812500, 83,         0,110,         1,116,         4
5BC,2019/01/28 21:24:00, 50, 9.9535866, 49,       128, 44,        95, 45,       124, 56, 34.311562, 64, 34.954834, 67, 710.83447, 72, 282.06842, 77, 39.843750, 83,         0,110,         1,116,         4
55C,2019/01/28 21:25:00, 50, 10.936455, 49,       128, 44,        95, 45,       124, 56, 34.311562, 64, 34.942627, 67, 710.83447, 72, 282.80341, 77, 39.843750, 83,         0,110,         1,116,         4
56C,2019/01/28 21:26:00, 50, 11.214727, 49,       128, 44,        95, 45,       124, 56, 34.311562, 64, 35.116577, 67, 710.83447, 72, 282.84241, 77, 39.875000, 83,         0,110,         1,116,         4
58C,2019/01/28 21:27:00, 50, 9.7209072, 49,       128, 44,        95, 45,       124, 56, 34.311562, 64, 35.018921, 67, 710.83447, 72, 283.08459, 77, 39.875000, 83,         0,110,         1,116,         4
52C,2019/01/28 21:28:00, 50, 9.2529411, 49,       128, 44,        95, 45,       124, 56, 34.311562, 64, 34.921265, 67, 710.83447, 72, 282.82062, 77, 39.906250, 83,         0,110,         1,116,         4
5EC,2019/01/28 21:29:00, 50, 10.427090, 49,       128, 44,        95, 45,       124, 56, 34.311562, 64, 34.909058, 67, 710.83447, 72, 282.99481, 77, 39.937500, 83,         0,110,         1,116,         4
5BC,2019/01/28 21:30:00, 50, 11.949610, 49,       128, 44,        95, 45,       124, 56, 34.311562, 64, 35.031128, 67, 710.83447, 72, 283.12189, 77, 39.968750, 83,         0,110,         1,116,         4
5BC,2019/01/28 21:31:00, 50, 12.492788, 49,       128, 44,        95, 45,       124, 56, 34.311562, 64, 35.134888, 67, 710.83447, 72, 283.00793, 77, 39.968750, 83,         0,110,         1,116,         4
56C,2019/01/28 21:32:00, 50, 11.999313, 49,       128, 44,        95, 45,       124, 56, 34.311562, 64, 35.055542, 67, 710.83447, 72, 283.02545, 77, 40.000000, 83,         0,110,         1,116,         4
5FC,2019/01/28 21:33:00, 50, 11.548727, 49,       128, 44,        95, 45,       124, 56, 34.311562, 64, 34.912109, 67, 710.83447, 72, 282.18353, 77, 40.000000, 83,         0,110,         1,116,         4
5DC,2019/01/28 21:34:00, 50, 10.789240, 49,       128, 44,        95, 45,       124, 56, 34.311562, 64, 34.960937, 67, 710.83447, 72, 282.36377, 77, 40.031250, 83,         0,110,         1,116,         4
56C,2019/01/28 21:35:00, 50, 11.896164, 49,       128, 44,        95, 45,       124, 56, 34.311562, 64, 35.122681, 67, 710.83447, 72, 282.84387, 77, 40.062500, 83,         0,110,         1,116,         4
58C,2019/01/28 21:36:00, 50, 11.830868, 49,       128, 44,        95, 45,       124, 56, 34.311562, 64, 35.058594, 67, 710.83447, 72, 282.99957, 77, 40.031250, 83,         0,110,         1,116,         4
5CC,2019/01/28 21:37:00, 50, 11.625090, 49,       128, 44,        95, 45,       124, 56, 34.311562, 64, 34.896851, 67, 710.83447, 72, 282.59894, 77, 40.093750, 83,         0,110,         1,116,         4
53C,2019/01/28 21:38:00, 50, 11.108141, 49,       128, 44,        95, 45,       124, 56, 34.311562, 64, 35.046387, 67, 710.83447, 72, 282.28174, 77, 40.093750, 83,         0,110,         1,116,         4
52C,2019/01/28 21:39:00, 50, 11.438995, 49,       128, 44,        95, 45,       124, 56, 34.311562, 64, 35.107422, 67, 710.83447, 72, 282.86407, 77, 40.125000, 83,         0,110,         1,116,         4
51C,2019/01/28 21:40:00, 50, 12.442062, 49,       128, 44,        95, 45,       124, 56, 34.311562, 64, 34.899902, 67, 710.83447, 72, 283.41913, 77, 40.125000, 83,         0,110,         1,116,         4
5BC,2019/01/28 21:41:00, 50, 10.866190, 49,       128, 44,        95, 45,       124, 56, 34.311562, 64, 35.046387, 67, 710.83447, 72, 283.29987, 77, 40.125000, 83,         0,110,         1,116,         4
59C,2019/01/28 21:42:00, 50, 10.802053, 49,       128, 44,        95, 45,       124, 56, 34.311562, 64, 35.083008, 67, 710.83447, 72, 282.29224, 77, 40.156250, 83,         0,110,         1,116,         4
5DC,2019/01/28 21:43:00, 50, 9.8858719, 49,       128, 44,        95, 45,       124, 56, 34.311562, 64, 34.896851, 67, 710.83447, 72, 282.14642, 77, 40.156250, 83,         0,110,         1,116,         4
59C,2019/01/28 21:44:00, 50, 9.5572300, 49,       128, 44,        95, 45,       124, 56, 34.311562, 64, 35.113525, 67, 710.83447, 72, 282.09583, 77, 40.187500, 83,         0,110,         1,116,         4
52C,2019/01/28 21:45:00, 50, 7.5479803, 49,       128, 44,        95, 45,       124, 56, 34.311562, 64, 34.982300, 67, 710.83447, 72, 282.45453, 77, 40.218750, 83,         0,110,         1,116,         4
50C,2019/01/28 21:46:00, 50, 7.3520622, 49,       128, 44,        95, 45,       124, 56, 34.311562, 64, 34.976196, 67, 710.83447, 72, 282.62170, 77, 40.218750, 83,         0,110,         1,116,         4
5FC,2019/01/28 21:47:00, 50, 8.3743191, 49,       128, 44,        95, 45,       124, 56, 34.311562, 64, 35.104370, 67, 710.83447, 72, 282.38239, 77, 40.250000, 83,         0,110,         1,116,         4
55C,2019/01/28 21:48:00, 50, 8.7430000, 49,       128, 44,        95, 45,       124, 56, 34.311562, 64, 34.906006, 67, 710.83447, 72, 282.64142, 77, 40.250000, 83,         0,110,         1,116,         4
56C,2019/01/28 21:49:00, 50, 9.2224026, 49,       128, 44,        95, 45,       124, 56, 34.311562, 64, 35.137939, 67, 710.83447, 72, 283.12811, 77, 40.250000, 83,         0,110,         1,116,         4
59C,2019/01/28 21:50:00, 50, 9.6070557, 49,       128, 44,        95, 45,       124, 56, 34.311562, 64, 34.896851, 67, 710.83447, 72, 283.62579, 77, 40.281250, 83,         0,110,         1,116,         4
58C,2019/01/28 21:51:00, 50, 8.9545631, 49,       128, 44,        95, 45,       124, 56, 34.311562, 64, 35.128784, 67, 710.83447, 72, 283.03247, 77, 40.312500, 83,         0,110,         1,116,         4
5FC,2019/01/28 21:52:00, 50, 8.6896400, 49,       128, 44,        95, 45,       124, 56, 34.311562, 64, 34.906006, 67, 710.83447, 72, 283.24744, 77, 40.343750, 83,         0,110,         1,116,         4
5FC,2019/01/28 21:53:00, 50, 7.7411213, 49,       128, 44,        95, 45,       124, 56, 34.311562, 64, 35.125732, 67, 710.83447, 72, 283.72113, 77, 40.375000, 83,         0,110,         1,116,         4
5AC,2019/01/28 21:54:00, 50, 9.8254490, 49,       128, 44,        95, 45,       124, 56, 34.311562, 64, 34.899902, 67, 710.83447, 72, 283.23590, 77, 40.375000, 83,         0,110,         1,116,         4
5BC,2019/01/28 21:55:00, 50, 10.508928, 49,       128, 44,        95, 45,       124, 56, 34.311562, 64, 35.134888, 67, 710.83447, 72, 283.45422, 77, 40.406250, 83,         0,110,         1,116,         4
5BC,2019/01/28 21:56:00, 50, 9.7601471, 49,       128, 44,        95, 45,       124, 56, 34.311562, 64, 34.893799, 67, 710.83447, 72, 283.57208, 77, 40.437500, 83,         0,110,         1,116,         4
58C,2019/01/28 21:57:00, 50, 9.3297405, 49,       128, 44,        95, 45,       124, 56, 34.311562, 64, 35.125732, 67, 710.83447, 72, 283.87805, 77, 40.437500, 83,         0,110,         1,116,         4
52C,2019/01/28 21:58:00, 50, 9.1710758, 49,       128, 44,        95, 45,       124, 56, 34.311562, 64, 34.939575, 67, 710.83447, 72, 283.75452, 77, 40.437500, 83,         0,110,         1,116,         4
55C,2019/01/28 21:59:00, 50, 9.3059521, 49,       128, 44,        95, 45,       124, 56, 34.311562, 64, 35.025024, 67, 710.83447, 72, 283.18146, 77, 40.468750, 83,         0,110,         1,116,         4
57C,2019/01/28 22:00:00, 50, 9.8069286, 49,       128, 44,        95, 45,       124, 56, 34.311562, 64, 35.073853, 67, 710.83447, 72, 283.73700, 77, 40.500000, 83,         0,110,         1,116,         4
50C,2019/01/28 22:01:00, 50, 10.982487, 49,       128, 44,        95, 45,       124, 56, 34.311562, 64, 34.899902, 67, 710.83447, 72, 284.03839, 77, 40.500000, 83,         0,110,         1,116,         4
56C,2019/01/28 22:02:00, 50, 12.513948, 49,       128, 44,        95, 45,       124, 56, 34.311562, 64, 35.119629, 67, 710.83447, 72, 283.63184, 77, 40.531250, 83,         0,110,         1,116,         4
54C,2019/01/28 22:03:00, 50, 12.688889, 49,       128, 44,        95, 45,       124, 56, 34.311562, 64, 35.000610, 67, 710.83447, 72, 283.41235, 77, 40.562500, 83,         0,110,         1,116,         4
56C,2019/01/28 22:04:00, 50, 12.077869, 49,       128, 44,        95, 45,       124, 56, 34.311562, 64, 34.921265, 67, 710.83447, 72, 283.75012, 77, 40.562500, 83,         0,110,         1,116,         4
5BC,2019/01/28 22:05:00, 50, 13.527632, 49,       128, 44,        95, 45,       124, 56, 34.311562, 64, 35.128784, 67, 710.83447, 72, 284.22510, 77, 40.625000, 83,         0,110,         1,116,         4
5AC,2019/01/28 22:06:00, 50, 12.796633, 49,       128, 44,        95, 45,       124, 56, 34.311562, 64, 34.994507, 67, 710.83447, 72, 284.05963, 77, 40.625000, 83,         0,110,         1,116,         4
59C,2019/01/28 22:07:00, 50, 13.014137, 49,       128, 44,        95, 45,       124, 56, 34.311562, 64, 34.906006, 67, 710.83447, 72, 284.43396, 77, 40.625000, 83,         0,110,         1,116,         4
57C,2019/01/28 22:08:00, 50, 12.133371, 49,       128, 44,        95, 45,       124, 56, 34.311562, 64, 35.092163, 67, 710.83447, 72, 284.04590, 77, 40.625000, 83,         0,110,         1,116,         4
5EC,2019/01/28 22:09:00, 50, 11.772936, 49,       128, 44,        95, 45,       124, 56, 34.311562, 64, 35.086060, 67, 710.83447, 72, 284.09949, 77, 40.656250, 83,         0,110,         1,116,         4
5FC,2019/01/28 22:10:00, 50, 11.251503, 49,       128, 44,        95, 45,       124, 56, 34.311562, 64, 34.915161, 67, 710.83447, 72, 283.71887, 77, 40.718750, 83,         0,110,         1,116,         4
56C,2019/01/28 22:11:00, 50, 11.007061, 49,       128, 44,        95, 45,       124, 56, 34.311562, 64, 34.945679, 67, 710.83447, 72, 284.64362, 77, 40.687500, 83,         0,110,         1,116,         4
55C,2019/01/28 22:12:00, 50, 9.8227901, 49,       128, 44,        95, 45,       124, 56, 34.311562, 64, 35.104370, 67, 710.83447, 72, 284.55597, 77, 40.718750, 83,         0,110,         1,116,         4
57C,2019/01/28 22:13:00, 50, 9.9789715, 49,       128, 44,        95, 45,       124, 56, 34.311562, 64, 35.101318, 67, 710.83447, 72, 284.52771, 77, 40.750000, 83,         0,110,         1,116,         4
51C,2019/01/28 22:14:00, 50, 8.9616680, 49,       128, 44,        95, 45,       124, 56, 34.311562, 64, 34.951782, 67, 710.83447, 72, 284.58813, 77, 40.750000, 83,         0,110,         1,116,         4
57C,2019/01/28 22:15:00, 50, 9.6206207, 49,       128, 44,        95, 45,       124, 56, 34.311562, 64, 34.893799, 67, 710.83447, 72, 284.66248, 77, 40.781250, 83,         0,110,         1,116,         4
5BC,2019/01/28 22:16:00, 50, 9.9325047, 49,       128, 44,        95, 45,       124, 56, 34.311562, 64, 34.967041, 67, 710.83447, 72, 284.48639, 77, 40.781250, 83,         0,110,         1,116,         4
5AC,2019/01/28 22:17:00, 50, 11.231419, 49,       128, 44,        95, 45,       124, 56, 34.311562, 64, 35.092163, 67, 710.83447, 72, 284.40070, 77, 40.750000, 83,         0,110,         1,116,         4
5BC,2019/01/28 22:18:00, 50, 13.098051, 49,       128, 44,        95, 45,       124, 56, 34.311562, 64, 35.131836, 67, 710.83447, 72, 284.90607, 77, 40.843750, 83,         0,110,         1,116,         4
5DC,2019/01/28 22:19:00, 50, 14.316498, 49,       128, 44,        95, 45,       124, 56, 34.311562, 64, 35.067749, 67, 710.83447, 72, 284.63867, 77, 40.906250, 83,         0,110,         1,116,         4
59C,2019/01/28 22:20:00, 50, 13.525034, 49,       128, 44,        95, 45,       124, 56, 34.311562, 64, 35.055542, 67, 710.83447, 72, 284.82611, 77, 40.843750, 83,         0,110,         1,116,         4
51C,2019/01/28 22:21:00, 50, 13.311193, 49,       128, 44,        95, 45,       124, 56, 34.311562, 64, 35.076904, 67, 710.83447, 72, 284.89032, 77, 40.875000, 83,         0,110,         1,116,         4
5FC,2019/01/28 22:22:00, 50, 12.104576, 49,       128, 44,        95, 45,       124, 56, 34.311562, 64, 35.070801, 67, 710.83447, 72, 285.03680, 77, 41.000000, 83,         0,110,         1,116,         4
5DC,2019/01/28 22:23:00, 50, 11.747356, 49,       128, 44,        95, 45,       124, 56, 34.311562, 64, 35.037231, 67, 710.83447, 72, 285.02100, 77, 41.062500, 83,         0,110,         1,116,         4
5EC,2019/01/28 22:24:00, 50, 11.590059, 49,       128, 44,        95, 45,       124, 56, 34.311562, 64, 35.000610, 67, 710.83447, 72, 285.00635, 77, 41.062500, 83,         0,110,         1,116,         4
5FC,2019/01/28 22:25:00, 50, 11.192675, 49,       128, 44,        95, 45,       124, 56, 34.311562, 64, 34.976196, 67, 710.83447, 72, 285.03229, 77, 41.031250, 83,         0,110,         1,116,         4
54C,2019/01/28 22:26:00, 50, 11.072327, 49,       128, 44,        95, 45,       124, 56, 34.311562, 64, 34.957886, 67, 710.83447, 72, 284.37628, 77, 41.093750, 83,         0,110,         1,116,         4
58C,2019/01/28 22:27:00, 50, 12.777777, 49,       128, 44,        95, 45,       124, 56, 34.311562, 64, 34.948730, 67, 710.83447, 72, 284.56354, 77, 41.000000, 83,         0,110,         1,116,         4
5DC,2019/01/28 22:28:00, 50, 13.504845, 49,       128, 44,        95, 45,       124, 56, 34.311562, 64, 34.939575, 67, 710.83447, 72, 284.52240, 77, 41.125000, 83,         0,110,         1,116,         4
58C,2019/01/28 22:29:00, 50, 12.698187, 49,       128, 44,        95, 45,       124, 56, 34.311562, 64, 34.939575, 67, 710.83447, 72, 284.53723, 77, 40.656250, 83,         0,110,         1,116,         4
59C,2019/01/28 22:30:00, 50, 13.618124, 49,       128, 44,        95, 45,       124, 56, 34.311562, 64, 34.942627, 67, 710.83447, 72, 284.65485, 77, 41.093750, 83,         0,110,         1,116,         4
5AC,2019/01/28 22:31:00, 50, 12.896881, 49,       128, 44,        95, 45,       124, 56, 34.311562, 64, 34.942627, 67, 710.83447, 72, 284.83057, 77, 41.125000, 83,         0,110,         1,116,         4
5CC,2019/01/28 22:32:00, 50, 13.312605, 49,       128, 44,        95, 45,       124, 56, 34.311562, 64, 34.954834, 67, 710.83447, 72, 285.47552, 77, 41.156250, 83,         0,110,         1,116,         4
52C,2019/01/28 22:33:00, 50, 13.288137, 49,       128, 44,        95, 45,       124, 56, 34.311562, 64, 34.967041, 67, 710.83447, 72, 285.51532, 77, 41.156250, 83,         0,110,         1,116,         4
54C,2019/01/28 22:34:00, 50, 12.294069, 49,       128, 44,        95, 45,       124, 56, 34.311562, 64, 34.985352, 67, 710.83447, 72, 284.71320, 77, 41.218750, 83,         0,110,         1,116,         4
5BC,2019/01/28 22:35:00, 50, 11.885727, 49,       128, 44,        95, 45,       124, 56, 34.311562, 64, 35.018921, 67, 710.83447, 72, 284.60278, 77, 40.718750, 83,         0,110,         1,116,         4
5BC,2019/01/28 22:36:00, 50, 11.776690, 49,       128, 44,        95, 45,       124, 56, 34.311562, 64, 35.052490, 67, 710.83447, 72, 284.76587, 77, 41.218750, 83,         0,110,         1,116,         4
59C,2019/01/28 22:37:00, 50, 12.544773, 49,       128, 44,        95, 45,       124, 56, 34.311562, 64, 35.076904, 67, 710.83447, 72, 284.55615, 77, 40.937500, 83,         0,110,         1,116,         4
5AC,2019/01/28 22:38:00, 50, 12.713516, 49,       128, 44,        95, 45,       124, 56, 34.311562, 64, 35.070801, 67, 710.83447, 72, 284.93866, 77, 41.125000, 83,         0,110,         1,116,         4
5AC,2019/01/28 22:39:00, 50, 13.314955, 49,       128, 44,        95, 45,       124, 56, 34.311562, 64, 35.040283, 67, 710.83447, 72, 284.88074, 77, 41.281250, 83,         0,110,         1,116,         4
52C,2019/01/28 22:40:00, 50, 12.842054, 49,       128, 44,        95, 45,       124, 56, 34.311562, 64, 34.979248, 67, 710.83447, 72, 285.30457, 77, 40.906250, 83,         0,110,         1,116,         4
53C,2019/01/28 22:41:00, 50, 11.971239, 49,       128, 44,        95, 45,       124, 56, 34.311562, 64, 34.939575, 67, 710.83447, 72, 284.97815, 77, 41.218750, 83,         0,110,         1,116,         4
5AC,2019/01/28 22:42:00, 50, 12.065378, 49,       128, 44,        95, 45,       124, 56, 34.311562, 64, 34.957886, 67, 710.83447, 72, 285.07422, 77, 41.062500, 83,         0,110,         1,116,         4
59C,2019/01/28 22:43:00, 50, 10.791536, 49,       128, 44,        95, 45,       124, 56, 34.311562, 64, 35.028076, 67, 710.83447, 72, 284.96692, 77, 41.125000, 83,         0,110,         1,116,         4
5DC,2019/01/28 22:44:00, 50, 11.303339, 49,       128, 44,        95, 45,       124, 56, 34.311562, 64, 35.076904, 67, 710.83447, 72, 285.10413, 77, 41.062500, 83,         0,110,         1,116,         4
5EC,2019/01/28 22:45:00, 50, 10.750372, 49,       128, 44,        95, 45,       124, 56, 34.311562, 64, 35.040283, 67, 710.83447, 72, 285.37512, 77, 40.875000, 83,         0,110,         1,116,         4
57C,2019/01/28 22:46:00, 50, 11.033485, 49,       128, 44,        95, 45,       124, 56, 34.311562, 64, 34.951782, 67, 710.83447, 72, 284.88812, 77, 40.937500, 83,         0,110,         1,116,         4
56C,2019/01/28 22:47:00, 50, 12.189705, 49,       128, 44,        95, 45,       124, 56, 34.311562, 64, 34.951782, 67, 710.83447, 72, 284.87183, 77, 40.812500, 83,         0,110,         1,116,         4
5BC,2019/01/28 22:48:00, 50, 12.210270, 49,       128, 44,        95, 45,       124, 56, 34.311562, 64, 35.052490, 67, 710.83447, 72, 284.97797, 77, 41.000000, 83,         0,110,         1,116,         4
58C,2019/01/28 22:49:00, 50, 11.633272, 49,       128, 44,        95, 45,       124, 56, 34.311562, 64, 35.058594, 67, 710.83447, 72, 284.98761, 77, 40.812500, 83,         0,110,         1,116,         4
57C,2019/01/28 22:50:00, 50, 10.462172, 49,       128, 44,        95, 45,       124, 56, 34.311562, 64, 34.957886, 67, 710.83447, 72, 284.88190, 77, 40.843750, 83,         0,110,         1,116,         4
54C,2019/01/28 22:51:00, 50, 10.359205, 49,       128, 44,        95, 45,       124, 56, 34.311562, 64, 34.970093, 67, 710.83447, 72, 284.92535, 77, 41.187500, 83,         0,110,         1,116,         4
52C,2019/01/28 22:52:00, 50, 9.0191784, 49,       128, 44,        95, 45,       124, 56, 34.311562, 64, 35.073853, 67, 710.83447, 72, 284.87573, 77, 41.312500, 83,         0,110,         1,116,         4
59C,2019/01/28 22:53:00, 50, 10.484524, 49,       128, 44,        95, 45,       124, 56, 34.311562, 64, 34.997559, 67, 710.83447, 72, 284.88916, 77, 41.187500, 83,         0,110,         1,116,         4
50C,2019/01/28 22:54:00, 50, 10.056953, 49,       128, 44,        95, 45,       124, 56, 34.311562, 64, 34.948730, 67, 710.83447, 72, 284.56641, 77, 40.750000, 83,         0,110,         1,116,         4
52C,2019/01/28 22:55:00, 50, 10.156799, 49,       128, 44,        95, 45,       124, 56, 34.311562, 64, 35.067749, 67, 710.83447, 72, 284.77399, 77, 41.062500, 83,         0,110,         1,116,         4
56C,2019/01/28 22:56:00, 50, 11.125116, 49,       128, 44,        95, 45,       124, 56, 34.311562, 64, 34.994507, 67, 710.83447, 72, 285.25916, 77, 41.437500, 83,         0,110,         1,116,         4
56C,2019/01/28 22:57:00, 50, 11.369167, 49,       128, 44,        95, 45,       124, 56, 34.311562, 64, 34.967041, 67, 710.83447, 72, 285.42981, 77, 40.843750, 83,         0,110,         1,116,         4
5DC,2019/01/28 22:58:00, 50, 11.485130, 49,       128, 44,        95, 45,       124, 56, 34.311562, 64, 35.073853, 67, 710.83447, 72, 285.42938, 77, 40.875000, 83,         0,110,         1,116,         4
50C,2019/01/28 22:59:00, 50, 11.798098, 49,       128, 44,        95, 45,       124, 56, 34.311562, 64, 34.942627, 67, 710.83447, 72, 285.41144, 77, 40.843750, 83,         0,110,         1,116,         4
55C,2019/01/28 23:00:00, 50, 11.468414, 49,       128, 44,        95, 45,       124, 56, 34.311562, 64, 35.034180, 67, 710.83447, 72, 285.70227, 77, 40.812500, 83,         0,110,         1,116,         4
59C,2019/01/28 23:01:00, 50, 11.877356, 49,       128, 44,        95, 45,       124, 56, 34.311562, 64, 35.009766, 67, 710.83447, 72, 285.52539, 77, 40.906250, 83,         0,110,         1,116,         4
5FC,2019/01/28 23:02:00, 50, 13.412922, 49,       128, 44,        95, 45,       124, 56, 34.311562, 64, 34.976196, 67, 710.83447, 72, 285.73810, 77, 40.968750, 83,         0,110,         1,116,         4
52C,2019/01/28 23:03:00, 50, 13.279619, 49,       128, 44,        95, 45,       124, 56, 34.311562, 64, 35.052490, 67, 710.83447, 72, 285.91858, 77, 40.937500, 83,         0,110,         1,116,         4
50C,2019/01/28 23:04:00, 50, 12.283894, 49,       128, 44,        95, 45,       124, 56, 34.311562, 64, 34.945679, 67, 710.83447, 72, 285.73901, 77, 40.937500, 83,         0,110,         1,116,         4
5AC,2019/01/28 23:05:00, 50, 11.722481, 49,       128, 44,        95, 45,       124, 56, 34.311562, 64, 35.067749, 67, 710.83447, 72, 285.81805, 77, 41.031250, 83,         0,110,         1,116,         4
5EC,2019/01/28 23:06:00, 50, 11.916426, 49,       128, 44,        95, 45,       124, 56, 34.311562, 64, 34.936523, 67, 710.83447, 72, 286.26978, 77, 41.062500, 83,         0,110,         1,116,         4
54C,2019/01/28 23:07:00, 50, 13.305096, 49,       128, 44,        95, 45,       124, 56, 34.311562, 64, 35.073853, 67, 710.83447, 72, 286.78412, 77, 41.125000, 83,         0,110,         1,116,         4
53C,2019/01/28 23:08:00, 50, 12.082912, 49,       128, 44,        95, 45,       124, 56, 34.311562, 64, 34.936523, 67, 710.83447, 72, 286.17438, 77, 40.968750, 83,         0,110,         1,116,         4
58C,2019/01/28 23:09:00, 50, 12.244141, 49,       128, 44,        95, 45,       124, 56, 34.311562, 64, 35.067749, 67, 710.83447, 72, 286.06213, 77, 41.031250, 83,         0,110,         1,116,         4
5CC,2019/01/28 23:10:00, 50, 10.736179, 49,       128, 44,        95, 45,       124, 56, 34.311562, 64, 34.948730, 67, 710.83447, 72, 286.04639, 77, 41.156250, 83,         0,110,         1,116,         4
5EC,2019/01/28 23:11:00, 50, 11.172287, 49,       128, 44,        95, 45,       124, 56, 34.311562, 64, 35.043335, 67, 710.83447, 72, 286.18134, 77, 41.125000, 83,         0,110,         1,116,         4
51C,2019/01/28 23:12:00, 50, 11.628773, 49,       128, 44,        95, 45,       124, 56, 34.311562, 64, 34.997559, 67, 710.83447, 72, 286.33179, 77, 41.062500, 83,         0,110,         1,116,         4
50C,2019/01/28 23:13:00, 50, 9.0790386, 49,       128, 44,        95, 45,       124, 56, 34.311562, 64, 35.006714, 67, 710.83447, 72, 287.01611, 77, 41.125000, 83,         0,110,         1,116,         4
5BC,2019/01/28 23:14:00, 50, 9.5725250, 49,       128, 44,        95, 45,       124, 56, 34.311562, 64, 34.927368, 67, 710.83447, 72, 286.95422, 77, 41.062500, 83,         0,110,         1,116,         4
5AC,2019/01/28 23:15:00, 50, 9.5746670, 49,       128, 44,        95, 45,       124, 56, 34.311562, 64, 35.067749, 67, 710.83447, 72, 286.73541, 77, 41.156250, 83,         0,110,         1,116,         4
53C,2019/01/28 23:16:00, 50, 10.771425, 49,       128, 44,        95, 45,       124, 56, 34.311562, 64, 34.963989, 67, 710.83447, 72, 286.81042, 77, 41.062500, 83,         0,110,         1,116,         4
51C,2019/01/28 23:17:00, 50, 12.447447, 49,       128, 44,        95, 45,       124, 56, 34.311562, 64, 34.988403, 67, 710.83447, 72, 286.32751, 77, 41.156250, 83,         0,110,         1,116,         4
5BC,2019/01/28 23:18:00, 50, 11.577421, 49,       128, 44,        95, 45,       124, 56, 34.311562, 64, 34.915161, 67, 710.83447, 72, 286.90765, 77, 41.187500, 83,         0,110,         1,116,         4
5AC,2019/01/28 23:19:00, 50, 10.956060, 49,       128, 44,        95, 45,       124, 56, 34.311562, 64, 35.122681, 67, 710.83447, 72, 286.81409, 77, 41.218750, 83,         0,110,         1,116,         4
5AC,2019/01/28 23:20:00, 50, 10.823622, 49,       128, 44,        95, 45,       124, 56, 34.311562, 64, 34.976196, 67, 710.83447, 72, 286.61047, 77, 41.218750, 83,         0,110,         1,116,         4
59C,2019/01/28 23:21:00, 50, 9.8386765, 49,       128, 44,        95, 45,       124, 56, 34.311562, 64, 34.899902, 67, 710.83447, 72, 286.70233, 77, 41.218750, 83,         0,110,         1,116,         4
54C,2019/01/28 23:22:00, 50, 12.732338, 49,       128, 44,        95, 45,       124, 56, 34.311562, 64, 35.101318, 67, 710.83447, 72, 286.73590, 77, 41.250000, 83,         0,110,         1,116,         4
5FC,2019/01/28 23:23:00, 50, 14.605738, 49,       128, 44,        95, 45,       124, 56, 34.311562, 64, 35.055542, 67, 710.83447, 72, 287.25177, 77, 41.281250, 83,         0,110,         1,116,         4
5CC,2019/01/28 23:24:00, 50, 13.880682, 49,       128, 44,        95, 45,       124, 56, 34.311562, 64, 34.890747, 67, 710.83447, 72, 287.17480, 77, 41.250000, 83,         0,110,         1,116,         4
5DC,2019/01/28 23:25:00, 50, 14.072182, 49,       128, 44,        95, 45,       124, 56, 34.311562, 64, 34.979248, 67, 710.83447, 72, 286.55157, 77, 41.343750, 83,         0,110,         1,116,         4
5CC,2019/01/28 23:26:00, 50, 13.240768, 49,       128, 44,        95, 45,       124, 56, 34.311562, 64, 35.128784, 67, 710.83447, 72, 286.87909, 77, 41.343750, 83,         0,110,         1,116,         4
54C,2019/01/28 23:27:00, 50, 12.094038, 49,       128, 44,        95, 45,       124, 56, 34.311562, 64, 35.021973, 67, 710.83447, 72, 287.03656, 77, 41.375000, 83,         0,110,         1,116,         4
5BC,2019/01/28 23:28:00, 50, 12.005913, 49,       128, 44,        95, 45,       124, 56, 34.311562, 64, 34.890747, 67, 710.83447, 72, 286.72437, 77, 41.375000, 83,         0,110,         1,116,         4
51C,2019/01/28 23:29:00, 50, 12.717091, 49,       128, 44,        95, 45,       124, 56, 34.311562, 64, 34.948730, 67, 710.83447, 72, 286.19122, 77, 41.406250, 83,         0,110,         1,116,         4
5DC,2019/01/28 23:30:00, 50, 12.891134, 49,       128, 44,        95, 45,       124, 56, 34.311562, 64, 35.095215, 67, 710.83447, 72, 286.05786, 77, 41.375000, 83,         0,110,         1,116,         4
5CC,2019/01/28 23:31:00, 50, 11.598166, 49,       128, 44,        95, 45,       124, 56, 34.311562, 64, 35.110474, 67, 710.83447, 72, 286.73126, 77, 41.375000, 83,         0,110,         1,116,         4
5DC,2019/01/28 23:32:00, 50, 13.372282, 49,       128, 44,        95, 45,       124, 56, 34.311562, 64, 34.997559, 67, 710.83447, 72, 287.00171, 77, 41.437500, 83,         0,110,         1,116,         4
52C,2019/01/28 23:33:00, 50, 14.190863, 49,       128, 44,        95, 45,       124, 56, 34.311562, 64, 34.902954, 67, 710.83447, 72, 286.72302, 77, 41.468750, 83,         0,110,         1,116,         4
59C,2019/01/28 23:34:00, 50, 14.341558, 49,       128, 44,        95, 45,       124, 56, 34.311562, 64, 34.890747, 67, 710.83447, 72, 286.86957, 77, 41.468750, 83,         0,110,         1,116,         4
50C,2019/01/28 23:35:00, 50, 13.654547, 49,       128, 44,        95, 45,       124, 56, 34.311562, 64, 34.957886, 67, 710.83447, 72, 287.48962, 77, 41.500000, 83,         0,110,         1,116,         4
55C,2019/01/28 23:36:00, 50, 12.979034, 49,       128, 44,        95, 45,       124, 56, 34.311562, 64, 35.049438, 67, 710.83447, 72, 287.40814, 77, 41.500000, 83,         0,110,         1,116,         4
57C,2019/01/28 23:37:00, 50, 13.387732, 49,       128, 44,        95, 45,       124, 56, 34.311562, 64, 35.107422, 67, 710.83447, 72, 287.63678, 77, 41.468750, 83,         0,110,         1,116,         4
52C,2019/01/28 23:38:00, 50, 13.636450, 49,       128, 44,        95, 45,       124, 56, 34.311562, 64, 35.125732, 67, 710.83447, 72, 287.35474, 77, 41.500000, 83,         0,110,         1,116,         4
5AC,2019/01/28 23:39:00, 50, 14.966352, 49,       128, 44,        95, 45,       124, 56, 34.311562, 64, 35.101318, 67, 710.83447, 72, 287.61725, 77, 41.468750, 83,         0,110,         1,116,         4
50C,2019/01/28 23:40:00, 50, 14.488325, 49,       128, 44,        95, 45,       124, 56, 34.311562, 64, 35.061646, 67, 710.83447, 72, 287.82050, 77, 41.531250, 83,         0,110,         1,116,         4
52C,2019/01/28 23:41:00, 50, 13.852102, 49,       128, 44,        95, 45,       124, 56, 34.311562, 64, 35.018921, 67, 710.83447, 72, 287.66534, 77, 41.500000, 83,         0,110,         1,116,         4
52C,2019/01/28 23:42:00, 50, 13.273670, 49,       128, 44,        95, 45,       124, 56, 34.311562, 64, 34.985352, 67, 710.83447, 72, 287.69733, 77, 41.500000, 83,         0,110,         1,116,         4
59C,2019/01/28 23:43:00, 50, 14.239685, 49,       128, 44,        95, 45,       124, 56, 34.311562, 64, 34.963989, 67, 710.83447, 72, 287.57788, 77, 41.500000, 83,         0,110,         1,116,         4
5AC,2019/01/28 23:44:00, 50, 13.641916, 49,       128, 44,        95, 45,       124, 56, 34.311562, 64, 34.945679, 67, 710.83447, 72, 287.75934, 77, 41.500000, 83,         0,110,         1,116,         4
58C,2019/01/28 23:45:00, 50, 12.991570, 49,       128, 44,        95, 45,       124, 56, 34.311562, 64, 34.939575, 67, 710.83447, 72, 287.71979, 77, 41.531250, 83,         0,110,         1,116,         4
50C,2019/01/28 23:46:00, 50, 13.781303, 49,       128, 44,        95, 45,       124, 56, 34.311562, 64, 34.939575, 67, 710.83447, 72, 287.55688, 77, 41.531250, 83,         0,110,         1,116,         4
56C,2019/01/28 23:47:00, 50, 14.045847, 49,       128, 44,        95, 45,       124, 56, 34.311562, 64, 34.951782, 67, 710.83447, 72, 287.56653, 77, 41.500000, 83,         0,110,         1,116,         4
5AC,2019/01/28 23:48:00, 50, 13.760843, 49,       128, 44,        95, 45,       124, 56, 34.311562, 64, 34.976196, 67, 710.83447, 72, 287.70337, 77, 41.531250, 83,         0,110,         1,116,         4
50C,2019/01/28 23:49:00, 50, 14.312870, 49,       128, 44,        95, 45,       124, 56, 34.311562, 64, 35.012817, 67, 710.83447, 72, 287.21033, 77, 41.562500, 83,         0,110,         1,116,         4
59C,2019/01/28 23:50:00, 50, 12.720757, 49,       128, 44,        95, 45,       124, 56, 34.311562, 64, 35.061646, 67, 710.83447, 72, 287.52417, 77, 41.562500, 83,         0,110,         1,116,         4
5DC,2019/01/28 23:51:00, 50, 12.720757, 49,       128, 44,        95, 45,       124, 56, 34.311562, 64, 35.104370, 67, 710.83447, 72, 287.52417, 77, 41.531250, 83,         4,110,         6,116,         4
5BC,2019/01/28 23:52:00, 50, 12.720757, 49,       128, 44,        95, 45,       124, 56, 34.311562, 64, 35.125732, 67, 710.83447, 72, 287.52417, 77, 41.562500, 83,         4,110,         6,116,         4
59C,2019/01/28 23:53:00, 50, 12.720757, 49,       128, 44,        95, 45,       124, 56, 34.311562, 64, 35.101318, 67, 710.83447, 72, 287.52417, 77, 41.593750, 83,         4,110,         6,116,         4
52C,2019/01/28 23:54:00, 50, 12.720757, 49,       128, 44,        95, 45,       124, 56, 34.311562, 64, 35.021973, 67, 710.83447, 72, 287.52417, 77, 41.562500, 83,         4,110,         7,116,         4
59C,2019/01/28 23:55:00, 50, 12.720757, 49,       128, 44,        95, 45,       124, 56, 34.311562, 64, 34.930420, 67, 710.83447, 72, 287.52417, 77, 41.593750, 83,         4,110,         7,116,         4
54C,2019/01/28 23:56:00, 50, 12.720757, 49,       128, 44,        95, 45,       124, 56, 34.311562, 64, 34.884644, 67, 710.83447, 72, 287.52417, 77, 41.593750, 83,         4,110,         7,116,         4
5FC,2019/01/28 23:57:00, 50, 12.720757, 49,       128, 44,        95, 45,       124, 56, 34.311562, 64, 34.927368, 67, 710.83447, 72, 287.52417, 77, 41.562500, 83,         4,110,         7,116,         4
57C,2019/01/28 23:58:00, 50, 12.720757, 49,       128, 44,        95, 45,       124, 56, 34.311562, 64, 35.046387, 67, 710.83447, 72, 287.52417, 77, 41.593750, 83,         4,110,         7,116,         4
57C,2019/01/28 23:59:00, 50, 12.720757, 49,       128, 44,        95, 45,       124, 56, 34.311562, 64, 35.125732, 67, 710.83447, 72, 287.52417, 77, 41.625000, 83,         0,110,         0,116,         4
