56C,2019/05/27 19:29:00, 50, 0.0000000, 51, 0.0000000, 52, 0.0000000, 49,        64, 56, 10.582877,116,         4, 72, 210.80939, 77, 20.625000,144, 0.0000000, 84, 0.0000000, 48,       104, 16,       141
50C,2019/05/27 19:30:00, 50, 0.0000000, 51, 0.0000000, 52, 0.0000000, 49,        64, 56, 10.582877,116,         4, 72, 206.11502, 77, 21.437500,144, 0.0000000, 84, 0.0000000, 48,       104, 16,       141
56C,2019/05/27 19:31:00, 50, 0.0000000, 51, 0.0000000, 52, 0.0000000, 49,        64, 56, 10.582877,116,         4, 72, 200.36734, 77, 22.031250,144, 0.0000000, 84, 0.0000000, 48,       104, 16,       141
5BC,2019/05/27 19:32:00, 50, 0.0000000, 51, 0.0000000, 52, 0.0000000, 49,        64, 56, 10.582877,116,         4, 72, 195.26166, 77, 22.562500,144, 0.0000000, 84, 0.0000000, 48,       104, 16,       141
52C,2019/05/27 19:33:00, 50, 0.0000000, 51, 0.0000000, 52, 0.0000000, 49,        64, 56, 10.582877,116,         4, 72, 191.07806, 77, 23.031250,144, 0.0000000, 84, 0.0000000, 48,       104, 16,       141
51C,2019/05/27 19:34:00, 50, 0.0000000, 51, 0.0000000, 52, 0.0000000, 49,        64, 56, 10.582877,116,         4, 72, 187.66864, 77, 23.500000,144, 0.0000000, 84, 0.0000000, 48,       104, 16,       141
5FC,2019/05/27 19:35:00, 50, 0.0000000, 51, 0.0000000, 52, 0.0000000, 49,        64, 56, 10.582877,116,         4, 72, 185.38562, 77, 23.937500,144, 0.0000000, 84, 0.0000000, 48,       104, 16,       141
57C,2019/05/27 19:36:00, 50, 0.0000000, 51, 0.0000000, 52, 0.0000000, 49,        64, 56, 10.582877,116,         4, 72, 183.54385, 77, 24.250000,144, 0.0000000, 84, 0.0000000, 48,       104, 16,       141
56C,2019/05/27 19:37:00, 50, 0.0000000, 51, 0.0000000, 52, 0.0000000, 49,        64, 56, 10.582877,116,         4, 72, 181.95139, 77, 24.593750,144, 0.0000000, 84, 0.0000000, 48,       104, 16,       141
5DC,2019/05/27 19:38:00, 50, 0.0000000, 51, 0.0000000, 52, 0.0000000, 49,        64, 56, 10.582877,116,         4, 72, 180.84406, 77, 25.000000,144, 0.0000000, 84, 0.0000000, 48,       104, 16,       141
5AC,2019/05/27 19:39:00, 50, 0.0000000, 51, 0.0000000, 52, 0.0000000, 49,        64, 56, 10.582877,116,         4, 72, 179.88803, 77, 25.437500,144, 0.0000000, 84, 0.0000000, 48,       104, 16,       141
59C,2019/05/27 19:40:00, 50, 0.0000000, 51, 0.0000000, 52, 0.0000000, 49,        64, 56, 10.582877,116,         4, 72, 179.33661, 77, 25.750000,144, 0.0000000, 84, 0.0000000, 48,       104, 16,       141
5EC,2019/05/27 19:41:00, 50, 0.0000000, 51, 0.0000000, 52, 0.0000000, 49,        64, 56, 10.582877,116,         4, 72, 178.73920, 77, 26.093750,144, 0.0000000, 84, 0.0000000, 48,       104, 16,       141
52C,2019/05/27 19:42:00, 50, 0.0000000, 51, 0.0000000, 52, 0.0000000, 49,        64, 56, 10.582877,116,         4, 72, 177.86862, 77, 26.406250,144, 0.0000000, 84, 0.0000000, 48,       104, 16,       141
5CC,2019/05/27 19:43:00, 50, 0.0000000, 51, 0.0000000, 52, 0.0000000, 49,        64, 56, 10.582877,116,         4, 72, 176.78497, 77, 26.718750,144, 0.0000000, 84, 0.0000000, 48,       104, 16,       141
57C,2019/05/27 19:44:00, 50, 0.0000000, 51, 0.0000000, 52, 0.0000000, 49,        64, 56, 10.582877,116,         4, 72, 176.75363, 77, 27.000000,144, 0.0000000, 84, 0.0000000, 48,       104, 16,       141
5DC,2019/05/27 19:45:00, 50, 0.0000000, 51, 0.0000000, 52, 0.0000000, 49,        64, 56, 10.582877,116,         4, 72, 176.75510, 77, 27.218750,144, 0.0000000, 84, 0.0000000, 48,       104, 16,       141
53C,2019/05/27 19:46:00, 50, 0.0000000, 51, 0.0000000, 52, 0.0000000, 49,        64, 56, 10.582877,116,         4, 72, 176.91492, 77, 27.500000,144, 0.0000000, 84, 0.0000000, 48,       104, 16,       141
5AC,2019/05/27 19:47:00, 50, 0.0000000, 51, 0.0000000, 52, 0.0000000, 49,        64, 56, 10.582877,116,         4, 72, 176.34625, 77, 27.687500,144, 0.0000000, 84, 0.0000000, 48,       104, 16,       141
5CC,2019/05/27 19:48:00, 50, 0.0000000, 51, 0.0000000, 52, 0.0000000, 49,        64, 56, 10.582877,116,         4, 72, 176.41873, 77, 27.875000,144, 0.0000000, 84, 0.0000000, 48,       104, 16,       141
53C,2019/05/27 19:49:00, 50, 0.0000000, 51, 0.0000000, 52, 0.0000000, 49,        64, 56, 10.582877,116,         4, 72, 175.98489, 77, 28.031250,144, 0.0000000, 84, 0.0000000, 48,       104, 16,       141
5DC,2019/05/27 19:50:00, 50, 0.0000000, 51, 0.0000000, 52, 0.0000000, 49,        64, 56, 10.582877,116,         4, 72, 176.40521, 77, 28.125000,144, 0.0000000, 84, 0.0000000, 48,       104, 16,       141
5AC,2019/05/27 19:51:00, 50, 0.0000000, 51, 0.0000000, 52, 0.0000000, 49,        64, 56, 10.582877,116,         4, 72, 176.60901, 77, 28.281250,144, 0.0000000, 84, 0.0000000, 48,       104, 16,       141
53C,2019/05/27 19:52:00, 50, 0.0000000, 51, 0.0000000, 52, 0.0000000, 49,        64, 56, 10.582877,116,         4, 72, 176.48450, 77, 28.406250,144, 0.0000000, 84, 0.0000000, 48,       104, 16,       141
52C,2019/05/27 19:53:00, 50, 0.0000000, 51, 0.0000000, 52, 0.0000000, 49,        64, 56, 10.582877,116,         4, 72, 176.79614, 77, 28.500000,144, 0.0000000, 84, 0.0000000, 48,       104, 16,       141
53C,2019/05/27 19:54:00, 50, 0.0000000, 51, 0.0000000, 52, 0.0000000, 49,        64, 56, 10.582877,116,         4, 72, 177.13843, 77, 28.656250,144, 0.0000000, 84, 0.0000000, 48,       104, 16,       141
5EC,2019/05/27 19:55:00, 50, 0.0000000, 51, 0.0000000, 52, 0.0000000, 49,        64, 56, 10.582877,116,         4, 72, 177.37082, 77, 28.843750,144, 0.0000000, 84, 0.0000000, 48,       104, 16,       141
5CC,2019/05/27 19:56:00, 50, 0.0000000, 51, 0.0000000, 52, 0.0000000, 49,        64, 56, 10.582877,116,         4, 72, 177.26254, 77, 28.968750,144, 0.0000000, 84, 0.0000000, 48,       104, 16,       141
5EC,2019/05/27 19:57:00, 50, 0.0000000, 51, 0.0000000, 52, 0.0000000, 49,        64, 56, 10.582877,116,         4, 72, 177.28436, 77, 29.187500,144, 0.0000000, 84, 0.0000000, 48,       104, 16,       141
51C,2019/05/27 19:58:00, 50, 0.0000000, 51, 0.0000000, 52, 0.0000000, 49,        64, 56, 10.582877,116,         4, 72, 177.32150, 77, 29.312500,144, 0.0000000, 84, 0.0000000, 48,       104, 16,       141
54C,2019/05/27 19:59:00, 50, 0.0000000, 51, 0.0000000, 52, 0.0000000, 49,        64, 56, 10.582877,116,         4, 72, 177.12064, 77, 29.500000,144, 0.0000000, 84, 0.0000000, 48,       104, 16,       141
57C,2019/05/27 20:00:00, 50, 0.0000000, 51, 0.0000000, 52, 0.0000000, 49,        64, 56, 10.582877,116,         4, 72, 176.97354, 77, 29.687500,144, 0.0000000, 84, 0.0000000, 48,       104, 16,       141
53C,2019/05/27 20:01:00, 50, 0.0000000, 51, 0.0000000, 52, 0.0000000, 49,        64, 56, 10.582877,116,         4, 72, 176.83289, 77, 29.843750,144, 0.0000000, 84, 0.0000000, 48,       104, 16,       141
5BC,2019/05/27 20:02:00, 50, 0.0000000, 51, 0.0000000, 52, 0.0000000, 49,        64, 56, 10.582877,116,         4, 72, 177.25302, 77, 30.062500,144, 0.0000000, 84, 0.0000000, 48,       104, 16,       141
50C,2019/05/27 20:03:00, 50, 0.0000000, 51, 0.0000000, 52, 0.0000000, 49,        64, 56, 10.582877,116,         4, 72, 177.30933, 77, 30.250000,144, 0.0000000, 84, 0.0000000, 48,       104, 16,       141
5CC,2019/05/27 20:04:00, 50, 0.0000000, 51, 0.0000000, 52, 0.0000000, 49,        64, 56, 10.582877,116,         4, 72, 176.96094, 77, 30.437500,144, 0.0000000, 84, 0.0000000, 48,       104, 16,       141
57C,2019/05/27 20:05:00, 50, 1.1598012, 51, 17.079973, 52, 15.920174, 49,        64, 56, 10.582877,116,         4, 72, 176.95593, 77, 30.625000,144, 0.0000000, 84, 0.0000000, 48,       104, 16,       141
5DC,2019/05/27 20:06:00, 50, 29.733700, 51, 107.75820, 52, 78.024506, 49,        64, 56, 10.582877,116,         4, 72, 176.63550, 77, 30.812500,144, 0.0000000, 84, 0.0000000, 48,       104, 16,       141
5BC,2019/05/27 20:07:00, 50, 31.587185, 51, 141.31573, 52, 109.72856, 49,        64, 56, 10.582877,116,         4, 72, 176.56573, 77, 31.031250,144, 0.0000000, 84, 0.0000000, 48,       104, 16,       141
54C,2019/05/27 20:08:00, 50, 45.687553, 51, 139.80037, 52, 94.112823, 49,        64, 56, 10.582877,116,         4, 72, 176.35944, 77, 31.250000,144, 0.0000000, 84, 0.0000000, 48,       104, 16,       141
5DC,2019/05/27 20:09:00, 50, 70.976685, 51, 178.73836, 52, 107.76167, 49,        64, 56, 10.582877,116,         4, 72, 176.21014, 77, 31.468750,144, 0.0000000, 84, 0.0000000, 48,       104, 16,       141
5BC,2019/05/27 20:10:00, 50, 73.338547, 51, 168.20444, 52, 94.865891, 49,        64, 56, 10.582877,116,         4, 72, 176.04437, 77, 31.500000,144, 0.0000000, 84, 0.0000000, 48,       104, 16,       141
59C,2019/05/27 20:11:00, 50, 84.527496, 51, 170.53009, 52, 86.002594, 49,        64, 56, 10.582877,116,         4, 72, 176.09100, 77, 31.406250,144, 0.0000000, 84, 0.0000000, 48,       104, 16,       141
57C,2019/05/27 20:12:00, 50, 79.750107, 51, 144.06912, 52, 64.319016, 49,        64, 56, 10.582877,116,         4, 72, 176.03110, 77, 31.531250,144, 0.0000000, 84, 0.0000000, 48,       104, 16,       141
55C,2019/05/27 20:13:00, 50, 72.645065, 51, 129.89214, 52, 57.247078, 49,        64, 56, 10.582877,116,         4, 72, 175.92828, 77, 31.750000,144, 0.0000000, 84, 0.0000000, 48,       104, 16,       141
52C,2019/05/27 20:14:00, 50, 51.337936, 51, 134.70686, 52, 83.368927, 49,        64, 56, 10.582877,116,         4, 72, 176.04108, 77, 31.906250,144, 0.0000000, 84, 0.0000000, 48,       104, 16,       141
5CC,2019/05/27 20:15:00, 50, 61.609375, 51, 153.12860, 52, 91.519226, 49,        64, 56, 10.582877,116,         4, 72, 176.11508, 77, 32.093750,144, 0.0000000, 84, 0.0000000, 48,       104, 16,       141
5FC,2019/05/27 20:16:00, 50, 75.387100, 51, 141.73473, 52, 66.347626, 49,        64, 56, 10.582877,116,         4, 72, 176.18976, 77, 32.218750,144, 0.0000000, 84, 0.0000000, 48,       104, 16,       141
5DC,2019/05/27 20:17:00, 50, 71.740173, 51, 125.17233, 52, 53.432152, 49,        64, 56, 10.582877,116,         4, 72, 176.43365, 77, 32.343750,144, 0.0000000, 84, 0.0000000, 48,       104, 16,       141
51C,2019/05/27 20:18:00, 50, 110.97752, 51, 225.61560, 52, 114.63808, 49,        64, 56, 10.582877,116,         4, 72, 176.59714, 77, 32.500000,144, 0.0000000, 84, 0.0000000, 48,       104, 16,       141
58C,2019/05/27 20:19:00, 50, 75.060974, 51, 178.62770, 52, 103.56673, 49,        64, 56, 10.582877,116,         4, 72, 176.87564, 77, 32.656250,144, 0.0000000, 84, 0.0000000, 48,       104, 16,       141
53C,2019/05/27 20:20:00, 50, 108.10976, 51, 157.97821, 52, 49.868462, 49,        64, 56, 10.582877,116,         4, 72, 177.00259, 77, 32.812500,144, 0.0000000, 84, 0.0000000, 48,       104, 16,       141
5CC,2019/05/27 20:21:00, 50, 78.644897, 51, 131.79865, 52, 53.153748, 49,        64, 56, 10.582877,116,         4, 72, 176.80515, 77, 32.906250,144, 0.0000000, 84, 0.0000000, 48,       104, 16,       141
5EC,2019/05/27 20:22:00, 50, 86.483459, 51, 137.05701, 52, 50.573547, 49,        64, 56, 10.582877,116,         4, 72, 176.84366, 77, 33.000000,144, 0.0000000, 84, 0.0000000, 48,       104, 16,       141
5DC,2019/05/27 20:23:00, 50, 81.688232, 51, 156.02710, 52, 74.338867, 49,        64, 56, 10.582877,116,         4, 72, 176.86743, 77, 33.125000,144, 0.0000000, 84, 0.0000000, 48,       104, 16,       141
57C,2019/05/27 20:24:00, 50, 120.00975, 51, 191.83028, 52, 71.820526, 49,        64, 56, 10.582877,116,         4, 72, 176.97070, 77, 33.218750,144, 0.0000000, 84, 0.0000000, 48,       104, 16,       141
57C,2019/05/27 20:25:00, 50, 98.261978, 51, 174.70837, 52, 76.446396, 49,        64, 56, 10.582877,116,         4, 72, 177.15656, 77, 33.281250,144, 0.0000000, 84, 0.0000000, 48,       104, 16,       141
57C,2019/05/27 20:26:00, 50, 95.438248, 51, 159.28210, 52, 63.843864, 49,        64, 56, 10.582877,116,         4, 72, 177.45700, 77, 33.375000,144, 0.0000000, 84, 0.0000000, 48,       104, 16,       141
55C,2019/05/27 20:27:00, 50, 94.673828, 51, 100.87672, 52, 6.2028933, 49,        64, 56, 10.582877,116,         4, 72, 177.90350, 77, 33.437500,144, 0.0000000, 84, 0.0000000, 48,       104, 16,       141
51C,2019/05/27 20:28:00, 50, 72.275482, 51, 127.76389, 52, 55.488403, 49,        64, 56, 10.582877,116,         4, 72, 178.16150, 77, 33.500000,144, 0.0000000, 84, 0.0000000, 48,       104, 16,       141
58C,2019/05/27 20:29:00, 50, 74.246414, 51, 135.61700, 52, 61.370598, 49,        64, 56, 10.582877,116,         4, 72, 178.39026, 77, 33.593750,144, 0.0000000, 84, 0.0000000, 48,       104, 16,       141
5CC,2019/05/27 20:30:00, 50, 83.011551, 51, 146.20921, 52, 63.197662, 49,        64, 56, 10.582877,116,         4, 72, 178.25528, 77, 33.687500,144, 0.0000000, 84, 0.0000000, 48,       104, 16,       141
55C,2019/05/27 20:31:00, 50, 78.532532, 51, 139.98631, 52, 61.453789, 49,        64, 56, 10.582877,116,         4, 72, 177.66309, 77, 33.750000,144, 0.0000000, 84, 0.0000000, 48,       104, 16,       141
5CC,2019/05/27 20:32:00, 50, 84.638931, 51, 142.52507, 52, 57.886147, 49,        64, 56, 10.582877,116,         4, 72, 177.35342, 77, 33.843750,144, 0.0000000, 84, 0.0000000, 48,       104, 16,       141
55C,2019/05/27 20:33:00, 50, 72.498489, 51, 128.79373, 52, 56.295242, 49,        64, 56, 10.582877,116,         4, 72, 177.45258, 77, 33.937500,144, 0.0000000, 84, 0.0000000, 48,       104, 16,       141
5EC,2019/05/27 20:34:00, 50, 88.481369, 51, 128.35793, 52, 39.876564, 49,        64, 56, 10.582877,116,         4, 72, 177.83945, 77, 34.031250,144, 0.0000000, 84, 0.0000000, 48,       104, 16,       141
5CC,2019/05/27 20:35:00, 50, 186.58447, 51, 290.29205, 52, 103.70758, 49,        64, 56, 10.582877,116,         4, 72, 178.03351, 77, 34.125000,144, 0.0000000, 84, 0.0000000, 48,       104, 16,       141
5BC,2019/05/27 20:36:00, 50, 115.35001, 51, 162.99472, 52, 47.644722, 49,        64, 56, 10.582877,116,         4, 72, 178.05212, 77, 34.187500,144, 0.0000000, 84, 0.0000000, 48,       104, 16,       141
5CC,2019/05/27 20:37:00, 50, 139.21490, 51, 206.19090, 52, 66.975998, 49,        64, 56, 10.582877,116,         4, 72, 178.24850, 77, 34.312500,144, 0.0000000, 84, 0.0000000, 48,       104, 16,       141
5EC,2019/05/27 20:38:00, 50, 53.439560, 51, 150.04684, 52, 96.607285, 49,        64, 56, 10.582877,116,         4, 72, 178.54703, 77, 34.406250,144, 0.0000000, 84, 0.0000000, 48,       104, 16,       141
58C,2019/05/27 20:39:00, 50, 63.161125, 51, 131.47646, 52, 68.315338, 49,        64, 56, 10.582877,116,         4, 72, 178.87836, 77, 34.500000,144, 0.0000000, 84, 0.0000000, 48,       104, 16,       141
5DC,2019/05/27 20:40:00, 50, 40.221283, 51, 129.71884, 52, 89.497559, 49,        64, 56, 10.582877,116,         4, 72, 178.86081, 77, 34.593750,144, 0.0000000, 84, 0.0000000, 48,       104, 16,       141
53C,2019/05/27 20:41:00, 50, 54.679489, 51, 114.20110, 52, 59.521614, 49,        64, 56, 10.582877,116,         4, 72, 178.39484, 77, 34.656250,144, 0.0000000, 84, 0.0000000, 48,       104, 16,       141
53C,2019/05/27 20:42:00, 50, 55.556122, 51, 104.30402, 52, 48.747894, 49,        64, 56, 10.582877,116,         4, 72, 177.98996, 77, 34.750000,144, 0.0000000, 84, 0.0000000, 48,       104, 16,       141
55C,2019/05/27 20:43:00, 50, 51.994987, 51, 105.64247, 52, 53.647484, 49,        64, 56, 10.582877,116,         4, 72, 177.73459, 77, 34.812500,144, 0.0000000, 84, 0.0000000, 48,       104, 16,       141
5CC,2019/05/27 20:44:00, 50, 114.11737, 51, 150.70117, 52, 36.583809, 49,        64, 56, 10.582877,116,         4, 72, 177.77667, 77, 34.937500,144, 0.0000000, 84, 0.0000000, 48,       104, 16,       141
5CC,2019/05/27 20:45:00, 50, 120.92029, 51, 140.99173, 52, 20.071453, 49,        64, 56, 10.582877,116,         4, 72, 177.98233, 77, 35.000000,144, 0.0000000, 84, 0.0000000, 48,       104, 16,       141
54C,2019/05/27 20:46:00, 50, 103.70387, 51, 108.47894, 52, 4.7750635, 49,        64, 56, 10.582877,116,         4, 72, 178.23367, 77, 35.125000,144, 0.0000000, 84, 0.0000000, 48,       104, 16,       141
5CC,2019/05/27 20:47:00, 50, 40.558540, 51, 120.39902, 52, 79.840485, 49,        64, 56, 10.582877,116,         4, 72, 178.57523, 77, 35.218750,144, 0.0000000, 84, 0.0000000, 48,       104, 16,       141
50C,2019/05/27 20:48:00, 50, 32.531517, 51, 100.59768, 52, 68.066162, 49,        64, 56, 10.582877,116,         4, 72, 178.73047, 77, 35.312500,144, 0.0000000, 84, 0.0000000, 48,       104, 16,       141
5FC,2019/05/27 20:49:00, 50, 60.869392, 51, 139.61719, 52, 78.747803, 49,        64, 56, 10.582877,116,         4, 72, 178.91364, 77, 35.437500,144, 0.0000000, 84, 0.0000000, 48,       104, 16,       141
56C,2019/05/27 20:50:00, 50, 56.835876, 51, 118.30720, 52, 61.471321, 49,        64, 56, 10.582877,116,         4, 72, 179.02438, 77, 35.562500,144, 0.0000000, 84, 0.0000000, 48,       104, 16,       141
5AC,2019/05/27 20:51:00, 50, 58.241737, 51, 105.80962, 52, 47.567886, 49,        64, 56, 10.582877,116,         4, 72, 179.25052, 77, 35.656250,144, 0.0000000, 84, 0.0000000, 48,       104, 16,       141
55C,2019/05/27 20:52:00, 50, 86.988586, 51, 106.72710, 52, 19.738514, 49,        64, 56, 10.582877,116,         4, 72, 179.65771, 77, 35.781250,144, 0.0000000, 84, 0.0000000, 48,       104, 16,       141
57C,2019/05/27 20:53:00, 50, 54.951645, 51, 134.48212, 52, 79.530472, 49,        64, 56, 10.582877,116,         4, 72, 179.93085, 77, 35.875000,144, 0.0000000, 84, 0.0000000, 48,       104, 16,       141
5EC,2019/05/27 20:54:00, 50, 120.64651, 51, 175.64857, 52, 55.002068, 49,        64, 56, 10.582877,116,         4, 72, 180.26108, 77, 35.968750,144, 0.0000000, 84, 0.0000000, 48,       104, 16,       141
51C,2019/05/27 20:55:00, 50, 132.67877, 51, 144.21655, 52, 11.537781, 49,        64, 56, 10.582877,116,         4, 72, 180.51547, 77, 36.062500,144, 0.0000000, 84, 0.0000000, 48,       104, 16,       141
5BC,2019/05/27 20:56:00, 50, 52.194542, 51, 121.71746, 52, 69.522919, 49,        64, 56, 10.582877,116,         4, 72, 180.61383, 77, 36.156250,144, 0.0000000, 84, 0.0000000, 48,       104, 16,       141
59C,2019/05/27 20:57:00, 50, 37.926414, 51, 83.925034, 52, 45.998619, 49,        64, 56, 10.582877,116,         4, 72, 180.74442, 77, 36.250000,144, 0.0000000, 84, 0.0000000, 48,       104, 16,       141
5DC,2019/05/27 20:58:00, 50, 75.995422, 51, 100.70386, 52, 24.708435, 49,        64, 56, 10.582877,116,         4, 72, 180.92548, 77, 36.375000,144, 0.0000000, 84, 0.0000000, 48,       104, 16,       141
5AC,2019/05/27 20:59:00, 50, 54.468468, 51, 88.804123, 52, 34.335655, 49,        64, 56, 10.582877,116,         4, 72, 181.17368, 77, 36.437500,144, 0.0000000, 84, 0.0000000, 48,       104, 16,       141
52C,2019/05/27 21:00:00, 50, 66.707031, 51, 145.47656, 52, 78.769531, 49,        64, 56, 10.582877,116,         4, 72, 181.28119, 77, 36.500000,144, 0.0000000, 84, 0.0000000, 48,       104, 16,       141
56C,2019/05/27 21:01:00, 50, 36.649910, 51, 116.77421, 52, 80.124298, 49,        64, 56, 10.582877,116,         4, 72, 181.22855, 77, 36.562500,144, 0.0000000, 84, 0.0000000, 48,       104, 16,       141
5CC,2019/05/27 21:02:00, 50, 56.530701, 51, 106.10368, 52, 49.572975, 49,        64, 56, 10.582877,116,         4, 72, 181.24744, 77, 36.625000,144, 0.0000000, 84, 0.0000000, 48,       104, 16,       141
5FC,2019/05/27 21:03:00, 50, 25.699963, 51, 96.371452, 52, 70.671494, 49,        64, 56, 10.582877,116,         4, 72, 181.02420, 77, 36.656250,144, 0.0000000, 84, 0.0000000, 48,       104, 16,       141
56C,2019/05/27 21:04:00, 50, 54.007187, 51, 103.66373, 52, 49.656548, 49,        64, 56, 10.582877,116,         4, 72, 181.04327, 77, 36.718750,144, 0.0000000, 84, 0.0000000, 48,       104, 16,       141
5AC,2019/05/27 21:05:00, 50, 50.208549, 51, 97.711311, 52, 47.502762, 49,        64, 56, 10.582877,116,         4, 72, 181.18259, 77, 36.750000,144, 0.0000000, 84, 0.0000000, 48,       104, 16,       141
5CC,2019/05/27 21:06:00, 50, 68.782150, 51, 70.118523, 52, 1.3363791, 49,        64, 56, 10.582877,116,         4, 72, 181.36060, 77, 36.812500,144, 0.0000000, 84, 0.0000000, 48,       104, 16,       141
5AC,2019/05/27 21:07:00, 50, 59.900787, 51, 87.005402, 52, 27.104618, 49,        64, 56, 10.582877,116,         4, 72, 181.44907, 77, 36.843750,144, 0.0000000, 84, 0.0000000, 48,       104, 16,       141
5BC,2019/05/27 21:08:00, 50, 52.830276, 51, 103.57317, 52, 50.742889, 49,        64, 56, 10.582877,116,         4, 72, 181.29623, 77, 36.906250,144, 0.0000000, 84, 0.0000000, 48,       104, 16,       141
5DC,2019/05/27 21:09:00, 50, 58.128395, 51, 119.35041, 52, 61.222015, 49,        64, 56, 10.582877,116,         4, 72, 181.32285, 77, 36.937500,144, 0.0000000, 84, 0.0000000, 48,       104, 16,       141
5AC,2019/05/27 21:10:00, 50, 62.752274, 51, 112.43620, 52, 49.683922, 49,        64, 56, 10.582877,116,         4, 72, 181.39548, 77, 36.968750,144, 0.0000000, 84, 0.0000000, 48,       104, 16,       141
5EC,2019/05/27 21:11:00, 50, 65.228043, 51, 121.17367, 52, 55.945625, 49,        64, 56, 10.582877,116,         4, 72, 181.36584, 77, 37.000000,144, 0.0000000, 84, 0.0000000, 48,       104, 16,       141
51C,2019/05/27 21:12:00, 50, 132.05347, 51, 112.90820, 52,-19.145275, 49,        64, 56, 10.582877,116,         4, 72, 181.45398, 77, 37.062500,144, 0.0000000, 84, 0.0000000, 48,       104, 16,       141
53C,2019/05/27 21:13:00, 50, 42.578072, 51, 108.26594, 52, 65.687866, 49,        64, 56, 10.582877,116,         4, 72, 181.58478, 77, 37.093750,144, 0.0000000, 84, 0.0000000, 48,       104, 16,       141
51C,2019/05/27 21:14:00, 50, 53.460419, 51, 78.653854, 52, 25.193436, 49,        64, 56, 10.582877,116,         4, 72, 181.87158, 77, 37.156250,144, 0.0000000, 84, 0.0000000, 48,       104, 16,       141
52C,2019/05/27 21:15:00, 50, 38.478111, 51, 100.78035, 52, 62.302238, 49,        64, 56, 10.582877,116,         4, 72, 182.09232, 77, 37.187500,144, 0.0000000, 84, 0.0000000, 48,       104, 16,       141
5EC,2019/05/27 21:16:00, 50, 29.382130, 51, 83.193512, 52, 53.811386, 49,        64, 56, 10.582877,116,         4, 72, 182.11700, 77, 37.218750,144, 0.0000000, 84, 0.0000000, 48,       104, 16,       141
56C,2019/05/27 21:17:00, 50, 30.556030, 51, 88.252228, 52, 57.696198, 49,        64, 56, 10.582877,116,         4, 72, 182.24008, 77, 37.281250,144, 0.0000000, 84, 0.0000000, 48,       104, 16,       141
53C,2019/05/27 21:18:00, 50, 35.729027, 51, 59.904694, 52, 24.175667, 49,        64, 56, 10.582877,116,         4, 72, 182.36395, 77, 37.312500,144, 0.0000000, 84, 0.0000000, 48,       104, 16,       141
5EC,2019/05/27 21:19:00, 50, 36.510971, 51, 79.354462, 52, 42.843491, 49,        64, 56, 10.582877,116,         4, 72, 182.21622, 77, 37.343750,144, 0.0000000, 84, 0.0000000, 48,       104, 16,       141
51C,2019/05/27 21:20:00, 50, 78.182816, 51, 133.13780, 52, 54.954987, 49,        64, 56, 10.582877,116,         4, 72, 181.08267, 77, 37.375000,144, 0.0000000, 84, 0.0000000, 48,       104, 16,       141
5EC,2019/05/27 21:21:00, 50, 42.325546, 51, 103.06509, 52, 60.739540, 49,        64, 56, 10.582877,116,         4, 72, 178.52087, 77, 37.437500,144, 0.0000000, 84, 0.0000000, 48,       104, 16,       141
55C,2019/05/27 21:22:00, 50, 57.824455, 51, 79.436195, 52, 21.611744, 49,        64, 56, 10.582877,116,         4, 72, 176.23099, 77, 37.437500,144, 0.0000000, 84, 0.0000000, 48,       104, 16,       141
56C,2019/05/27 21:23:00, 50, 92.095734, 51, 129.31210, 52, 37.216377, 49,        64, 56, 10.582877,116,         4, 72, 174.81619, 77, 37.500000,144, 0.0000000, 84, 0.0000000, 48,       104, 16,       141
51C,2019/05/27 21:24:00, 50, 49.368790, 51, 105.73579, 52, 56.367004, 49,        64, 56, 10.582877,116,         4, 72, 174.94537, 77, 37.531250,144, 0.0000000, 84, 0.0000000, 48,       104, 16,       141
54C,2019/05/27 21:25:00, 50, 38.350403, 51, 59.098930, 52, 20.748528, 49,        64, 56, 10.582877,116,         4, 72, 175.72751, 77, 37.562500,144, 0.0000000, 84, 0.0000000, 48,       104, 16,       141
5FC,2019/05/27 21:26:00, 50, 43.494194, 51, 98.354729, 52, 54.860535, 49,        64, 56, 10.582877,116,         4, 72, 176.22031, 77, 37.625000,144, 0.0000000, 84, 0.0000000, 48,       104, 16,       141
51C,2019/05/27 21:27:00, 50, 46.565414, 51, 104.10110, 52, 57.535683, 49,        64, 56, 10.582877,116,         4, 72, 176.41241, 77, 37.656250,144, 0.0000000, 84, 0.0000000, 48,       104, 16,       141
58C,2019/05/27 21:28:00, 50, 43.538803, 51, 101.55839, 52, 58.019585, 49,        64, 56, 10.582877,116,         4, 72, 176.65900, 77, 37.687500,144, 0.0000000, 84, 0.0000000, 48,       104, 16,       141
5DC,2019/05/27 21:29:00, 50, 62.486404, 51, 102.11094, 52, 39.624535, 49,        64, 56, 10.582877,116,         4, 72, 176.96173, 77, 37.718750,144, 0.0000000, 84, 0.0000000, 48,       104, 16,       141
5DC,2019/05/27 21:30:00, 50, 65.759949, 51, 126.44051, 52, 60.680565, 49,        64, 56, 10.582877,116,         4, 72, 177.16617, 77, 37.750000,144, 0.0000000, 84, 0.0000000, 48,       104, 16,       141
55C,2019/05/27 21:31:00, 50, 61.949120, 51, 111.80833, 52, 49.859207, 49,        64, 56, 10.582877,116,         4, 72, 177.49969, 77, 37.781250,144, 0.0000000, 84, 0.0000000, 48,       104, 16,       141
54C,2019/05/27 21:32:00, 50, 68.225983, 51, 109.98884, 52, 41.762856, 49,        64, 56, 10.582877,116,         4, 72, 177.80222, 77, 37.812500,144, 0.0000000, 84, 0.0000000, 48,       104, 16,       141
54C,2019/05/27 21:33:00, 50, 63.451164, 51, 111.54445, 52, 48.093285, 49,        64, 56, 10.582877,116,         4, 72, 177.78040, 77, 37.843750,144, 0.0000000, 84, 0.0000000, 48,       104, 16,       141
50C,2019/05/27 21:34:00, 50, 46.874893, 51, 115.01079, 52, 68.135895, 49,        64, 56, 10.582877,116,         4, 72, 177.82434, 77, 37.875000,144, 0.0000000, 84, 0.0000000, 48,       104, 16,       141
5BC,2019/05/27 21:35:00, 50, 35.682854, 51, 108.61594, 52, 72.933090, 49,        64, 56, 10.582877,116,         4, 72, 178.02374, 77, 37.906250,144, 0.0000000, 84, 0.0000000, 48,       104, 16,       141
54C,2019/05/27 21:36:00, 50, 61.629814, 51, 118.68308, 52, 57.053268, 49,        64, 56, 10.582877,116,         4, 72, 178.35129, 77, 37.937500,144, 0.0000000, 84, 0.0000000, 48,       104, 16,       141
51C,2019/05/27 21:37:00, 50, 65.874283, 51, 113.31455, 52, 47.440269, 49,        64, 56, 10.582877,116,         4, 72, 178.58725, 77, 37.968750,144, 0.0000000, 84, 0.0000000, 48,       104, 16,       141
54C,2019/05/27 21:38:00, 50, 67.042816, 51, 109.70934, 52, 42.666527, 49,        64, 56, 10.582877,116,         4, 72, 178.69589, 77, 38.031250,144, 0.0000000, 84, 0.0000000, 48,       104, 16,       141
5EC,2019/05/27 21:39:00, 50, 112.22829, 51, 166.83110, 52, 54.602814, 49,        64, 56, 10.582877,116,         4, 72, 178.69476, 77, 38.031250,144, 0.0000000, 84, 0.0000000, 48,       104, 16,       141
54C,2019/05/27 21:40:00, 50, 116.26964, 51, 147.69614, 52, 31.426506, 49,        64, 56, 10.582877,116,         4, 72, 178.29523, 77, 38.062500,144, 0.0000000, 84, 0.0000000, 48,       104, 16,       141
5AC,2019/05/27 21:41:00, 50, 50.870056, 51, 131.87546, 52, 81.005402, 49,        64, 56, 10.582877,116,         4, 72, 177.98810, 77, 38.093750,144, 0.0000000, 84, 0.0000000, 48,       104, 16,       141
59C,2019/05/27 21:42:00, 50, 68.343521, 51, 160.02278, 52, 91.679260, 49,        64, 56, 10.582877,116,         4, 72, 178.01550, 77, 38.125000,144, 0.0000000, 84, 0.0000000, 48,       104, 16,       141
5BC,2019/05/27 21:43:00, 50, 48.710732, 51, 96.294037, 52, 47.583305, 49,        64, 56, 10.582877,116,         4, 72, 178.08578, 77, 38.156250,144, 0.0000000, 84, 0.0000000, 48,       104, 16,       141
54C,2019/05/27 21:44:00, 50, 64.382660, 51, 96.630043, 52, 32.247383, 49,        64, 56, 10.582877,116,         4, 72, 178.44568, 77, 38.218750,144, 0.0000000, 84, 0.0000000, 48,       104, 16,       141
57C,2019/05/27 21:45:00, 50, 56.829597, 51, 121.24172, 52, 64.412125, 49,        64, 56, 10.582877,116,         4, 72, 178.80673, 77, 38.281250,144, 0.0000000, 84, 0.0000000, 48,       104, 16,       141
5AC,2019/05/27 21:46:00, 50, 82.787125, 51, 111.66945, 52, 28.882328, 49,        64, 56, 10.582877,116,         4, 72, 178.83414, 77, 38.343750,144, 0.0000000, 84, 0.0000000, 48,       104, 16,       141
59C,2019/05/27 21:47:00, 50, 113.37971, 51, 150.94699, 52, 37.567276, 49,        64, 56, 10.582877,116,         4, 72, 178.10886, 77, 38.375000,144, 0.0000000, 84, 0.0000000, 48,       104, 16,       141
55C,2019/05/27 21:48:00, 50, 113.70561, 51, 151.61720, 52, 37.911598, 49,        64, 56, 10.582877,116,         4, 72, 176.94870, 77, 38.437500,144, 0.0000000, 84, 0.0000000, 48,       104, 16,       141
57C,2019/05/27 21:49:00, 50, 107.57812, 51, 168.32765, 52, 60.749535, 49,        64, 56, 10.582877,116,         4, 72, 176.88065, 77, 38.500000,144, 0.0000000, 84, 0.0000000, 48,       104, 16,       141
5EC,2019/05/27 21:50:00, 50, 151.60593, 51, 197.89839, 52, 46.292473, 49,        64, 56, 10.582877,116,         4, 72, 176.62125, 77, 38.562500,144, 0.0000000, 84, 0.0000000, 48,       104, 16,       141
55C,2019/05/27 21:51:00, 50, 82.346146, 51, 105.44388, 52, 23.097733, 49,        64, 56, 10.582877,116,         4, 72, 176.21637, 77, 38.625000,144, 0.0000000, 84, 0.0000000, 48,       104, 16,       141
51C,2019/05/27 21:52:00, 50, 86.967117, 51, 127.55215, 52, 40.585037, 49,        64, 56, 10.582877,116,         4, 72, 176.44043, 77, 38.687500,144, 0.0000000, 84, 0.0000000, 48,       104, 16,       141
56C,2019/05/27 21:53:00, 50, 78.905334, 51, 141.62622, 52, 62.720894, 49,        64, 56, 10.582877,116,         4, 72, 176.96259, 77, 38.750000,144, 0.0000000, 84, 0.0000000, 48,       104, 16,       141
5EC,2019/05/27 21:54:00, 50, 145.25253, 51, 119.47813, 52,-25.774406, 49,        64, 56, 10.582877,116,         4, 72, 177.75095, 77, 38.781250,144, 0.0000000, 84, 0.0000000, 48,       104, 16,       141
56C,2019/05/27 21:55:00, 50, 121.78374, 51, 190.47356, 52, 68.689819, 49,        64, 56, 10.582877,116,         4, 72, 178.28723, 77, 38.843750,144, 0.0000000, 84, 0.0000000, 48,       104, 16,       141
50C,2019/05/27 21:56:00, 50, 131.46234, 51, 161.23051, 52, 29.768185, 49,        64, 56, 10.582877,116,         4, 72, 178.41058, 77, 38.875000,144, 0.0000000, 84, 0.0000000, 48,       104, 16,       141
5AC,2019/05/27 21:57:00, 50, 101.08435, 51, 143.76520, 52, 42.680855, 49,        64, 56, 10.582877,116,         4, 72, 178.40897, 77, 38.937500,144, 0.0000000, 84, 0.0000000, 48,       104, 16,       141
5AC,2019/05/27 21:58:00, 50, 104.77774, 51, 135.14117, 52, 30.363434, 49,        64, 56, 10.582877,116,         4, 72, 178.12341, 77, 38.937500,144, 0.0000000, 84, 0.0000000, 48,       104, 16,       141
59C,2019/05/27 21:59:00, 50, 93.518753, 51, 140.14163, 52, 46.622879, 49,        64, 56, 10.582877,116,         4, 72, 177.86682, 77, 39.000000,144, 0.0000000, 84, 0.0000000, 48,       104, 16,       141
5CC,2019/05/27 22:00:00, 50, 90.237259, 51, 145.66656, 52, 55.429314, 49,        64, 56, 10.582877,116,         4, 72, 177.73541, 77, 39.000000,144, 0.0000000, 84, 0.0000000, 48,       104, 16,       141
53C,2019/05/27 22:01:00, 50, 95.029846, 51, 142.42097, 52, 47.391129, 49,        64, 56, 10.582877,116,         4, 72, 177.78787, 77, 39.000000,144, 0.0000000, 84, 0.0000000, 48,       104, 16,       141
59C,2019/05/27 22:02:00, 50, 104.69745, 51, 152.76367, 52, 48.066223, 49,        64, 56, 10.582877,116,         4, 72, 178.25555, 77, 39.031250,144, 0.0000000, 84, 0.0000000, 48,       104, 16,       141
55C,2019/05/27 22:03:00, 50, 108.03207, 51, 176.83893, 52, 68.806854, 49,        64, 56, 10.582877,116,         4, 72, 178.72650, 77, 39.031250,144, 0.0000000, 84, 0.0000000, 48,       104, 16,       141
52C,2019/05/27 22:04:00, 50, 85.829865, 51, 155.60756, 52, 69.777695, 49,        64, 56, 10.582877,116,         4, 72, 179.19510, 77, 39.031250,144, 0.0000000, 84, 0.0000000, 48,       104, 16,       141
59C,2019/05/27 22:05:00, 50, 70.088791, 51, 141.52110, 52, 71.432312, 49,        64, 56, 10.582877,116,         4, 72, 179.46378, 77, 39.062500,144, 0.0000000, 84, 0.0000000, 48,       104, 16,       141
52C,2019/05/27 22:06:00, 50, 68.342026, 51, 107.64024, 52, 39.298218, 49,        64, 56, 10.582877,116,         4, 72, 179.40320, 77, 39.031250,144, 0.0000000, 84, 0.0000000, 48,       104, 16,       141
56C,2019/05/27 22:07:00, 50, 72.954575, 51, 126.92827, 52, 53.973694, 49,        64, 56, 10.582877,116,         4, 72, 179.34500, 77, 39.062500,144, 0.0000000, 84, 0.0000000, 48,       104, 16,       141
55C,2019/05/27 22:08:00, 50, 73.074768, 51, 124.19292, 52, 51.118149, 49,        64, 56, 10.582877,116,         4, 72, 179.44690, 77, 39.062500,144, 0.0000000, 84, 0.0000000, 48,       104, 16,       141
54C,2019/05/27 22:09:00, 50, 68.903122, 51, 105.46696, 52, 36.563843, 49,        64, 56, 10.582877,116,         4, 72, 179.76035, 77, 39.062500,144, 0.0000000, 84, 0.0000000, 48,       104, 16,       141
5AC,2019/05/27 22:10:00, 50, 65.080917, 51, 95.423027, 52, 30.342113, 49,        64, 56, 10.582877,116,         4, 72, 179.94919, 77, 39.062500,144, 0.0000000, 84, 0.0000000, 48,       104, 16,       141
57C,2019/05/27 22:11:00, 50, 86.185028, 51, 143.13979, 52, 56.954758, 49,        64, 56, 10.582877,116,         4, 72, 179.79022, 77, 39.093750,144, 0.0000000, 84, 0.0000000, 48,       104, 16,       141
57C,2019/05/27 22:12:00, 50, 99.349869, 51, 153.35048, 52, 54.000618, 49,        64, 56, 10.582877,116,         4, 72, 179.85202, 77, 39.093750,144, 0.0000000, 84, 0.0000000, 48,       104, 16,       141
55C,2019/05/27 22:13:00, 50, 83.908417, 51, 133.61577, 52, 49.707359, 49,        64, 56, 10.582877,116,         4, 72, 179.72888, 77, 39.093750,144, 0.0000000, 84, 0.0000000, 48,       104, 16,       141
5AC,2019/05/27 22:14:00, 50, 114.21747, 51, 165.03276, 52, 50.815300, 49,        64, 56, 10.582877,116,         4, 72, 180.01743, 77, 39.093750,144, 0.0000000, 84, 0.0000000, 48,       104, 16,       141
58C,2019/05/27 22:15:00, 50, 81.484406, 51, 123.05069, 52, 41.566284, 49,        64, 56, 10.582877,116,         4, 72, 180.77231, 77, 39.125000,144, 0.0000000, 84, 0.0000000, 48,       104, 16,       141
54C,2019/05/27 22:16:00, 50, 94.814438, 51, 102.65239, 52, 7.8379545, 49,        64, 56, 10.582877,116,         4, 72, 181.31009, 77, 39.156250,144, 0.0000000, 84, 0.0000000, 48,       104, 16,       141
50C,2019/05/27 22:17:00, 50, 55.126701, 51, 112.66719, 52, 57.540489, 49,        64, 56, 10.582877,116,         4, 72, 181.51056, 77, 39.156250,144, 0.0000000, 84, 0.0000000, 48,       104, 16,       141
52C,2019/05/27 22:18:00, 50, 21.115215, 51, 102.85143, 52, 81.736221, 49,        64, 56, 10.582877,116,         4, 72, 180.81314, 77, 39.187500,144, 0.0000000, 84, 0.0000000, 48,       104, 16,       141
54C,2019/05/27 22:19:00, 50, 41.899002, 51, 187.78365, 52, 145.88464, 49,        64, 56, 10.582877,116,         4, 72, 179.64767, 77, 39.187500,144, 0.0000000, 84, 0.0000000, 48,       104, 16,       141
55C,2019/05/27 22:20:00, 50, 129.19925, 51, 165.36359, 52, 36.164337, 49,        64, 56, 10.582877,116,         4, 72, 177.58881, 77, 39.187500,144, 0.0000000, 84, 0.0000000, 48,       104, 16,       141
52C,2019/05/27 22:21:00, 50, 24.210457, 51, 55.156830, 52, 30.946373, 49,        64, 56, 10.582877,116,         4, 72, 174.49170, 77, 39.218750,144, 0.0000000, 84, 0.0000000, 48,       104, 16,       141
5DC,2019/05/27 22:22:00, 50, 2.3006516, 51, 38.604584, 52, 36.303932, 49,        64, 56, 10.582877,116,         4, 72, 172.32379, 77, 39.218750,144, 0.0000000, 84, 0.0000000, 48,       104, 16,       141
53C,2019/05/27 22:23:00, 50, 40.877022, 51, 46.415611, 52, 5.5385923, 49,        64, 56, 10.582877,116,         4, 72, 171.67227, 77, 39.218750,144, 0.0000000, 84, 0.0000000, 48,       104, 16,       141
5AC,2019/05/27 22:24:00, 50, 34.906479, 51, 68.167213, 52, 33.260735, 49,        64, 56, 10.582877,116,         4, 72, 172.47122, 77, 39.250000,144, 0.0000000, 84, 0.0000000, 48,       104, 16,       141
53C,2019/05/27 22:25:00, 50, 50.590469, 51, 119.69086, 52, 69.100388, 49,        64, 56, 10.582877,116,         4, 72, 174.48041, 77, 39.281250,144, 0.0000000, 84, 0.0000000, 48,       104, 16,       141
52C,2019/05/27 22:26:00, 50, 41.031479, 51, 87.420563, 52, 46.389084, 49,        64, 56, 10.582877,116,         4, 72, 176.41663, 77, 39.281250,144, 0.0000000, 84, 0.0000000, 48,       104, 16,       141
53C,2019/05/27 22:27:00, 50, 65.781738, 51, 110.45412, 52, 44.672379, 49,        64, 56, 10.582877,116,         4, 72, 178.20694, 77, 39.281250,144, 0.0000000, 84, 0.0000000, 48,       104, 16,       141
5CC,2019/05/27 22:28:00, 50, 114.32118, 51, 145.38432, 52, 31.063145, 49,        64, 56, 10.582877,116,         4, 72, 178.98590, 77, 39.312500,144, 0.0000000, 84, 0.0000000, 48,       104, 16,       141
52C,2019/05/27 22:29:00, 50, 147.00287, 51, 133.04060, 52,-13.962269, 49,        64, 56, 10.582877,116,         4, 72, 179.24750, 77, 39.312500,144, 0.0000000, 84, 0.0000000, 48,       104, 16,       141
50C,2019/05/27 22:30:00, 50, 85.565598, 51, 140.89452, 52, 55.328926, 49,        64, 56, 10.582877,116,         4, 72, 179.14456, 77, 39.343750,144, 0.0000000, 84, 0.0000000, 48,       104, 16,       141
58C,2019/05/27 22:31:00, 50, 95.886246, 51, 158.21909, 52, 62.332840, 49,        64, 56, 10.582877,116,         4, 72, 178.84702, 77, 39.343750,144, 0.0000000, 84, 0.0000000, 48,       104, 16,       141
5CC,2019/05/27 22:32:00, 50, 76.730270, 51, 155.26192, 52, 78.531647, 49,        64, 56, 10.582877,116,         4, 72, 178.65564, 77, 39.375000,144, 0.0000000, 84, 0.0000000, 48,       104, 16,       141
59C,2019/05/27 22:33:00, 50, 77.572830, 51, 111.68071, 52, 34.107880, 49,        64, 56, 10.582877,116,         4, 72, 178.03354, 77, 39.375000,144, 0.0000000, 84, 0.0000000, 48,       104, 16,       141
5FC,2019/05/27 22:34:00, 50, 93.697861, 51, 116.56013, 52, 22.862270, 49,        64, 56, 10.582877,116,         4, 72, 177.35559, 77, 39.375000,144, 0.0000000, 84, 0.0000000, 48,       104, 16,       141
59C,2019/05/27 22:35:00, 50, 77.267899, 51, 96.527832, 52, 19.259933, 49,        64, 56, 10.582877,116,         4, 72, 176.59167, 77, 39.406250,144, 0.0000000, 84, 0.0000000, 48,       104, 16,       141
59C,2019/05/27 22:36:00, 50, 75.188507, 51, 109.85127, 52, 34.662766, 49,        64, 56, 10.582877,116,         4, 72, 176.62759, 77, 39.406250,144, 0.0000000, 84, 0.0000000, 48,       104, 16,       141
5FC,2019/05/27 22:37:00, 50, 65.202393, 51, 102.21614, 52, 37.013748, 49,        64, 56, 10.582877,116,         4, 72, 177.56693, 77, 39.437500,144, 0.0000000, 84, 0.0000000, 48,       104, 16,       141
58C,2019/05/27 22:38:00, 50, 71.680466, 51, 98.320786, 52, 26.640324, 49,        64, 56, 10.582877,116,         4, 72, 178.05179, 77, 39.437500,144, 0.0000000, 84, 0.0000000, 48,       104, 16,       141
5DC,2019/05/27 22:39:00, 50, 50.361221, 51, 98.493942, 52, 48.132721, 49,        64, 56, 10.582877,116,         4, 72, 178.45331, 77, 39.437500,144, 0.0000000, 84, 0.0000000, 48,       104, 16,       141
56C,2019/05/27 22:40:00, 50, 59.472023, 51, 80.323311, 52, 20.851292, 49,        64, 56, 10.582877,116,         4, 72, 179.08658, 77, 39.468750,144, 0.0000000, 84, 0.0000000, 48,       104, 16,       141
54C,2019/05/27 22:41:00, 50, 61.695572, 51, 85.064819, 52, 23.369247, 49,        64, 56, 10.582877,116,         4, 72, 179.45819, 77, 39.500000,144, 0.0000000, 84, 0.0000000, 48,       104, 16,       141
55C,2019/05/27 22:42:00, 50, 52.848946, 51, 94.892868, 52, 42.043922, 49,        64, 56, 10.582877,116,         4, 72, 180.34567, 77, 39.500000,144, 0.0000000, 84, 0.0000000, 48,       104, 16,       141
50C,2019/05/27 22:43:00, 50, 52.350685, 51, 100.66245, 52, 48.311760, 49,        64, 56, 10.582877,116,         4, 72, 180.84647, 77, 39.500000,144, 0.0000000, 84, 0.0000000, 48,       104, 16,       141
57C,2019/05/27 22:44:00, 50, 48.549202, 51, 87.361900, 52, 38.812698, 49,        64, 56, 10.582877,116,         4, 72, 181.37790, 77, 39.531250,144, 0.0000000, 84, 0.0000000, 48,       104, 16,       141
57C,2019/05/27 22:45:00, 50, 42.290062, 51, 77.645401, 52, 35.355339, 49,        64, 56, 10.582877,116,         4, 72, 182.03494, 77, 39.562500,144, 0.0000000, 84, 0.0000000, 48,       104, 16,       141
54C,2019/05/27 22:46:00, 50, 59.535225, 51, 76.648270, 52, 17.113049, 49,        64, 56, 10.582877,116,         4, 72, 182.35086, 77, 39.593750,144, 0.0000000, 84, 0.0000000, 48,       104, 16,       141
56C,2019/05/27 22:47:00, 50, 81.587555, 51, 101.88414, 52, 20.296589, 49,        64, 56, 10.582877,116,         4, 72, 182.98798, 77, 39.625000,144, 0.0000000, 84, 0.0000000, 48,       104, 16,       141
5BC,2019/05/27 22:48:00, 50, 53.966202, 51, 112.05698, 52, 58.090775, 49,        64, 56, 10.582877,116,         4, 72, 183.26450, 77, 39.656250,144, 0.0000000, 84, 0.0000000, 48,       104, 16,       141
5CC,2019/05/27 22:49:00, 50, 39.613358, 51, 93.283386, 52, 53.670029, 49,        64, 56, 10.582877,116,         4, 72, 183.58783, 77, 39.718750,144, 0.0000000, 84, 0.0000000, 48,       104, 16,       141
5CC,2019/05/27 22:50:00, 50, 39.915199, 51, 95.310471, 52, 55.395271, 49,        64, 56, 10.582877,116,         4, 72, 184.09497, 77, 39.750000,144, 0.0000000, 84, 0.0000000, 48,       104, 16,       141
53C,2019/05/27 22:51:00, 50, 62.252510, 51, 105.21465, 52, 42.962135, 49,        64, 56, 10.582877,116,         4, 72, 184.31091, 77, 39.843750,144, 0.0000000, 84, 0.0000000, 48,       104, 16,       141
54C,2019/05/27 22:52:00, 50, 29.804333, 51, 63.093792, 52, 33.289459, 49,        64, 56, 10.582877,116,         4, 72, 184.64349, 77, 39.875000,144, 0.0000000, 84, 0.0000000, 48,       104, 16,       141
52C,2019/05/27 22:53:00, 50, 42.043037, 51, 80.870796, 52, 38.827759, 49,        64, 56, 10.582877,116,         4, 72, 184.58197, 77, 39.906250,144, 0.0000000, 84, 0.0000000, 48,       104, 16,       141
54C,2019/05/27 22:54:00, 50, 47.850479, 51, 86.236237, 52, 38.385757, 49,        64, 56, 10.582877,116,         4, 72, 184.51193, 77, 39.937500,144, 0.0000000, 84, 0.0000000, 48,       104, 16,       141
55C,2019/05/27 22:55:00, 50, 32.922615, 51, 84.689850, 52, 51.767235, 49,        64, 56, 10.582877,116,         4, 72, 184.70609, 77, 40.000000,144, 0.0000000, 84, 0.0000000, 48,       104, 16,       141
59C,2019/05/27 22:56:00, 50, 36.623154, 51, 75.960487, 52, 39.337334, 49,        64, 56, 10.582877,116,         4, 72, 184.73032, 77, 40.031250,144, 0.0000000, 84, 0.0000000, 48,       104, 16,       141
51C,2019/05/27 22:57:00, 50, 39.478600, 51, 81.935677, 52, 42.457077, 49,        64, 56, 10.582877,116,         4, 72, 184.89636, 77, 40.062500,144, 0.0000000, 84, 0.0000000, 48,       104, 16,       141
55C,2019/05/27 22:58:00, 50, 40.663071, 51, 90.220116, 52, 49.557045, 49,        64, 56, 10.582877,116,         4, 72, 184.15945, 77, 40.125000,144, 0.0000000, 84, 0.0000000, 48,       104, 16,       141
51C,2019/05/27 22:59:00, 50, 35.512573, 51, 72.436485, 52, 36.923912, 49,        64, 56, 10.582877,116,         4, 72, 183.00021, 77, 40.156250,144, 0.0000000, 84, 0.0000000, 48,       104, 16,       141
51C,2019/05/27 23:00:00, 50, 62.692101, 51, 90.274330, 52, 27.582233, 49,        64, 56, 10.582877,116,         4, 72, 180.99100, 77, 40.187500,144, 0.0000000, 84, 0.0000000, 48,       104, 16,       141
57C,2019/05/27 23:01:00, 50, 58.926582, 51, 90.633522, 52, 31.706940, 49,        64, 56, 10.582877,116,         4, 72, 180.37396, 77, 40.250000,144, 0.0000000, 84, 0.0000000, 48,       104, 16,       141
57C,2019/05/27 23:02:00, 50, 51.309776, 51, 75.311584, 52, 24.001812, 49,        64, 56, 10.582877,116,         4, 72, 181.07010, 77, 40.281250,144, 0.0000000, 84, 0.0000000, 48,       104, 16,       141
55C,2019/05/27 23:03:00, 50, 47.144783, 51, 79.577751, 52, 32.432968, 49,        64, 56, 10.582877,116,         4, 72, 181.56528, 77, 40.281250,144, 0.0000000, 84, 0.0000000, 48,       104, 16,       141
5CC,2019/05/27 23:04:00, 50, 39.409935, 51, 85.221954, 52, 45.812019, 49,        64, 56, 10.582877,116,         4, 72, 182.10165, 77, 40.312500,144, 0.0000000, 84, 0.0000000, 48,       104, 16,       141
5BC,2019/05/27 23:05:00, 50, 24.153725, 51, 78.633530, 52, 54.479805, 49,        64, 56, 10.582877,116,         4, 72, 182.82318, 77, 40.343750,144, 0.0000000, 84, 0.0000000, 48,       104, 16,       141
53C,2019/05/27 23:06:00, 50, 27.875694, 51, 66.471443, 52, 38.595749, 49,        64, 56, 10.582877,116,         4, 72, 183.21478, 77, 40.375000,144, 0.0000000, 84, 0.0000000, 48,       104, 16,       141
5EC,2019/05/27 23:07:00, 50, 30.062195, 51, 65.987541, 52, 35.925346, 49,        64, 56, 10.582877,116,         4, 72, 183.88193, 77, 40.406250,144, 0.0000000, 84, 0.0000000, 48,       104, 16,       141
58C,2019/05/27 23:08:00, 50, 12.597509, 51, 65.069984, 52, 52.472481, 49,        64, 56, 10.582877,116,         4, 72, 184.20016, 77, 40.437500,144, 0.0000000, 84, 0.0000000, 48,       104, 16,       141
59C,2019/05/27 23:09:00, 50, 24.084248, 51, 44.497959, 52, 20.413712, 49,        64, 56, 10.582877,116,         4, 72, 184.36850, 77, 40.437500,144, 0.0000000, 84, 0.0000000, 48,       104, 16,       141
5EC,2019/05/27 23:10:00, 50, 13.257462, 51, 53.607094, 52, 40.349632, 49,        64, 56, 10.582877,116,         4, 72, 184.31006, 77, 40.468750,144, 0.0000000, 84, 0.0000000, 48,       104, 16,       141
5EC,2019/05/27 23:11:00, 50, 31.023983, 51, 50.272945, 52, 19.248962, 49,        64, 56, 10.582877,116,         4, 72, 183.71268, 77, 40.500000,144, 0.0000000, 84, 0.0000000, 48,       104, 16,       141
53C,2019/05/27 23:12:00, 50, 21.635342, 51, 53.503368, 52, 31.868027, 49,        64, 56, 10.582877,116,         4, 72, 183.66193, 77, 40.531250,144, 0.0000000, 84, 0.0000000, 48,       104, 16,       141
5BC,2019/05/27 23:13:00, 50, 25.009365, 51, 53.865116, 52, 28.855751, 49,        64, 56, 10.582877,116,         4, 72, 183.49005, 77, 40.562500,144, 0.0000000, 84, 0.0000000, 48,       104, 16,       141
5CC,2019/05/27 23:14:00, 50, 3.3510466, 51, 36.315109, 52, 32.964066, 49,        64, 56, 10.582877,116,         4, 72, 183.38654, 77, 40.562500,144, 0.0000000, 84, 0.0000000, 48,       104, 16,       141
54C,2019/05/27 23:15:00, 50, 3.9016552, 51, 39.121662, 52, 35.220009, 49,        64, 56, 10.582877,116,         4, 72, 183.29782, 77, 40.593750,144, 0.0000000, 84, 0.0000000, 48,       104, 16,       141
5EC,2019/05/27 23:16:00, 50, 12.203388, 51, 33.887150, 52, 21.683762, 49,        64, 56, 10.582877,116,         4, 72, 183.09982, 77, 40.593750,144, 0.0000000, 84, 0.0000000, 48,       104, 16,       141
5EC,2019/05/27 23:17:00, 50, 29.338566, 51, 53.793571, 52, 24.455006, 49,        64, 56, 10.582877,116,         4, 72, 183.20734, 77, 40.625000,144, 0.0000000, 84, 0.0000000, 48,       104, 16,       141
5BC,2019/05/27 23:18:00, 50, 21.517960, 51, 52.981205, 52, 31.463245, 49,        64, 56, 10.582877,116,         4, 72, 183.28601, 77, 40.625000,144, 0.0000000, 84, 0.0000000, 48,       104, 16,       141
5BC,2019/05/27 23:19:00, 50, 19.248016, 51, 75.225365, 52, 55.977348, 49,        64, 56, 10.582877,116,         4, 72, 183.56201, 77, 40.656250,144, 0.0000000, 84, 0.0000000, 48,       104, 16,       141
59C,2019/05/27 23:20:00, 50, 15.381496, 51, 55.647823, 52, 40.266327, 49,        64, 56, 10.582877,116,         4, 72, 183.75580, 77, 40.687500,144, 0.0000000, 84, 0.0000000, 48,       104, 16,       141
5DC,2019/05/27 23:21:00, 50, 13.632387, 51, 48.275780, 52, 34.643394, 49,        64, 56, 10.582877,116,         4, 72, 183.53412, 77, 40.718750,144, 0.0000000, 84, 0.0000000, 48,       104, 16,       141
5DC,2019/05/27 23:22:00, 50, 10.836550, 51, 49.030342, 52, 38.193794, 49,        64, 56, 10.582877,116,         4, 72, 183.66580, 77, 40.687500,144, 0.0000000, 84, 0.0000000, 48,       104, 16,       141
5BC,2019/05/27 23:23:00, 50, 17.682823, 51, 49.338371, 52, 31.655548, 49,        64, 56, 10.582877,116,         4, 72, 183.46469, 77, 40.718750,144, 0.0000000, 84, 0.0000000, 48,       104, 16,       141
54C,2019/05/27 23:24:00, 50, 13.327900, 51, 56.036686, 52, 42.708786, 49,        64, 56, 10.582877,116,         4, 72, 183.28464, 77, 40.718750,144, 0.0000000, 84, 0.0000000, 48,       104, 16,       141
5BC,2019/05/27 23:25:00, 50, 15.108175, 51, 64.937927, 52, 49.829758, 49,        64, 56, 10.582877,116,         4, 72, 182.90961, 77, 40.750000,144, 0.0000000, 84, 0.0000000, 48,       104, 16,       141
59C,2019/05/27 23:26:00, 50, 21.456764, 51, 46.803448, 52, 25.346684, 49,        64, 56, 10.582877,116,         4, 72, 182.40564, 77, 40.750000,144, 0.0000000, 84, 0.0000000, 48,       104, 16,       141
5DC,2019/05/27 23:27:00, 50, 28.376072, 51, 70.062256, 52, 41.686188, 49,        64, 56, 10.582877,116,         4, 72, 182.56802, 77, 40.750000,144, 0.0000000, 84, 0.0000000, 48,       104, 16,       141
5CC,2019/05/27 23:28:00, 50, 34.128143, 51, 60.438412, 52, 26.310268, 49,        64, 56, 10.582877,116,         4, 72, 182.70251, 77, 40.781250,144, 0.0000000, 84, 0.0000000, 48,       104, 16,       141
52C,2019/05/27 23:29:00, 50, 34.259804, 51, 62.925747, 52, 28.665943, 49,        64, 56, 10.582877,116,         4, 72, 183.14169, 77, 40.781250,144, 0.0000000, 84, 0.0000000, 48,       104, 16,       141
5EC,2019/05/27 23:30:00, 50, 27.641811, 51, 87.285332, 52, 59.643524, 49,        64, 56, 10.582877,116,         4, 72, 184.05243, 77, 40.781250,144, 0.0000000, 84, 0.0000000, 48,       104, 16,       141
57C,2019/05/27 23:31:00, 50, 30.415325, 51, 59.132374, 52, 28.717049, 49,        64, 56, 10.582877,116,         4, 72, 184.62073, 77, 40.812500,144, 0.0000000, 84, 0.0000000, 48,       104, 16,       141
54C,2019/05/27 23:32:00, 50, 61.282547, 51, 90.115952, 52, 28.833405, 49,        64, 56, 10.582877,116,         4, 72, 185.30304, 77, 40.812500,144, 0.0000000, 84, 0.0000000, 48,       104, 16,       141
52C,2019/05/27 23:33:00, 50, 36.472893, 51, 90.756851, 52, 54.283958, 49,        64, 56, 10.582877,116,         4, 72, 185.55536, 77, 40.812500,144, 0.0000000, 84, 0.0000000, 48,       104, 16,       141
55C,2019/05/27 23:34:00, 50, 44.491470, 51, 57.376007, 52, 12.884539, 49,        64, 56, 10.582877,116,         4, 72, 185.76068, 77, 40.875000,144, 0.0000000, 84, 0.0000000, 48,       104, 16,       141
5AC,2019/05/27 23:35:00, 50, 112.36221, 51, 147.30603, 52, 34.943817, 49,        64, 56, 10.582877,116,         4, 72, 185.48459, 77, 40.875000,144, 0.0000000, 84, 0.0000000, 48,       104, 16,       141
54C,2019/05/27 23:36:00, 50, 29.436337, 51, 50.320389, 52, 20.884052, 49,        64, 56, 10.582877,116,         4, 72, 183.34979, 77, 40.875000,144, 0.0000000, 84, 0.0000000, 48,       104, 16,       141
5DC,2019/05/27 23:37:00, 50, 18.244923, 51, 50.431492, 52, 32.186569, 49,        64, 56, 10.582877,116,         4, 72, 181.91245, 77, 40.875000,144, 0.0000000, 84, 0.0000000, 48,       104, 16,       141
5DC,2019/05/27 23:38:00, 50, 23.552635, 51, 51.110104, 52, 27.557468, 49,        64, 56, 10.582877,116,         4, 72, 181.42346, 77, 40.906250,144, 0.0000000, 84, 0.0000000, 48,       104, 16,       141
51C,2019/05/27 23:39:00, 50, 24.684616, 51, 66.568672, 52, 41.884056, 49,        64, 56, 10.582877,116,         4, 72, 181.66476, 77, 40.875000,144, 0.0000000, 84, 0.0000000, 48,       104, 16,       141
56C,2019/05/27 23:40:00, 50, 32.426811, 51, 51.522743, 52, 19.095932, 49,        64, 56, 10.582877,116,         4, 72, 182.14218, 77, 40.906250,144, 0.0000000, 84, 0.0000000, 48,       104, 16,       141
59C,2019/05/27 23:41:00, 50, 21.340134, 51, 62.000984, 52, 40.660851, 49,        64, 56, 10.582877,116,         4, 72, 182.52338, 77, 40.906250,144, 0.0000000, 84, 0.0000000, 48,       104, 16,       141
5BC,2019/05/27 23:42:00, 50, 8.8447189, 51, 53.041962, 52, 44.197243, 49,        64, 56, 10.582877,116,         4, 72, 182.67566, 77, 40.875000,144, 0.0000000, 84, 0.0000000, 48,       104, 16,       141
58C,2019/05/27 23:43:00, 50, 12.636774, 51, 53.492783, 52, 40.856010, 49,        64, 56, 10.582877,116,         4, 72, 182.53583, 77, 40.906250,144, 0.0000000, 84, 0.0000000, 48,       104, 16,       141
57C,2019/05/27 23:44:00, 50, 35.154793, 51, 65.228859, 52, 30.074070, 49,        64, 56, 10.582877,116,         4, 72, 182.73459, 77, 40.906250,144, 0.0000000, 84, 0.0000000, 48,       104, 16,       141
52C,2019/05/27 23:45:00, 50, 45.844246, 51, 62.680035, 52, 16.835789, 49,        64, 56, 10.582877,116,         4, 72, 183.24161, 77, 40.906250,144, 0.0000000, 84, 0.0000000, 48,       104, 16,       141
50C,2019/05/27 23:46:00, 50, 21.123383, 51, 52.089203, 52, 30.965820, 49,        64, 56, 10.582877,116,         4, 72, 183.45599, 77, 40.906250,144, 0.0000000, 84, 0.0000000, 48,       104, 16,       141
5CC,2019/05/27 23:47:00, 50, 23.988403, 51, 40.894634, 52, 16.906231, 49,        64, 56, 10.582877,116,         4, 72, 183.97971, 77, 40.906250,144, 0.0000000, 84, 0.0000000, 48,       104, 16,       141
55C,2019/05/27 23:48:00, 50, 26.866436, 51, 42.306072, 52, 15.439636, 49,        64, 56, 10.582877,116,         4, 72, 184.22104, 77, 40.937500,144, 0.0000000, 84, 0.0000000, 48,       104, 16,       141
5EC,2019/05/27 23:49:00, 50, 36.928146, 51, 162.38647, 52, 125.45833, 49,        64, 56, 10.582877,116,         4, 72, 184.60947, 77, 40.937500,144, 0.0000000, 84, 0.0000000, 48,       104, 16,       141
56C,2019/05/27 23:50:00, 50, 27.408222, 51, 51.170227, 52, 23.762005, 49,        64, 56, 10.582877,116,         4, 72, 184.20767, 77, 40.937500,144, 0.0000000, 84, 0.0000000, 48,       104, 16,       141
5DC,2019/05/27 23:51:00, 50, 75.463318, 51, 104.85661, 52, 29.393295, 49,        64, 56, 10.582877,116,         4, 72, 183.57394, 77, 40.937500,144, 0.0000000, 84, 0.0000000, 48,       104, 16,       141
58C,2019/05/27 23:52:00, 50, 25.989857, 51, 55.037785, 52, 29.047928, 49,        64, 56, 10.582877,116,         4, 72, 183.97787, 77, 40.906250,144, 0.0000000, 84, 0.0000000, 48,       104, 16,       141
52C,2019/05/27 23:53:00, 50, 42.674187, 51, 67.581825, 52, 24.907642, 49,        64, 56, 10.582877,116,         4, 72, 184.24469, 77, 40.906250,144, 0.0000000, 84, 0.0000000, 48,       104, 16,       141
53C,2019/05/27 23:54:00, 50, 34.472504, 51, 85.298584, 52, 50.826080, 49,        64, 56, 10.582877,116,         4, 72, 184.80896, 77, 40.875000,144, 0.0000000, 84, 0.0000000, 48,       104, 16,       141
5AC,2019/05/27 23:55:00, 50, 41.963097, 51, 59.377197, 52, 17.414101, 49,        64, 56, 10.582877,116,         4, 72, 185.50500, 77, 40.843750,144, 0.0000000, 84, 0.0000000, 48,       104, 16,       141
53C,2019/05/27 23:56:00, 50, 25.826725, 51, 71.142357, 52, 45.315636, 49,        64, 56, 10.582877,116,         4, 72, 185.77271, 77, 40.843750,144, 0.0000000, 84, 0.0000000, 48,       104, 16,       141
5EC,2019/05/27 23:57:00, 50, 43.144089, 51, 46.856663, 52, 3.7125769, 49,        64, 56, 10.582877,116,         4, 72, 186.11133, 77, 40.812500,144, 0.0000000, 84, 0.0000000, 48,       104, 16,       141
5DC,2019/05/27 23:58:00, 50, 19.403484, 51, 56.273159, 52, 36.869675, 49,        64, 56, 10.582877,116,         4, 72, 186.22073, 77, 40.781250,144, 0.0000000, 84, 0.0000000, 48,       104, 16,       141
58C,2019/05/27 23:59:00, 50, 22.327324, 51, 51.462570, 52, 29.135246, 49,        64, 56, 10.582877,116,         4, 72, 186.52682, 77, 40.750000,144, 0.0000000, 84, 0.0000000, 48,       104, 16,       141
