4EC,2015/03/17 16:14:00, 50, 0.0000000, 51, 0.0000000, 52, 0.0000000, 49,        64, 56, 6.2676125, 67, 644.68970, 72, 111.08397, 77, 20.750000, 83,     36353,110,        29,116,         4,164,         1
4BC,2015/03/17 16:15:00, 50, 0.0000000, 51, 0.0000000, 52, 0.0000000, 49,        64, 56, 6.2676125, 67, 644.68970, 72, 110.76581, 77, 21.531250, 83,     35329,110,        29,116,         4,164,         1
4BC,2015/03/17 16:16:00, 50, 0.0000000, 51, 0.0000000, 52, 0.0000000, 49,        64, 56, 6.2676125, 67, 644.68970, 72, 110.56281, 77, 22.156250, 83,     35329,110,        29,116,         4,164,         1
49C,2015/03/17 16:17:00, 50, 0.0000000, 51, 0.0000000, 52, 0.0000000, 49,        64, 56, 6.2676125, 67, 644.68970, 72, 110.30576, 77, 22.781250, 83,     35329,110,        29,116,         4,164,         1
45C,2015/03/17 16:18:00, 50, 0.0000000, 51, 0.0000000, 52, 0.0000000, 49,        64, 56, 6.2676125, 67, 646.03967, 72, 110.02405, 77, 23.343750, 83,     35329,110,        29,116,         4,164,         1
4EC,2015/03/17 16:19:00, 50, 0.0000000, 51, 0.0000000, 52, 0.0000000, 49,        64, 56, 6.2676125, 67, 646.03967, 72, 109.85077, 77, 23.875000, 83,     35329,110,        29,116,         4,164,         1
4BC,2015/03/17 16:20:00, 50, 0.0000000, 51, 0.0000000, 52, 0.0000000, 49,        64, 56, 6.2676125, 67, 646.03967, 72, 109.80453, 77, 24.312500, 83,     35329,110,        29,116,         4,164,         1
42C,2015/03/17 16:21:00, 50, 0.0000000, 51, 0.0000000, 52, 0.0000000, 49,        64, 56, 6.2676125, 67, 646.03967, 72, 109.78133, 77, 24.781250, 83,     35329,110,        29,116,         4,164,         1
49C,2015/03/17 16:22:00, 50, 0.0000000, 51, 0.0000000, 52, 0.0000000, 49,        64, 56, 6.2676125, 67, 646.03967, 72, 109.73872, 77, 25.250000, 83,     35329,110,        29,116,         4,164,         1
4CC,2015/03/17 16:23:00, 50, 0.0000000, 51, 0.0000000, 52, 0.0000000, 49,        64, 56, 6.2676125, 67, 646.03967, 72, 109.73471, 77, 25.687500, 83,     35329,110,        29,116,         4,164,         1
48C,2015/03/17 16:24:00, 50, 0.0000000, 51, 0.0000000, 52, 0.0000000, 49,        64, 56, 6.2676125, 67, 646.03967, 72, 109.81566, 77, 26.125000, 83,     35329,110,        29,116,         4,164,         1
4CC,2015/03/17 16:25:00, 50, 0.0000000, 51, 0.0000000, 52, 0.0000000, 49,        64, 56, 6.2676125, 67, 646.03967, 72, 109.85893, 77, 26.531250, 83,     35329,110,        29,116,         4,164,         1
40C,2015/03/17 16:26:00, 50, 0.0000000, 51, 0.0000000, 52, 0.0000000, 49,        64, 56, 6.2676125, 67, 646.03967, 72, 109.92221, 77, 26.875000, 83,     35329,110,        29,116,         4,164,         1
4FC,2015/03/17 16:27:00, 50, 0.0000000, 51, 0.0000000, 52, 0.0000000, 49,        64, 56, 6.2676125, 67, 646.03967, 72, 109.96275, 77, 27.250000, 83,     34817,110,        29,116,         4,164,         1
42C,2015/03/17 16:28:00, 50, 0.0000000, 51, 0.0000000, 52, 0.0000000, 49,        64, 56, 6.2676125, 67, 646.03967, 72, 110.00179, 77, 27.593750, 83,     34817,110,        29,116,         4,164,         1
4AC,2015/03/17 16:29:00, 50, 0.0000000, 51, 0.0000000, 52, 0.0000000, 49,        64, 56, 6.2676125, 67, 643.33984, 72, 110.03830, 77, 27.937500, 83,     34817,110,        29,116,         4,164,         1
4CC,2015/03/17 16:30:00, 50, 0.0000000, 51, 0.0000000, 52, 0.0000000, 49,        64, 56, 6.2676125, 67, 644.68970, 72, 110.12387, 77, 28.281250, 83,     34817,110,        29,116,         4,164,         1
41C,2015/03/17 16:31:00, 50, 0.0000000, 51, 0.0000000, 52, 0.0000000, 49,        64, 56, 6.2676125, 67, 644.68970, 72, 110.19145, 77, 28.531250, 83,     35329,110,        29,116,         4,164,         1
4AC,2015/03/17 16:32:00, 50, 0.0000000, 51, 0.0000000, 52, 0.0000000, 49,        64, 56, 6.2676125, 67, 644.68970, 72, 110.28070, 77, 28.843750, 83,     35329,110,        29,116,         4,164,         1
44C,2015/03/17 16:33:00, 50, 0.0000000, 51, 0.0000000, 52, 0.0000000, 49,        64, 56, 6.2676125, 67, 644.68970, 72, 110.39705, 77, 29.125000, 83,     35329,110,        29,116,         4,164,         1
48C,2015/03/17 16:34:00, 50, 0.0000000, 51, 0.0000000, 52, 0.0000000, 49,        64, 56, 6.2676125, 67, 644.68970, 72, 110.48048, 77, 29.437500, 83,     35329,110,        29,116,         4,164,         1
40C,2015/03/17 16:35:00, 50, 0.0000000, 51, 0.0000000, 52, 0.0000000, 49,        64, 56, 6.2676125, 67, 644.68970, 72, 110.61412, 77, 29.718750, 83,     35329,110,        29,116,         4,164,         1
45C,2015/03/17 16:36:00, 50, 0.0000000, 51, 0.0000000, 52, 0.0000000, 49,        64, 56, 6.2676125, 67, 644.68970, 72, 110.73886, 77, 30.000000, 83,     35329,110,        29,116,         4,164,         1
4AC,2015/03/17 16:37:00, 50, 0.0000000, 51, 0.0000000, 52, 0.0000000, 49,        64, 56, 6.2676125, 67, 644.68970, 72, 110.86075, 77, 30.250000, 83,     34817,110,        29,116,         4,164,         1
4EC,2015/03/17 16:38:00, 50, 0.0000000, 51, 0.0000000, 52, 0.0000000, 49,        64, 56, 6.2676125, 67, 644.68970, 72, 110.95224, 77, 30.468750, 83,     34817,110,        29,116,         4,164,         1
40C,2015/03/17 16:39:00, 50, 0.0000000, 51, 0.0000000, 52, 0.0000000, 49,        64, 56, 6.2676125, 67, 644.68970, 72, 111.02451, 77, 30.718750, 83,     34817,110,        29,116,         4,164,         1
40C,2015/03/17 16:40:00, 50, 0.0000000, 51, 0.0000000, 52, 0.0000000, 49,        64, 56, 6.2676125, 67, 644.68970, 72, 111.09247, 77, 30.937500, 83,     34817,110,        29,116,         4,164,         1
42C,2015/03/17 16:41:00, 50, 0.0000000, 51, 0.0000000, 52, 0.0000000, 49,        64, 56, 6.2676125, 67, 644.68970, 72, 111.17111, 77, 31.156250, 83,     34817,110,        29,116,         4,164,         1
4BC,2015/03/17 16:42:00, 50, 0.0000000, 51, 0.0000000, 52, 0.0000000, 49,        64, 56, 6.2676125, 67, 644.68970, 72, 111.25786, 77, 31.343750, 83,     34817,110,        29,116,         4,164,         1
4DC,2015/03/17 16:43:00, 50, 0.0000000, 51, 0.0000000, 52, 0.0000000, 49,        64, 56, 6.2676125, 67, 644.68970, 72, 111.29810, 77, 31.593750, 83,     34817,110,        29,116,         4,164,         1
45C,2015/03/17 16:44:00, 50, 0.0000000, 51, 0.0000000, 52, 0.0000000, 49,        64, 56, 6.2676125, 67, 644.68970, 72, 111.35219, 77, 31.687500, 83,     34817,110,        29,116,         4,164,         1
48C,2015/03/17 16:45:00, 50, 0.0000000, 51, 0.0000000, 52, 0.0000000, 49,        64, 56, 6.2676125, 67, 644.68970, 72, 111.43573, 77, 31.875000, 83,     34817,110,        29,116,         4,164,         1
4EC,2015/03/17 16:46:00, 50, 0.0000000, 51, 0.0000000, 52, 0.0000000, 49,        64, 56, 6.2676125, 67, 644.68970, 72, 111.48952, 77, 32.093750, 83,     34817,110,        29,116,         4,164,         1
44C,2015/03/17 16:47:00, 50, 0.0000000, 51, 0.0000000, 52, 0.0000000, 49,        64, 56, 6.2676125, 67, 644.68970, 72, 111.53389, 77, 32.312500, 83,     34817,110,        29,116,         4,164,         1
41C,2015/03/17 16:48:00, 50, 0.0000000, 51, 0.0000000, 52, 0.0000000, 49,        64, 56, 6.2676125, 67, 644.68970, 72, 111.57837, 77, 32.437500, 83,     34817,110,        29,116,         4,164,         1
4BC,2015/03/17 16:49:00, 50, 0.0000000, 51, 0.0000000, 52, 0.0000000, 49,        64, 56, 6.2676125, 67, 644.68970, 72, 111.62140, 77, 32.375000, 83,     34817,110,        29,116,         4,164,         1
49C,2015/03/17 16:50:00, 50, 0.0000000, 51, 0.0000000, 52, 0.0000000, 49,        64, 56, 6.2676125, 67, 644.68970, 72, 111.66193, 77, 32.375000, 83,     34817,110,        29,116,         4,164,         1
5CC,2015/03/17 16:51:00, 50,-11.123577, 51, 20.434757, 52, 31.558334, 49,        64, 56, 6.2676125, 67, 644.68970, 72, 111.65103, 77, 32.593750, 83,         0,110,         2,116,         4,164,         1
59C,2015/03/17 16:52:00, 50,-19.274681, 51, 11.576115, 52, 30.850796, 49,        64, 56, 6.2676125, 67, 644.68970, 72, 111.65237, 77, 32.750000, 83,         0,110,         1,116,         4,164,         1
50C,2015/03/17 16:53:00, 50,-15.218929, 51, 5.7110138, 52, 20.929943, 49,        64, 56, 6.2676125, 67, 644.68970, 72, 111.07446, 77, 32.968750, 83,         0,110,         0,116,         4,164,         1
5DC,2015/03/17 16:54:00, 50,-4.9083748, 51, 30.959095, 52, 35.867470, 49,        64, 56, 6.2676125, 67, 644.68970, 72, 111.11337, 77, 33.093750, 83,         0,110,         0,116,         4,164,         1
5CC,2015/03/17 16:55:00, 50, 0.1500119, 51, 32.406845, 52, 32.256836, 49,        64, 56, 6.2676125, 67, 644.68970, 72, 111.16330, 77, 33.250000, 83,         0,110,         3,116,         4,164,         1
5CC,2015/03/17 16:56:00, 50, 12.246809, 51, 39.830101, 52, 27.583294, 49,        64, 56, 6.2676125, 67, 644.68970, 72, 111.80600, 77, 33.375000, 83,         0,110,         2,116,         4,164,         1
50C,2015/03/17 16:57:00, 50, 4.1873283, 51, 25.867382, 52, 21.680054, 49,        64, 56, 6.2676125, 67, 644.68970, 72, 111.84602, 77, 33.500000, 83,         0,110,         1,116,         4,164,         1
5CC,2015/03/17 16:58:00, 50, 3.0395317, 51, 41.175045, 52, 38.135513, 49,        64, 56, 6.2676125, 67, 644.68970, 72, 111.27423, 77, 33.625000, 83,         0,110,         0,116,         4,164,         1
59C,2015/03/17 16:59:00, 50, 5.2963858, 51, 36.245697, 52, 30.949314, 49,        64, 56, 6.2676125, 67, 644.68970, 72, 111.29697, 77, 33.750000, 83,         0,110,         0,116,         4,164,         1
5CC,2015/03/17 17:00:00, 50,-10.896646, 51, 33.323708, 52, 44.220352, 49,        64, 56, 6.2676125, 67, 644.68970, 72, 111.31984, 77, 33.875000, 83,         0,110,         3,116,         4,164,         1
56C,2015/03/17 17:01:00, 50, 1.0058024, 51, 84.988983, 52, 83.983185, 49,        64, 56, 6.2676125, 67, 644.68970, 72, 111.96939, 77, 33.968750, 83,         0,110,         2,116,         4,164,         1
56C,2015/03/17 17:02:00, 50,-3.8718252, 51, 47.280689, 52, 51.152512, 49,        64, 56, 6.2676125, 67, 644.68970, 72, 111.98776, 77, 34.125000, 83,         0,110,         1,116,         4,164,         1
57C,2015/03/17 17:03:00, 50,-8.0203381, 51, 26.810482, 52, 34.830818, 49,        64, 56, 6.2676125, 67, 644.68970, 72, 111.37309, 77, 34.218750, 83,         0,110,         0,116,         4,164,         1
59C,2015/03/17 17:04:00, 50, 1.2054794, 51, 45.146191, 52, 43.940712, 49,        64, 56, 6.2676125, 67, 644.68970, 72, 111.40611, 77, 34.375000, 83,         0,110,         0,116,         4,164,         1
53C,2015/03/17 17:05:00, 50,-2.0078034, 51, 34.375492, 52, 36.383293, 49,        64, 56, 6.2676125, 67, 644.68970, 72, 111.42993, 77, 34.468750, 83,         0,110,         3,116,         4,164,         1
58C,2015/03/17 17:06:00, 50,-11.456091, 51, 46.378155, 52, 57.834244, 49,        64, 56, 6.2676125, 67, 644.68970, 72, 112.09831, 77, 34.593750, 83,         0,110,         2,116,         4,164,         1
59C,2015/03/17 17:07:00, 50,-20.822426, 51, 33.651352, 52, 54.473778, 49,        64, 56, 6.2676125, 67, 644.68970, 72, 112.12181, 77, 34.718750, 83,         0,110,         1,116,         4,164,         1
52C,2015/03/17 17:08:00, 50,-12.542675, 51, 38.359241, 52, 50.901917, 49,        64, 56, 6.2676125, 67, 644.68970, 72, 111.48355, 77, 34.812500, 83,         0,110,         0,116,         4,164,         1
5AC,2015/03/17 17:09:00, 50, 0.4429479, 51, 48.063553, 52, 47.620605, 49,        64, 56, 6.2676125, 67, 644.68970, 72, 111.50635, 77, 34.875000, 83,         0,110,         0,116,         4,164,         1
57C,2015/03/17 17:10:00, 50, 2.4621272, 51, 44.462788, 52, 42.000664, 49,        64, 56, 6.2676125, 67, 644.68970, 72, 111.54430, 77, 35.000000, 83,         0,110,         3,116,         4,164,         1
59C,2015/03/17 17:11:00, 50, 16.101990, 51, 49.826218, 52, 33.724228, 49,        64, 56, 6.2676125, 67, 644.68970, 72, 112.25528, 77, 35.125000, 83,         0,110,         2,116,         4,164,         1
5FC,2015/03/17 17:12:00, 50, 13.881292, 51, 66.544418, 52, 52.663132, 49,        64, 56, 6.2676125, 67, 644.68970, 72, 112.30284, 77, 35.250000, 83,         0,110,         1,116,         4,164,         1
55C,2015/03/17 17:13:00, 50, 5.7145243, 51, 51.662132, 52, 45.947609, 49,        64, 56, 6.2676125, 67, 644.68970, 72, 111.66237, 77, 35.343750, 83,         0,110,         0,116,         4,164,         1
5CC,2015/03/17 17:14:00, 50, 3.6634851, 51, 57.564301, 52, 53.900818, 49,        64, 56, 6.2676125, 67, 644.68970, 72, 111.66953, 77, 35.406250, 83,         0,110,         0,116,         4,164,         1
5BC,2015/03/17 17:15:00, 50,-5.0440931, 51, 6.9912710, 52, 12.035364, 49,        64, 56, 6.2676125, 67, 644.68970, 72, 111.67197, 77, 35.562500, 83,         0,110,         3,116,         4,164,         1
5BC,2015/03/17 17:16:00, 50,-4.7695007, 51, 45.169647, 52, 49.939148, 49,        64, 56, 6.2676125, 67, 644.68970, 72, 112.34636, 77, 35.625000, 83,         0,110,         2,116,         4,164,         1
5CC,2015/03/17 17:17:00, 50,-0.3764356, 51, 64.383987, 52, 64.760422, 49,        64, 56, 6.2676125, 67, 644.68970, 72, 112.33710, 77, 35.718750, 83,         0,110,         1,116,         4,164,         1
51C,2015/03/17 17:18:00, 50, 6.3296194, 51, 63.133373, 52, 56.803757, 49,        64, 56, 6.2676125, 67, 644.68970, 72, 111.65813, 77, 35.781250, 83,         0,110,         0,116,         4,164,         1
51C,2015/03/17 17:19:00, 50, 0.1844054, 51, 43.396492, 52, 43.212090, 49,        64, 56, 6.2676125, 67, 644.68970, 72, 111.65556, 77, 35.843750, 83,         0,110,         0,116,         4,164,         1
5AC,2015/03/17 17:20:00, 50,-17.818420, 51, 46.307785, 52, 64.126205, 49,        64, 56, 6.2676125, 67, 644.68970, 72, 111.64560, 77, 35.937500, 83,         0,110,         3,116,         4,164,         1
53C,2015/03/17 17:21:00, 50, 2.9400473, 51, 26.595247, 52, 23.655201, 49,        64, 56, 6.2676125, 67, 644.68970, 72, 112.32204, 77, 36.000000, 83,         0,110,         2,116,         4,164,         1
5FC,2015/03/17 17:22:00, 50,-1.6459076, 51, 40.184097, 52, 41.830002, 49,        64, 56, 6.2676125, 67, 644.68970, 72, 112.32703, 77, 36.062500, 83,         0,110,         1,116,         4,164,         1
57C,2015/03/17 17:23:00, 50,-2.2361774, 51, 46.318123, 52, 48.554298, 49,        64, 56, 6.2676125, 67, 644.68970, 72, 111.63678, 77, 36.156250, 83,         0,110,         0,116,         4,164,         1
5EC,2015/03/17 17:24:00, 50, 12.637671, 51, 30.132017, 52, 17.494347, 49,        64, 56, 6.2676125, 67, 644.68970, 72, 111.63284, 77, 36.218750, 83,         0,110,         0,116,         4,164,         1
59C,2015/03/17 17:25:00, 50, 21.156029, 51, 37.644367, 52, 16.488338, 49,        64, 56, 6.2676125, 67, 644.68970, 72, 111.62656, 77, 36.281250, 83,         0,110,         3,116,         4,164,         1
53C,2015/03/17 17:26:01, 50, 31.977501, 51, 65.773079, 52, 33.795578, 49,        64, 56, 6.2676125, 67, 644.68970, 72, 112.30992, 77, 36.343750, 83,         0,110,         3,116,         4,164,         1
56C,2015/03/17 17:27:00, 50, 30.418152, 51, 49.851261, 52, 19.433109, 49,        64, 56, 6.2676125, 67, 644.68970, 72, 112.31297, 77, 36.406250, 83,         0,110,         2,116,         4,164,         1
5FC,2015/03/17 17:28:00, 50, 15.074781, 51, 71.400391, 52, 56.325615, 49,        64, 56, 6.2676125, 67, 644.68970, 72, 111.63011, 77, 36.500000, 83,         0,110,         1,116,         4,164,         1
58C,2015/03/17 17:29:00, 50, 15.476465, 51, 26.291086, 52, 10.814621, 49,        64, 56, 6.2676125, 67, 644.68970, 72, 111.63094, 77, 36.500000, 83,         0,110,         0,116,         4,164,         1
5EC,2015/03/17 17:30:00, 50,-0.9468342, 51, 37.117393, 52, 38.064224, 49,        64, 56, 6.2676125, 67, 644.68970, 72, 111.64743, 77, 36.562500, 83,         0,110,         6,116,         4,164,         1
56C,2015/03/17 17:31:00, 50, 9.5596962, 51, 41.686489, 52, 32.126793, 49,        64, 56, 6.2676125, 67, 644.68970, 72, 112.33957, 77, 36.562500, 83,         0,110,         3,116,         4,164,         1
50C,2015/03/17 17:32:00, 50, 11.591570, 51, 36.525204, 52, 24.933636, 49,        64, 56, 6.2676125, 67, 644.68970, 72, 112.34995, 77, 36.625000, 83,         0,110,         2,116,         4,164,         1
59C,2015/03/17 17:33:00, 50, 10.727358, 51, 43.994240, 52, 33.266884, 49,        64, 56, 6.2676125, 67, 644.68970, 72, 111.67381, 77, 36.687500, 83,         0,110,         1,116,         4,164,         1
58C,2015/03/17 17:34:00, 50, 2.5860319, 51, 52.685875, 52, 50.099846, 49,        64, 56, 6.2676125, 67, 644.68970, 72, 111.68654, 77, 36.687500, 83,         0,110,         0,116,         4,164,         1
5EC,2015/03/17 17:35:00, 50,-1.2066231, 51, 28.759693, 52, 29.966316, 49,        64, 56, 6.2676125, 67, 644.68970, 72, 111.71440, 77, 36.718750, 83,         0,110,         6,116,         4,164,         1
53C,2015/03/17 17:36:00, 50,-2.1661854, 51, 38.157516, 52, 40.323700, 49,        64, 56, 6.2676125, 67, 644.68970, 72, 112.41397, 77, 36.750000, 83,         0,110,         3,116,         4,164,         1
52C,2015/03/17 17:37:00, 50, 10.587429, 51, 55.533100, 52, 44.945671, 49,        64, 56, 6.2676125, 67, 644.68970, 72, 112.42125, 77, 36.812500, 83,         0,110,         2,116,         4,164,         1
53C,2015/03/17 17:38:00, 50,-21.612633, 51, 48.485313, 52, 70.097946, 49,        64, 56, 6.2676125, 67, 644.68970, 72, 111.74284, 77, 36.812500, 83,         0,110,         1,116,         4,164,         1
56C,2015/03/17 17:39:00, 50, 3.0354061, 51, 38.128300, 52, 35.092896, 49,        64, 56, 6.2676125, 67, 644.68970, 72, 111.73865, 77, 36.843750, 83,         0,110,         0,116,         4,164,         1
50C,2015/03/17 17:40:00, 50, 5.4536171, 51, 50.420704, 52, 44.967087, 49,        64, 56, 6.2676125, 67, 644.68970, 72, 111.73837, 77, 36.875000, 83,         0,110,         6,116,         4,164,         1
5AC,2015/03/17 17:41:00, 50, 6.0821600, 51, 48.821629, 52, 42.739471, 49,        64, 56, 6.2676125, 67, 644.68970, 72, 112.41913, 77, 36.906250, 83,         0,110,         3,116,         4,164,         1
58C,2015/03/17 17:42:00, 50, 8.8707790, 51, 44.561001, 52, 35.690224, 49,        64, 56, 6.2676125, 67, 644.68970, 72, 112.42624, 77, 36.937500, 83,         0,110,         2,116,         4,164,         1
57C,2015/03/17 17:43:00, 50, 1.9081380, 51, 46.009651, 52, 44.101517, 49,        64, 56, 6.2676125, 67, 644.68970, 72, 111.74431, 77, 36.968750, 83,         0,110,         1,116,         4,164,         1
5BC,2015/03/17 17:44:00, 50, 9.0554829, 51, 44.605751, 52, 35.550270, 49,        64, 56, 6.2676125, 67, 644.68970, 72, 111.73013, 77, 37.000000, 83,         0,110,         0,116,         4,164,         1
5CC,2015/03/17 17:45:00, 50,-6.4737310, 51, 34.889774, 52, 41.363503, 49,        64, 56, 6.2676125, 67, 644.68970, 72, 111.72824, 77, 37.062500, 83,         0,110,         6,116,         4,164,         1
50C,2015/03/17 17:46:00, 50,-1.9423258, 51, 29.346592, 52, 31.288918, 49,        64, 56, 6.2676125, 67, 644.68970, 72, 112.41695, 77, 37.125000, 83,         0,110,         3,116,         4,164,         1
5FC,2015/03/17 17:47:00, 50,-3.8135648, 51, 47.761440, 52, 51.575005, 49,        64, 56, 6.2676125, 67, 644.68970, 72, 112.42021, 77, 37.125000, 83,         0,110,         2,116,         4,164,         1
54C,2015/03/17 17:48:00, 50,-3.7756233, 51, 32.744633, 52, 36.520256, 49,        64, 56, 6.2676125, 67, 644.68970, 72, 111.75729, 77, 37.187500, 83,         0,110,         1,116,         4,164,         1
50C,2015/03/17 17:49:00, 50,-5.0974283, 51, 43.429329, 52, 48.526756, 49,        64, 56, 6.2676125, 67, 644.68970, 72, 111.75150, 77, 37.218750, 83,         0,110,         0,116,         4,164,         1
5FC,2015/03/17 17:50:00, 50, 2.0029626, 51, 38.052307, 52, 36.049347, 49,        64, 56, 6.2676125, 67, 644.68970, 72, 111.74663, 77, 37.250000, 83,         0,110,         6,116,         4,164,         1
54C,2015/03/17 17:51:00, 50, 6.9111404, 51, 39.748138, 52, 32.836998, 49,        64, 56, 6.2676125, 67, 644.68970, 72, 112.42946, 77, 37.281250, 83,         0,110,         3,116,         4,164,         1
5AC,2015/03/17 17:52:00, 50, 6.4744473, 51, 43.568310, 52, 37.093864, 49,        64, 56, 6.2676125, 67, 644.68970, 72, 112.42055, 77, 37.312500, 83,         0,110,         2,116,         4,164,         1
5CC,2015/03/17 17:53:00, 50, 6.2738771, 51, 45.450932, 52, 39.177055, 49,        64, 56, 6.2676125, 67, 644.68970, 72, 111.74040, 77, 37.343750, 83,         0,110,         1,116,         4,164,         1
51C,2015/03/17 17:54:00, 50, 4.0270214, 51, 65.041313, 52, 61.014297, 49,        64, 56, 6.2676125, 67, 643.33984, 72, 111.72696, 77, 37.375000, 83,         0,110,         0,116,         4,164,         1
5EC,2015/03/17 17:55:00, 50, 4.2402744, 51, 35.587490, 52, 31.347218, 49,        64, 56, 6.2676125, 67, 643.33984, 72, 111.72566, 77, 37.406250, 83,         0,110,         6,116,         4,164,         1
5FC,2015/03/17 17:56:00, 50, 0.0662764, 51, 51.918598, 52, 51.852325, 49,        64, 56, 6.2676125, 67, 643.33984, 72, 112.43004, 77, 37.406250, 83,         0,110,         3,116,         4,164,         1
56C,2015/03/17 17:57:00, 50, 1.2884140, 51, 53.912872, 52, 52.624458, 49,        64, 56, 6.2676125, 67, 643.33984, 72, 112.44299, 77, 37.468750, 83,         0,110,         2,116,         4,164,         1
5DC,2015/03/17 17:58:00, 50, 0.1739285, 51, 48.048187, 52, 47.874260, 49,        64, 56, 6.2676125, 67, 643.33984, 72, 111.75769, 77, 37.468750, 83,         0,110,         1,116,         4,164,         1
53C,2015/03/17 17:59:00, 50,-6.9387197, 51, 24.176760, 52, 31.115479, 49,        64, 56, 6.2676125, 67, 643.33984, 72, 111.76424, 77, 37.500000, 83,         0,110,         0,116,         4,164,         1
5AC,2015/03/17 18:00:00, 50, 9.3891792, 51, 31.835320, 52, 22.446140, 49,        64, 56, 6.2676125, 67, 643.33984, 72, 111.76549, 77, 37.531250, 83,         0,110,         6,116,         4,164,         1
55C,2015/03/17 18:01:00, 50,-2.8386226, 51, 34.374027, 52, 37.212646, 49,        64, 56, 6.2676125, 67, 643.33984, 72, 112.45142, 77, 37.531250, 83,         0,110,         3,116,         4,164,         1
53C,2015/03/17 18:02:00, 50, 0.3808658, 51, 38.554310, 52, 38.173447, 49,        64, 56, 6.2676125, 67, 643.33984, 72, 112.45271, 77, 37.562500, 83,         0,110,         2,116,         4,164,         1
57C,2015/03/17 18:03:00, 50,-17.361519, 51, 53.688499, 52, 71.050018, 49,        64, 56, 6.2676125, 67, 643.33984, 72, 111.77191, 77, 37.593750, 83,         0,110,         1,116,         4,164,         1
58C,2015/03/17 18:04:00, 50,-30.561977, 51, 17.204258, 52, 47.766235, 49,        64, 56, 6.2676125, 67, 643.33984, 72, 111.77129, 77, 37.625000, 83,         0,110,         0,116,         4,164,         1
50C,2015/03/17 18:05:00, 50,-8.2131767, 51, 33.743389, 52, 41.956566, 49,        64, 56, 6.2676125, 67, 643.33984, 72, 111.76523, 77, 37.625000, 83,         0,110,         6,116,         4,164,         1
5EC,2015/03/17 18:06:00, 50, 2.6014624, 51, 50.104679, 52, 47.503220, 49,        64, 56, 6.2676125, 67, 643.33984, 72, 112.46304, 77, 37.687500, 83,         0,110,         3,116,         4,164,         1
55C,2015/03/17 18:07:00, 50, 10.782928, 51, 66.315407, 52, 55.532478, 49,        64, 56, 6.2676125, 67, 643.33984, 72, 112.46217, 77, 37.687500, 83,         0,110,         2,116,         4,164,         1
57C,2015/03/17 18:08:00, 50, 1.6223931, 51, 67.747772, 52, 66.125381, 49,        64, 56, 6.2676125, 67, 643.33984, 72, 111.76930, 77, 37.718750, 83,         0,110,         1,116,         4,164,         1
59C,2015/03/17 18:09:00, 50, 7.6268997, 51, 36.644329, 52, 29.017429, 49,        64, 56, 6.2676125, 67, 643.33984, 72, 111.77277, 77, 37.718750, 83,         0,110,         0,116,         4,164,         1
58C,2015/03/17 18:10:00, 50, 6.0816746, 51, 51.512306, 52, 45.430634, 49,        64, 56, 6.2676125, 67, 643.33984, 72, 111.78418, 77, 37.718750, 83,         0,110,         6,116,         4,164,         1
50C,2015/03/17 18:11:00, 50,-1.6171205, 51, 31.577209, 52, 33.194328, 49,        64, 56, 6.2676125, 67, 643.33984, 72, 112.48709, 77, 37.718750, 83,         0,110,         3,116,         4,164,         1
5DC,2015/03/17 18:12:00, 50, 3.4609022, 51, 31.859945, 52, 28.399044, 49,        64, 56, 6.2676125, 67, 643.33984, 72, 112.49615, 77, 37.750000, 83,         0,110,         2,116,         4,164,         1
5BC,2015/03/17 18:13:00, 50,-5.9518795, 51, 57.800030, 52, 63.751907, 49,        64, 56, 6.2676125, 67, 643.33984, 72, 111.81944, 77, 37.750000, 83,         0,110,         1,116,         4,164,         1
5EC,2015/03/17 18:14:00, 50, 2.6775098, 51, 44.760777, 52, 42.083267, 49,        64, 56, 6.2676125, 67, 643.33984, 72, 111.83369, 77, 37.781250, 83,         0,110,         0,116,         4,164,         1
5AC,2015/03/17 18:15:00, 50, 2.9302845, 51, 35.510590, 52, 32.580307, 49,        64, 56, 6.2676125, 67, 643.33984, 72, 111.83992, 77, 37.781250, 83,         0,110,         6,116,         4,164,         1
58C,2015/03/17 18:16:00, 50, 3.8482680, 51, 54.599152, 52, 50.750885, 49,        64, 56, 6.2676125, 67, 643.33984, 72, 112.52536, 77, 37.812500, 83,         0,110,         3,116,         4,164,         1
54C,2015/03/17 18:17:00, 50, 20.214237, 51, 46.109314, 52, 25.895077, 49,        64, 56, 6.2676125, 67, 643.33984, 72, 112.52380, 77, 37.812500, 83,         0,110,         2,116,         4,164,         1
57C,2015/03/17 18:18:00, 50, 3.4014463, 51, 75.328445, 52, 71.927002, 49,        64, 56, 6.2676125, 67, 643.33984, 72, 111.84335, 77, 37.812500, 83,         0,110,         1,116,         4,164,         1
5EC,2015/03/17 18:19:00, 50, 9.6355305, 51, 48.488625, 52, 38.853096, 49,        64, 56, 6.2676125, 67, 643.33984, 72, 111.85126, 77, 37.875000, 83,         0,110,         0,116,         4,164,         1
51C,2015/03/17 18:20:00, 50,-5.3132715, 51, 42.539703, 52, 47.852974, 49,        64, 56, 6.2676125, 67, 643.33984, 72, 111.86708, 77, 37.875000, 83,         0,110,         6,116,         4,164,         1
5CC,2015/03/17 18:21:00, 50, 6.3058729, 51, 35.688084, 52, 29.382214, 49,        64, 56, 6.2676125, 67, 643.33984, 72, 112.57362, 77, 37.875000, 83,         0,110,         3,116,         4,164,         1
55C,2015/03/17 18:22:00, 50, 5.9392109, 51, 41.898773, 52, 35.959564, 49,        64, 56, 6.2676125, 67, 643.33984, 72, 112.57260, 77, 37.906250, 83,         0,110,         2,116,         4,164,         1
5AC,2015/03/17 18:23:00, 50, 9.2051201, 51, 46.855747, 52, 37.650627, 49,        64, 56, 6.2676125, 67, 643.33984, 72, 111.87024, 77, 37.937500, 83,         0,110,         1,116,         4,164,         1
56C,2015/03/17 18:24:00, 50, 14.196617, 51, 40.975910, 52, 26.779293, 49,        64, 56, 6.2676125, 67, 643.33984, 72, 111.86299, 77, 37.937500, 83,         0,110,         0,116,         4,164,         1
5BC,2015/03/17 18:25:00, 50, 3.1869745, 51, 49.335274, 52, 46.148300, 49,        64, 56, 6.2676125, 67, 643.33984, 72, 111.88631, 77, 37.968750, 83,         0,110,         6,116,         4,164,         1
56C,2015/03/17 18:26:00, 50, 6.8976107, 51, 38.741608, 52, 31.843998, 49,        64, 56, 6.2676125, 67, 643.33984, 72, 112.57820, 77, 37.968750, 83,         0,110,         3,116,         4,164,         1
5DC,2015/03/17 18:27:00, 50, 4.8023977, 51, 38.174213, 52, 33.371819, 49,        64, 56, 6.2676125, 67, 643.33984, 72, 112.58916, 77, 38.000000, 83,         0,110,         2,116,         4,164,         1
56C,2015/03/17 18:28:00, 50,-0.0136768, 51, 34.454060, 52, 34.467735, 49,        64, 56, 6.2676125, 67, 643.33984, 72, 111.90256, 77, 38.000000, 83,         0,110,         1,116,         4,164,         1
58C,2015/03/17 18:29:00, 50,-15.670944, 51, 37.121109, 52, 52.792053, 49,        64, 56, 6.2676125, 67, 643.33984, 72, 111.89714, 77, 38.000000, 83,         0,110,         0,116,         4,164,         1
52C,2015/03/17 18:30:00, 50, 0.0376016, 51, 30.235157, 52, 30.197556, 49,        64, 56, 6.2676125, 67, 643.33984, 72, 111.88026, 77, 37.968750, 83,         0,110,         6,116,         4,164,         1
5FC,2015/03/17 18:31:00, 50, 1.3991389, 51, 37.078625, 52, 35.679489, 49,        64, 56, 6.2676125, 67, 643.33984, 72, 112.55959, 77, 37.968750, 83,         0,110,         3,116,         4,164,         1
5EC,2015/03/17 18:32:00, 50,-6.6641550, 51, 31.594719, 52, 38.258873, 49,        64, 56, 6.2676125, 67, 643.33984, 72, 112.55511, 77, 37.968750, 83,         0,110,         2,116,         4,164,         1
50C,2015/03/17 18:33:00, 50,-2.9983206, 51, 34.475712, 52, 37.474030, 49,        64, 56, 6.2676125, 67, 643.33984, 72, 111.86690, 77, 37.937500, 83,         0,110,         1,116,         4,164,         1
57C,2015/03/17 18:34:00, 50, 10.610533, 51, 27.564455, 52, 16.953922, 49,        64, 56, 6.2676125, 67, 643.33984, 72, 111.86708, 77, 37.937500, 83,         0,110,         0,116,         4,164,         1
57C,2015/03/17 18:35:00, 50, 5.8853426, 51, 26.060894, 52, 20.175552, 49,        64, 56, 6.2676125, 67, 643.33984, 72, 111.87129, 77, 37.937500, 83,         0,110,         6,116,         4,164,         1
57C,2015/03/17 18:36:00, 50,-3.8872290, 51, 35.576771, 52, 39.463997, 49,        64, 56, 6.2676125, 67, 643.33984, 72, 112.55844, 77, 37.906250, 83,         0,110,         3,116,         4,164,         1
54C,2015/03/17 18:37:00, 50,-5.4542723, 51, 15.061224, 52, 20.515495, 49,        64, 56, 6.2676125, 67, 643.33984, 72, 112.55203, 77, 37.906250, 83,         0,110,         2,116,         4,164,         1
51C,2015/03/17 18:38:00, 50,-3.0398588, 51, 39.200317, 52, 42.240173, 49,        64, 56, 6.2676125, 67, 643.33984, 72, 111.84735, 77, 37.875000, 83,         0,110,         1,116,         4,164,         1
50C,2015/03/17 18:39:00, 50,-6.9527159, 51, 46.066650, 52, 53.019363, 49,        64, 56, 6.2676125, 67, 643.33984, 72, 111.84140, 77, 37.906250, 83,         0,110,         0,116,         4,164,         1
5AC,2015/03/17 18:40:00, 50, 8.3632164, 51, 44.781780, 52, 36.418564, 49,        64, 56, 6.2676125, 67, 643.33984, 72, 111.84615, 77, 37.875000, 83,         0,110,         6,116,         4,164,         1
51C,2015/03/17 18:41:00, 50, 3.6961470, 51, 40.332031, 52, 36.635887, 49,        64, 56, 6.2676125, 67, 643.33984, 72, 111.85300, 77, 37.875000, 83,         0,110,         3,116,         4,164,         1
58C,2015/03/17 18:42:00, 50,-9.3171501, 51, 29.675663, 52, 38.992813, 49,        64, 56, 6.2676125, 67, 643.33984, 72, 112.54367, 77, 37.875000, 83,         0,110,         2,116,         4,164,         1
52C,2015/03/17 18:43:00, 50,-1.8682075, 51, 41.352459, 52, 43.220665, 49,        64, 56, 6.2676125, 67, 643.33984, 72, 112.54575, 77, 37.843750, 83,         0,110,         1,116,         4,164,         1
5AC,2015/03/17 18:44:00, 50,-21.082058, 51, 35.819225, 52, 56.901283, 49,        64, 56, 6.2676125, 67, 643.33984, 72, 111.85971, 77, 37.843750, 83,         0,110,         0,116,         4,164,         1
50C,2015/03/17 18:45:00, 50,-5.1364412, 51, 35.566196, 52, 40.702637, 49,        64, 56, 6.2676125, 67, 643.33984, 72, 111.86998, 77, 37.843750, 83,         0,110,         6,116,         4,164,         1
57C,2015/03/17 18:46:00, 50, 7.2585421, 51, 33.277382, 52, 26.018841, 49,        64, 56, 6.2676125, 67, 643.33984, 72, 111.88689, 77, 37.843750, 83,         0,110,         3,116,         4,164,         1
56C,2015/03/17 18:47:00, 50, 1.5480368, 51, 32.089348, 52, 30.541313, 49,        64, 56, 6.2676125, 67, 643.33984, 72, 112.59044, 77, 37.843750, 83,         0,110,         2,116,         4,164,         1
58C,2015/03/17 18:48:00, 50, 9.2496376, 51, 48.766575, 52, 39.516937, 49,        64, 56, 6.2676125, 67, 643.33984, 72, 112.59265, 77, 37.843750, 83,         0,110,         1,116,         4,164,         1
5DC,2015/03/17 18:49:00, 50, 1.7752638, 51, 32.028988, 52, 30.253727, 49,        64, 56, 6.2676125, 67, 643.33984, 72, 111.91641, 77, 37.875000, 83,         0,110,         0,116,         4,164,         1
55C,2015/03/17 18:50:00, 50,-3.3327160, 51, 38.781162, 52, 42.113876, 49,        64, 56, 6.2676125, 67, 643.33984, 72, 111.92397, 77, 37.843750, 83,         0,110,         6,116,         4,164,         1
54C,2015/03/17 18:51:00, 50,-4.1707525, 51, 34.129711, 52, 38.300461, 49,        64, 56, 6.2676125, 67, 643.33984, 72, 111.92892, 77, 37.843750, 83,         0,110,         3,116,         4,164,         1
56C,2015/03/17 18:52:00, 50,-9.0163956, 51, 36.913872, 52, 45.930267, 49,        64, 56, 6.2676125, 67, 643.33984, 72, 112.62476, 77, 37.843750, 83,         0,110,         2,116,         4,164,         1
54C,2015/03/17 18:53:00, 50,-0.4065757, 51, 44.342113, 52, 44.748688, 49,        64, 56, 6.2676125, 67, 643.33984, 72, 112.62462, 77, 37.843750, 83,         0,110,         1,116,         4,164,         1
59C,2015/03/17 18:54:00, 50, 0.2051537, 51, 36.937153, 52, 36.732002, 49,        64, 56, 6.2676125, 67, 643.33984, 72, 111.93158, 77, 37.875000, 83,         0,110,         0,116,         4,164,         1
52C,2015/03/17 18:55:00, 50,-6.1702042, 51, 40.830315, 52, 47.000519, 49,        64, 56, 6.2676125, 67, 643.33984, 72, 111.92891, 77, 37.843750, 83,         0,110,         6,116,         4,164,         1
58C,2015/03/17 18:56:00, 50,-9.6013088, 51, 39.353107, 52, 48.954414, 49,        64, 56, 6.2676125, 67, 643.33984, 72, 111.92833, 77, 37.875000, 83,         0,110,         3,116,         4,164,         1
5EC,2015/03/17 18:57:00, 50, 14.241877, 51, 61.215103, 52, 46.973228, 49,        64, 56, 6.2676125, 67, 643.33984, 72, 112.62505, 77, 37.875000, 83,         0,110,         2,116,         4,164,         1
57C,2015/03/17 18:58:00, 50,-1.8441916, 51, 58.039104, 52, 59.883293, 49,        64, 56, 6.2676125, 67, 643.33984, 72, 112.63271, 77, 37.875000, 83,         0,110,         1,116,         4,164,         1
59C,2015/03/17 18:59:00, 50,-7.3103237, 51, 41.994030, 52, 49.304352, 49,        64, 56, 6.2676125, 67, 643.33984, 72, 111.95528, 77, 37.875000, 83,         0,110,         0,116,         4,164,         1
53C,2015/03/17 19:00:00, 50, 7.6575861, 51, 36.709209, 52, 29.051624, 49,        64, 56, 6.2676125, 67, 643.33984, 72, 111.94681, 77, 37.843750, 83,         0,110,         6,116,         4,164,         1
53C,2015/03/17 19:01:00, 50,-1.6100392, 51, 41.954521, 52, 43.564560, 49,        64, 56, 6.2676125, 67, 643.33984, 72, 111.93600, 77, 37.875000, 83,         0,110,         3,116,         4,164,         1
50C,2015/03/17 19:02:00, 50, 3.7311544, 51, 50.708782, 52, 46.977631, 49,        64, 56, 6.2676125, 67, 643.33984, 72, 112.62936, 77, 37.843750, 83,         0,110,         2,116,         4,164,         1
59C,2015/03/17 19:03:00, 50,-11.027332, 51, 45.796772, 52, 56.824104, 49,        64, 56, 6.2676125, 67, 643.33984, 72, 112.63736, 77, 37.875000, 83,         0,110,         1,116,         4,164,         1
53C,2015/03/17 19:04:00, 50,-20.684261, 51, 49.524254, 52, 70.208511, 49,        64, 56, 6.2676125, 67, 643.33984, 72, 111.95239, 77, 37.875000, 83,         0,110,         0,116,         4,164,         1
