53C,2015/03/30 08:36:03, 50, 0.0000000, 51, 0.0000000, 52, 0.0000000, 49,         4, 56, 6.2676125, 67, 646.03967, 72, 0.0000000, 77, 17.218750, 83,     36353,110,        29,116,         4,164,         1
4BC,2015/03/30 08:37:00, 50, 0.0000000, 51, 0.0000000, 52, 0.0000000, 49,        64, 56, 6.2676125, 67, 646.03967, 72, 122.13811, 77, 17.812500, 83,     36353,110,        29,116,         4,164,         1
40C,2015/03/30 08:38:00, 50, 0.0000000, 51, 0.0000000, 52, 0.0000000, 49,        64, 56, 6.2676125, 67, 646.03967, 72, 108.69124, 77, 18.375000, 83,     35329,110,        29,116,         4,164,         1
49C,2015/03/30 08:39:00, 50, 0.0000000, 51, 0.0000000, 52, 0.0000000, 49,        64, 56, 6.2676125, 67, 646.03967, 72, 108.41832, 77, 18.843750, 83,     35329,110,        29,116,         4,164,         1
4BC,2015/03/30 08:40:00, 50, 0.0000000, 51, 0.0000000, 52, 0.0000000, 49,        64, 56, 6.2676125, 67, 646.03967, 72, 108.13029, 77, 19.406250, 83,     35329,110,        29,116,         4,164,         1
4CC,2015/03/30 08:41:00, 50, 0.0000000, 51, 0.0000000, 52, 0.0000000, 49,        64, 56, 6.2676125, 67, 646.03967, 72, 107.85841, 77, 19.968750, 83,     35329,110,        29,116,         4,164,         1
4DC,2015/03/30 08:42:00, 50, 0.0000000, 51, 0.0000000, 52, 0.0000000, 49,        64, 56, 6.2676125, 67, 646.03967, 72, 107.64502, 77, 20.468750, 83,     35329,110,        29,116,         4,164,         1
42C,2015/03/30 08:43:00, 50, 0.0000000, 51, 0.0000000, 52, 0.0000000, 49,        64, 56, 6.2676125, 67, 646.03967, 72, 107.36575, 77, 21.000000, 83,     35329,110,        29,116,         4,164,         1
40C,2015/03/30 08:44:00, 50, 0.0000000, 51, 0.0000000, 52, 0.0000000, 49,        64, 56, 6.2676125, 67, 646.03967, 72, 107.22337, 77, 21.531250, 83,     35329,110,        29,116,         4,164,         1
42C,2015/03/30 08:45:00, 50, 0.0000000, 51, 0.0000000, 52, 0.0000000, 49,        64, 56, 6.2676125, 67, 646.03967, 72, 107.12114, 77, 22.000000, 83,     35329,110,        29,116,         4,164,         1
42C,2015/03/30 08:46:00, 50, 0.0000000, 51, 0.0000000, 52, 0.0000000, 49,        64, 56, 6.2676125, 67, 646.03967, 72, 107.12398, 77, 22.406250, 83,     35329,110,        29,116,         4,164,         1
4BC,2015/03/30 08:47:00, 50, 0.0000000, 51, 0.0000000, 52, 0.0000000, 49,        64, 56, 6.2676125, 67, 646.03967, 72, 107.18668, 77, 22.843750, 83,     35329,110,        29,116,         4,164,         1
48C,2015/03/30 08:48:00, 50, 0.0000000, 51, 0.0000000, 52, 0.0000000, 49,        64, 56, 6.2676125, 67, 646.03967, 72, 107.21469, 77, 23.218750, 83,     35329,110,        29,116,         4,164,         1
45C,2015/03/30 08:49:00, 50, 0.0000000, 51, 0.0000000, 52, 0.0000000, 49,        64, 56, 6.2676125, 67, 646.03967, 72, 107.26793, 77, 23.562500, 83,     35329,110,        29,116,         4,164,         1
4EC,2015/03/30 08:50:00, 50, 0.0000000, 51, 0.0000000, 52, 0.0000000, 49,        64, 56, 6.2676125, 67, 646.03967, 72, 107.29280, 77, 23.906250, 83,     34817,110,        29,116,         4,164,         1
40C,2015/03/30 08:51:00, 50, 0.0000000, 51, 0.0000000, 52, 0.0000000, 49,        64, 56, 6.2676125, 67, 646.03967, 72, 107.37729, 77, 24.218750, 83,     34817,110,        29,116,         4,164,         1
43C,2015/03/30 08:52:00, 50, 0.0000000, 51, 0.0000000, 52, 0.0000000, 49,        64, 56, 6.2676125, 67, 646.03967, 72, 107.46838, 77, 24.531250, 83,     34817,110,        29,116,         4,164,         1
42C,2015/03/30 08:53:00, 50, 0.0000000, 51, 0.0000000, 52, 0.0000000, 49,        64, 56, 6.2676125, 67, 646.03967, 72, 107.53386, 77, 24.875000, 83,     34817,110,        29,116,         4,164,         1
4BC,2015/03/30 08:54:00, 50, 0.0000000, 51, 0.0000000, 52, 0.0000000, 49,        64, 56, 6.2676125, 67, 646.03967, 72, 107.58684, 77, 25.218750, 83,     34817,110,        29,116,         4,164,         1
4FC,2015/03/30 08:55:00, 50, 0.0000000, 51, 0.0000000, 52, 0.0000000, 49,        64, 56, 6.2676125, 67, 646.03967, 72, 107.63911, 77, 25.531250, 83,     35329,110,        29,116,         4,164,         1
40C,2015/03/30 08:56:00, 50, 0.0000000, 51, 0.0000000, 52, 0.0000000, 49,        64, 56, 6.2676125, 67, 646.03967, 72, 107.73875, 77, 25.812500, 83,     35329,110,        29,116,         4,164,         1
48C,2015/03/30 08:57:00, 50, 0.0000000, 51, 0.0000000, 52, 0.0000000, 49,        64, 56, 6.2676125, 67, 646.03967, 72, 107.82314, 77, 26.125000, 83,     35329,110,        29,116,         4,164,         1
47C,2015/03/30 08:58:00, 50, 0.0000000, 51, 0.0000000, 52, 0.0000000, 49,        64, 56, 6.2676125, 67, 646.03967, 72, 107.88834, 77, 26.437500, 83,     35329,110,        29,116,         4,164,         1
43C,2015/03/30 08:59:00, 50, 0.0000000, 51, 0.0000000, 52, 0.0000000, 49,        64, 56, 6.2676125, 67, 646.03967, 72, 107.97672, 77, 26.750000, 83,     35329,110,        29,116,         4,164,         1
44C,2015/03/30 09:00:00, 50, 0.0000000, 51, 0.0000000, 52, 0.0000000, 49,        64, 56, 6.2676125, 67, 646.03967, 72, 108.07393, 77, 27.031250, 83,     35329,110,        29,116,         4,164,         1
40C,2015/03/30 09:01:00, 50, 0.0000000, 51, 0.0000000, 52, 0.0000000, 49,        64, 56, 6.2676125, 67, 646.03967, 72, 108.18430, 77, 27.250000, 83,     34817,110,        29,116,         4,164,         1
44C,2015/03/30 09:02:00, 50, 0.0000000, 51, 0.0000000, 52, 0.0000000, 49,        64, 56, 6.2676125, 67, 646.03967, 72, 108.30080, 77, 27.437500, 83,     34817,110,        29,116,         4,164,         1
44C,2015/03/30 09:03:00, 50, 0.0000000, 51, 0.0000000, 52, 0.0000000, 49,        64, 56, 6.2676125, 67, 646.03967, 72, 108.40465, 77, 27.687500, 83,     34817,110,        29,116,         4,164,         1
44C,2015/03/30 09:04:00, 50, 0.0000000, 51, 0.0000000, 52, 0.0000000, 49,        64, 56, 6.2676125, 67, 646.03967, 72, 108.52124, 77, 27.906250, 83,     34817,110,        29,116,         4,164,         1
4FC,2015/03/30 09:05:00, 50, 0.0000000, 51, 0.0000000, 52, 0.0000000, 49,        64, 56, 6.2676125, 67, 646.03967, 72, 108.60580, 77, 28.125000, 83,     34817,110,        29,116,         4,164,         1
4CC,2015/03/30 09:06:00, 50, 0.0000000, 51, 0.0000000, 52, 0.0000000, 49,        64, 56, 6.2676125, 67, 646.03967, 72, 108.70087, 77, 28.312500, 83,     34817,110,        29,116,         4,164,         1
42C,2015/03/30 09:07:00, 50, 0.0000000, 51, 0.0000000, 52, 0.0000000, 49,        64, 56, 6.2676125, 67, 646.03967, 72, 108.76636, 77, 28.531250, 83,     34817,110,        29,116,         4,164,         1
4FC,2015/03/30 09:08:00, 50, 0.0000000, 51, 0.0000000, 52, 0.0000000, 49,        64, 56, 6.2676125, 67, 646.03967, 72, 108.87210, 77, 28.687500, 83,     34817,110,        29,116,         4,164,         1
43C,2015/03/30 09:09:00, 50, 0.0000000, 51, 0.0000000, 52, 0.0000000, 49,        64, 56, 6.2676125, 67, 646.03967, 72, 108.97108, 77, 28.875000, 83,     34817,110,        29,116,         4,164,         1
46C,2015/03/30 09:10:00, 50, 0.0000000, 51, 0.0000000, 52, 0.0000000, 49,        64, 56, 6.2676125, 67, 646.03967, 72, 109.03255, 77, 29.062500, 83,     34817,110,        29,116,         4,164,         1
48C,2015/03/30 09:11:00, 50, 0.0000000, 51, 0.0000000, 52, 0.0000000, 49,        64, 56, 6.2676125, 67, 646.03967, 72, 109.09917, 77, 29.218750, 83,     34817,110,        29,116,         4,164,         1
4FC,2015/03/30 09:12:00, 50, 0.0000000, 51, 0.0000000, 52, 0.0000000, 49,        64, 56, 6.2676125, 67, 646.03967, 72, 109.15903, 77, 29.406250, 83,     34817,110,        29,116,         4,164,         1
5DC,2015/03/30 09:13:00, 50, 0.0000000, 51, 0.0000000, 52, 0.0000000, 49,        64, 56, 6.2676125, 67, 646.03967, 72, 109.21172, 77, 29.593750, 83,         0,110,         0,116,         4,164,         1
51C,2015/03/30 09:14:00, 50, 21.204212, 51, 76.101021, 52, 54.896812, 49,        64, 56, 6.2676125, 67, 646.03967, 72, 108.68155, 77, 29.750000, 83,         0,110,         6,116,         4,164,         1
55C,2015/03/30 09:15:00, 50, 26.738861, 51, 76.551788, 52, 49.812927, 49,        64, 56, 6.2676125, 67, 646.03967, 72, 108.69116, 77, 29.968750, 83,         0,110,         3,116,         4,164,         1
5AC,2015/03/30 09:16:00, 50, 24.672340, 51, 73.701950, 52, 49.029610, 49,        64, 56, 6.2676125, 67, 646.03967, 72, 109.30449, 77, 30.031250, 83,         0,110,         2,116,         4,164,         1
57C,2015/03/30 09:17:00, 50, 15.268145, 51, 66.875565, 52, 51.607422, 49,        64, 56, 6.2676125, 67, 646.03967, 72, 109.34813, 77, 30.031250, 83,         0,110,         1,116,         4,164,         1
55C,2015/03/30 09:18:00, 50, 14.614418, 51, 62.289070, 52, 47.674652, 49,        64, 56, 6.2676125, 67, 646.03967, 72, 108.82176, 77, 30.125000, 83,         0,110,         0,116,         4,164,         1
53C,2015/03/30 09:19:00, 50, 26.030521, 51, 58.330708, 52, 32.300186, 49,        64, 56, 6.2676125, 67, 646.03967, 72, 108.90230, 77, 30.250000, 83,         0,110,         6,116,         4,164,         1
50C,2015/03/30 09:20:00, 50, 22.352020, 51, 59.416740, 52, 37.064720, 49,        64, 56, 6.2676125, 67, 646.03967, 72, 108.95926, 77, 30.406250, 83,         0,110,         3,116,         4,164,         1
50C,2015/03/30 09:21:00, 50, 29.753654, 51, 75.014366, 52, 45.260712, 49,        64, 56, 6.2676125, 67, 646.03967, 72, 109.62915, 77, 30.593750, 83,         0,110,         2,116,         4,164,         1
58C,2015/03/30 09:22:00, 50, 23.956844, 51, 63.093731, 52, 39.136887, 49,        64, 56, 6.2676125, 67, 646.03967, 72, 109.68314, 77, 30.718750, 83,         0,110,         1,116,         4,164,         1
5CC,2015/03/30 09:23:00, 50, 21.810741, 51, 63.215870, 52, 41.405128, 49,        64, 56, 6.2676125, 67, 646.03967, 72, 109.11472, 77, 30.875000, 83,         0,110,         0,116,         4,164,         1
52C,2015/03/30 09:24:00, 50, 28.793144, 51, 64.206314, 52, 35.413170, 49,        64, 56, 6.2676125, 67, 646.03967, 72, 109.17296, 77, 31.031250, 83,         0,110,         6,116,         4,164,         1
5EC,2015/03/30 09:25:00, 50, 25.610626, 51, 69.459297, 52, 43.848671, 49,        64, 56, 6.2676125, 67, 644.68970, 72, 109.21120, 77, 31.156250, 83,         0,110,         3,116,         4,164,         1
59C,2015/03/30 09:26:00, 50, 25.747852, 51, 71.370636, 52, 45.622787, 49,        64, 56, 6.2676125, 67, 644.68970, 72, 109.88455, 77, 31.281250, 83,         0,110,         2,116,         4,164,         1
5AC,2015/03/30 09:27:00, 50, 22.095886, 51, 70.606087, 52, 48.510201, 49,        64, 56, 6.2676125, 67, 644.68970, 72, 109.90680, 77, 31.437500, 83,         0,110,         1,116,         4,164,         1
52C,2015/03/30 09:28:00, 50, 10.276115, 51, 41.317097, 52, 31.040981, 49,        64, 56, 6.2676125, 67, 644.68970, 72, 109.31004, 77, 31.562500, 83,         0,110,         0,116,         4,164,         1
5DC,2015/03/30 09:29:00, 50, 5.6112986, 51, 41.135963, 52, 35.524666, 49,        64, 56, 6.2676125, 67, 644.68970, 72, 109.35242, 77, 31.718750, 83,         0,110,         6,116,         4,164,         1
5FC,2015/03/30 09:30:00, 50, 5.5971117, 51, 49.073666, 52, 43.476555, 49,        64, 56, 6.2676125, 67, 644.68970, 72, 109.38419, 77, 31.843750, 83,         0,110,         3,116,         4,164,         1
59C,2015/03/30 09:31:00, 50, 7.7233896, 51, 61.075661, 52, 53.352272, 49,        64, 56, 6.2676125, 67, 644.68970, 72, 110.08209, 77, 32.000000, 83,         0,110,         2,116,         4,164,         1
5AC,2015/03/30 09:32:00, 50, 13.954245, 51, 53.366879, 52, 39.412636, 49,        64, 56, 6.2676125, 67, 644.68970, 72, 110.10979, 77, 32.125000, 83,         0,110,         1,116,         4,164,         1
5BC,2015/03/30 09:33:00, 50, 24.580750, 51, 68.803085, 52, 44.222336, 49,        64, 56, 6.2676125, 67, 644.68970, 72, 109.49057, 77, 32.250000, 83,         0,110,         0,116,         4,164,         1
57C,2015/03/30 09:34:00, 50, 20.894623, 51, 63.528458, 52, 42.633835, 49,        64, 56, 6.2676125, 67, 644.68970, 72, 109.52946, 77, 32.375000, 83,         0,110,         6,116,         4,164,         1
5AC,2015/03/30 09:35:00, 50, 19.422436, 51, 62.080662, 52, 42.658226, 49,        64, 56, 6.2676125, 67, 644.68970, 72, 109.55760, 77, 32.531250, 83,         0,110,         3,116,         4,164,         1
50C,2015/03/30 09:36:00, 50, 20.845257, 51, 65.439972, 52, 44.594719, 49,        64, 56, 6.2676125, 67, 644.68970, 72, 110.24716, 77, 32.656250, 83,         0,110,         2,116,         4,164,         1
5CC,2015/03/30 09:37:00, 50, 21.888462, 51, 46.445656, 52, 24.557194, 49,        64, 56, 6.2676125, 67, 644.68970, 72, 110.26476, 77, 32.750000, 83,         0,110,         1,116,         4,164,         1
50C,2015/03/30 09:38:00, 50, 22.190571, 51, 56.123417, 52, 33.932846, 49,        64, 56, 6.2676125, 67, 644.68970, 72, 109.60786, 77, 32.875000, 83,         0,110,         0,116,         4,164,         1
5CC,2015/03/30 09:39:00, 50, 24.939636, 51, 61.670921, 52, 36.731285, 49,        64, 56, 6.2676125, 67, 644.68970, 72, 109.61302, 77, 32.968750, 83,         0,110,         6,116,         4,164,         1
5EC,2015/03/30 09:40:00, 50, 18.175056, 51, 55.849182, 52, 37.674126, 49,        64, 56, 6.2676125, 67, 644.68970, 72, 109.61893, 77, 33.093750, 83,         0,110,         3,116,         4,164,         1
57C,2015/03/30 09:41:00, 50, 17.130177, 51, 41.733589, 52, 24.603413, 49,        64, 56, 6.2676125, 67, 644.68970, 72, 110.30843, 77, 33.156250, 83,         0,110,         2,116,         4,164,         1
50C,2015/03/30 09:42:00, 50, 13.855131, 51, 45.061001, 52, 31.205872, 49,        64, 56, 6.2676125, 67, 644.68970, 72, 110.32484, 77, 33.250000, 83,         0,110,         1,116,         4,164,         1
56C,2015/03/30 09:43:00, 50, 24.554119, 51, 41.548077, 52, 16.993958, 49,        64, 56, 6.2676125, 67, 644.68970, 72, 109.64005, 77, 33.343750, 83,         0,110,         0,116,         4,164,         1
50C,2015/03/30 09:44:00, 50, 18.198269, 51, 49.807064, 52, 31.608795, 49,        64, 56, 6.2676125, 67, 644.68970, 72, 109.62892, 77, 33.406250, 83,         0,110,         6,116,         4,164,         1
59C,2015/03/30 09:45:00, 50, 16.158772, 51, 51.539761, 52, 35.380989, 49,        64, 56, 6.2676125, 67, 644.68970, 72, 109.62843, 77, 33.531250, 83,         0,110,         3,116,         4,164,         1
59C,2015/03/30 09:46:00, 50, 12.679373, 51, 56.555378, 52, 43.876007, 49,        64, 56, 6.2676125, 67, 644.68970, 72, 110.30920, 77, 33.625000, 83,         0,110,         2,116,         4,164,         1
5BC,2015/03/30 09:47:00, 50, 12.274664, 51, 55.401516, 52, 43.126854, 49,        64, 56, 6.2676125, 67, 644.68970, 72, 110.33145, 77, 33.718750, 83,         0,110,         1,116,         4,164,         1
55C,2015/03/30 09:48:00, 50, 12.334417, 51, 61.405918, 52, 49.071503, 49,        64, 56, 6.2676125, 67, 644.68970, 72, 109.67168, 77, 33.812500, 83,         0,110,         0,116,         4,164,         1
5DC,2015/03/30 09:49:00, 50, 13.465839, 51, 60.977383, 52, 47.511543, 49,        64, 56, 6.2676125, 67, 644.68970, 72, 109.68526, 77, 33.875000, 83,         0,110,         6,116,         4,164,         1
53C,2015/03/30 09:50:00, 50, 7.0829153, 51, 28.986769, 52, 21.903854, 49,        64, 56, 6.2676125, 67, 644.68970, 72, 109.69196, 77, 33.968750, 83,         0,110,         3,116,         4,164,         1
5BC,2015/03/30 09:51:00, 50, 10.575102, 51, 36.156216, 52, 25.581116, 49,        64, 56, 6.2676125, 67, 644.68970, 72, 110.36821, 77, 34.062500, 83,         0,110,         2,116,         4,164,         1
54C,2015/03/30 09:52:00, 50, 13.449362, 51, 31.146925, 52, 17.697563, 49,        64, 56, 6.2676125, 67, 644.68970, 72, 110.36958, 77, 34.125000, 83,         0,110,         1,116,         4,164,         1
5CC,2015/03/30 09:53:00, 50, 17.714806, 51, 42.380363, 52, 24.665558, 49,        64, 56, 6.2676125, 67, 644.68970, 72, 109.69600, 77, 34.218750, 83,         0,110,         0,116,         4,164,         1
50C,2015/03/30 09:54:00, 50, 9.3082008, 51, 41.561199, 52, 32.252998, 49,        64, 56, 6.2676125, 67, 644.68970, 72, 109.68698, 77, 34.281250, 83,         0,110,         6,116,         4,164,         1
54C,2015/03/30 09:55:00, 50, 19.327286, 51, 40.095249, 52, 20.767963, 49,        64, 56, 6.2676125, 67, 644.68970, 72, 109.68156, 77, 34.343750, 83,         0,110,         3,116,         4,164,         1
56C,2015/03/30 09:56:00, 50, 9.8494682, 51, 44.637211, 52, 34.787743, 49,        64, 56, 6.2676125, 67, 644.68970, 72, 110.37335, 77, 34.406250, 83,         0,110,         2,116,         4,164,         1
57C,2015/03/30 09:57:00, 50, 9.7099552, 51, 40.925678, 52, 31.215725, 49,        64, 56, 6.2676125, 67, 644.68970, 72, 110.36794, 77, 34.468750, 83,         0,110,         1,116,         4,164,         1
5CC,2015/03/30 09:58:00, 50, 20.179100, 51, 36.031368, 52, 15.852270, 49,        64, 56, 6.2676125, 67, 644.68970, 72, 109.67888, 77, 34.531250, 83,         0,110,         0,116,         4,164,         1
53C,2015/03/30 09:59:00, 50, 0.5290673, 51, 46.181850, 52, 45.652786, 49,        64, 56, 6.2676125, 67, 644.68970, 72, 109.68549, 77, 34.593750, 83,         0,110,         6,116,         4,164,         1
56C,2015/03/30 10:00:00, 50, 6.1789389, 51, 44.102016, 52, 37.923080, 49,        64, 56, 6.2676125, 67, 644.68970, 72, 109.69672, 77, 34.656250, 83,         0,110,         3,116,         4,164,         1
5BC,2015/03/30 10:01:00, 50, 14.700377, 51, 46.091434, 52, 31.391060, 49,        64, 56, 6.2676125, 67, 644.68970, 72, 110.37788, 77, 34.718750, 83,         0,110,         2,116,         4,164,         1
5DC,2015/03/30 10:02:00, 50, 24.184204, 51, 51.804283, 52, 27.620079, 49,        64, 56, 6.2676125, 67, 644.68970, 72, 110.39041, 77, 34.750000, 83,         0,110,         1,116,         4,164,         1
57C,2015/03/30 10:03:00, 50, 21.189373, 51, 61.167561, 52, 39.978188, 49,        64, 56, 6.2676125, 67, 644.68970, 72, 109.71193, 77, 34.843750, 83,         0,110,         0,116,         4,164,         1
52C,2015/03/30 10:04:00, 50, 15.980597, 51, 50.638691, 52, 34.658096, 49,        64, 56, 6.2676125, 67, 644.68970, 72, 109.74008, 77, 34.906250, 83,         0,110,         6,116,         4,164,         1
52C,2015/03/30 10:05:00, 50, 13.634205, 51, 47.513432, 52, 33.879227, 49,        64, 56, 6.2676125, 67, 644.68970, 72, 109.75429, 77, 34.968750, 83,         0,110,         3,116,         4,164,         1
5AC,2015/03/30 10:06:00, 50, 10.394611, 51, 42.310974, 52, 31.916363, 49,        64, 56, 6.2676125, 67, 644.68970, 72, 110.46005, 77, 35.031250, 83,         0,110,         2,116,         4,164,         1
58C,2015/03/30 10:07:00, 50, 8.8141880, 51, 36.701405, 52, 27.887218, 49,        64, 56, 6.2676125, 67, 644.68970, 72, 110.46416, 77, 35.062500, 83,         0,110,         1,116,         4,164,         1
52C,2015/03/30 10:08:00, 50, 26.060589, 51, 64.750931, 52, 38.690346, 49,        64, 56, 6.2676125, 67, 644.68970, 72, 109.78552, 77, 35.125000, 83,         0,110,         0,116,         4,164,         1
52C,2015/03/30 10:09:00, 50, 7.5310793, 51, 33.650272, 52, 26.119194, 49,        64, 56, 6.2676125, 67, 644.68970, 72, 109.78796, 77, 35.187500, 83,         0,110,         6,116,         4,164,         1
59C,2015/03/30 10:10:00, 50, 12.422642, 51, 41.739796, 52, 29.317154, 49,        64, 56, 6.2676125, 67, 644.68970, 72, 109.79480, 77, 35.218750, 83,         0,110,         3,116,         4,164,         1
56C,2015/03/30 10:11:00, 50, 17.358387, 51, 41.748859, 52, 24.390472, 49,        64, 56, 6.2676125, 67, 644.68970, 72, 110.47801, 77, 35.281250, 83,         0,110,         2,116,         4,164,         1
52C,2015/03/30 10:12:00, 50, 17.258919, 51, 38.692165, 52, 21.433247, 49,        64, 56, 6.2676125, 67, 644.68970, 72, 110.46590, 77, 35.312500, 83,         0,110,         1,116,         4,164,         1
53C,2015/03/30 10:13:00, 50, 19.428047, 51, 38.102997, 52, 18.674950, 49,        64, 56, 6.2676125, 67, 644.68970, 72, 109.76552, 77, 35.375000, 83,         0,110,         0,116,         4,164,         1
50C,2015/03/30 10:14:00, 50, 12.755575, 51, 38.825657, 52, 26.070084, 49,        64, 56, 6.2676125, 67, 644.68970, 72, 109.77777, 77, 35.375000, 83,         0,110,         6,116,         4,164,         1
53C,2015/03/30 10:15:00, 50, 10.666538, 51, 33.570255, 52, 22.903717, 49,        64, 56, 6.2676125, 67, 644.68970, 72, 109.77309, 77, 35.437500, 83,         0,110,         3,116,         4,164,         1
5BC,2015/03/30 10:16:00, 50, 12.586916, 51, 28.688219, 52, 16.101303, 49,        64, 56, 6.2676125, 67, 644.68970, 72, 110.44505, 77, 35.468750, 83,         0,110,         2,116,         4,164,         1
58C,2015/03/30 10:17:00, 50, 9.0112438, 51, 41.279179, 52, 32.267937, 49,        64, 56, 6.2676125, 67, 644.68970, 72, 110.45171, 77, 35.500000, 83,         0,110,         1,116,         4,164,         1
54C,2015/03/30 10:18:00, 50, 7.4040651, 51, 34.497093, 52, 27.093029, 49,        64, 56, 6.2676125, 67, 644.68970, 72, 109.77240, 77, 35.562500, 83,         0,110,         0,116,         4,164,         1
54C,2015/03/30 10:19:00, 50, 13.436905, 51, 31.272758, 52, 17.835854, 49,        64, 56, 6.2676125, 67, 644.68970, 72, 109.78009, 77, 35.562500, 83,         0,110,         6,116,         4,164,         1
5FC,2015/03/30 10:20:00, 50, 14.002550, 51, 38.700840, 52, 24.698292, 49,        64, 56, 6.2676125, 67, 644.68970, 72, 109.79214, 77, 35.625000, 83,         0,110,         3,116,         4,164,         1
51C,2015/03/30 10:21:00, 50, 9.2700634, 51, 45.965237, 52, 36.695175, 49,        64, 56, 6.2676125, 67, 644.68970, 72, 110.48827, 77, 35.687500, 83,         0,110,         2,116,         4,164,         1
54C,2015/03/30 10:22:00, 50, 8.6121941, 51, 31.781681, 52, 23.169487, 49,        64, 56, 6.2676125, 67, 644.68970, 72, 110.49323, 77, 35.718750, 83,         0,110,         1,116,         4,164,         1
5FC,2015/03/30 10:23:00, 50, 9.9271049, 51, 38.378517, 52, 28.451412, 49,        64, 56, 6.2676125, 67, 644.68970, 72, 109.82069, 77, 35.750000, 83,         0,110,         0,116,         4,164,         1
53C,2015/03/30 10:24:00, 50, 10.267860, 51, 32.888805, 52, 22.620945, 49,        64, 56, 6.2676125, 67, 644.68970, 72, 109.83337, 77, 35.750000, 83,         0,110,         6,116,         4,164,         1
51C,2015/03/30 10:25:00, 50, 10.202263, 51, 29.889111, 52, 19.686848, 49,        64, 56, 6.2676125, 67, 644.68970, 72, 109.84190, 77, 35.781250, 83,         0,110,         3,116,         4,164,         1
5FC,2015/03/30 10:26:00, 50, 10.445459, 51, 29.855310, 52, 19.409851, 49,        64, 56, 6.2676125, 67, 644.68970, 72, 110.53105, 77, 35.812500, 83,         0,110,         2,116,         4,164,         1
5BC,2015/03/30 10:27:00, 50, 13.477230, 51, 47.637447, 52, 34.160217, 49,        64, 56, 6.2676125, 67, 644.68970, 72, 110.53362, 77, 35.875000, 83,         0,110,         1,116,         4,164,         1
53C,2015/03/30 10:28:00, 50, 16.103493, 51, 47.915516, 52, 31.812023, 49,        64, 56, 6.2676125, 67, 644.68970, 72, 109.83952, 77, 35.875000, 83,         0,110,         0,116,         4,164,         1
56C,2015/03/30 10:29:00, 50, 9.2308102, 51, 34.735260, 52, 25.504452, 49,        64, 56, 6.2676125, 67, 644.68970, 72, 109.83702, 77, 35.906250, 83,         0,110,         6,116,         4,164,         1
5FC,2015/03/30 10:30:00, 50, 6.4410486, 51, 30.123451, 52, 23.682404, 49,        64, 56, 6.2676125, 67, 644.68970, 72, 109.84247, 77, 35.937500, 83,         0,110,         3,116,         4,164,         1
51C,2015/03/30 10:31:00, 50, 4.6030102, 51, 25.129690, 52, 20.526680, 49,        64, 56, 6.2676125, 67, 644.68970, 72, 110.52615, 77, 35.937500, 83,         0,110,         2,116,         4,164,         1
58C,2015/03/30 10:32:00, 50, 5.1723404, 51, 29.066277, 52, 23.893936, 49,        64, 56, 6.2676125, 67, 644.68970, 72, 110.52843, 77, 35.968750, 83,         0,110,         1,116,         4,164,         1
5DC,2015/03/30 10:33:00, 50, 30.414146, 51, 67.009010, 52, 36.594864, 49,        64, 56, 6.2676125, 67, 644.68970, 72, 109.85674, 77, 36.000000, 83,         0,110,         0,116,         4,164,         1
57C,2015/03/30 10:34:00, 50, 8.3593388, 51, 41.806717, 52, 33.447380, 49,        64, 56, 6.2676125, 67, 644.68970, 72, 109.88091, 77, 36.031250, 83,         0,110,         6,116,         4,164,         1
5CC,2015/03/30 10:35:00, 50, 5.4342213, 51, 22.954824, 52, 17.520603, 49,        64, 56, 6.2676125, 67, 644.68970, 72, 109.88011, 77, 36.031250, 83,         0,110,         3,116,         4,164,         1
5AC,2015/03/30 10:36:00, 50, 2.4363794, 51, 30.709751, 52, 28.273373, 49,        64, 56, 6.2676125, 67, 644.68970, 72, 110.55809, 77, 36.062500, 83,         0,110,         2,116,         4,164,         1
5BC,2015/03/30 10:37:00, 50, 4.6005878, 51, 20.870607, 52, 16.270020, 49,        64, 56, 6.2676125, 67, 644.68970, 72, 110.55383, 77, 36.093750, 83,         0,110,         1,116,         4,164,         1
52C,2015/03/30 10:38:00, 50, 7.5808716, 51, 26.608265, 52, 19.027393, 49,        64, 56, 6.2676125, 67, 644.68970, 72, 109.86844, 77, 36.093750, 83,         0,110,         0,116,         4,164,         1
54C,2015/03/30 10:39:00, 50, 20.634918, 51, 32.810635, 52, 12.175716, 49,        64, 56, 6.2676125, 67, 644.68970, 72, 109.87407, 77, 36.156250, 83,         0,110,         6,116,         4,164,         1
5DC,2015/03/30 10:40:00, 50, 8.7176628, 51, 37.155277, 52, 28.437614, 49,        64, 56, 6.2676125, 67, 644.68970, 72, 109.86116, 77, 36.156250, 83,         0,110,         3,116,         4,164,         1
56C,2015/03/30 10:41:00, 50, 13.141005, 51, 45.941822, 52, 32.800819, 49,        64, 56, 6.2676125, 67, 644.68970, 72, 110.55722, 77, 36.187500, 83,         0,110,         2,116,         4,164,         1
56C,2015/03/30 10:42:00, 50, 6.5806160, 51, 45.649845, 52, 39.069229, 49,        64, 56, 6.2676125, 67, 644.68970, 72, 110.56358, 77, 36.187500, 83,         0,110,         1,116,         4,164,         1
5EC,2015/03/30 10:43:00, 50, 7.9572992, 51, 43.531487, 52, 35.574188, 49,        64, 56, 6.2676125, 67, 644.68970, 72, 109.87753, 77, 36.187500, 83,         0,110,         0,116,         4,164,         1
51C,2015/03/30 10:44:00, 50, 11.088335, 51, 42.516598, 52, 31.428265, 49,        64, 56, 6.2676125, 67, 644.68970, 72, 109.86435, 77, 36.218750, 83,         0,110,         6,116,         4,164,         1
56C,2015/03/30 10:45:00, 50, 8.4575977, 51, 41.692116, 52, 33.234520, 49,        64, 56, 6.2676125, 67, 644.68970, 72, 109.85765, 77, 36.218750, 83,         0,110,         3,116,         4,164,         1
5DC,2015/03/30 10:46:00, 50, 5.8964148, 51, 37.833794, 52, 31.937382, 49,        64, 56, 6.2676125, 67, 644.68970, 72, 110.54626, 77, 36.250000, 83,         0,110,         2,116,         4,164,         1
5BC,2015/03/30 10:47:00, 50, 7.1837025, 51, 39.064217, 52, 31.880516, 49,        64, 56, 6.2676125, 67, 644.68970, 72, 110.53461, 77, 36.281250, 83,         0,110,         2,116,         4,164,         1
55C,2015/03/30 10:48:00, 50, 6.1465769, 51, 44.386566, 52, 38.239990, 49,        64, 56, 6.2676125, 67, 644.68970, 72, 109.83395, 77, 36.312500, 83,         0,110,         1,116,         4,164,         1
54C,2015/03/30 10:49:00, 50, 5.1428051, 51, 44.106106, 52, 38.963303, 49,        64, 56, 6.2676125, 67, 644.68970, 72, 109.83032, 77, 36.343750, 83,         0,110,         6,116,         4,164,         1
5CC,2015/03/30 10:50:00, 50, 5.5938482, 51, 40.313892, 52, 34.720047, 49,        64, 56, 6.2676125, 67, 644.68970, 72, 109.83432, 77, 36.343750, 83,         0,110,         0,116,         4,164,         1
5BC,2015/03/30 10:51:00, 50, 2.7492681, 51, 41.668121, 52, 38.918854, 49,        64, 56, 6.2676125, 67, 644.68970, 72, 110.51663, 77, 36.375000, 83,         0,110,         3,116,         4,164,         1
58C,2015/03/30 10:52:00, 50, 11.100857, 51, 42.413193, 52, 31.312336, 49,        64, 56, 6.2676125, 67, 644.68970, 72, 110.52951, 77, 36.375000, 83,         0,110,         2,116,         4,164,         1
53C,2015/03/30 10:53:00, 50, 11.772539, 51, 47.702049, 52, 35.929512, 49,        64, 56, 6.2676125, 67, 644.68970, 72, 109.85736, 77, 36.406250, 83,         0,110,         1,116,         4,164,         1
5CC,2015/03/30 10:54:00, 50, 24.019688, 51, 55.143078, 52, 31.123390, 49,        64, 56, 6.2676125, 67, 644.68970, 72, 109.86298, 77, 36.437500, 83,         0,110,         6,116,         4,164,         1
54C,2015/03/30 10:55:00, 50, 7.5901632, 51, 41.286266, 52, 33.696106, 49,        64, 56, 6.2676125, 67, 644.68970, 72, 109.86440, 77, 36.468750, 83,         0,110,         0,116,         4,164,         1
5DC,2015/03/30 10:56:00, 50, 12.399746, 51, 38.855812, 52, 26.456066, 49,        64, 56, 6.2676125, 67, 644.68970, 72, 110.55081, 77, 36.468750, 83,         0,110,         3,116,         4,164,         1
5AC,2015/03/30 10:57:00, 50, 14.979780, 51, 30.117905, 52, 15.138124, 49,        64, 56, 6.2676125, 67, 644.68970, 72, 110.54404, 77, 36.500000, 83,         0,110,         2,116,         4,164,         1
51C,2015/03/30 10:58:00, 50, 25.860554, 51, 52.622509, 52, 26.761955, 49,        64, 56, 6.2676125, 67, 644.68970, 72, 109.84732, 77, 36.531250, 83,         0,110,         1,116,         4,164,         1
5DC,2015/03/30 10:59:00, 50, 23.516464, 51, 70.148437, 52, 46.631973, 49,        64, 56, 6.2676125, 67, 644.68970, 72, 109.85022, 77, 36.562500, 83,         0,110,         6,116,         4,164,         1
55C,2015/03/30 11:00:00, 50, 23.605965, 51, 80.191109, 52, 56.585144, 49,        64, 56, 6.2676125, 67, 644.68970, 72, 109.86708, 77, 36.562500, 83,         0,110,         0,116,         4,164,         1
51C,2015/03/30 11:01:00, 50, 13.100395, 51, 43.483856, 52, 30.383461, 49,        64, 56, 6.2676125, 67, 644.68970, 72, 110.56595, 77, 36.593750, 83,         0,110,         3,116,         4,164,         1
5AC,2015/03/30 11:02:00, 50, 4.7876005, 51, 40.673164, 52, 35.885567, 49,        64, 56, 6.2676125, 67, 644.68970, 72, 110.57658, 77, 36.593750, 83,         0,110,         2,116,         4,164,         1
5EC,2015/03/30 11:03:00, 50, 27.632854, 51, 41.664494, 52, 14.031641, 49,        64, 56, 6.2676125, 67, 644.68970, 72, 109.88991, 77, 36.625000, 83,         0,110,         1,116,         4,164,         1
5CC,2015/03/30 11:04:00, 50, 3.5623965, 51, 28.494570, 52, 24.932175, 49,        64, 56, 6.2676125, 67, 644.68970, 72, 109.89760, 77, 36.656250, 83,         0,110,         6,116,         4,164,         1
51C,2015/03/30 11:05:00, 50, 7.2301369, 51, 37.902847, 52, 30.672710, 49,        64, 56, 6.2676125, 67, 644.68970, 72, 109.89603, 77, 36.656250, 83,         0,110,         0,116,         4,164,         1
54C,2015/03/30 11:06:00, 50, 9.3926430, 51, 29.778568, 52, 20.385925, 49,        64, 56, 6.2676125, 67, 644.68970, 72, 110.58696, 77, 36.687500, 83,         0,110,         3,116,         4,164,         1
5DC,2015/03/30 11:07:00, 50, 1.1577878, 51, 29.137386, 52, 27.979599, 49,        64, 56, 6.2676125, 67, 644.68970, 72, 110.58804, 77, 36.718750, 83,         0,110,         2,116,         4,164,         1
5EC,2015/03/30 11:08:00, 50, 1.3118272, 51, 16.563334, 52, 15.251507, 49,        64, 56, 6.2676125, 67, 644.68970, 72, 109.89771, 77, 36.750000, 83,         0,110,         1,116,         4,164,         1
5CC,2015/03/30 11:09:00, 50, 0.5590161, 51, 14.019865, 52, 13.460850, 49,        64, 56, 6.2676125, 67, 644.68970, 72, 109.88824, 77, 36.750000, 83,         0,110,         6,116,         4,164,         1
58C,2015/03/30 11:10:00, 50, 1.8555112, 51, 17.887360, 52, 16.031849, 49,        64, 56, 6.2676125, 67, 644.68970, 72, 109.88753, 77, 36.781250, 83,         0,110,         0,116,         4,164,         1
53C,2015/03/30 11:11:00, 50, 4.7780046, 51, 29.995007, 52, 25.217003, 49,        64, 56, 6.2676125, 67, 644.68970, 72, 110.58734, 77, 36.781250, 83,         0,110,         3,116,         4,164,         1
51C,2015/03/30 11:12:00, 50, 7.8147449, 51, 20.764404, 52, 12.949659, 49,        64, 56, 6.2676125, 67, 644.68970, 72, 110.59953, 77, 36.812500, 83,         0,110,         2,116,         4,164,         1
59C,2015/03/30 11:13:00, 50, 2.2222075, 51, 26.726521, 52, 24.504314, 49,        64, 56, 6.2676125, 67, 644.68970, 72, 109.90677, 77, 36.812500, 83,         0,110,         1,116,         4,164,         1
59C,2015/03/30 11:14:00, 50,-0.7928894, 51, 21.506695, 52, 22.299583, 49,        64, 56, 6.2676125, 67, 644.68970, 72, 109.89499, 77, 36.812500, 83,         0,110,         6,116,         4,164,         1
59C,2015/03/30 11:15:00, 50, 5.4096308, 51, 27.664341, 52, 22.254711, 49,        64, 56, 6.2676125, 67, 644.68970, 72, 109.89528, 77, 36.812500, 83,         0,110,         0,116,         4,164,         1
5DC,2015/03/30 11:16:00, 50, 0.9638182, 51, 27.912235, 52, 26.948418, 49,        64, 56, 6.2676125, 67, 644.68970, 72, 110.59146, 77, 36.843750, 83,         0,110,         3,116,         4,164,         1
55C,2015/03/30 11:17:00, 50, 4.8147926, 51, 24.801273, 52, 19.986481, 49,        64, 56, 6.2676125, 67, 644.68970, 72, 110.59694, 77, 36.843750, 83,         0,110,         2,116,         4,164,         1
5FC,2015/03/30 11:18:00, 50, 3.8941436, 51, 24.776817, 52, 20.882675, 49,        64, 56, 6.2676125, 67, 644.68970, 72, 109.90311, 77, 36.875000, 83,         0,110,         1,116,         4,164,         1
53C,2015/03/30 11:19:00, 50, 6.5843945, 51, 32.676270, 52, 26.091877, 49,        64, 56, 6.2676125, 67, 644.68970, 72, 109.90501, 77, 36.906250, 83,         0,110,         6,116,         4,164,         1
5BC,2015/03/30 11:20:00, 50, 8.8889542, 51, 34.646618, 52, 25.757664, 49,        64, 56, 6.2676125, 67, 644.68970, 72, 109.90535, 77, 36.937500, 83,         0,110,         0,116,         4,164,         1
53C,2015/03/30 11:21:00, 50, 7.2740345, 51, 33.846420, 52, 26.572388, 49,        64, 56, 6.2676125, 67, 644.68970, 72, 110.59694, 77, 36.937500, 83,         0,110,         3,116,         4,164,         1
5BC,2015/03/30 11:22:00, 50, 5.1861544, 51, 32.856586, 52, 27.670433, 49,        64, 56, 6.2676125, 67, 644.68970, 72, 110.59628, 77, 36.968750, 83,         0,110,         2,116,         4,164,         1
5CC,2015/03/30 11:23:00, 50, 5.0411100, 51, 32.798088, 52, 27.756981, 49,        64, 56, 6.2676125, 67, 644.68970, 72, 109.92186, 77, 36.968750, 83,         0,110,         1,116,         4,164,         1
52C,2015/03/30 11:24:00, 50, 5.5008020, 51, 28.896389, 52, 23.395588, 49,        64, 56, 6.2676125, 67, 644.68970, 72, 109.93239, 77, 36.968750, 83,         0,110,         6,116,         4,164,         1
53C,2015/03/30 11:25:00, 50, 16.456501, 51, 38.341908, 52, 21.885406, 49,        64, 56, 6.2676125, 67, 644.68970, 72, 109.93338, 77, 37.000000, 83,         0,110,         0,116,         4,164,         1
54C,2015/03/30 11:26:00, 50, 16.500374, 51, 32.096607, 52, 15.596235, 49,        64, 56, 6.2676125, 67, 644.68970, 72, 110.62878, 77, 37.031250, 83,         0,110,         3,116,         4,164,         1
52C,2015/03/30 11:27:00, 50, 22.522503, 51, 70.607437, 52, 48.084938, 49,        64, 56, 6.2676125, 67, 644.68970, 72, 110.61507, 77, 37.031250, 83,         0,110,         2,116,         4,164,         1
57C,2015/03/30 11:28:00, 50, 17.225842, 51, 31.537987, 52, 14.312145, 49,        64, 56, 6.2676125, 67, 644.68970, 72, 109.90892, 77, 37.062500, 83,         0,110,         1,116,         4,164,         1
57C,2015/03/30 11:29:00, 50, 8.1290874, 51, 31.725721, 52, 23.596634, 49,        64, 56, 6.2676125, 67, 644.68970, 72, 109.89764, 77, 37.062500, 83,         0,110,         6,116,         4,164,         1
53C,2015/03/30 11:30:00, 50, 7.9936724, 51, 32.394627, 52, 24.400955, 49,        64, 56, 6.2676125, 67, 644.68970, 72, 109.91531, 77, 37.062500, 83,         0,110,         0,116,         4,164,         1
54C,2015/03/30 11:31:00, 50, 1.7857857, 51, 17.758638, 52, 15.972853, 49,        64, 56, 6.2676125, 67, 644.68970, 72, 110.61990, 77, 37.062500, 83,         0,110,         3,116,         4,164,         1
5EC,2015/03/30 11:32:00, 50, 5.5145855, 51, 24.263960, 52, 18.749374, 49,        64, 56, 6.2676125, 67, 644.68970, 72, 110.60765, 77, 37.093750, 83,         0,110,         2,116,         4,164,         1
5CC,2015/03/30 11:33:00, 50, 16.145676, 51, 51.297195, 52, 35.151520, 49,        64, 56, 6.2676125, 67, 644.68970, 72, 109.90034, 77, 37.093750, 83,         0,110,         1,116,         4,164,         1
56C,2015/03/30 11:34:00, 50, 13.617105, 51, 38.012680, 52, 24.395576, 49,        64, 56, 6.2676125, 67, 644.68970, 72, 109.90149, 77, 37.156250, 83,         0,110,         6,116,         4,164,         1
58C,2015/03/30 11:35:00, 50, 7.4362936, 51, 33.993675, 52, 26.557384, 49,        64, 56, 6.2676125, 67, 644.68970, 72, 109.91028, 77, 37.156250, 83,         0,110,         0,116,         4,164,         1
50C,2015/03/30 11:36:00, 50, 7.2803001, 51, 35.217587, 52, 27.937286, 49,        64, 56, 6.2676125, 67, 644.68970, 72, 110.60895, 77, 37.156250, 83,         0,110,         3,116,         4,164,         1
58C,2015/03/30 11:37:00, 50, 19.011898, 51, 47.682957, 52, 28.671059, 49,        64, 56, 6.2676125, 67, 644.68970, 72, 110.61232, 77, 37.187500, 83,         0,110,         2,116,         4,164,         1
55C,2015/03/30 11:38:00, 50, 16.713303, 51, 31.456316, 52, 14.743013, 49,        64, 56, 6.2676125, 67, 644.68970, 72, 110.61250, 77, 37.218750, 83,         0,110,         1,116,         4,164,         1
5CC,2015/03/30 11:39:00, 50, 2.6964908, 51, 22.392046, 52, 19.695557, 49,        64, 56, 6.2676125, 67, 644.68970, 72, 109.92326, 77, 37.250000, 83,         0,110,         6,116,         4,164,         1
51C,2015/03/30 11:40:00, 50, 5.2974033, 51, 23.416765, 52, 18.119362, 49,        64, 56, 6.2676125, 67, 644.68970, 72, 109.92593, 77, 37.250000, 83,         0,110,         0,116,         4,164,         1
5CC,2015/03/30 11:41:00, 50, 12.621035, 51, 26.154543, 52, 13.533508, 49,        64, 56, 6.2676125, 67, 644.68970, 72, 109.92099, 77, 37.250000, 83,         0,110,         3,116,         4,164,         1
5AC,2015/03/30 11:42:00, 50, 10.795565, 51, 29.103670, 52, 18.308105, 49,        64, 56, 6.2676125, 67, 644.68970, 72, 110.62042, 77, 37.281250, 83,         0,110,         2,116,         4,164,         1
52C,2015/03/30 11:43:00, 50, 0.8722539, 51, 22.835384, 52, 21.963131, 49,        64, 56, 6.2676125, 67, 644.68970, 72, 110.62056, 77, 37.281250, 83,         0,110,         1,116,         4,164,         1
59C,2015/03/30 11:44:00, 50, 2.3853040, 51, 24.794708, 52, 22.409405, 49,        64, 56, 6.2676125, 67, 644.68970, 72, 109.91612, 77, 37.281250, 83,         0,110,         6,116,         4,164,         1
55C,2015/03/30 11:45:00, 50, 0.6488849, 51, 14.909438, 52, 14.260553, 49,        64, 56, 6.2676125, 67, 644.68970, 72, 109.90739, 77, 37.312500, 83,         0,110,         0,116,         4,164,         1
52C,2015/03/30 11:46:00, 50, 3.4104877, 51, 13.631835, 52, 10.221348, 49,        64, 56, 6.2676125, 67, 644.68970, 72, 109.90329, 77, 37.312500, 83,         0,110,         3,116,         4,164,         1
56C,2015/03/30 11:47:00, 50, 4.8063040, 51, 15.981050, 52, 11.174746, 49,        64, 56, 6.2676125, 67, 644.68970, 72, 110.60094, 77, 37.312500, 83,         0,110,         2,116,         4,164,         1
59C,2015/03/30 11:48:00, 50, 7.5374765, 51, 19.105028, 52, 11.567553, 49,        64, 56, 6.2676125, 67, 644.68970, 72, 110.59866, 77, 37.312500, 83,         0,110,         1,116,         4,164,         1
5EC,2015/03/30 11:49:00, 50, 0.8033160, 51, 19.821907, 52, 19.018593, 49,        64, 56, 6.2676125, 67, 644.68970, 72, 109.90285, 77, 37.312500, 83,         0,110,         6,116,         4,164,         1
51C,2015/03/30 11:50:00, 50,-0.9656737, 51, 17.252478, 52, 18.218151, 49,        64, 56, 6.2676125, 67, 644.68970, 72, 109.90286, 77, 37.343750, 83,         0,110,         0,116,         4,164,         1
51C,2015/03/30 11:51:00, 50, 1.1625743, 51, 17.911734, 52, 16.749161, 49,        64, 56, 6.2676125, 67, 644.68970, 72, 109.90251, 77, 37.343750, 83,         0,110,         3,116,         4,164,         1
52C,2015/03/30 11:52:00, 50, 2.0512757, 51, 13.727049, 52, 11.675774, 49,        64, 56, 6.2676125, 67, 644.68970, 72, 110.59164, 77, 37.343750, 83,         0,110,         2,116,         4,164,         1
55C,2015/03/30 11:53:00, 50, 5.2200470, 51, 15.699375, 52, 10.479328, 49,        64, 56, 6.2676125, 67, 644.68970, 72, 110.58931, 77, 37.375000, 83,         0,110,         1,116,         4,164,         1
51C,2015/03/30 11:54:00, 50, 6.6080418, 51, 16.258749, 52, 9.6507072, 49,        64, 56, 6.2676125, 67, 644.68970, 72, 109.87039, 77, 37.343750, 83,         0,110,         6,116,         4,164,         1
50C,2015/03/30 11:55:00, 50, 8.1664753, 51, 17.469328, 52, 9.3028526, 49,        64, 56, 6.2676125, 67, 644.68970, 72, 109.85091, 77, 37.343750, 83,         0,110,         0,116,         4,164,         1
55C,2015/03/30 11:56:00, 50, 10.033562, 51, 32.185936, 52, 22.152374, 49,        64, 56, 6.2676125, 67, 644.68970, 72, 109.85422, 77, 37.375000, 83,         0,110,         3,116,         4,164,         1
56C,2015/03/30 11:57:00, 50, 7.4178276, 51, 22.825680, 52, 15.407852, 49,        64, 56, 6.2676125, 67, 644.68970, 72, 110.57257, 77, 37.375000, 83,         0,110,         2,116,         4,164,         1
5EC,2015/03/30 11:58:00, 50, 10.486282, 51, 32.435112, 52, 21.948830, 49,        64, 56, 6.2676125, 67, 644.68970, 72, 110.58263, 77, 37.406250, 83,         0,110,         1,116,         4,164,         1
5FC,2015/03/30 11:59:00, 50, 8.6132412, 51, 23.450912, 52, 14.837671, 49,        64, 56, 6.2676125, 67, 644.68970, 72, 109.88895, 77, 37.375000, 83,         0,110,         6,116,         4,164,         1
51C,2015/03/30 12:00:00, 50, 11.208294, 51, 18.268192, 52, 7.0598993, 49,        64, 56, 6.2676125, 67, 644.68970, 72, 109.89301, 77, 37.375000, 83,         0,110,         0,116,         4,164,         1
5BC,2015/03/30 12:01:00, 50, 7.1493387, 51, 23.718323, 52, 16.568985, 49,        64, 56, 6.2676125, 67, 644.68970, 72, 109.89746, 77, 37.406250, 83,         0,110,         3,116,         4,164,         1
5FC,2015/03/30 12:02:00, 50, 4.0536613, 51, 21.840073, 52, 17.786411, 49,        64, 56, 6.2676125, 67, 644.68970, 72, 110.60739, 77, 37.406250, 83,         0,110,         2,116,         4,164,         1
5AC,2015/03/30 12:03:00, 50, 6.1885509, 51, 24.586763, 52, 18.398212, 49,        64, 56, 6.2676125, 67, 644.68970, 72, 110.61514, 77, 37.406250, 83,         0,110,         1,116,         4,164,         1
5CC,2015/03/30 12:04:00, 50, 15.092768, 51, 28.922886, 52, 13.830118, 49,        64, 56, 6.2676125, 67, 644.68970, 72, 109.91954, 77, 37.406250, 83,         0,110,         6,116,         4,164,         1
52C,2015/03/30 12:05:00, 50, 5.5787134, 51, 21.372355, 52, 15.793642, 49,        64, 56, 6.2676125, 67, 644.68970, 72, 109.91570, 77, 37.406250, 83,         0,110,         0,116,         4,164,         1
56C,2015/03/30 12:06:00, 50, 8.3184891, 51, 18.549503, 52, 10.231014, 49,        64, 56, 6.2676125, 67, 644.68970, 72, 109.91002, 77, 37.406250, 83,         0,110,         3,116,         4,164,         1
58C,2015/03/30 12:07:00, 50, 7.8876543, 51, 14.024298, 52, 6.1366434, 49,        64, 56, 6.2676125, 67, 644.68970, 72, 110.59633, 77, 37.406250, 83,         0,110,         2,116,         4,164,         1
58C,2015/03/30 12:08:00, 50, 19.118259, 51, 42.043377, 52, 22.925117, 49,        64, 56, 6.2676125, 67, 644.68970, 72, 110.59851, 77, 37.437500, 83,         0,110,         1,116,         4,164,         1
5DC,2015/03/30 12:09:00, 50, 10.831369, 51, 36.714054, 52, 25.882687, 49,        64, 56, 6.2676125, 67, 644.68970, 72, 109.89200, 77, 37.437500, 83,         0,110,         6,116,         4,164,         1
54C,2015/03/30 12:10:00, 50, 11.097712, 51, 32.664814, 52, 21.567104, 49,        64, 56, 6.2676125, 67, 644.68970, 72, 109.89293, 77, 37.437500, 83,         0,110,         0,116,         4,164,         1
5DC,2015/03/30 12:11:00, 50, 2.5302434, 51, 24.149586, 52, 21.619343, 49,        64, 56, 6.2676125, 67, 644.68970, 72, 109.89079, 77, 37.437500, 83,         0,110,         3,116,         4,164,         1
59C,2015/03/30 12:12:00, 50,-6.6604662, 51, 21.226631, 52, 27.887096, 49,        64, 56, 6.2676125, 67, 644.68970, 72, 110.58167, 77, 37.406250, 83,         0,110,         2,116,         4,164,         1
51C,2015/03/30 12:13:00, 50,-8.2409897, 51, 14.637833, 52, 22.878822, 49,        64, 56, 6.2676125, 67, 644.68970, 72, 110.57967, 77, 37.437500, 83,         0,110,         1,116,         4,164,         1
5BC,2015/03/30 12:14:00, 50, 9.7451801, 51, 28.669596, 52, 18.924416, 49,        64, 56, 6.2676125, 67, 644.68970, 72, 109.88942, 77, 37.406250, 83,         0,110,         6,116,         4,164,         1
5AC,2015/03/30 12:15:00, 50, 14.443886, 51, 43.616844, 52, 29.172958, 49,        64, 56, 6.2676125, 67, 644.68970, 72, 109.89655, 77, 37.437500, 83,         0,110,         0,116,         4,164,         1
5AC,2015/03/30 12:16:00, 50, 13.655731, 51, 28.866196, 52, 15.210464, 49,        64, 56, 6.2676125, 67, 644.68970, 72, 109.89359, 77, 37.437500, 83,         0,110,         3,116,         4,164,         1
5CC,2015/03/30 12:17:00, 50, 5.7347918, 51, 38.544193, 52, 32.809402, 49,        64, 56, 6.2676125, 67, 644.68970, 72, 110.58231, 77, 37.437500, 83,         0,110,         2,116,         4,164,         1
5AC,2015/03/30 12:18:00, 50, 5.0719719, 51, 37.432362, 52, 32.360390, 49,        64, 56, 6.2676125, 67, 644.68970, 72, 110.58060, 77, 37.437500, 83,         0,110,         1,116,         4,164,         1
5EC,2015/03/30 12:19:00, 50, 8.8147354, 51, 32.247635, 52, 23.432899, 49,        64, 56, 6.2676125, 67, 644.68970, 72, 109.88184, 77, 37.468750, 83,         0,110,         6,116,         4,164,         1
53C,2015/03/30 12:20:00, 50, 3.8668494, 51, 19.364367, 52, 15.497519, 49,        64, 56, 6.2676125, 67, 644.68970, 72, 109.87782, 77, 37.468750, 83,         0,110,         0,116,         4,164,         1
56C,2015/03/30 12:21:00, 50, 0.0736342, 51, 14.358588, 52, 14.284954, 49,        64, 56, 6.2676125, 67, 644.68970, 72, 109.87917, 77, 37.437500, 83,         0,110,         3,116,         4,164,         1
51C,2015/03/30 12:22:00, 50, 6.7234240, 51, 22.845329, 52, 16.121906, 49,        64, 56, 6.2676125, 67, 644.68970, 72, 110.57144, 77, 37.468750, 83,         0,110,         2,116,         4,164,         1
55C,2015/03/30 12:23:00, 50, 6.1317825, 51, 25.192234, 52, 19.060452, 49,        64, 56, 6.2676125, 67, 644.68970, 72, 110.57327, 77, 37.468750, 83,         0,110,         1,116,         4,164,         1
55C,2015/03/30 12:24:00, 50, 7.0407047, 51, 35.466789, 52, 28.426086, 49,        64, 56, 6.2676125, 67, 644.68970, 72, 109.87212, 77, 37.500000, 83,         0,110,         6,116,         4,164,         1
56C,2015/03/30 12:25:00, 50, 3.2002196, 51, 24.564629, 52, 21.364410, 49,        64, 56, 6.2676125, 67, 644.68970, 72, 109.87172, 77, 37.500000, 83,         0,110,         0,116,         4,164,         1
5DC,2015/03/30 12:26:00, 50, 2.9240441, 51, 25.216616, 52, 22.292572, 49,        64, 56, 6.2676125, 67, 644.68970, 72, 109.88252, 77, 37.531250, 83,         0,110,         3,116,         4,164,         1
56C,2015/03/30 12:27:00, 50, 1.5950820, 51, 19.978825, 52, 18.383743, 49,        64, 56, 6.2676125, 67, 644.68970, 72, 110.56908, 77, 37.531250, 83,         0,110,         2,116,         4,164,         1
55C,2015/03/30 12:28:00, 50,-0.5218129, 51, 21.681347, 52, 22.203159, 49,        64, 56, 6.2676125, 67, 644.68970, 72, 110.55125, 77, 37.531250, 83,         0,110,         1,116,         4,164,         1
51C,2015/03/30 12:29:00, 50, 0.9241743, 51, 21.160089, 52, 20.235916, 49,        64, 56, 6.2676125, 67, 644.68970, 72, 109.85492, 77, 37.562500, 83,         0,110,         6,116,         4,164,         1
52C,2015/03/30 12:30:00, 50, 4.5812902, 51, 27.705599, 52, 23.124310, 49,        64, 56, 6.2676125, 67, 644.68970, 72, 109.87411, 77, 37.562500, 83,         0,110,         0,116,         4,164,         1
5EC,2015/03/30 12:31:00, 50, 7.3329916, 51, 31.220304, 52, 23.887314, 49,        64, 56, 6.2676125, 67, 644.68970, 72, 109.89015, 77, 37.562500, 83,         0,110,         3,116,         4,164,         1
55C,2015/03/30 12:32:01, 50, 6.3716393, 51, 25.572456, 52, 19.200817, 49,        64, 56, 6.2676125, 67, 644.68970, 72, 110.59258, 77, 37.593750, 83,         0,110,         2,116,         4,164,         1
58C,2015/03/30 12:33:00, 50, 4.0975780, 51, 17.785168, 52, 13.687590, 49,        64, 56, 6.2676125, 67, 644.68970, 72, 110.59058, 77, 37.593750, 83,         0,110,         1,116,         4,164,         1
54C,2015/03/30 12:34:00, 50, 2.8723464, 51, 17.601309, 52, 14.728964, 49,        64, 56, 6.2676125, 67, 644.68970, 72, 109.87369, 77, 37.593750, 83,         0,110,         6,116,         4,164,         1
5DC,2015/03/30 12:35:00, 50, 0.3907328, 51, 13.659286, 52, 13.268553, 49,        64, 56, 6.2676125, 67, 644.68970, 72, 109.86905, 77, 37.593750, 83,         0,110,         0,116,         4,164,         1
53C,2015/03/30 12:36:00, 50,-0.7402871, 51, 11.170499, 52, 11.910786, 49,        64, 56, 6.2676125, 67, 644.68970, 72, 109.88077, 77, 37.593750, 83,         0,110,         3,116,         4,164,         1
52C,2015/03/30 12:37:00, 50, 0.6727184, 51, 14.339193, 52, 13.666475, 49,        64, 56, 6.2676125, 67, 644.68970, 72, 110.58603, 77, 37.625000, 83,         0,110,         2,116,         4,164,         1
54C,2015/03/30 12:38:00, 50,-1.7286210, 51, 12.455862, 52, 14.184483, 49,        64, 56, 6.2676125, 67, 644.68970, 72, 110.58487, 77, 37.625000, 83,         0,110,         1,116,         4,164,         1
58C,2015/03/30 12:39:00, 50, 0.5183616, 51, 22.213322, 52, 21.694962, 49,        64, 56, 6.2676125, 67, 644.68970, 72, 109.87888, 77, 37.656250, 83,         0,110,         6,116,         4,164,         1
53C,2015/03/30 12:40:00, 50, 3.3502908, 51, 26.455488, 52, 23.105198, 49,        64, 56, 6.2676125, 67, 644.68970, 72, 109.88445, 77, 37.687500, 83,         0,110,         0,116,         4,164,         1
52C,2015/03/30 12:41:00, 50, 4.5020170, 51, 18.689161, 52, 14.187145, 49,        64, 56, 6.2676125, 67, 644.68970, 72, 109.87822, 77, 37.687500, 83,         0,110,         3,116,         4,164,         1
51C,2015/03/30 12:42:00, 50, 7.0250740, 51, 19.366821, 52, 12.341747, 49,        64, 56, 6.2676125, 67, 644.68970, 72, 110.58722, 77, 37.687500, 83,         0,110,         2,116,         4,164,         1
57C,2015/03/30 12:43:00, 50, 2.7614250, 51, 22.104324, 52, 19.342899, 49,        64, 56, 6.2676125, 67, 644.68970, 72, 110.59015, 77, 37.687500, 83,         0,110,         1,116,         4,164,         1
5AC,2015/03/30 12:44:00, 50, 1.2108638, 51, 19.706415, 52, 18.495552, 49,        64, 56, 6.2676125, 67, 644.68970, 72, 109.90683, 77, 37.687500, 83,         0,110,         6,116,         4,164,         1
5BC,2015/03/30 12:45:00, 50,-0.3533446, 51, 21.673248, 52, 22.026592, 49,        64, 56, 6.2676125, 67, 644.68970, 72, 109.91096, 77, 37.718750, 83,         0,110,         0,116,         4,164,         1
5FC,2015/03/30 12:46:00, 50, 4.5458422, 51, 15.199777, 52, 10.653934, 49,        64, 56, 6.2676125, 67, 644.68970, 72, 109.89748, 77, 37.718750, 83,         0,110,         3,116,         4,164,         1
55C,2015/03/30 12:47:00, 50, 2.8517313, 51, 22.831467, 52, 19.979736, 49,        64, 56, 6.2676125, 67, 644.68970, 72, 110.58321, 77, 37.750000, 83,         0,110,         2,116,         4,164,         1
55C,2015/03/30 12:48:00, 50, 7.0789862, 51, 27.380491, 52, 20.301506, 49,        64, 56, 6.2676125, 67, 644.68970, 72, 110.58684, 77, 37.750000, 83,         0,110,         1,116,         4,164,         1
5DC,2015/03/30 12:49:00, 50, 5.6113167, 51, 19.042322, 52, 13.431005, 49,        64, 56, 6.2676125, 67, 644.68970, 72, 109.88573, 77, 37.750000, 83,         0,110,         6,116,         4,164,         1
59C,2015/03/30 12:50:00, 50, 4.9080315, 51, 14.421097, 52, 9.5130653, 49,        64, 56, 6.2676125, 67, 644.68970, 72, 109.88158, 77, 37.781250, 83,         0,110,         0,116,         4,164,         1
5EC,2015/03/30 12:51:00, 50, 5.0045567, 51, 14.216743, 52, 9.2121868, 49,        64, 56, 6.2676125, 67, 644.68970, 72, 109.87999, 77, 37.781250, 83,         0,110,         3,116,         4,164,         1
5DC,2015/03/30 12:52:00, 50, 6.3177624, 51, 10.256870, 52, 3.9391079, 49,        64, 56, 6.2676125, 67, 644.68970, 72, 110.57170, 77, 37.781250, 83,         0,110,         2,116,         4,164,         1
5EC,2015/03/30 12:53:00, 50, 5.1875505, 51, 14.720317, 52, 9.5327663, 49,        64, 56, 6.2676125, 67, 644.68970, 72, 110.55127, 77, 37.812500, 83,         0,110,         1,116,         4,164,         1
54C,2015/03/30 12:54:00, 50, 5.8835859, 51, 15.290862, 52, 9.4072762, 49,        64, 56, 6.2676125, 67, 644.68970, 72, 109.84575, 77, 37.812500, 83,         0,110,         6,116,         4,164,         1
53C,2015/03/30 12:55:00, 50, 1.1054277, 51, 16.358864, 52, 15.253437, 49,        64, 56, 6.2676125, 67, 644.68970, 72, 109.84383, 77, 37.812500, 83,         0,110,         0,116,         4,164,         1
5AC,2015/03/30 12:56:00, 50,-5.1087561, 51, 19.157961, 52, 24.266716, 49,        64, 56, 6.2676125, 67, 644.68970, 72, 109.84756, 77, 37.812500, 83,         0,110,         3,116,         4,164,         1
54C,2015/03/30 12:57:00, 50,-2.2141337, 51, 14.328894, 52, 16.543026, 49,        64, 56, 6.2676125, 67, 644.68970, 72, 110.54582, 77, 37.843750, 83,         0,110,         2,116,         4,164,         1
57C,2015/03/30 12:58:00, 50,-1.6448624, 51, 15.005178, 52, 16.650040, 49,        64, 56, 6.2676125, 67, 644.68970, 72, 110.53902, 77, 37.875000, 83,         0,110,         1,116,         4,164,         1
5DC,2015/03/30 12:59:00, 50,-2.4307518, 51, 9.2639523, 52, 11.694704, 49,        64, 56, 6.2676125, 67, 644.68970, 72, 109.82370, 77, 37.906250, 83,         0,110,         6,116,         4,164,         1
