51C,2016/04/14 18:09:03, 50, 0.0000000, 49,         4, 44,         9, 45,         0, 56, 7.5369635, 64, 27.374268, 67, 713.53430, 72, 0.0000000, 77, 20.062500, 83,     50945,110,        29,116,         4
46C,2016/04/14 18:19:00, 50, 0.0000000, 49,         4, 44,        47, 45,         0, 56, 7.5369635, 64, 31.463623, 67, 713.53430, 72, 498.63629, 77, 19.687500, 83,     34561,110,        29,116,         4
52C,2016/04/14 18:20:00, 50, 0.0000000, 49,         4, 44,       187, 45,         0, 56, 7.5369635, 64, 34.689331, 67, 712.18445, 72, 500.03644, 77, 20.312500, 83,     33537,110,        29,116,         4
54C,2016/04/14 18:21:00, 50, 0.0000000, 49,         4, 44,       255, 45,         0, 56, 7.5369635, 64, 34.796143, 67, 713.53430, 72, 500.61053, 77, 20.812500, 83,     33537,110,        29,116,         4
55C,2016/04/14 18:22:00, 50, 0.0000000, 49,         4, 44,       255, 45,         0, 56, 7.5369635, 64, 34.878540, 67, 713.53430, 72, 501.14362, 77, 21.250000, 83,     33537,110,        29,116,         4
58C,2016/04/14 18:23:00, 50, 0.0000000, 49,         4, 44,       255, 45,         0, 56, 7.5369635, 64, 34.899902, 67, 713.53430, 72, 501.63702, 77, 21.687500, 83,     33537,110,        29,116,         4
5EC,2016/04/14 18:24:00, 50, 0.0000000, 49,         4, 44,       255, 45,         0, 56, 7.5369635, 64, 34.863281, 67, 713.53430, 72, 454.48907, 77, 22.093750, 83,     33537,110,        29,116,         4
5CC,2016/04/14 18:25:00, 50, 0.0000000, 49,         4, 44,       255, 45,         0, 56, 7.5369635, 64, 34.967041, 67, 712.18445, 72, 451.14319, 77, 22.500000, 83,     33537,110,        29,116,         4
53C,2016/04/14 18:26:00, 50, 0.0000000, 49,         4, 44,       255, 45,         0, 56, 7.5369635, 64, 35.101318, 67, 714.88416, 72, 451.67303, 77, 22.781250, 83,     33537,110,        29,116,         4
58C,2016/04/14 18:27:00, 50, 0.0000000, 49,         4, 44,       255, 45,         0, 56, 7.5369635, 64, 35.153198, 67, 713.53430, 72, 452.16412, 77, 23.093750, 83,     33537,110,        29,116,         4
5DC,2016/04/14 18:28:00, 50, 0.0000000, 49,         4, 44,       255, 45,         0, 56, 7.5369635, 64, 35.183716, 67, 713.53430, 72, 452.68018, 77, 23.468750, 83,     33537,110,        29,116,         4
4BC,2016/04/14 18:29:00, 50, 0.0000000, 49,        32, 44,       255, 45,       237, 56, 7.5369635, 64, 35.037231, 67, 713.53430, 72, 453.15332, 77, 23.656250, 83,     33537,110,        29,116,         4
4FC,2016/04/14 18:30:00, 50, 0.0000000, 49,         4, 44,        26, 45,         0, 56, 7.5369635, 64, 34.481812, 67, 713.53430, 72, 453.76691, 77, 23.968750, 83,     34561,110,        29,116,         4
41C,2016/04/14 18:31:00, 50, 0.0000000, 49,         4, 44,        26, 45,         0, 56, 7.5369635, 64, 34.683228, 67, 713.53430, 72, 454.17297, 77, 24.281250, 83,     34561,110,        29,116,         4
49C,2016/04/14 18:32:00, 50, 0.0000000, 49,         4, 44,        26, 45,         0, 56, 7.5369635, 64, 34.686279, 67, 713.53430, 72, 454.60284, 77, 24.531250, 83,     33537,110,        29,116,         4
44C,2016/04/14 18:33:00, 50, 0.0000000, 49,         4, 44,        26, 45,         0, 56, 7.5369635, 64, 34.698486, 67, 713.53430, 72, 455.00934, 77, 24.750000, 83,     33537,110,        29,116,         4
48C,2016/04/14 18:34:00, 50, 0.0000000, 49,         4, 44,        26, 45,         0, 56, 7.5369635, 64, 34.698486, 67, 712.18445, 72, 455.39716, 77, 25.000000, 83,     33537,110,        29,116,         4
43C,2016/04/14 18:35:00, 50, 0.0000000, 49,         4, 44,        26, 45,         0, 56, 7.5369635, 64, 34.707642, 67, 712.18445, 72, 455.85315, 77, 25.250000, 83,     33537,110,        29,116,         4
4DC,2016/04/14 18:36:00, 50, 0.0000000, 49,         4, 44,        26, 45,         0, 56, 7.5369635, 64, 34.725952, 67, 712.18445, 72, 456.30688, 77, 25.468750, 83,     33537,110,        29,116,         4
42C,2016/04/14 18:37:00, 50, 0.0000000, 49,         4, 44,        26, 45,         0, 56, 7.5369635, 64, 34.756470, 67, 713.53430, 72, 456.70184, 77, 25.687500, 83,     33537,110,        29,116,         4
4AC,2016/04/14 18:38:00, 50, 0.0000000, 49,         4, 44,        26, 45,         0, 56, 7.5369635, 64, 34.817505, 67, 713.53430, 72, 457.13605, 77, 25.906250, 83,     33537,110,        29,116,         4
4EC,2016/04/14 18:39:00, 50, 0.0000000, 49,         4, 44,        26, 45,         0, 56, 7.5369635, 64, 34.881592, 67, 713.53430, 72, 457.49243, 77, 26.125000, 83,     33537,110,        29,116,         4
5DC,2016/04/14 18:40:00, 50, 0.0000000, 49,        32, 44,        26, 45,       217, 56, 7.5369635, 64, 34.915161, 67, 713.53430, 72, 457.89130, 77, 26.406250, 83,     33537,110,        29,116,         4
57C,2016/04/14 18:41:00, 50, 0.0000000, 49,        64, 44,        26, 45,       157, 56, 7.5369635, 64, 34.881592, 67, 713.53430, 72, 458.24060, 77, 26.656250, 83,     33537,110,        29,116,         4
56C,2016/04/14 18:42:00, 50, 0.0000000, 49,       128, 44,        26, 45,       125, 56, 7.5369635, 64, 34.799194, 67, 713.53430, 72, 458.44910, 77, 26.906250, 83,         4,110,         6,116,         4
5AC,2016/04/14 18:43:00, 50, 0.0000000, 49,       128, 44,        26, 45,       125, 56, 7.5369635, 64, 34.710693, 67, 713.53430, 72, 458.44910, 77, 27.156250, 83,         4,110,         6,116,         4
58C,2016/04/14 18:44:00, 50, 0.0000000, 49,       128, 44,        26, 45,       125, 56, 7.5369635, 64, 34.671021, 67, 712.18445, 72, 458.44910, 77, 27.406250, 83,         4,110,         6,116,         4
5BC,2016/04/14 18:45:00, 50, 0.0000000, 49,       128, 44,        26, 45,       125, 56, 7.5369635, 64, 34.732056, 67, 713.53430, 72, 458.44910, 77, 27.593750, 83,         4,110,         6,116,         4
53C,2016/04/14 18:46:00, 50, 0.0000000, 49,       128, 44,        26, 45,       125, 56, 7.5369635, 64, 34.851074, 67, 713.53430, 72, 458.44910, 77, 27.843750, 83,         4,110,         7,116,         4
57C,2016/04/14 18:47:00, 50, 0.0000000, 49,       128, 44,        26, 45,       125, 56, 7.5369635, 64, 34.893799, 67, 712.18445, 72, 458.44910, 77, 28.062500, 83,         4,110,         7,116,         4
50C,2016/04/14 18:48:00, 50, 0.0000000, 49,       128, 44,        26, 45,       125, 56, 7.5369635, 64, 34.783936, 67, 712.18445, 72, 458.44910, 77, 28.281250, 83,         4,110,         7,116,         4
50C,2016/04/14 18:49:00, 50, 0.0000000, 49,       128, 44,        26, 45,       125, 56, 7.5369635, 64, 34.887695, 67, 712.18445, 72, 458.44910, 77, 28.531250, 83,         4,110,         7,116,         4
5BC,2016/04/14 18:50:00, 50, 0.0000000, 49,       128, 44,        26, 45,       125, 56, 7.5369635, 64, 34.832764, 67, 712.18445, 72, 458.44910, 77, 28.750000, 83,         4,110,         7,116,         4
5CC,2016/04/14 18:51:00, 50, 0.0000000, 49,       128, 44,        26, 45,       125, 56, 7.5369635, 64, 34.680176, 67, 712.18445, 72, 458.44910, 77, 28.968750, 83,         0,110,         0,116,         4
50C,2016/04/14 18:52:00, 50, 0.0000000, 49,       128, 44,        26, 45,       125, 56, 7.5369635, 64, 34.841919, 67, 712.18445, 72, 458.44910, 77, 29.218750, 83,         0,110,         0,116,         4
5FC,2016/04/14 18:53:00, 50, 0.0000000, 49,       128, 44,        26, 45,       125, 56, 7.5369635, 64, 34.680176, 67, 712.18445, 72, 458.44910, 77, 29.437500, 83,         0,110,         0,116,         4
5FC,2016/04/14 18:54:00, 50,-0.4715252, 49,       128, 44,        26, 45,       125, 56, 7.5369635, 64, 34.790039, 67, 712.18445, 72, 467.14874, 77, 29.687500, 83,         0,110,         1,116,         4
5EC,2016/04/14 18:55:00, 50, 2.0520868, 49,       128, 44,        26, 45,       125, 56, 7.5369635, 64, 34.649658, 67, 712.18445, 72, 472.93817, 77, 29.875000, 83,         0,110,         1,116,         4
51C,2016/04/14 18:56:00, 50, 2.5261965, 49,       128, 44,        26, 45,       125, 56, 7.5369635, 64, 34.732056, 67, 712.18445, 72, 473.19904, 77, 29.937500, 83,         0,110,         1,116,         4
52C,2016/04/14 18:57:00, 50, 2.1331687, 49,       128, 44,        26, 45,       125, 56, 7.5369635, 64, 34.674072, 67, 712.18445, 72, 473.34540, 77, 30.250000, 83,         0,110,         1,116,         4
55C,2016/04/14 18:58:00, 50, 2.1696305, 49,       128, 44,        26, 45,       125, 56, 7.5369635, 64, 34.869385, 67, 712.18445, 72, 473.49408, 77, 30.343750, 83,         0,110,         1,116,         4
55C,2016/04/14 18:59:00, 50, 2.7147021, 49,       128, 44,        26, 45,       125, 56, 7.5369635, 64, 34.735107, 67, 712.18445, 72, 473.59369, 77, 30.531250, 83,         0,110,         1,116,         4
56C,2016/04/14 19:00:00, 50, 1.6083472, 49,       128, 44,        26, 45,       125, 56, 7.5369635, 64, 34.661865, 67, 712.18445, 72, 473.68549, 77, 30.718750, 83,         0,110,         1,116,         4
58C,2016/04/14 19:01:00, 50, 1.6903517, 49,       128, 44,        26, 45,       125, 56, 7.5369635, 64, 34.872437, 67, 712.18445, 72, 473.69501, 77, 30.875000, 83,         0,110,         1,116,         4
5DC,2016/04/14 19:02:00, 50, 2.9410458, 49,       128, 44,        26, 45,       125, 56, 7.5369635, 64, 34.722900, 67, 712.18445, 72, 473.75934, 77, 31.000000, 83,         0,110,         1,116,         4
57C,2016/04/14 19:03:00, 50, 2.5099473, 49,       128, 44,        26, 45,       125, 56, 7.5369635, 64, 34.695435, 67, 712.18445, 72, 473.83258, 77, 31.156250, 83,         0,110,         1,116,         4
5BC,2016/04/14 19:04:00, 50, 1.6480000, 49,       128, 44,        26, 45,       125, 56, 7.5369635, 64, 34.863281, 67, 712.18445, 72, 473.85461, 77, 31.343750, 83,         0,110,         1,116,         4
50C,2016/04/14 19:05:00, 50, 1.4084985, 49,       128, 44,        26, 45,       125, 56, 7.5369635, 64, 34.643555, 67, 712.18445, 72, 473.87256, 77, 31.468750, 83,         0,110,         1,116,         4
54C,2016/04/14 19:06:00, 50, 1.3932030, 49,       128, 44,        26, 45,       125, 56, 7.5369635, 64, 34.820557, 67, 712.18445, 72, 473.95782, 77, 31.593750, 83,         0,110,         1,116,         4
57C,2016/04/14 19:07:00, 50, 1.1052332, 49,       128, 44,        26, 45,       125, 56, 7.5369635, 64, 34.701538, 67, 712.18445, 72, 474.01276, 77, 31.750000, 83,         0,110,         1,116,         4
53C,2016/04/14 19:08:00, 50, 1.0048966, 49,       128, 44,        26, 45,       125, 56, 7.5369635, 64, 34.738159, 67, 712.18445, 72, 474.03192, 77, 31.875000, 83,         0,110,         1,116,         4
51C,2016/04/14 19:09:00, 50, 0.9465868, 49,       128, 44,        26, 45,       125, 56, 7.5369635, 64, 34.799194, 67, 712.18445, 72, 474.07288, 77, 32.000000, 83,         0,110,         1,116,         4
5EC,2016/04/14 19:10:00, 50, 0.0335612, 49,       128, 44,        26, 45,       125, 56, 7.5369635, 64, 34.658813, 67, 712.18445, 72, 474.10339, 77, 32.093750, 83,         0,110,         1,116,         4
50C,2016/04/14 19:11:00, 50,-0.6230942, 49,       128, 44,        26, 45,       125, 56, 7.5369635, 64, 34.857178, 67, 712.18445, 72, 474.07098, 77, 32.218750, 83,         0,110,         1,116,         4
58C,2016/04/14 19:12:00, 50,-0.8699843, 49,       128, 44,        26, 45,       125, 56, 7.5369635, 64, 34.631348, 67, 710.83447, 72, 473.99597, 77, 32.281250, 83,         0,110,         1,116,         4
57C,2016/04/14 19:13:00, 50,-1.3066988, 49,       128, 44,        26, 45,       125, 56, 7.5369635, 64, 34.643555, 67, 712.18445, 72, 473.93103, 77, 32.343750, 83,         0,110,         1,116,         4
54C,2016/04/14 19:14:00, 50,-1.1359406, 49,       128, 44,        26, 45,       125, 56, 7.5369635, 64, 34.851074, 67, 710.83447, 72, 473.90479, 77, 32.343750, 83,         0,110,         1,116,         4
5AC,2016/04/14 19:15:00, 50,-1.0510859, 49,       128, 44,        26, 45,       125, 56, 7.5369635, 64, 34.637451, 67, 710.83447, 72, 473.84363, 77, 32.375000, 83,         0,110,         1,116,         4
56C,2016/04/14 19:16:00, 50,-0.6862311, 49,       128, 44,        26, 45,       125, 56, 7.5369635, 64, 34.844971, 67, 710.83447, 72, 473.90625, 77, 32.375000, 83,         0,110,         1,116,         4
5AC,2016/04/14 19:17:00, 50,-0.4730479, 49,       128, 44,        26, 45,       125, 56, 7.5369635, 64, 34.817505, 67, 710.83447, 72, 473.99957, 77, 32.437500, 83,         0,110,         1,116,         4
5AC,2016/04/14 19:18:00, 50,-0.8021631, 49,       128, 44,        26, 45,       125, 56, 7.5369635, 64, 34.683228, 67, 710.83447, 72, 474.06952, 77, 32.531250, 83,         0,110,         1,116,         4
56C,2016/04/14 19:19:00, 50,-0.2629145, 49,       128, 44,        26, 45,       125, 56, 7.5369635, 64, 34.756470, 67, 710.83447, 72, 474.11633, 77, 32.625000, 83,         0,110,         1,116,         4
53C,2016/04/14 19:20:00, 50,-1.2426925, 49,       128, 44,        26, 45,       125, 56, 7.5369635, 64, 34.750366, 67, 710.83447, 72, 474.15253, 77, 32.687500, 83,         0,110,         1,116,         4
57C,2016/04/14 19:21:00, 50,-0.6579033, 49,       128, 44,        26, 45,       125, 56, 7.5369635, 64, 34.680176, 67, 710.83447, 72, 474.19873, 77, 32.750000, 83,         0,110,         1,116,         4
5BC,2016/04/14 19:22:00, 50,-0.2025568, 49,       128, 44,        26, 45,       125, 56, 7.5369635, 64, 34.826660, 67, 710.83447, 72, 474.25543, 77, 32.843750, 83,         0,110,         1,116,         4
56C,2016/04/14 19:23:00, 50,-0.4901694, 49,       128, 44,        26, 45,       125, 56, 7.5369635, 64, 34.677124, 67, 710.83447, 72, 474.34406, 77, 32.968750, 83,         0,110,         1,116,         4
56C,2016/04/14 19:24:00, 50,-0.3638548, 49,       128, 44,        26, 45,       125, 56, 7.5369635, 64, 34.719849, 67, 710.83447, 72, 474.42175, 77, 33.093750, 83,         0,110,         1,116,         4
54C,2016/04/14 19:25:00, 50,-0.2302905, 49,       128, 44,        26, 45,       125, 56, 7.5369635, 64, 34.820557, 67, 710.83447, 72, 474.47119, 77, 33.187500, 83,         0,110,         1,116,         4
5EC,2016/04/14 19:26:00, 50, 0.8431548, 49,       128, 44,        26, 45,       125, 56, 7.5369635, 64, 34.616089, 67, 710.83447, 72, 474.55225, 77, 33.312500, 83,         0,110,         1,116,         4
5BC,2016/04/14 19:27:00, 50, 0.5248071, 49,       128, 44,        26, 45,       125, 56, 7.5369635, 64, 34.823608, 67, 710.83447, 72, 474.59692, 77, 33.468750, 83,         0,110,         1,116,         4
59C,2016/04/14 19:28:00, 50, 0.1974710, 49,       128, 44,        26, 45,       125, 56, 7.5369635, 64, 34.713745, 67, 710.83447, 72, 474.63098, 77, 33.562500, 83,         0,110,         1,116,         4
5BC,2016/04/14 19:29:00, 50,-0.3424185, 49,       128, 44,        26, 45,       125, 56, 7.5369635, 64, 34.646606, 67, 710.83447, 72, 474.70929, 77, 33.687500, 83,         0,110,         1,116,         4
54C,2016/04/14 19:30:00, 50,-1.1584074, 49,       128, 44,        26, 45,       125, 56, 7.5369635, 64, 34.848022, 67, 710.83447, 72, 474.73004, 77, 33.781250, 83,         0,110,         1,116,         4
5EC,2016/04/14 19:31:00, 50,-0.8540648, 49,       128, 44,        26, 45,       125, 56, 7.5369635, 64, 34.664917, 67, 710.83447, 72, 474.79132, 77, 33.875000, 83,         0,110,         1,116,         4
5CC,2016/04/14 19:32:00, 50,-0.8910004, 49,       128, 44,        26, 45,       125, 56, 7.5369635, 64, 34.661865, 67, 710.83447, 72, 474.82196, 77, 34.000000, 83,         0,110,         1,116,         4
5EC,2016/04/14 19:33:00, 50,-0.2683505, 49,       128, 44,        26, 45,       125, 56, 7.5369635, 64, 34.619141, 67, 710.83447, 72, 474.91064, 77, 34.125000, 83,         0,110,         1,116,         4
50C,2016/04/14 19:34:00, 50,-0.2981777, 49,       128, 44,        26, 45,       125, 56, 7.5369635, 64, 34.735107, 67, 710.83447, 72, 474.94556, 77, 34.218750, 83,         0,110,         1,116,         4
5AC,2016/04/14 19:35:00, 50, 0.0762262, 49,       128, 44,        26, 45,       125, 56, 7.5369635, 64, 34.835815, 67, 710.83447, 72, 474.99304, 77, 34.343750, 83,         0,110,         1,116,         4
5AC,2016/04/14 19:36:00, 50,-0.7586583, 49,       128, 44,        26, 45,       125, 56, 7.5369635, 64, 34.655762, 67, 710.83447, 72, 475.01587, 77, 34.437500, 83,         0,110,         1,116,         4
53C,2016/04/14 19:37:00, 50,-1.0618644, 49,       128, 44,        26, 45,       125, 56, 7.5369635, 64, 34.649658, 67, 710.83447, 72, 475.03912, 77, 34.531250, 83,         0,110,         1,116,         4
5BC,2016/04/14 19:38:00, 50,-0.4090757, 49,       128, 44,        26, 45,       125, 56, 7.5369635, 64, 34.820557, 67, 710.83447, 72, 475.06958, 77, 34.625000, 83,         0,110,         1,116,         4
57C,2016/04/14 19:39:00, 50, 0.0048677, 49,       128, 44,        26, 45,       125, 56, 7.5369635, 64, 34.768677, 67, 710.83447, 72, 475.13940, 77, 34.718750, 83,         0,110,         1,116,         4
52C,2016/04/14 19:40:00, 50,-0.2177631, 49,       128, 44,        26, 45,       125, 56, 7.5369635, 64, 34.609985, 67, 710.83447, 72, 475.20605, 77, 34.843750, 83,         0,110,         1,116,         4
55C,2016/04/14 19:41:00, 50,-0.0285556, 49,       128, 44,        26, 45,       125, 56, 7.5369635, 64, 34.671021, 67, 710.83447, 72, 475.27313, 77, 34.937500, 83,         0,110,         1,116,         4
59C,2016/04/14 19:42:00, 50, 0.2634694, 49,       128, 44,        26, 45,       125, 56, 7.5369635, 64, 34.826660, 67, 710.83447, 72, 475.29913, 77, 35.062500, 83,         0,110,         1,116,         4
56C,2016/04/14 19:43:00, 50, 0.1446522, 49,       128, 44,        26, 45,       125, 56, 7.5369635, 64, 34.774780, 67, 710.83447, 72, 475.32764, 77, 35.125000, 83,         0,110,         1,116,         4
51C,2016/04/14 19:44:00, 50, 0.3809220, 49,       128, 44,        26, 45,       125, 56, 7.5369635, 64, 34.631348, 67, 710.83447, 72, 475.40405, 77, 35.250000, 83,         0,110,         1,116,         4
59C,2016/04/14 19:45:00, 50,-0.2453737, 49,       128, 44,        26, 45,       125, 56, 7.5369635, 64, 34.613037, 67, 710.83447, 72, 475.44202, 77, 35.281250, 83,         0,110,         1,116,         4
5FC,2016/04/14 19:46:00, 50, 0.4593656, 49,       128, 44,        26, 45,       125, 56, 7.5369635, 64, 34.912109, 67, 710.83447, 72, 475.49066, 77, 35.343750, 83,         0,110,         1,116,         4
55C,2016/04/14 19:47:00, 50,-0.2210027, 49,       128, 44,        26, 45,       125, 56, 7.5369635, 64, 35.009766, 67, 710.83447, 72, 475.50531, 77, 35.468750, 83,         0,110,         1,116,         4
51C,2016/04/14 19:48:00, 50, 0.3607125, 49,       128, 44,        26, 45,       125, 56, 7.5369635, 64, 34.951782, 67, 710.83447, 72, 475.58289, 77, 35.593750, 83,         0,110,         1,116,         4
51C,2016/04/14 19:49:00, 50, 0.2343927, 49,       128, 44,        26, 45,       125, 56, 7.5369635, 64, 34.838867, 67, 710.83447, 72, 475.61377, 77, 35.750000, 83,         0,110,         1,116,         4
55C,2016/04/14 19:50:00, 50, 0.1855694, 49,       128, 44,        26, 45,       125, 56, 7.5369635, 64, 34.777832, 67, 710.83447, 72, 475.63947, 77, 35.781250, 83,         0,110,         1,116,         4
58C,2016/04/14 19:51:00, 50,-0.2046234, 49,       128, 44,        26, 45,       125, 56, 7.5369635, 64, 34.820557, 67, 710.83447, 72, 475.65973, 77, 35.843750, 83,         0,110,         1,116,         4
5CC,2016/04/14 19:52:00, 50,-0.0004457, 49,       128, 44,        26, 45,       125, 56, 7.5369635, 64, 34.918213, 67, 710.83447, 72, 475.69458, 77, 35.937500, 83,         0,110,         1,116,         4
5AC,2016/04/14 19:53:00, 50, 0.0739146, 49,       128, 44,        26, 45,       125, 56, 7.5369635, 64, 34.994507, 67, 710.83447, 72, 475.72278, 77, 36.031250, 83,         0,110,         1,116,         4
5FC,2016/04/14 19:54:00, 50,-0.4606514, 49,       128, 44,        26, 45,       125, 56, 7.5369635, 64, 35.000610, 67, 710.83447, 72, 475.75812, 77, 36.062500, 83,         0,110,         1,116,         4
5BC,2016/04/14 19:55:00, 50,-0.7917137, 49,       128, 44,        26, 45,       125, 56, 7.5369635, 64, 34.939575, 67, 710.83447, 72, 475.79614, 77, 36.187500, 83,         0,110,         1,116,         4
57C,2016/04/14 19:56:00, 50,-0.3765720, 49,       128, 44,        26, 45,       125, 56, 7.5369635, 64, 34.854126, 67, 710.83447, 72, 475.81812, 77, 36.281250, 83,         0,110,         1,116,         4
55C,2016/04/14 19:57:00, 50,-0.0122885, 49,       128, 44,        26, 45,       125, 56, 7.5369635, 64, 34.799194, 67, 710.83447, 72, 475.85315, 77, 36.343750, 83,         0,110,         1,116,         4
5FC,2016/04/14 19:58:00, 50,-0.2338713, 49,       128, 44,        26, 45,       125, 56, 7.5369635, 64, 34.771729, 67, 710.83447, 72, 475.89044, 77, 36.437500, 83,         0,110,         1,116,         4
52C,2016/04/14 19:59:00, 50,-0.3428273, 49,       128, 44,        26, 45,       125, 56, 7.5369635, 64, 34.774780, 67, 710.83447, 72, 475.86652, 77, 36.500000, 83,         0,110,         1,116,         4
50C,2016/04/14 20:00:00, 50,-0.3771086, 49,       128, 44,        26, 45,       125, 56, 7.5369635, 64, 34.991455, 67, 710.83447, 72, 475.86841, 77, 36.562500, 83,         0,110,         1,116,         4
5BC,2016/04/14 20:01:00, 50,-0.1447589, 49,       128, 44,        26, 45,       125, 56, 7.5369635, 64, 34.970093, 67, 710.83447, 72, 475.88641, 77, 36.625000, 83,         0,110,         1,116,         4
5AC,2016/04/14 20:02:00, 50,-0.5146990, 49,       128, 44,        26, 45,       125, 56, 7.5369635, 64, 34.936523, 67, 710.83447, 72, 475.96234, 77, 36.750000, 83,         0,110,         1,116,         4
53C,2016/04/14 20:03:00, 50,-1.1912391, 49,       128, 44,        26, 45,       125, 56, 7.5369635, 64, 34.909058, 67, 710.83447, 72, 475.93042, 77, 36.812500, 83,         0,110,         1,116,         4
51C,2016/04/14 20:04:00, 50,-0.6088641, 49,       128, 44,        26, 45,       125, 56, 7.5369635, 64, 34.851074, 67, 710.83447, 72, 475.95654, 77, 36.875000, 83,         0,110,         1,116,         4
5EC,2016/04/14 20:05:00, 50,-0.0523919, 49,       128, 44,        26, 45,       125, 56, 7.5369635, 64, 34.869385, 67, 710.83447, 72, 475.99054, 77, 36.937500, 83,         0,110,         1,116,         4
53C,2016/04/14 20:06:00, 50,-0.1952139, 49,       128, 44,        26, 45,       125, 56, 7.5369635, 64, 34.875488, 67, 710.83447, 72, 476.02100, 77, 37.000000, 83,         0,110,         1,116,         4
54C,2016/04/14 20:07:00, 50, 0.5138491, 49,       128, 44,        26, 45,       125, 56, 7.5369635, 64, 34.881592, 67, 710.83447, 72, 476.04828, 77, 37.093750, 83,         0,110,         1,116,         4
5CC,2016/04/14 20:08:00, 50, 1.0226443, 49,       128, 44,        26, 45,       125, 56, 7.5369635, 64, 34.878540, 67, 710.83447, 72, 476.09967, 77, 37.125000, 83,         0,110,         1,116,         4
54C,2016/04/14 20:09:00, 50, 0.4679227, 49,       128, 44,        26, 45,       125, 56, 7.5369635, 64, 34.869385, 67, 710.83447, 72, 476.12073, 77, 37.218750, 83,         0,110,         1,116,         4
5AC,2016/04/14 20:10:00, 50, 0.3764444, 49,       128, 44,        26, 45,       125, 56, 7.5369635, 64, 34.863281, 67, 710.83447, 72, 476.15692, 77, 37.250000, 83,         0,110,         1,116,         4
5BC,2016/04/14 20:11:00, 50, 0.5778787, 49,       128, 44,        26, 45,       125, 56, 7.5369635, 64, 34.857178, 67, 710.83447, 72, 476.16479, 77, 37.343750, 83,         0,110,         1,116,         4
54C,2016/04/14 20:12:00, 50, 0.1035578, 49,       128, 44,        26, 45,       125, 56, 7.5369635, 64, 34.829712, 67, 710.83447, 72, 476.23822, 77, 37.406250, 83,         0,110,         1,116,         4
5DC,2016/04/14 20:13:00, 50,-0.4254912, 49,       128, 44,        26, 45,       125, 56, 7.5369635, 64, 34.805298, 67, 710.83447, 72, 476.29608, 77, 37.437500, 83,         0,110,         1,116,         4
53C,2016/04/14 20:14:00, 50,-0.4811881, 49,       128, 44,        26, 45,       125, 56, 7.5369635, 64, 34.780884, 67, 710.83447, 72, 476.31439, 77, 37.531250, 83,         0,110,         1,116,         4
57C,2016/04/14 20:15:00, 50, 0.1567735, 49,       128, 44,        26, 45,       125, 56, 7.5369635, 64, 34.762573, 67, 710.83447, 72, 476.31354, 77, 37.562500, 83,         0,110,         1,116,         4
55C,2016/04/14 20:16:00, 50,-0.1542647, 49,       128, 44,        26, 45,       125, 56, 7.5369635, 64, 34.768677, 67, 710.83447, 72, 476.31757, 77, 37.625000, 83,         0,110,         1,116,         4
5DC,2016/04/14 20:17:00, 50,-0.0215510, 49,       128, 44,        26, 45,       125, 56, 7.5369635, 64, 34.799194, 67, 710.83447, 72, 476.37170, 77, 37.687500, 83,         0,110,         1,116,         4
5AC,2016/04/14 20:18:00, 50,-0.7385427, 49,       128, 44,        26, 45,       125, 56, 7.5369635, 64, 34.860229, 67, 710.83447, 72, 476.39923, 77, 37.750000, 83,         0,110,         1,116,         4
5DC,2016/04/14 20:19:00, 50,-0.7233180, 49,       128, 44,        26, 45,       125, 56, 7.5369635, 64, 34.930420, 67, 710.83447, 72, 476.44257, 77, 37.781250, 83,         0,110,         1,116,         4
57C,2016/04/14 20:20:00, 50,-0.2021715, 49,       128, 44,        26, 45,       125, 56, 7.5369635, 64, 34.985352, 67, 710.83447, 72, 476.50433, 77, 37.875000, 83,         0,110,         1,116,         4
56C,2016/04/14 20:21:00, 50,-0.8633313, 49,       128, 44,        26, 45,       125, 56, 7.5369635, 64, 34.988403, 67, 710.83447, 72, 476.50647, 77, 37.937500, 83,         0,110,         1,116,         4
57C,2016/04/14 20:22:00, 50,-0.5557034, 49,       128, 44,        26, 45,       125, 56, 7.5369635, 64, 34.921265, 67, 710.83447, 72, 476.55145, 77, 37.968750, 83,         0,110,         1,116,         4
54C,2016/04/14 20:23:00, 50,-0.7888575, 49,       128, 44,        26, 45,       125, 56, 7.5369635, 64, 34.817505, 67, 710.83447, 72, 476.57043, 77, 38.031250, 83,         0,110,         1,116,         4
53C,2016/04/14 20:24:00, 50,-0.8537879, 49,       128, 44,        26, 45,       125, 56, 7.5369635, 64, 34.759521, 67, 710.83447, 72, 476.61975, 77, 38.093750, 83,         0,110,         1,116,         4
59C,2016/04/14 20:25:00, 50,-0.0974055, 49,       128, 44,        26, 45,       125, 56, 7.5369635, 64, 34.796143, 67, 710.83447, 72, 476.60785, 77, 38.156250, 83,         0,110,         1,116,         4
57C,2016/04/14 20:26:00, 50, 0.8498511, 49,       128, 44,        26, 45,       125, 56, 7.5369635, 64, 34.909058, 67, 710.83447, 72, 476.63336, 77, 38.187500, 83,         0,110,         1,116,         4
5AC,2016/04/14 20:27:00, 50, 0.6140381, 49,       128, 44,        26, 45,       125, 56, 7.5369635, 64, 34.823608, 67, 710.83447, 72, 476.62927, 77, 38.250000, 83,         0,110,         1,116,         4
52C,2016/04/14 20:28:00, 50, 0.7113585, 49,       128, 44,        26, 45,       125, 56, 7.5369635, 64, 34.786987, 67, 710.83447, 72, 476.64288, 77, 38.312500, 83,         0,110,         1,116,         4
53C,2016/04/14 20:29:00, 50, 1.1299653, 49,       128, 44,        26, 45,       125, 56, 7.5369635, 64, 34.860229, 67, 710.83447, 72, 476.66498, 77, 38.343750, 83,         0,110,         1,116,         4
5FC,2016/04/14 20:30:00, 50, 1.5549705, 49,       128, 44,        26, 45,       125, 56, 7.5369635, 64, 34.945679, 67, 710.83447, 72, 476.66119, 77, 38.406250, 83,         0,110,         1,116,         4
58C,2016/04/14 20:31:00, 50, 2.1530199, 49,       128, 44,        26, 45,       125, 56, 7.5369635, 64, 34.918213, 67, 710.83447, 72, 476.68262, 77, 38.468750, 83,         0,110,         1,116,         4
5CC,2016/04/14 20:32:00, 50,-0.6365856, 49,       128, 44,        26, 45,       125, 56, 7.5369635, 64, 34.805298, 67, 710.83447, 72, 476.68701, 77, 38.500000, 83,         0,110,         1,116,         4
50C,2016/04/14 20:33:00, 50, 0.0655472, 49,       128, 44,        26, 45,       125, 56, 7.5369635, 64, 34.802246, 67, 710.83447, 72, 476.71228, 77, 38.593750, 83,         0,110,         1,116,         4
51C,2016/04/14 20:34:00, 50, 0.2567719, 49,       128, 44,        26, 45,       125, 56, 7.5369635, 64, 34.924316, 67, 710.83447, 72, 476.74109, 77, 38.625000, 83,         0,110,         1,116,         4
5DC,2016/04/14 20:35:00, 50,-0.4593521, 49,       128, 44,        26, 45,       125, 56, 7.5369635, 64, 34.930420, 67, 710.83447, 72, 476.78015, 77, 38.656250, 83,         0,110,         1,116,         4
59C,2016/04/14 20:36:00, 50,-0.6476245, 49,       128, 44,        26, 45,       125, 56, 7.5369635, 64, 34.802246, 67, 710.83447, 72, 476.76697, 77, 38.687500, 83,         0,110,         1,116,         4
5BC,2016/04/14 20:37:00, 50,-0.1331761, 49,       128, 44,        26, 45,       125, 56, 7.5369635, 64, 34.820557, 67, 710.83447, 72, 476.77704, 77, 38.750000, 83,         0,110,         1,116,         4
56C,2016/04/14 20:38:00, 50,-0.1440901, 49,       128, 44,        26, 45,       125, 56, 7.5369635, 64, 34.942627, 67, 710.83447, 72, 476.77173, 77, 38.812500, 83,         0,110,         1,116,         4
52C,2016/04/14 20:39:00, 50, 0.2454763, 49,       128, 44,        26, 45,       125, 56, 7.5369635, 64, 34.872437, 67, 710.83447, 72, 476.81696, 77, 38.812500, 83,         0,110,         1,116,         4
5CC,2016/04/14 20:40:00, 50, 0.5834193, 49,       128, 44,        26, 45,       125, 56, 7.5369635, 64, 34.783936, 67, 710.83447, 72, 476.81732, 77, 38.906250, 83,         0,110,         1,116,         4
59C,2016/04/14 20:41:00, 50, 1.0466709, 49,       128, 44,        26, 45,       125, 56, 7.5369635, 64, 34.805298, 67, 710.83447, 72, 476.86188, 77, 38.937500, 83,         0,110,         1,116,         4
55C,2016/04/14 20:42:00, 50, 1.0406754, 49,       128, 44,        26, 45,       125, 56, 7.5369635, 64, 34.832764, 67, 710.83447, 72, 476.85706, 77, 38.937500, 83,         0,110,         1,116,         4
51C,2016/04/14 20:43:00, 50, 0.8654042, 49,       128, 44,        26, 45,       125, 56, 7.5369635, 64, 34.945679, 67, 710.83447, 72, 476.88275, 77, 39.000000, 83,         0,110,         1,116,         4
5AC,2016/04/14 20:44:00, 50, 0.9828399, 49,       128, 44,        26, 45,       125, 56, 7.5369635, 64, 34.808350, 67, 710.83447, 72, 476.88428, 77, 39.031250, 83,         0,110,         1,116,         4
50C,2016/04/14 20:45:00, 50, 0.1107895, 49,       128, 44,        26, 45,       125, 56, 7.5369635, 64, 34.838867, 67, 710.83447, 72, 476.93243, 77, 39.093750, 83,         0,110,         1,116,         4
5AC,2016/04/14 20:46:00, 50,-0.1248107, 49,       128, 44,        26, 45,       125, 56, 7.5369635, 64, 34.936523, 67, 710.83447, 72, 476.92633, 77, 39.125000, 83,         0,110,         1,116,         4
52C,2016/04/14 20:47:00, 50,-0.0667130, 49,       128, 44,        26, 45,       125, 56, 7.5369635, 64, 34.786987, 67, 710.83447, 72, 476.93341, 77, 39.156250, 83,         0,110,         1,116,         4
55C,2016/04/14 20:48:00, 50, 0.3933669, 49,       128, 44,        26, 45,       125, 56, 7.5369635, 64, 34.896851, 67, 710.83447, 72, 476.94769, 77, 39.187500, 83,         0,110,         1,116,         4
55C,2016/04/14 20:49:00, 50, 0.3063323, 49,       128, 44,        26, 45,       125, 56, 7.5369635, 64, 34.851074, 67, 710.83447, 72, 476.98114, 77, 39.218750, 83,         0,110,         1,116,         4
55C,2016/04/14 20:50:00, 50, 0.5076030, 49,       128, 44,        26, 45,       125, 56, 7.5369635, 64, 34.912109, 67, 710.83447, 72, 477.00610, 77, 39.281250, 83,         0,110,         1,116,         4
5FC,2016/04/14 20:51:00, 50, 0.3036823, 49,       128, 44,        26, 45,       125, 56, 7.5369635, 64, 34.783936, 67, 710.83447, 72, 477.01709, 77, 39.312500, 83,         0,110,         1,116,         4
57C,2016/04/14 20:52:00, 50, 0.4084351, 49,       128, 44,        26, 45,       125, 56, 7.5369635, 64, 34.942627, 67, 710.83447, 72, 477.03558, 77, 39.343750, 83,         0,110,         1,116,         4
5AC,2016/04/14 20:53:00, 50, 0.5166826, 49,       128, 44,        26, 45,       125, 56, 7.5369635, 64, 34.786987, 67, 710.83447, 72, 477.09229, 77, 39.406250, 83,         0,110,         1,116,         4
5BC,2016/04/14 20:54:00, 50, 0.4436044, 49,       128, 44,        26, 45,       125, 56, 7.5369635, 64, 34.906006, 67, 710.83447, 72, 477.07214, 77, 39.468750, 83,         0,110,         1,116,         4
53C,2016/04/14 20:55:00, 50, 0.6728040, 49,       128, 44,        26, 45,       125, 56, 7.5369635, 64, 34.823608, 67, 710.83447, 72, 477.10706, 77, 39.500000, 83,         0,110,         1,116,         4
52C,2016/04/14 20:56:00, 50, 1.0388789, 49,       128, 44,        26, 45,       125, 56, 7.5369635, 64, 34.887695, 67, 710.83447, 72, 477.13141, 77, 39.531250, 83,         0,110,         1,116,         4
5DC,2016/04/14 20:57:00, 50, 1.8431289, 49,       128, 44,        26, 45,       125, 56, 7.5369635, 64, 34.841919, 67, 710.83447, 72, 477.14734, 77, 39.562500, 83,         0,110,         1,116,         4
5EC,2016/04/14 20:58:00, 50, 2.5100913, 49,       128, 44,        26, 45,       125, 56, 7.5369635, 64, 34.872437, 67, 710.83447, 72, 477.15814, 77, 39.562500, 83,         0,110,         1,116,         4
52C,2016/04/14 20:59:00, 50, 3.1754913, 49,       128, 44,        26, 45,       125, 56, 7.5369635, 64, 34.841919, 67, 710.83447, 72, 477.15723, 77, 39.625000, 83,         0,110,         1,116,         4
50C,2016/04/14 21:00:00, 50, 4.1166964, 49,       128, 44,        26, 45,       125, 56, 7.5369635, 64, 34.875488, 67, 710.83447, 72, 477.14801, 77, 39.656250, 83,         0,110,         1,116,         4
56C,2016/04/14 21:01:00, 50, 4.6622477, 49,       128, 44,        26, 45,       125, 56, 7.5369635, 64, 34.823608, 67, 710.83447, 72, 477.18280, 77, 39.687500, 83,         0,110,         1,116,         4
55C,2016/04/14 21:02:00, 50, 5.6156197, 49,       128, 44,        26, 45,       125, 56, 7.5369635, 64, 34.909058, 67, 710.83447, 72, 477.21631, 77, 39.718750, 83,         0,110,         1,116,         4
59C,2016/04/14 21:03:00, 50, 6.4532766, 49,       128, 44,        26, 45,       125, 56, 7.5369635, 64, 34.802246, 67, 710.83447, 72, 477.24695, 77, 39.750000, 83,         0,110,         1,116,         4
5FC,2016/04/14 21:04:00, 50, 6.8171663, 49,       128, 44,        26, 45,       125, 56, 7.5369635, 64, 34.918213, 67, 710.83447, 72, 477.24054, 77, 39.781250, 83,         0,110,         1,116,         4
51C,2016/04/14 21:05:00, 50, 7.6166487, 49,       128, 44,        26, 45,       125, 56, 7.5369635, 64, 34.780884, 67, 710.83447, 72, 477.26001, 77, 39.812500, 83,         0,110,         1,116,         4
5AC,2016/04/14 21:06:00, 50, 6.6120424, 49,       128, 44,        26, 45,       125, 56, 7.5369635, 64, 34.939575, 67, 710.83447, 72, 477.22369, 77, 39.875000, 83,         0,110,         1,116,         4
5EC,2016/04/14 21:07:00, 50, 6.7278728, 49,       128, 44,        26, 45,       125, 56, 7.5369635, 64, 34.780884, 67, 710.83447, 72, 477.23566, 77, 39.906250, 83,         0,110,         1,116,         4
50C,2016/04/14 21:08:00, 50, 7.2786570, 49,       128, 44,        26, 45,       125, 56, 7.5369635, 64, 34.893799, 67, 710.83447, 72, 477.22675, 77, 39.937500, 83,         0,110,         1,116,         4
5DC,2016/04/14 21:09:00, 50, 7.6506157, 49,       128, 44,        26, 45,       125, 56, 7.5369635, 64, 34.869385, 67, 710.83447, 72, 477.25256, 77, 39.968750, 83,         0,110,         1,116,         4
5EC,2016/04/14 21:10:00, 50, 8.3650017, 49,       128, 44,        26, 45,       125, 56, 7.5369635, 64, 34.793091, 67, 710.83447, 72, 477.25763, 77, 40.000000, 83,         0,110,         1,116,         4
5BC,2016/04/14 21:11:00, 50, 7.4097366, 49,       128, 44,        26, 45,       125, 56, 7.5369635, 64, 34.936523, 67, 710.83447, 72, 477.28052, 77, 40.062500, 83,         0,110,         1,116,         4
55C,2016/04/14 21:12:00, 50, 7.4753962, 49,       128, 44,        26, 45,       125, 56, 7.5369635, 64, 34.796143, 67, 710.83447, 72, 477.29419, 77, 40.062500, 83,         0,110,         1,116,         4
58C,2016/04/14 21:13:00, 50, 8.4466896, 49,       128, 44,        26, 45,       125, 56, 7.5369635, 64, 34.844971, 67, 710.83447, 72, 477.30585, 77, 40.093750, 83,         0,110,         1,116,         4
50C,2016/04/14 21:14:00, 50, 8.5930824, 49,       128, 44,        26, 45,       125, 56, 7.5369635, 64, 34.930420, 67, 710.83447, 72, 477.29590, 77, 40.125000, 83,         0,110,         1,116,         4
5EC,2016/04/14 21:15:00, 50, 6.7628345, 49,       128, 44,        26, 45,       125, 56, 7.5369635, 64, 34.786987, 67, 710.83447, 72, 477.31714, 77, 40.187500, 83,         0,110,         1,116,         4
57C,2016/04/14 21:16:00, 50, 5.9699326, 49,       128, 44,        26, 45,       125, 56, 7.5369635, 64, 34.841919, 67, 710.83447, 72, 477.32965, 77, 40.187500, 83,         0,110,         1,116,         4
54C,2016/04/14 21:17:00, 50, 5.9456825, 49,       128, 44,        26, 45,       125, 56, 7.5369635, 64, 34.933472, 67, 710.83447, 72, 477.33459, 77, 40.250000, 83,         0,110,         1,116,         4
5BC,2016/04/14 21:18:00, 50, 4.6757030, 49,       128, 44,        26, 45,       125, 56, 7.5369635, 64, 34.799194, 67, 710.83447, 72, 477.31458, 77, 40.250000, 83,         0,110,         1,116,         4
5EC,2016/04/14 21:19:00, 50, 4.5973206, 49,       128, 44,        26, 45,       125, 56, 7.5369635, 64, 34.805298, 67, 710.83447, 72, 477.23419, 77, 40.281250, 83,         0,110,         1,116,         4
52C,2016/04/14 21:20:00, 50, 4.7336578, 49,       128, 44,        26, 45,       125, 56, 7.5369635, 64, 34.933472, 67, 710.83447, 72, 477.18060, 77, 40.218750, 83,         0,110,         1,116,         4
5EC,2016/04/14 21:21:00, 50, 4.6621361, 49,       128, 44,        26, 45,       125, 56, 7.5369635, 64, 34.890747, 67, 710.83447, 72, 477.10284, 77, 40.156250, 83,         0,110,         1,116,         4
5CC,2016/04/14 21:22:00, 50, 5.3726749, 49,       128, 44,        26, 45,       125, 56, 7.5369635, 64, 34.783936, 67, 710.83447, 72, 476.99432, 77, 40.125000, 83,         0,110,         1,116,         4
5DC,2016/04/14 21:23:00, 50, 5.5380459, 49,       128, 44,        26, 45,       125, 56, 7.5369635, 64, 34.820557, 67, 710.83447, 72, 476.91681, 77, 40.031250, 83,         0,110,         1,116,         4
54C,2016/04/14 21:24:00, 50, 5.7463665, 49,       128, 44,        26, 45,       125, 56, 7.5369635, 64, 34.921265, 67, 710.83447, 72, 476.85352, 77, 39.937500, 83,         0,110,         1,116,         4
58C,2016/04/14 21:25:00, 50, 5.0807133, 49,       128, 44,        26, 45,       125, 56, 7.5369635, 64, 34.915161, 67, 710.83447, 72, 476.83887, 77, 39.843750, 83,         0,110,         1,116,         4
5FC,2016/04/14 21:26:00, 50, 4.1753063, 49,       128, 44,        26, 45,       125, 56, 7.5369635, 64, 34.954834, 67, 710.83447, 72, 476.81879, 77, 39.687500, 83,         0,110,         1,116,         4
5AC,2016/04/14 21:27:00, 50, 3.4000540, 49,       128, 44,        26, 45,       125, 56, 7.5369635, 64, 34.973145, 67, 710.83447, 72, 476.78607, 77, 39.562500, 83,         0,110,         1,116,         4
52C,2016/04/14 21:28:00, 50, 3.2532196, 49,       128, 44,        26, 45,       125, 56, 7.5369635, 64, 34.896851, 67, 710.83447, 72, 476.75177, 77, 39.406250, 83,         0,110,         1,116,         4
5AC,2016/04/14 21:29:00, 50, 2.9717135, 49,       128, 44,        26, 45,       125, 56, 7.5369635, 64, 34.793091, 67, 710.83447, 72, 476.72577, 77, 39.250000, 83,         0,110,         1,116,         4
52C,2016/04/14 21:30:00, 50, 3.1288548, 49,       128, 44,        26, 45,       125, 56, 7.5369635, 64, 34.753418, 67, 710.83447, 72, 476.70746, 77, 39.093750, 83,         0,110,         1,116,         4
52C,2016/04/14 21:31:00, 50, 3.4211817, 49,       128, 44,        26, 45,       125, 56, 7.5369635, 64, 34.783936, 67, 710.83447, 72, 476.72382, 77, 38.937500, 83,         0,110,         1,116,         4
50C,2016/04/14 21:32:00, 50, 3.4912329, 49,       128, 44,        26, 45,       125, 56, 7.5369635, 64, 34.866333, 67, 710.83447, 72, 476.71924, 77, 38.781250, 83,         0,110,         1,116,         4
52C,2016/04/14 21:33:00, 50, 3.2243109, 49,       128, 44,        26, 45,       125, 56, 7.5369635, 64, 34.939575, 67, 710.83447, 72, 476.68988, 77, 38.656250, 83,         0,110,         1,116,         4
5EC,2016/04/14 21:34:00, 50, 2.8144851, 49,       128, 44,        26, 45,       125, 56, 7.5369635, 64, 34.982300, 67, 710.83447, 72, 476.72675, 77, 38.531250, 83,         0,110,         1,116,         4
5DC,2016/04/14 21:35:00, 50, 2.6867948, 49,       128, 44,        26, 45,       125, 56, 7.5369635, 64, 34.997559, 67, 710.83447, 72, 476.71625, 77, 38.406250, 83,         0,110,         1,116,         4
51C,2016/04/14 21:36:00, 50, 2.2436805, 49,       128, 44,        26, 45,       125, 56, 7.5369635, 64, 34.985352, 67, 710.83447, 72, 476.71411, 77, 38.312500, 83,         0,110,         1,116,         4
53C,2016/04/14 21:37:00, 50, 2.4278340, 49,       128, 44,        26, 45,       125, 56, 7.5369635, 64, 34.957886, 67, 710.83447, 72, 476.70142, 77, 38.218750, 83,         0,110,         1,116,         4
53C,2016/04/14 21:38:00, 50, 2.5757337, 49,       128, 44,        26, 45,       125, 56, 7.5369635, 64, 34.924316, 67, 710.83447, 72, 476.69482, 77, 38.093750, 83,         0,110,         1,116,         4
59C,2016/04/14 21:39:00, 50, 2.3365488, 49,       128, 44,        26, 45,       125, 56, 7.5369635, 64, 34.890747, 67, 710.83447, 72, 476.71057, 77, 38.093750, 83,         0,110,         1,116,         4
51C,2016/04/14 21:40:00, 50, 2.1108527, 49,       128, 44,        26, 45,       125, 56, 7.5369635, 64, 34.844971, 67, 710.83447, 72, 476.72534, 77, 38.000000, 83,         0,110,         1,116,         4
51C,2016/04/14 21:41:00, 50, 2.2079887, 49,       128, 44,        26, 45,       125, 56, 7.5369635, 64, 34.814453, 67, 710.83447, 72, 476.71729, 77, 37.937500, 83,         0,110,         1,116,         4
51C,2016/04/14 21:42:00, 50, 1.7089450, 49,       128, 44,        26, 45,       125, 56, 7.5369635, 64, 34.805298, 67, 710.83447, 72, 476.73010, 77, 37.875000, 83,         0,110,         1,116,         4
5EC,2016/04/14 21:43:00, 50, 1.1115713, 49,       128, 44,        26, 45,       125, 56, 7.5369635, 64, 34.793091, 67, 710.83447, 72, 476.73273, 77, 37.812500, 83,         0,110,         1,116,         4
5EC,2016/04/14 21:44:00, 50, 1.3905344, 49,       128, 44,        26, 45,       125, 56, 7.5369635, 64, 34.793091, 67, 710.83447, 72, 476.74927, 77, 37.781250, 83,         0,110,         1,116,         4
5AC,2016/04/14 21:45:00, 50, 1.8383965, 49,       128, 44,        26, 45,       125, 56, 7.5369635, 64, 34.796143, 67, 710.83447, 72, 476.77460, 77, 37.718750, 83,         0,110,         1,116,         4
52C,2016/04/14 21:46:00, 50, 2.2949200, 49,       128, 44,        26, 45,       125, 56, 7.5369635, 64, 34.793091, 67, 710.83447, 72, 476.73566, 77, 37.656250, 83,         0,110,         1,116,         4
5AC,2016/04/14 21:47:00, 50, 2.3704042, 49,       128, 44,        26, 45,       125, 56, 7.5369635, 64, 34.793091, 67, 710.83447, 72, 476.74219, 77, 37.625000, 83,         0,110,         1,116,         4
56C,2016/04/14 21:48:00, 50, 2.1734390, 49,       128, 44,        26, 45,       125, 56, 7.5369635, 64, 34.814453, 67, 710.83447, 72, 476.69263, 77, 37.562500, 83,         0,110,         1,116,         4
5DC,2016/04/14 21:49:00, 50, 2.4633532, 49,       128, 44,        26, 45,       125, 56, 7.5369635, 64, 34.829712, 67, 710.83447, 72, 476.66254, 77, 37.531250, 83,         0,110,         1,116,         4
56C,2016/04/14 21:50:00, 50, 2.9487009, 49,       128, 44,        26, 45,       125, 56, 7.5369635, 64, 34.854126, 67, 710.83447, 72, 476.61206, 77, 37.406250, 83,         0,110,         1,116,         4
52C,2016/04/14 21:51:00, 50, 3.3676910, 49,       128, 44,        26, 45,       125, 56, 7.5369635, 64, 34.890747, 67, 710.83447, 72, 476.57800, 77, 37.343750, 83,         0,110,         1,116,         4
5FC,2016/04/14 21:52:00, 50, 3.5654006, 49,       128, 44,        26, 45,       125, 56, 7.5369635, 64, 34.942627, 67, 710.83447, 72, 476.52863, 77, 37.218750, 83,         0,110,         1,116,         4
56C,2016/04/14 21:53:00, 50, 3.5619335, 49,       128, 44,        26, 45,       125, 56, 7.5369635, 64, 34.985352, 67, 710.83447, 72, 476.54944, 77, 37.156250, 83,         0,110,         1,116,         4
59C,2016/04/14 21:54:00, 50, 3.7093115, 49,       128, 44,        26, 45,       125, 56, 7.5369635, 64, 35.006714, 67, 710.83447, 72, 476.54492, 77, 37.093750, 83,         0,110,         1,116,         4
53C,2016/04/14 21:55:00, 50, 3.9707079, 49,       128, 44,        26, 45,       125, 56, 7.5369635, 64, 34.982300, 67, 710.83447, 72, 476.54388, 77, 37.031250, 83,         0,110,         1,116,         4
5AC,2016/04/14 21:56:00, 50, 3.1275134, 49,       128, 44,        26, 45,       125, 56, 7.5369635, 64, 34.896851, 67, 710.83447, 72, 476.56451, 77, 37.031250, 83,         0,110,         1,116,         4
5FC,2016/04/14 21:57:00, 50, 3.1481957, 49,       128, 44,        26, 45,       125, 56, 7.5369635, 64, 34.817505, 67, 710.83447, 72, 476.57001, 77, 36.968750, 83,         0,110,         1,116,         4
57C,2016/04/14 21:58:00, 50, 3.1101556, 49,       128, 44,        26, 45,       125, 56, 7.5369635, 64, 34.768677, 67, 710.83447, 72, 476.56116, 77, 36.968750, 83,         0,110,         1,116,         4
58C,2016/04/14 21:59:00, 50, 2.6169152, 49,       128, 44,        26, 45,       125, 56, 7.5369635, 64, 34.826660, 67, 710.83447, 72, 476.57471, 77, 36.968750, 83,         0,110,         1,116,         4
52C,2016/04/14 22:00:00, 50, 2.4169121, 49,       128, 44,        26, 45,       125, 56, 7.5369635, 64, 34.939575, 67, 710.83447, 72, 476.55530, 77, 36.906250, 83,         0,110,         1,116,         4
5AC,2016/04/14 22:01:00, 50, 1.9836061, 49,       128, 44,        26, 45,       125, 56, 7.5369635, 64, 35.006714, 67, 710.83447, 72, 476.50098, 77, 36.875000, 83,         0,110,         1,116,         4
58C,2016/04/14 22:02:00, 50, 2.6337242, 49,       128, 44,        26, 45,       125, 56, 7.5369635, 64, 34.936523, 67, 710.83447, 72, 476.48053, 77, 36.843750, 83,         0,110,         1,116,         4
58C,2016/04/14 22:03:00, 50, 3.2463527, 49,       128, 44,        26, 45,       125, 56, 7.5369635, 64, 34.808350, 67, 710.83447, 72, 476.47266, 77, 36.812500, 83,         0,110,         1,116,         4
57C,2016/04/14 22:04:00, 50, 3.7777510, 49,       128, 44,        26, 45,       125, 56, 7.5369635, 64, 34.777832, 67, 710.83447, 72, 476.43530, 77, 36.781250, 83,         0,110,         1,116,         4
56C,2016/04/14 22:05:00, 50, 3.9394674, 49,       128, 44,        26, 45,       125, 56, 7.5369635, 64, 34.909058, 67, 710.83447, 72, 476.46161, 77, 36.781250, 83,         0,110,         1,116,         4
57C,2016/04/14 22:06:00, 50, 4.2180481, 49,       128, 44,        26, 45,       125, 56, 7.5369635, 64, 35.006714, 67, 710.83447, 72, 476.49957, 77, 36.750000, 83,         0,110,         1,116,         4
5BC,2016/04/14 22:07:00, 50, 4.4964647, 49,       128, 44,        26, 45,       125, 56, 7.5369635, 64, 34.890747, 67, 710.83447, 72, 476.49054, 77, 36.781250, 83,         0,110,         1,116,         4
5EC,2016/04/14 22:08:00, 50, 4.3005905, 49,       128, 44,        26, 45,       125, 56, 7.5369635, 64, 34.771729, 67, 710.83447, 72, 476.45813, 77, 36.718750, 83,         0,110,         1,116,         4
5AC,2016/04/14 22:09:00, 50, 4.3071003, 49,       128, 44,        26, 45,       125, 56, 7.5369635, 64, 34.915161, 67, 710.83447, 72, 476.41791, 77, 36.750000, 83,         0,110,         1,116,         4
51C,2016/04/14 22:10:00, 50, 4.8039513, 49,       128, 44,        26, 45,       125, 56, 7.5369635, 64, 34.997559, 67, 710.83447, 72, 476.38477, 77, 36.750000, 83,         0,110,         1,116,         4
54C,2016/04/14 22:11:00, 50, 5.3467274, 49,       128, 44,        26, 45,       125, 56, 7.5369635, 64, 34.979248, 67, 710.83447, 72, 476.34644, 77, 36.718750, 83,         0,110,         1,116,         4
55C,2016/04/14 22:12:00, 50, 5.7300730, 49,       128, 44,        26, 45,       125, 56, 7.5369635, 64, 34.939575, 67, 710.83447, 72, 476.38507, 77, 36.718750, 83,         0,110,         1,116,         4
5AC,2016/04/14 22:13:00, 50, 5.7206745, 49,       128, 44,        26, 45,       125, 56, 7.5369635, 64, 34.771729, 67, 710.83447, 72, 476.45026, 77, 36.750000, 83,         0,110,         1,116,         4
55C,2016/04/14 22:14:00, 50, 6.4250546, 49,       128, 44,        26, 45,       125, 56, 7.5369635, 64, 34.948730, 67, 710.83447, 72, 476.45349, 77, 36.812500, 83,         0,110,         1,116,         4
57C,2016/04/14 22:15:00, 50, 6.1493063, 49,       128, 44,        26, 45,       125, 56, 7.5369635, 64, 34.930420, 67, 710.83447, 72, 476.48773, 77, 36.812500, 83,         0,110,         1,116,         4
55C,2016/04/14 22:16:00, 50, 7.1018858, 49,       128, 44,        26, 45,       125, 56, 7.5369635, 64, 34.774780, 67, 710.83447, 72, 476.49890, 77, 36.843750, 83,         0,110,         1,116,         4
58C,2016/04/14 22:17:00, 50, 7.9092054, 49,       128, 44,        26, 45,       125, 56, 7.5369635, 64, 34.997559, 67, 710.83447, 72, 476.45782, 77, 36.875000, 83,         0,110,         1,116,         4
51C,2016/04/14 22:18:00, 50, 7.0942850, 49,       128, 44,        26, 45,       125, 56, 7.5369635, 64, 34.841919, 67, 710.83447, 72, 476.45837, 77, 36.812500, 83,         0,110,         1,116,         4
51C,2016/04/14 22:19:00, 50, 6.6730213, 49,       128, 44,        26, 45,       125, 56, 7.5369635, 64, 34.866333, 67, 710.83447, 72, 476.39716, 77, 36.812500, 83,         0,110,         1,116,         4
5FC,2016/04/14 22:20:00, 50, 5.7992134, 49,       128, 44,        26, 45,       125, 56, 7.5369635, 64, 34.967041, 67, 710.83447, 72, 476.39124, 77, 36.781250, 83,         0,110,         1,116,         4
50C,2016/04/14 22:21:00, 50, 5.3670082, 49,       128, 44,        26, 45,       125, 56, 7.5369635, 64, 34.774780, 67, 710.83447, 72, 476.39825, 77, 36.750000, 83,         0,110,         1,116,         4
58C,2016/04/14 22:22:00, 50, 4.9584990, 49,       128, 44,        26, 45,       125, 56, 7.5369635, 64, 35.006714, 67, 710.83447, 72, 476.39508, 77, 36.687500, 83,         0,110,         1,116,         4
50C,2016/04/14 22:23:00, 50, 5.0091162, 49,       128, 44,        26, 45,       125, 56, 7.5369635, 64, 34.902954, 67, 710.83447, 72, 476.43872, 77, 36.656250, 83,         0,110,         1,116,         4
58C,2016/04/14 22:24:00, 50, 5.6544180, 49,       128, 44,        26, 45,       125, 56, 7.5369635, 64, 34.915161, 67, 710.83447, 72, 476.39935, 77, 36.593750, 83,         0,110,         1,116,         4
52C,2016/04/14 22:25:00, 50, 5.6643457, 49,       128, 44,        26, 45,       125, 56, 7.5369635, 64, 34.835815, 67, 710.83447, 72, 476.39429, 77, 36.562500, 83,         0,110,         1,116,         4
53C,2016/04/14 22:26:00, 50, 6.0057249, 49,       128, 44,        26, 45,       125, 56, 7.5369635, 64, 34.954834, 67, 710.83447, 72, 476.40863, 77, 36.531250, 83,         0,110,         1,116,         4
57C,2016/04/14 22:27:00, 50, 5.7409258, 49,       128, 44,        26, 45,       125, 56, 7.5369635, 64, 34.811401, 67, 710.83447, 72, 476.42529, 77, 36.500000, 83,         0,110,         1,116,         4
55C,2016/04/14 22:28:00, 50, 5.4875975, 49,       128, 44,        26, 45,       125, 56, 7.5369635, 64, 34.970093, 67, 710.83447, 72, 476.38794, 77, 36.468750, 83,         0,110,         1,116,         4
50C,2016/04/14 22:29:00, 50, 4.9768000, 49,       128, 44,        26, 45,       125, 56, 7.5369635, 64, 34.811401, 67, 710.83447, 72, 476.40491, 77, 36.468750, 83,         0,110,         1,116,         4
5FC,2016/04/14 22:30:00, 50, 4.8763847, 49,       128, 44,        26, 45,       125, 56, 7.5369635, 64, 34.963989, 67, 710.83447, 72, 476.39154, 77, 36.437500, 83,         0,110,         1,116,         4
5CC,2016/04/14 22:31:00, 50, 4.2714376, 49,       128, 44,        26, 45,       125, 56, 7.5369635, 64, 34.820557, 67, 710.83447, 72, 476.40161, 77, 36.437500, 83,         0,110,         1,116,         4
54C,2016/04/14 22:32:00, 50, 4.2687197, 49,       128, 44,        26, 45,       125, 56, 7.5369635, 64, 34.954834, 67, 710.83447, 72, 476.40302, 77, 36.406250, 83,         0,110,         1,116,         4
58C,2016/04/14 22:33:00, 50, 4.2509708, 49,       128, 44,        26, 45,       125, 56, 7.5369635, 64, 34.832764, 67, 710.83447, 72, 476.38184, 77, 36.406250, 83,         0,110,         1,116,         4
55C,2016/04/14 22:34:00, 50, 4.0522490, 49,       128, 44,        26, 45,       125, 56, 7.5369635, 64, 34.948730, 67, 710.83447, 72, 476.38605, 77, 36.406250, 83,         0,110,         1,116,         4
5FC,2016/04/14 22:35:00, 50, 3.5833869, 49,       128, 44,        26, 45,       125, 56, 7.5369635, 64, 34.835815, 67, 710.83447, 72, 476.40607, 77, 36.406250, 83,         0,110,         1,116,         4
52C,2016/04/14 22:36:00, 50, 3.1354828, 49,       128, 44,        26, 45,       125, 56, 7.5369635, 64, 34.951782, 67, 710.83447, 72, 476.42114, 77, 36.406250, 83,         0,110,         1,116,         4
51C,2016/04/14 22:37:00, 50, 2.2765536, 49,       128, 44,        26, 45,       125, 56, 7.5369635, 64, 34.823608, 67, 710.83447, 72, 476.40948, 77, 36.437500, 83,         0,110,         1,116,         4
5DC,2016/04/14 22:38:00, 50, 1.8190243, 49,       128, 44,        26, 45,       125, 56, 7.5369635, 64, 34.963989, 67, 710.83447, 72, 476.43732, 77, 36.437500, 83,         0,110,         1,116,         4
50C,2016/04/14 22:39:00, 50, 1.6060615, 49,       128, 44,        26, 45,       125, 56, 7.5369635, 64, 34.811401, 67, 710.83447, 72, 476.44928, 77, 36.437500, 83,         0,110,         1,116,         4
53C,2016/04/14 22:40:00, 50, 1.7470183, 49,       128, 44,        26, 45,       125, 56, 7.5369635, 64, 34.970093, 67, 710.83447, 72, 476.48486, 77, 36.468750, 83,         0,110,         1,116,         4
57C,2016/04/14 22:41:00, 50, 1.8409650, 49,       128, 44,        26, 45,       125, 56, 7.5369635, 64, 34.820557, 67, 710.83447, 72, 476.49609, 77, 36.468750, 83,         0,110,         1,116,         4
5BC,2016/04/14 22:42:00, 50, 2.2582192, 49,       128, 44,        26, 45,       125, 56, 7.5369635, 64, 34.939575, 67, 710.83447, 72, 476.50970, 77, 36.500000, 83,         0,110,         1,116,         4
59C,2016/04/14 22:43:00, 50, 3.1710038, 49,       128, 44,        26, 45,       125, 56, 7.5369635, 64, 34.875488, 67, 710.83447, 72, 476.49036, 77, 36.500000, 83,         0,110,         1,116,         4
53C,2016/04/14 22:44:00, 50, 3.5922136, 49,       128, 44,        26, 45,       125, 56, 7.5369635, 64, 34.872437, 67, 710.83447, 72, 476.47400, 77, 36.531250, 83,         0,110,         1,116,         4
57C,2016/04/14 22:45:00, 50, 4.6989594, 49,       128, 44,        26, 45,       125, 56, 7.5369635, 64, 34.948730, 67, 710.83447, 72, 476.51117, 77, 36.562500, 83,         0,110,         1,116,         4
5FC,2016/04/14 22:46:00, 50, 5.5440397, 49,       128, 44,        26, 45,       125, 56, 7.5369635, 64, 34.808350, 67, 710.83447, 72, 476.52667, 77, 36.562500, 83,         0,110,         1,116,         4
58C,2016/04/14 22:47:00, 50, 6.4161568, 49,       128, 44,        26, 45,       125, 56, 7.5369635, 64, 34.954834, 67, 710.83447, 72, 476.49414, 77, 36.593750, 83,         0,110,         1,116,         4
57C,2016/04/14 22:48:00, 50, 6.9927969, 49,       128, 44,        26, 45,       125, 56, 7.5369635, 64, 34.869385, 67, 710.83447, 72, 476.53790, 77, 36.593750, 83,         0,110,         1,116,         4
56C,2016/04/14 22:49:00, 50, 7.1538553, 49,       128, 44,        26, 45,       125, 56, 7.5369635, 64, 34.857178, 67, 710.83447, 72, 476.53320, 77, 36.625000, 83,         0,110,         1,116,         4
51C,2016/04/14 22:50:00, 50, 6.6898003, 49,       128, 44,        26, 45,       125, 56, 7.5369635, 64, 34.963989, 67, 710.83447, 72, 476.55328, 77, 36.625000, 83,         0,110,         1,116,         4
51C,2016/04/14 22:51:00, 50, 6.2511787, 49,       128, 44,        26, 45,       125, 56, 7.5369635, 64, 34.817505, 67, 710.83447, 72, 476.58917, 77, 36.656250, 83,         0,110,         1,116,         4
5AC,2016/04/14 22:52:00, 50, 5.5730286, 49,       128, 44,        26, 45,       125, 56, 7.5369635, 64, 34.899902, 67, 710.83447, 72, 476.61230, 77, 36.750000, 83,         0,110,         1,116,         4
5DC,2016/04/14 22:53:00, 50, 5.3926992, 49,       128, 44,        26, 45,       125, 56, 7.5369635, 64, 34.942627, 67, 710.83447, 72, 476.66199, 77, 36.843750, 83,         0,110,         1,116,         4
52C,2016/04/14 22:54:00, 50, 6.7985754, 49,       128, 44,        26, 45,       125, 56, 7.5369635, 64, 34.808350, 67, 710.83447, 72, 476.69672, 77, 36.906250, 83,         0,110,         1,116,         4
53C,2016/04/14 22:55:00, 50, 9.1426868, 49,       128, 44,        26, 45,       125, 56, 7.5369635, 64, 34.902954, 67, 710.83447, 72, 476.76239, 77, 36.968750, 83,         0,110,         1,116,         4
58C,2016/04/14 22:56:00, 50, 12.207800, 49,       128, 44,        26, 45,       125, 56, 7.5369635, 64, 34.948730, 67, 710.83447, 72, 476.78925, 77, 37.125000, 83,         0,110,         1,116,         4
56C,2016/04/14 22:57:00, 50, 12.995825, 49,       128, 44,        26, 45,       125, 56, 7.5369635, 64, 34.814453, 67, 710.83447, 72, 476.80389, 77, 37.187500, 83,         0,110,         1,116,         4
56C,2016/04/14 22:58:00, 50, 12.013599, 49,       128, 44,        26, 45,       125, 56, 7.5369635, 64, 34.857178, 67, 710.83447, 72, 476.81195, 77, 37.281250, 83,         0,110,         1,116,         4
55C,2016/04/14 22:59:00, 50, 12.285370, 49,       128, 44,        26, 45,       125, 56, 7.5369635, 64, 34.957886, 67, 710.83447, 72, 476.83331, 77, 37.406250, 83,         0,110,         1,116,         4
5EC,2016/04/14 23:00:00, 50, 11.814301, 49,       128, 44,        26, 45,       125, 56, 7.5369635, 64, 34.869385, 67, 710.83447, 72, 476.87274, 77, 37.562500, 83,         0,110,         1,116,         4
57C,2016/04/14 23:01:00, 50, 10.392530, 49,       128, 44,        26, 45,       125, 56, 7.5369635, 64, 34.799194, 67, 710.83447, 72, 476.89581, 77, 37.593750, 83,         0,110,         1,116,         4
5AC,2016/04/14 23:02:00, 50, 9.1796799, 49,       128, 44,        26, 45,       125, 56, 7.5369635, 64, 34.899902, 67, 710.83447, 72, 476.93622, 77, 37.656250, 83,         0,110,         1,116,         4
5AC,2016/04/14 23:03:00, 50, 8.6361485, 49,       128, 44,        26, 45,       125, 56, 7.5369635, 64, 34.948730, 67, 710.83447, 72, 476.97180, 77, 37.812500, 83,         0,110,         1,116,         4
5AC,2016/04/14 23:04:00, 50, 8.8029690, 49,       128, 44,        26, 45,       125, 56, 7.5369635, 64, 34.844971, 67, 710.83447, 72, 477.01746, 77, 37.875000, 83,         0,110,         1,116,         4
54C,2016/04/14 23:05:00, 50, 8.5162354, 49,       128, 44,        26, 45,       125, 56, 7.5369635, 64, 34.796143, 67, 710.83447, 72, 477.01483, 77, 37.906250, 83,         0,110,         1,116,         4
50C,2016/04/14 23:06:00, 50, 8.5732803, 49,       128, 44,        26, 45,       125, 56, 7.5369635, 64, 34.878540, 67, 710.83447, 72, 477.05804, 77, 38.031250, 83,         0,110,         1,116,         4
5EC,2016/04/14 23:07:00, 50, 8.6697731, 49,       128, 44,        26, 45,       125, 56, 7.5369635, 64, 34.948730, 67, 710.83447, 72, 477.06421, 77, 38.125000, 83,         0,110,         1,116,         4
54C,2016/04/14 23:08:00, 50, 8.0494347, 49,       128, 44,        26, 45,       125, 56, 7.5369635, 64, 34.896851, 67, 710.83447, 72, 477.07855, 77, 38.156250, 83,         0,110,         1,116,         4
51C,2016/04/14 23:09:00, 50, 6.9872704, 49,       128, 44,        26, 45,       125, 56, 7.5369635, 64, 34.805298, 67, 710.83447, 72, 477.10413, 77, 38.281250, 83,         0,110,         1,116,         4
50C,2016/04/14 23:10:00, 50, 6.8577967, 49,       128, 44,        26, 45,       125, 56, 7.5369635, 64, 34.805298, 67, 710.83447, 72, 477.14056, 77, 38.343750, 83,         0,110,         1,116,         4
56C,2016/04/14 23:11:00, 50, 6.9193563, 49,       128, 44,        26, 45,       125, 56, 7.5369635, 64, 34.881592, 67, 710.83447, 72, 477.16553, 77, 38.437500, 83,         0,110,         1,116,         4
50C,2016/04/14 23:12:00, 50, 7.7082472, 49,       128, 44,        26, 45,       125, 56, 7.5369635, 64, 34.939575, 67, 710.83447, 72, 477.15045, 77, 38.500000, 83,         0,110,         1,116,         4
55C,2016/04/14 23:13:00, 50, 8.2629681, 49,       128, 44,        26, 45,       125, 56, 7.5369635, 64, 34.927368, 67, 710.83447, 72, 477.17999, 77, 38.593750, 83,         0,110,         1,116,         4
55C,2016/04/14 23:14:00, 50, 8.7290230, 49,       128, 44,        26, 45,       125, 56, 7.5369635, 64, 34.860229, 67, 710.83447, 72, 477.18170, 77, 38.625000, 83,         0,110,         1,116,         4
59C,2016/04/14 23:15:00, 50, 11.519030, 49,       128, 44,        26, 45,       125, 56, 7.5369635, 64, 34.796143, 67, 710.83447, 72, 477.18774, 77, 38.687500, 83,         0,110,         1,116,         4
5DC,2016/04/14 23:16:00, 50, 12.305809, 49,       128, 44,        26, 45,       125, 56, 7.5369635, 64, 34.786987, 67, 710.83447, 72, 477.19531, 77, 38.750000, 83,         0,110,         1,116,         4
51C,2016/04/14 23:17:00, 50, 13.689756, 49,       128, 44,        26, 45,       125, 56, 7.5369635, 64, 34.835815, 67, 710.83447, 72, 477.21350, 77, 38.843750, 83,         0,110,         1,116,         4
5EC,2016/04/14 23:18:00, 50, 15.132607, 49,       128, 44,        26, 45,       125, 56, 7.5369635, 64, 34.771729, 67, 710.83447, 72, 477.22083, 77, 38.906250, 83,         0,110,         1,116,         4
5BC,2016/04/14 23:19:00, 50, 15.545942, 49,       128, 44,        26, 45,       125, 56, 7.5369635, 64, 34.747314, 67, 710.83447, 72, 477.23767, 77, 38.968750, 83,         0,110,         1,116,         4
5FC,2016/04/14 23:20:00, 50, 16.375732, 49,       128, 44,        26, 45,       125, 56, 7.5369635, 64, 34.774780, 67, 710.83447, 72, 477.25696, 77, 39.031250, 83,         0,110,         1,116,         4
5DC,2016/04/14 23:21:00, 50, 16.396362, 49,       128, 44,        26, 45,       125, 56, 7.5369635, 64, 34.832764, 67, 710.83447, 72, 477.29437, 77, 39.093750, 83,         0,110,         1,116,         4
58C,2016/04/14 23:22:00, 50, 16.231670, 49,       128, 44,        26, 45,       125, 56, 7.5369635, 64, 34.890747, 67, 710.83447, 72, 477.30426, 77, 39.156250, 83,         0,110,         1,116,         4
56C,2016/04/14 23:23:00, 50, 14.705309, 49,       128, 44,        26, 45,       125, 56, 7.5369635, 64, 34.936523, 67, 710.83447, 72, 477.34247, 77, 39.218750, 83,         0,110,         1,116,         4
53C,2016/04/14 23:24:00, 50, 13.649193, 49,       128, 44,        26, 45,       125, 56, 7.5369635, 64, 34.963989, 67, 710.83447, 72, 477.36896, 77, 39.281250, 83,         0,110,         1,116,         4
50C,2016/04/14 23:25:00, 50, 12.304514, 49,       128, 44,        26, 45,       125, 56, 7.5369635, 64, 34.762573, 67, 710.83447, 72, 477.36816, 77, 39.343750, 83,         0,110,         1,116,         4
5AC,2016/04/14 23:26:00, 50, 11.291468, 49,       128, 44,        26, 45,       125, 56, 7.5369635, 64, 34.750366, 67, 710.83447, 72, 477.41071, 77, 39.375000, 83,         0,110,         1,116,         4
54C,2016/04/14 23:27:00, 50, 9.7487907, 49,       128, 44,        26, 45,       125, 56, 7.5369635, 64, 34.741211, 67, 710.83447, 72, 477.39410, 77, 39.468750, 83,         0,110,         1,116,         4
51C,2016/04/14 23:28:00, 50, 8.2955685, 49,       128, 44,        26, 45,       125, 56, 7.5369635, 64, 34.738159, 67, 710.83447, 72, 477.42194, 77, 39.500000, 83,         0,110,         1,116,         4
57C,2016/04/14 23:29:00, 50, 7.5611057, 49,       128, 44,        26, 45,       125, 56, 7.5369635, 64, 34.744263, 67, 710.83447, 72, 477.42010, 77, 39.531250, 83,         0,110,         1,116,         4
50C,2016/04/14 23:30:00, 50, 6.4409218, 49,       128, 44,        26, 45,       125, 56, 7.5369635, 64, 34.756470, 67, 710.83447, 72, 477.45221, 77, 39.593750, 83,         0,110,         1,116,         4
5DC,2016/04/14 23:31:00, 50, 5.9946890, 49,       128, 44,        26, 45,       125, 56, 7.5369635, 64, 34.756470, 67, 710.83447, 72, 477.45740, 77, 39.625000, 83,         0,110,         1,116,         4
50C,2016/04/14 23:32:00, 50, 5.3650618, 49,       128, 44,        26, 45,       125, 56, 7.5369635, 64, 34.756470, 67, 710.83447, 72, 477.46582, 77, 39.687500, 83,         0,110,         1,116,         4
5CC,2016/04/14 23:33:00, 50, 5.5027599, 49,       128, 44,        26, 45,       125, 56, 7.5369635, 64, 34.753418, 67, 710.83447, 72, 477.46289, 77, 39.718750, 83,         0,110,         1,116,         4
5CC,2016/04/14 23:34:00, 50, 5.9328384, 49,       128, 44,        26, 45,       125, 56, 7.5369635, 64, 34.735107, 67, 710.83447, 72, 477.50153, 77, 39.781250, 83,         0,110,         1,116,         4
5AC,2016/04/14 23:35:00, 50, 5.1942148, 49,       128, 44,        26, 45,       125, 56, 7.5369635, 64, 34.744263, 67, 710.83447, 72, 477.49646, 77, 39.812500, 83,         0,110,         1,116,         4
53C,2016/04/14 23:36:00, 50, 3.9661069, 49,       128, 44,        26, 45,       125, 56, 7.5369635, 64, 34.750366, 67, 710.83447, 72, 477.48383, 77, 39.875000, 83,         0,110,         1,116,         4
59C,2016/04/14 23:37:00, 50, 3.4686141, 49,       128, 44,        26, 45,       125, 56, 7.5369635, 64, 34.738159, 67, 710.83447, 72, 477.48907, 77, 39.937500, 83,         0,110,         1,116,         4
53C,2016/04/14 23:38:00, 50, 3.6686049, 49,       128, 44,        26, 45,       125, 56, 7.5369635, 64, 34.774780, 67, 710.83447, 72, 477.52362, 77, 40.000000, 83,         0,110,         1,116,         4
51C,2016/04/14 23:39:00, 50, 3.0128160, 49,       128, 44,        26, 45,       125, 56, 7.5369635, 64, 34.823608, 67, 710.83447, 72, 477.53113, 77, 40.031250, 83,         0,110,         1,116,         4
5AC,2016/04/14 23:40:00, 50, 2.4119468, 49,       128, 44,        26, 45,       125, 56, 7.5369635, 64, 34.878540, 67, 710.83447, 72, 477.52954, 77, 40.062500, 83,         0,110,         1,116,         4
50C,2016/04/14 23:41:00, 50, 2.1783023, 49,       128, 44,        26, 45,       125, 56, 7.5369635, 64, 34.924316, 67, 710.83447, 72, 477.52936, 77, 40.093750, 83,         0,110,         1,116,         4
5AC,2016/04/14 23:42:00, 50, 1.8206599, 49,       128, 44,        26, 45,       125, 56, 7.5369635, 64, 34.963989, 67, 710.83447, 72, 477.54034, 77, 40.156250, 83,         0,110,         1,116,         4
59C,2016/04/14 23:43:00, 50, 1.9536052, 49,       128, 44,        26, 45,       125, 56, 7.5369635, 64, 34.967041, 67, 710.83447, 72, 477.51312, 77, 40.187500, 83,         0,110,         1,116,         4
5EC,2016/04/14 23:44:00, 50, 1.7365718, 49,       128, 44,        26, 45,       125, 56, 7.5369635, 64, 34.902954, 67, 710.83447, 72, 477.54358, 77, 40.218750, 83,         0,110,         1,116,         4
5BC,2016/04/14 23:45:00, 50, 1.4987671, 49,       128, 44,        26, 45,       125, 56, 7.5369635, 64, 34.802246, 67, 710.83447, 72, 477.53375, 77, 40.250000, 83,         0,110,         1,116,         4
5DC,2016/04/14 23:46:00, 50, 1.2934077, 49,       128, 44,        26, 45,       125, 56, 7.5369635, 64, 34.738159, 67, 710.83447, 72, 477.54242, 77, 40.312500, 83,         0,110,         1,116,         4
54C,2016/04/14 23:47:00, 50, 1.2093978, 49,       128, 44,        26, 45,       125, 56, 7.5369635, 64, 34.759521, 67, 710.83447, 72, 477.55176, 77, 40.343750, 83,         0,110,         1,116,         4
55C,2016/04/14 23:48:00, 50, 1.1521807, 49,       128, 44,        26, 45,       125, 56, 7.5369635, 64, 34.844971, 67, 710.83447, 72, 477.55151, 77, 40.375000, 83,         0,110,         1,116,         4
51C,2016/04/14 23:49:00, 50, 1.1605606, 49,       128, 44,        26, 45,       125, 56, 7.5369635, 64, 34.945679, 67, 710.83447, 72, 477.55988, 77, 40.406250, 83,         0,110,         1,116,         4
5AC,2016/04/14 23:50:00, 50, 1.9662058, 49,       128, 44,        26, 45,       125, 56, 7.5369635, 64, 34.960937, 67, 710.83447, 72, 477.55518, 77, 40.437500, 83,         0,110,         1,116,         4
53C,2016/04/14 23:51:00, 50, 1.9662058, 49,       128, 44,        26, 45,       125, 56, 7.5369635, 64, 34.848022, 67, 710.83447, 72, 477.55518, 77, 40.468750, 83,         4,110,         6,116,         4
5CC,2016/04/14 23:52:00, 50, 1.9662058, 49,       128, 44,        26, 45,       125, 56, 7.5369635, 64, 34.744263, 67, 710.83447, 72, 477.55518, 77, 40.531250, 83,         4,110,         6,116,         4
5CC,2016/04/14 23:53:00, 50, 1.9662058, 49,       128, 44,        26, 45,       125, 56, 7.5369635, 64, 34.765625, 67, 710.83447, 72, 477.55518, 77, 40.562500, 83,         4,110,         6,116,         4
5FC,2016/04/14 23:54:00, 50, 1.9662058, 49,       128, 44,        26, 45,       125, 56, 7.5369635, 64, 34.906006, 67, 710.83447, 72, 477.55518, 77, 40.593750, 83,         4,110,         7,116,         4
5AC,2016/04/14 23:55:00, 50, 1.9662058, 49,       128, 44,        26, 45,       125, 56, 7.5369635, 64, 34.960937, 67, 710.83447, 72, 477.55518, 77, 40.656250, 83,         4,110,         7,116,         4
5BC,2016/04/14 23:56:00, 50, 1.9662058, 49,       128, 44,        26, 45,       125, 56, 7.5369635, 64, 34.805298, 67, 710.83447, 72, 477.55518, 77, 40.687500, 83,         4,110,         7,116,         4
55C,2016/04/14 23:57:00, 50, 1.9662058, 49,       128, 44,        26, 45,       125, 56, 7.5369635, 64, 34.738159, 67, 710.83447, 72, 477.55518, 77, 40.718750, 83,         4,110,         7,116,         4
5BC,2016/04/14 23:58:00, 50, 1.9662058, 49,       128, 44,        26, 45,       125, 56, 7.5369635, 64, 34.890747, 67, 710.83447, 72, 477.55518, 77, 40.781250, 83,         4,110,         7,116,         4
56C,2016/04/14 23:59:00, 50, 1.9662058, 49,       128, 44,        26, 45,       125, 56, 7.5369635, 64, 34.957886, 67, 710.83447, 72, 477.55518, 77, 40.812500, 83,         0,110,         0,116,         4
