4CC,2014/11/21 08:12:00, 50, 0.0000000, 13,        33, 49,        32, 56, 1.0037853, 72, 464.99719, 73, 509.04657, 77, 18.437500, 79, 1.2444999, 83,     43777,110,        29,116,         4,164,         1
4BC,2014/11/21 08:13:00, 50, 0.0000000, 13,       254, 49,         1, 56, 1.0037853, 72, 410.90546, 73, 510.12854, 77, 19.062500, 79, 1.2444999, 83,     43777,110,        29,116,         4,164,         1
43C,2014/11/21 08:14:00, 50, 0.0000000, 13,       138, 49,         4, 56, 1.0037853, 72, 408.54993, 73, 509.36823, 77, 19.562500, 79, 1.2396387, 83,     43777,110,        29,116,         4,164,         1
5EC,2014/11/21 08:15:00, 50, 0.0000000, 13,        41, 49,         1, 56, 1.0037853, 72, 408.63654, 73, 510.94733, 77, 20.031250, 79, 1.2347773, 83,     43777,110,        29,116,         4,164,         1
5EC,2014/11/21 08:16:00, 50, 0.0000000, 13,        37, 49,         1, 56, 1.0037853, 72, 408.87982, 73, 509.86536, 77, 20.500000, 79, 1.2347773, 83,     43777,110,        29,116,         4,164,         1
5FC,2014/11/21 08:17:00, 50, 0.0000000, 13,        37, 49,       128, 56, 1.0037853, 72, 408.99677, 73, 510.04083, 77, 20.968750, 79, 1.2493613, 83,     43777,110,        29,116,         4,164,         1
56C,2014/11/21 08:18:00, 50, 0.0000000, 13,        42, 49,         1, 56, 1.0037853, 72, 409.15320, 73, 510.15778, 77, 21.375000, 79, 1.2396387, 83,     43777,110,        29,116,         4,164,         1
5FC,2014/11/21 08:19:00, 50, 0.0000000, 13,        45, 49,         1, 56, 1.0037853, 72, 409.47925, 73, 510.74261, 77, 21.781250, 79, 1.2299160, 83,     43777,110,        29,116,         4,164,         1
5DC,2014/11/21 08:20:00, 50, 0.0000000, 13,        50, 49,         1, 56, 1.0037853, 72, 409.73999, 73, 511.76611, 77, 22.125000, 79, 1.2299160, 83,     43777,110,        29,116,         4,164,         1
52C,2014/11/21 08:21:00, 50, 0.0000000, 13,        56, 49,         1, 56, 1.0037853, 72, 409.95703, 73, 511.91229, 77, 22.468750, 79, 1.2396387, 83,     43777,110,        29,116,         4,164,         1
5EC,2014/11/21 08:22:00, 50, 0.0000000, 13,        59, 49,         1, 56, 1.0037853, 72, 410.08484, 73, 512.11700, 77, 22.812500, 79, 1.2347773, 83,     43777,110,        29,116,         4,164,         1
54C,2014/11/21 08:23:00, 50, 0.0000000, 13,        62, 49,         1, 56, 1.0037853, 72, 410.22284, 73, 512.23395, 77, 23.093750, 79, 1.2250546, 83,     43777,110,        29,116,         4,164,         1
5CC,2014/11/21 08:24:00, 50, 0.0000000, 13,        68, 49,         1, 56, 1.0037853, 72, 410.31311, 73, 512.35095, 77, 23.406250, 79, 1.2347773, 83,     43777,110,        29,116,         4,164,         1
5BC,2014/11/21 08:25:00, 50, 0.0000000, 13,        70, 49,         1, 56, 1.0037853, 72, 410.43451, 73, 512.46790, 77, 23.687500, 79, 1.2299160, 83,     43777,110,        29,116,         4,164,         1
5CC,2014/11/21 08:26:00, 50, 0.0000000, 13,        71, 49,         1, 56, 1.0037853, 72, 410.54529, 73, 512.58484, 77, 23.906250, 79, 1.2299160, 83,     43777,110,        29,116,         4,164,         1
53C,2014/11/21 08:27:00, 50, 0.0000000, 13,        73, 49,         1, 56, 1.0037853, 72, 410.66888, 73, 512.70184, 77, 24.187500, 79, 1.2299160, 83,     43777,110,        29,116,         4,164,         1
5AC,2014/11/21 08:28:00, 50, 0.0000000, 13,        74, 49,         1, 56, 1.0037853, 72, 410.88452, 73, 512.78955, 77, 24.468750, 79, 1.2250546, 83,     43777,110,        29,116,         4,164,         1
5AC,2014/11/21 08:29:00, 50, 0.0000000, 13,        76, 49,         1, 56, 1.0037853, 72, 411.23492, 73, 512.84802, 77, 24.750000, 79, 1.2299160, 83,     43777,110,        29,116,         4,164,         1
52C,2014/11/21 08:30:00, 50, 0.0000000, 13,        78, 49,         1, 56, 1.0037853, 72, 411.65869, 73, 512.96503, 77, 25.000000, 79, 1.2201934, 83,     43777,110,        29,116,         4,164,         1
5AC,2014/11/21 08:31:00, 50, 0.0000000, 13,        83, 49,         1, 56, 1.0037853, 72, 412.10217, 73, 513.02350, 77, 25.250000, 79, 1.2250546, 83,     41729,110,        29,116,         4,164,         1
55C,2014/11/21 08:32:00, 50, 0.0000000, 13,        86, 49,         1, 56, 1.0037853, 72, 412.51062, 73, 513.11121, 77, 25.531250, 79, 1.2201934, 83,     41729,110,        29,116,         4,164,         1
5EC,2014/11/21 08:33:00, 50, 0.0000000, 13,        90, 49,         1, 56, 1.0037853, 72, 412.80383, 73, 513.22821, 77, 25.781250, 79, 1.2250546, 83,     41729,110,        29,116,         4,164,         1
4CC,2014/11/21 08:34:00, 50, 0.0000000, 13,        94, 49,         1, 56, 1.0037853, 72, 413.04852, 73, 513.28668, 77, 26.000000, 79, 1.2201934, 83,     33540,110,         6,116,         4,164,         1
4FC,2014/11/21 08:35:00, 50, 0.0000000, 13,        98, 49,         1, 56, 1.0037853, 72, 413.04852, 73, 513.31592, 77, 26.250000, 79, 1.2299160, 83,     33284,110,         6,116,         4,164,         1
54C,2014/11/21 08:36:00, 50, 0.0000000, 13,       100, 49,         1, 56, 1.0037853, 72, 413.04852, 73, 513.43286, 77, 26.468750, 79, 1.2299160, 83,     33284,110,         6,116,         4,164,         1
5DC,2014/11/21 08:37:00, 50, 0.0000000, 13,       103, 49,         1, 56, 1.0037853, 72, 413.04852, 73, 513.46210, 77, 26.718750, 79, 1.2250546, 83,     33284,110,         6,116,         4,164,         1
58C,2014/11/21 08:38:00, 50, 0.0000000, 13,       106, 49,         1, 56, 1.0037853, 72, 413.04852, 73, 513.54987, 77, 26.968750, 79, 1.2250546, 83,     33284,110,         6,116,         4,164,         1
54C,2014/11/21 08:39:00, 50, 0.0000000, 13,       108, 49,         1, 56, 1.0037853, 72, 413.04852, 73, 513.57910, 77, 27.187500, 79, 1.2250546, 83,     33284,110,         7,116,         4,164,         1
5BC,2014/11/21 08:40:00, 50, 0.0000000, 13,       110, 49,         1, 56, 1.0037853, 72, 413.04852, 73, 513.66681, 77, 27.406250, 79, 1.2250546, 83,     33280,110,         0,116,         4,164,         1
58C,2014/11/21 08:41:00, 50, 0.0000000, 13,       114, 49,         1, 56, 1.0037853, 72, 413.04852, 73, 513.69604, 77, 27.625000, 79, 1.2250546, 83,     33280,110,         0,116,         4,164,         1
59C,2014/11/21 08:42:00, 50, 0.0000000, 13,       116, 49,         1, 56, 1.0037853, 72, 413.04852, 73, 513.78381, 77, 27.781250, 79, 1.2250546, 83,     33280,110,         0,116,         4,164,         1
5BC,2014/11/21 08:43:00, 50, 144.23877, 13,       118, 49,         1, 56, 1.0037853, 72, 413.89008, 73, 513.84229, 77, 28.000000, 79, 1.2250546, 83,     33280,110,         1,116,         4,164,         1
42C,2014/11/21 08:44:00, 50, 144.78110, 13,       120, 49,         4, 56, 1.0037853, 72, 417.46173, 73, 512.61407, 77, 28.156250, 79, 1.2250546, 83,     32768,110,        28,116,         4,164,         1
5BC,2014/11/21 08:45:00, 50, 144.78110, 13,       123, 49,       128, 56, 1.0037853, 72, 417.46173, 73, 512.70184, 77, 28.312500, 79, 1.2201934, 83,     32772,110,         6,116,         4,164,         1
48C,2014/11/21 08:46:00, 50, 144.78110, 13,       124, 49,        32, 56, 1.0037853, 72, 417.46173, 73, 512.70184, 77, 28.468750, 79, 1.2201934, 83,     32772,110,         6,116,         4,164,         1
45C,2014/11/21 08:47:00, 50, 144.78110, 13,       124, 49,        16, 56, 1.0037853, 72, 417.46173, 73, 512.70184, 77, 28.656250, 79, 1.2201934, 83,     32772,110,         6,116,         4,164,         1
4AC,2014/11/21 08:48:00, 50, 144.78110, 13,       126, 49,        32, 56, 1.0037853, 72, 417.46173, 73, 512.76031, 77, 28.812500, 79, 1.2201934, 83,     32772,110,         7,116,         4,164,         1
4DC,2014/11/21 08:49:00, 50, 144.78110, 13,       129, 49,        64, 56, 1.0037853, 72, 417.46173, 73, 512.73108, 77, 28.937500, 79, 1.2347773, 83,     32768,110,         0,116,         4,164,         1
4DC,2014/11/21 08:50:00, 50, 144.78110, 13,       131, 49,        64, 56, 1.0037853, 72, 417.46173, 73, 512.76031, 77, 29.093750, 79, 1.2201934, 83,     32768,110,         0,116,         4,164,         1
47C,2014/11/21 08:51:00, 50, 144.78110, 13,       133, 49,        64, 56, 1.0037853, 72, 417.46173, 73, 512.78955, 77, 29.218750, 79, 1.2250546, 83,     32768,110,         0,116,         4,164,         1
4EC,2014/11/21 08:52:00, 50,-1851.5000, 13,       135, 49,        64, 56, 1.0037853, 72, 490.07037, 73, 512.81879, 77, 29.343750, 79, 1.2347773, 83,         0,110,         1,116,         4,164,         1
43C,2014/11/21 08:53:00, 50,-1996.3381, 13,       137, 49,        64, 56, 1.0037853, 72, 505.12604, 73, 512.84802, 77, 29.468750, 79, 1.2347773, 83,         0,110,         1,116,         4,164,         1
4EC,2014/11/21 08:54:00, 50,-2129.3403, 13,       140, 49,        64, 56, 1.0037853, 72, 505.24072, 73, 512.84802, 77, 29.562500, 79, 1.2299160, 83,         0,110,         1,116,         4,164,         1
43C,2014/11/21 08:55:00, 50,-1896.6829, 13,       141, 49,        64, 56, 1.0037853, 72, 505.21808, 73, 512.90656, 77, 29.687500, 79, 1.2299160, 83,         0,110,         1,116,         4,164,         1
43C,2014/11/21 08:56:00, 50,-2079.8413, 13,       144, 49,        64, 56, 1.0037853, 72, 505.16644, 73, 512.90656, 77, 29.718750, 79, 1.2250546, 83,         0,110,         1,116,         4,164,         1
46C,2014/11/21 08:57:00, 50,-2074.3101, 13,       146, 49,        64, 56, 1.0037853, 72, 505.20490, 73, 512.93579, 77, 29.781250, 79, 1.2250546, 83,         0,110,         1,116,         4,164,         1
43C,2014/11/21 08:58:00, 50,-2023.2163, 13,       147, 49,        64, 56, 1.0037853, 72, 505.18121, 73, 512.96503, 77, 29.875000, 79, 1.2347773, 83,         0,110,         1,116,         4,164,         1
48C,2014/11/21 08:59:00, 50,-1951.2781, 13,       148, 49,        64, 56, 1.0037853, 72, 505.19641, 73, 513.02350, 77, 29.968750, 79, 1.2250546, 83,         0,110,         1,116,         4,164,         1
49C,2014/11/21 09:00:00, 50,-1898.0867, 13,       149, 49,        64, 56, 1.0037853, 72, 505.17963, 73, 513.02350, 77, 30.000000, 79, 1.2250546, 83,         0,110,         1,116,         4,164,         1
41C,2014/11/21 09:01:00, 50,-1628.1199, 13,       150, 49,        64, 56, 1.0037853, 72, 505.17102, 73, 513.05273, 77, 30.031250, 79, 1.2250546, 83,         0,110,         1,116,         4,164,         1
49C,2014/11/21 09:02:00, 50,-1282.7295, 13,       150, 49,        64, 56, 1.0037853, 72, 505.19629, 73, 513.08197, 77, 30.062500, 79, 1.2153320, 83,         0,110,         1,116,         4,164,         1
42C,2014/11/21 09:03:00, 50,-1091.6128, 13,       151, 49,        64, 56, 1.0037853, 72, 505.19006, 73, 513.11121, 77, 30.125000, 79, 1.2250546, 83,         0,110,         1,116,         4,164,         1
47C,2014/11/21 09:04:00, 50,-844.35828, 13,       151, 49,        64, 56, 1.0037853, 72, 505.16754, 73, 513.14044, 77, 30.218750, 79, 1.2201934, 83,         0,110,         1,116,         4,164,         1
42C,2014/11/21 09:05:00, 50,-539.81104, 13,       151, 49,        64, 56, 1.0037853, 72, 505.18658, 73, 513.16968, 77, 30.218750, 79, 1.2250546, 83,         0,110,         1,116,         4,164,         1
42C,2014/11/21 09:06:00, 50,-327.60095, 13,       151, 49,        64, 56, 1.0037853, 72, 505.19611, 73, 513.16968, 77, 30.281250, 79, 1.2299160, 83,         0,110,         1,116,         4,164,         1
4BC,2014/11/21 09:07:00, 50,-94.012390, 13,       151, 49,        64, 56, 1.0037853, 72, 505.19849, 73, 513.22821, 77, 30.281250, 79, 1.2201934, 83,         0,110,         1,116,         4,164,         1
43C,2014/11/21 09:08:00, 50, 131.06549, 13,       151, 49,        64, 56, 1.0037853, 72, 505.19672, 73, 513.22821, 77, 30.375000, 79, 1.2299160, 83,         0,110,         1,116,         4,164,         1
4CC,2014/11/21 09:09:00, 50, 303.69397, 13,       151, 49,        64, 56, 1.0037853, 72, 505.22961, 73, 513.19897, 77, 30.437500, 79, 1.2250546, 83,         0,110,         1,116,         4,164,         1
45C,2014/11/21 09:10:00, 50, 444.62549, 13,       151, 49,        64, 56, 1.0037853, 72, 505.22729, 73, 513.25745, 77, 30.437500, 79, 1.2153320, 83,         0,110,         1,116,         4,164,         1
45C,2014/11/21 09:11:00, 50, 590.60254, 13,       151, 49,        32, 56, 1.0037853, 72, 505.13507, 73, 513.14044, 77, 30.468750, 79, 1.2250546, 83,         0,110,         1,116,         4,164,         1
49C,2014/11/21 09:12:00, 50, 655.10144, 13,       151, 49,        32, 56, 1.0037853, 72, 505.15179, 73, 513.19897, 77, 30.500000, 79, 1.2201934, 83,         0,110,         1,116,         4,164,         1
4BC,2014/11/21 09:13:00, 50, 748.15417, 13,       151, 49,        32, 56, 1.0037853, 72, 505.14209, 73, 513.19897, 77, 30.500000, 79, 1.2250546, 83,         0,110,         1,116,         4,164,         1
4DC,2014/11/21 09:14:00, 50, 843.35986, 13,       151, 49,        32, 56, 1.0037853, 72, 505.15308, 73, 513.16968, 77, 30.500000, 79, 1.2201934, 83,         0,110,         1,116,         4,164,         1
46C,2014/11/21 09:15:00, 50, 934.63953, 13,       151, 49,        32, 56, 1.0037853, 72, 505.13806, 73, 513.19897, 77, 30.500000, 79, 1.2250546, 83,         0,110,         1,116,         4,164,         1
47C,2014/11/21 09:16:00, 50, 960.70752, 13,       151, 49,        32, 56, 1.0037853, 72, 505.13837, 73, 513.19897, 77, 30.562500, 79, 1.2201934, 83,         0,110,         1,116,         4,164,         1
4DC,2014/11/21 09:17:00, 50, 972.80054, 13,       151, 49,        32, 56, 1.0037853, 72, 505.13586, 73, 513.22821, 77, 30.531250, 79, 1.2201934, 83,         0,110,         1,116,         4,164,         1
41C,2014/11/21 09:18:00, 50, 983.63000, 13,       151, 49,        32, 56, 1.0037853, 72, 505.13135, 73, 513.22821, 77, 30.593750, 79, 1.2201934, 83,         0,110,         1,116,         4,164,         1
48C,2014/11/21 09:19:00, 50, 993.23767, 13,       151, 49,        32, 56, 1.0037853, 72, 505.18451, 73, 513.22821, 77, 30.625000, 79, 1.2153320, 83,         0,110,         1,116,         4,164,         1
4FC,2014/11/21 09:20:00, 50, 990.91150, 13,       151, 49,        32, 56, 1.0037853, 72, 505.16077, 73, 513.22821, 77, 30.687500, 79, 1.2250546, 83,         0,110,         1,116,         4,164,         1
45C,2014/11/21 09:21:00, 50, 1000.7477, 13,       151, 49,        32, 56, 1.0037853, 72, 505.12402, 73, 513.25745, 77, 30.687500, 79, 1.2201934, 83,         0,110,         1,116,         4,164,         1
48C,2014/11/21 09:22:00, 50, 1002.6681, 13,       151, 49,        32, 56, 1.0037853, 72, 505.14948, 73, 513.28668, 77, 30.718750, 79, 1.2201934, 83,         0,110,         1,116,         4,164,         1
48C,2014/11/21 09:23:00, 50, 1001.6907, 13,       151, 49,        32, 56, 1.0037853, 72, 505.09399, 73, 513.34515, 77, 30.718750, 79, 1.2250546, 83,         0,110,         1,116,         4,164,         1
42C,2014/11/21 09:24:00, 50, 997.91150, 13,       151, 49,        32, 56, 1.0037853, 72, 505.09192, 73, 513.28668, 77, 30.750000, 79, 1.2201934, 83,         0,110,         1,116,         4,164,         1
4FC,2014/11/21 09:25:00, 50, 995.69312, 13,       151, 49,        32, 56, 1.0037853, 72, 505.09570, 73, 513.31592, 77, 30.750000, 79, 1.2153320, 83,         0,110,         1,116,         4,164,         1
45C,2014/11/21 09:26:00, 50, 987.05286, 13,       151, 49,        32, 56, 1.0037853, 72, 505.11041, 73, 513.28668, 77, 30.812500, 79, 1.2153320, 83,         0,110,         1,116,         4,164,         1
41C,2014/11/21 09:27:00, 50, 987.94849, 13,       151, 49,        32, 56, 1.0037853, 72, 505.10840, 73, 513.31592, 77, 30.875000, 79, 1.2250546, 83,         0,110,         1,116,         4,164,         1
48C,2014/11/21 09:28:00, 50, 990.94812, 13,       151, 49,        32, 56, 1.0037853, 72, 505.11682, 73, 513.31592, 77, 30.906250, 79, 1.2201934, 83,         0,110,         1,116,         4,164,         1
42C,2014/11/21 09:29:00, 50, 990.07007, 13,       151, 49,        32, 56, 1.0037853, 72, 505.08459, 73, 513.34515, 77, 30.937500, 79, 1.2153320, 83,         0,110,         1,116,         4,164,         1
48C,2014/11/21 09:30:00, 50, 990.89233, 13,       151, 49,        32, 56, 1.0037853, 72, 505.08856, 73, 513.34515, 77, 31.000000, 79, 1.2201934, 83,         0,110,         1,116,         4,164,         1
49C,2014/11/21 09:31:00, 50, 990.43665, 13,       151, 49,        32, 56, 1.0037853, 72, 505.06555, 73, 513.37439, 77, 31.000000, 79, 1.2250546, 83,         0,110,         1,116,         4,164,         1
45C,2014/11/21 09:32:00, 50, 995.52087, 13,       151, 49,        32, 56, 1.0037853, 72, 505.08038, 73, 513.34515, 77, 31.062500, 79, 1.2201934, 83,         0,110,         1,116,         4,164,         1
47C,2014/11/21 09:33:00, 50, 1002.2866, 13,       151, 49,        32, 56, 1.0037853, 72, 505.07574, 73, 513.37439, 77, 31.093750, 79, 1.2201934, 83,         0,110,         1,116,         4,164,         1
44C,2014/11/21 09:34:00, 50, 1000.8947, 13,       151, 49,        32, 56, 1.0037853, 72, 505.08362, 73, 513.37439, 77, 31.093750, 79, 1.2201934, 83,         0,110,         1,116,         4,164,         1
40C,2014/11/21 09:35:00, 50, 997.49243, 13,       151, 49,        32, 56, 1.0037853, 72, 505.06323, 73, 513.43286, 77, 31.125000, 79, 1.2250546, 83,         0,110,         1,116,         4,164,         1
44C,2014/11/21 09:36:00, 50, 996.24805, 13,       151, 49,        32, 56, 1.0037853, 72, 505.08252, 73, 513.40363, 77, 31.156250, 79, 1.2153320, 83,         0,110,         1,116,         4,164,         1
41C,2014/11/21 09:37:00, 50, 993.48889, 13,       151, 49,        32, 56, 1.0037853, 72, 505.04510, 73, 513.43286, 77, 31.156250, 79, 1.2201934, 83,         0,110,         1,116,         4,164,         1
47C,2014/11/21 09:38:00, 50, 998.28308, 13,       151, 49,        32, 56, 1.0037853, 72, 505.03119, 73, 513.40363, 77, 31.187500, 79, 1.2153320, 83,         0,110,         1,116,         4,164,         1
48C,2014/11/21 09:39:00, 50, 1002.0399, 13,       151, 49,        32, 56, 1.0037853, 72, 505.05035, 73, 513.43286, 77, 31.250000, 79, 1.2201934, 83,         0,110,         1,116,         4,164,         1
4EC,2014/11/21 09:40:00, 50, 1002.8555, 13,       151, 49,        32, 56, 1.0037853, 72, 505.04932, 73, 513.40363, 77, 31.250000, 79, 1.2201934, 83,         0,110,         1,116,         4,164,         1
4DC,2014/11/21 09:41:00, 50, 1006.2142, 13,       151, 49,        32, 56, 1.0037853, 72, 505.03442, 73, 513.37439, 77, 31.250000, 79, 1.2153320, 83,         0,110,         1,116,         4,164,         1
46C,2014/11/21 09:42:00, 50, 1010.2483, 13,       151, 49,        32, 56, 1.0037853, 72, 505.02802, 73, 513.40363, 77, 31.250000, 79, 1.2250546, 83,         0,110,         1,116,         4,164,         1
45C,2014/11/21 09:43:00, 50, 1013.3480, 13,       151, 49,        32, 56, 1.0037853, 72, 505.05005, 73, 513.40363, 77, 31.281250, 79, 1.2250546, 83,         0,110,         1,116,         4,164,         1
4CC,2014/11/21 09:44:00, 50, 1014.6166, 13,       151, 49,        32, 56, 1.0037853, 72, 505.00775, 73, 513.40363, 77, 31.312500, 79, 1.2201934, 83,         0,110,         1,116,         4,164,         1
45C,2014/11/21 09:45:00, 50, 1014.7095, 13,       151, 49,        32, 56, 1.0037853, 72, 505.03485, 73, 513.40363, 77, 31.312500, 79, 1.2153320, 83,         0,110,         1,116,         4,164,         1
45C,2014/11/21 09:46:00, 50, 1019.3582, 13,       151, 49,        32, 56, 1.0037853, 72, 504.98376, 73, 513.43286, 77, 31.343750, 79, 1.2201934, 83,         0,110,         1,116,         4,164,         1
4EC,2014/11/21 09:47:00, 50, 1033.6575, 13,       151, 49,        32, 56, 1.0037853, 72, 504.99640, 73, 513.40363, 77, 31.375000, 79, 1.2201934, 83,         0,110,         1,116,         4,164,         1
4DC,2014/11/21 09:48:00, 50, 1050.2939, 13,       151, 49,        32, 56, 1.0037853, 72, 504.98358, 73, 513.40363, 77, 31.406250, 79, 1.2201934, 83,         0,110,         1,116,         4,164,         1
4AC,2014/11/21 09:49:00, 50, 1063.0122, 13,       151, 49,        32, 56, 1.0037853, 72, 504.98468, 73, 513.43286, 77, 31.437500, 79, 1.2153320, 83,         0,110,         1,116,         4,164,         1
4FC,2014/11/21 09:50:00, 50, 1086.1223, 13,       151, 49,        32, 56, 1.0037853, 72, 504.99091, 73, 513.43286, 77, 31.437500, 79, 1.2250546, 83,         0,110,         1,116,         4,164,         1
44C,2014/11/21 09:51:00, 50, 1088.6431, 13,       151, 49,        32, 56, 1.0037853, 72, 504.98260, 73, 513.43286, 77, 31.468750, 79, 1.2153320, 83,         0,110,         1,116,         4,164,         1
4DC,2014/11/21 09:52:00, 50, 1113.3870, 13,       151, 49,        32, 56, 1.0037853, 72, 504.96051, 73, 513.43286, 77, 31.437500, 79, 1.2250546, 83,         0,110,         1,116,         4,164,         1
4EC,2014/11/21 09:53:00, 50, 1136.2532, 13,       151, 49,        32, 56, 1.0037853, 72, 504.96771, 73, 513.46210, 77, 31.468750, 79, 1.2201934, 83,         0,110,         1,116,         4,164,         1
44C,2014/11/21 09:54:00, 50, 1147.2327, 13,       151, 49,        32, 56, 1.0037853, 72, 504.95557, 73, 513.43286, 77, 31.500000, 79, 1.2153320, 83,         0,110,         1,116,         4,164,         1
43C,2014/11/21 09:55:00, 50, 1151.2556, 13,       151, 49,        32, 56, 1.0037853, 72, 504.93115, 73, 513.43286, 77, 31.531250, 79, 1.2153320, 83,         0,110,         1,116,         4,164,         1
4DC,2014/11/21 09:56:00, 50, 1160.0144, 13,       151, 49,        32, 56, 1.0037853, 72, 504.90686, 73, 513.43286, 77, 31.562500, 79, 1.2153320, 83,         0,110,         1,116,         4,164,         1
43C,2014/11/21 09:57:00, 50, 1164.7205, 13,       151, 49,        32, 56, 1.0037853, 72, 504.91486, 73, 513.40363, 77, 31.562500, 79, 1.2153320, 83,         0,110,         1,116,         4,164,         1
42C,2014/11/21 09:58:00, 50, 1170.6233, 13,       151, 49,        32, 56, 1.0037853, 72, 504.91388, 73, 513.37439, 77, 31.625000, 79, 1.2201934, 83,         0,110,         1,116,         4,164,         1
4DC,2014/11/21 09:59:00, 50, 1171.4553, 13,       151, 49,        32, 56, 1.0037853, 72, 504.88672, 73, 513.40363, 77, 31.593750, 79, 1.2201934, 83,         0,110,         1,116,         4,164,         1
41C,2014/11/21 10:00:00, 50, 1170.6111, 13,       151, 49,        32, 56, 1.0037853, 72, 504.85791, 73, 513.37439, 77, 31.593750, 79, 1.2201934, 83,         0,110,         1,116,         4,164,         1
46C,2014/11/21 10:01:00, 50, 1179.7412, 13,       151, 49,        32, 56, 1.0037853, 72, 504.86780, 73, 513.37439, 77, 31.593750, 79, 1.2153320, 83,         0,110,         1,116,         4,164,         1
43C,2014/11/21 10:02:00, 50, 1180.6548, 13,       151, 49,        32, 56, 1.0037853, 72, 504.89081, 73, 513.37439, 77, 31.593750, 79, 1.2250546, 83,         0,110,         1,116,         4,164,         1
43C,2014/11/21 10:03:00, 50, 1184.7495, 13,       151, 49,        32, 56, 1.0037853, 72, 504.87109, 73, 513.37439, 77, 31.625000, 79, 1.2153320, 83,         0,110,         1,116,         4,164,         1
42C,2014/11/21 10:04:00, 50, 1186.8154, 13,       151, 49,        32, 56, 1.0037853, 72, 504.80579, 73, 513.34515, 77, 31.625000, 79, 1.2201934, 83,         0,110,         1,116,         4,164,         1
4CC,2014/11/21 10:05:00, 50, 1182.6375, 13,       151, 49,        32, 56, 1.0037853, 72, 504.85358, 73, 513.37439, 77, 31.656250, 79, 1.2153320, 83,         0,110,         1,116,         4,164,         1
41C,2014/11/21 10:06:00, 50, 1199.2161, 13,       151, 49,        32, 56, 1.0037853, 72, 504.84521, 73, 513.37439, 77, 31.687500, 79, 1.2153320, 83,         0,110,         1,116,         4,164,         1
4AC,2014/11/21 10:07:00, 50, 1191.3608, 13,       151, 49,        32, 56, 1.0037853, 72, 504.83771, 73, 513.37439, 77, 31.687500, 79, 1.2201934, 83,         0,110,         1,116,         4,164,         1
4BC,2014/11/21 10:08:00, 50, 1160.7756, 13,       151, 49,        32, 56, 1.0037853, 72, 504.81775, 73, 513.37439, 77, 31.718750, 79, 1.2104707, 83,         0,110,         1,116,         4,164,         1
43C,2014/11/21 10:09:00, 50, 1160.3296, 13,       151, 49,        32, 56, 1.0037853, 72, 504.80780, 73, 513.34515, 77, 31.687500, 79, 1.2153320, 83,         0,110,         1,116,         4,164,         1
4CC,2014/11/21 10:10:00, 50, 1192.0676, 13,       151, 49,        32, 56, 1.0037853, 72, 504.83612, 73, 513.31592, 77, 31.718750, 79, 1.2153320, 83,         0,110,         1,116,         4,164,         1
46C,2014/11/21 10:11:00, 50, 1187.9661, 13,       151, 49,        32, 56, 1.0037853, 72, 504.80847, 73, 513.31592, 77, 31.656250, 79, 1.2104707, 83,         0,110,         1,116,         4,164,         1
4EC,2014/11/21 10:12:00, 50, 1242.6030, 13,       151, 49,        32, 56, 1.0037853, 72, 504.78638, 73, 513.25745, 77, 31.625000, 79, 1.2153320, 83,         0,110,         1,116,         4,164,         1
48C,2014/11/21 10:13:00, 50, 1246.4907, 13,       151, 49,        32, 56, 1.0037853, 72, 504.78265, 73, 513.28668, 77, 31.625000, 79, 1.2104707, 83,         0,110,         1,116,         4,164,         1
4FC,2014/11/21 10:14:00, 50, 1228.4626, 13,       151, 49,        32, 56, 1.0037853, 72, 504.74786, 73, 513.28668, 77, 31.656250, 79, 1.2153320, 83,         0,110,         1,116,         4,164,         1
45C,2014/11/21 10:15:00, 50, 1212.7910, 13,       151, 49,        32, 56, 1.0037853, 72, 504.72729, 73, 513.25745, 77, 31.656250, 79, 1.2201934, 83,         0,110,         1,116,         4,164,         1
4AC,2014/11/21 10:16:00, 50, 1203.3162, 13,       151, 49,        32, 56, 1.0037853, 72, 504.75970, 73, 513.28668, 77, 31.625000, 79, 1.2201934, 83,         0,110,         1,116,         4,164,         1
41C,2014/11/21 10:17:00, 50, 1196.9897, 13,       151, 49,        32, 56, 1.0037853, 72, 504.78564, 73, 513.28668, 77, 31.656250, 79, 1.2153320, 83,         0,110,         1,116,         4,164,         1
43C,2014/11/21 10:18:00, 50, 1198.6240, 13,       151, 49,        32, 56, 1.0037853, 72, 504.80896, 73, 513.28668, 77, 31.656250, 79, 1.2201934, 83,         0,110,         1,116,         4,164,         1
4BC,2014/11/21 10:19:00, 50, 1197.1633, 13,       151, 49,        32, 56, 1.0037853, 72, 504.76483, 73, 513.31592, 77, 31.687500, 79, 1.2201934, 83,         0,110,         1,116,         4,164,         1
4CC,2014/11/21 10:20:00, 50, 1194.5244, 13,       151, 49,        32, 56, 1.0037853, 72, 504.82562, 73, 513.31592, 77, 31.718750, 79, 1.2153320, 83,         0,110,         1,116,         4,164,         1
4AC,2014/11/21 10:21:00, 50, 1203.9180, 13,       151, 49,        32, 56, 1.0037853, 72, 504.78992, 73, 513.31592, 77, 31.687500, 79, 1.2201934, 83,         0,110,         1,116,         4,164,         1
49C,2014/11/21 10:22:00, 50, 1205.9243, 13,       151, 49,        32, 56, 1.0037853, 72, 504.80554, 73, 513.31592, 77, 31.718750, 79, 1.2153320, 83,         0,110,         1,116,         4,164,         1
42C,2014/11/21 10:23:00, 50, 1195.9683, 13,       151, 49,        32, 56, 1.0037853, 72, 504.80084, 73, 513.31592, 77, 31.718750, 79, 1.2153320, 83,         0,110,         1,116,         4,164,         1
43C,2014/11/21 10:24:00, 50, 1203.5361, 13,       151, 49,        32, 56, 1.0037853, 72, 504.74017, 73, 513.31592, 77, 31.656250, 79, 1.2153320, 83,         0,110,         1,116,         4,164,         1
40C,2014/11/21 10:25:00, 50, 1203.6306, 13,       151, 49,        32, 56, 1.0037853, 72, 504.73163, 73, 513.31592, 77, 31.687500, 79, 1.2201934, 83,         0,110,         1,116,         4,164,         1
43C,2014/11/21 10:26:00, 50, 1200.8306, 13,       151, 49,        32, 56, 1.0037853, 72, 504.77820, 73, 513.34515, 77, 31.687500, 79, 1.2250546, 83,         0,110,         1,116,         4,164,         1
45C,2014/11/21 10:27:00, 50, 1189.3374, 13,       151, 49,        32, 56, 1.0037853, 72, 504.76654, 73, 513.31592, 77, 31.718750, 79, 1.2201934, 83,         0,110,         1,116,         4,164,         1
4AC,2014/11/21 10:28:00, 50, 1187.6946, 13,       151, 49,        32, 56, 1.0037853, 72, 504.77484, 73, 513.28668, 77, 31.687500, 79, 1.2201934, 83,         0,110,         1,116,         4,164,         1
43C,2014/11/21 10:29:00, 50, 1187.3066, 13,       151, 49,        32, 56, 1.0037853, 72, 504.74176, 73, 513.25745, 77, 31.656250, 79, 1.2201934, 83,         0,110,         1,116,         4,164,         1
42C,2014/11/21 10:30:00, 50, 1183.7053, 13,       151, 49,        32, 56, 1.0037853, 72, 504.70032, 73, 513.22821, 77, 31.656250, 79, 1.2201934, 83,         0,110,         1,116,         4,164,         1
40C,2014/11/21 10:31:00, 50, 1170.3396, 13,       151, 49,        32, 56, 1.0037853, 72, 504.74377, 73, 513.28668, 77, 31.687500, 79, 1.2201934, 83,         0,110,         1,116,         4,164,         1
49C,2014/11/21 10:32:00, 50, 1150.4644, 13,       151, 49,        32, 56, 1.0037853, 72, 504.70886, 73, 513.22821, 77, 31.687500, 79, 1.2250546, 83,         0,110,         1,116,         4,164,         1
4DC,2014/11/21 10:33:00, 50, 1153.8083, 13,       151, 49,        32, 56, 1.0037853, 72, 504.69977, 73, 513.22821, 77, 31.718750, 79, 1.2250546, 83,         0,110,         1,116,         4,164,         1
4BC,2014/11/21 10:34:00, 50, 1158.1907, 13,       151, 49,        32, 56, 1.0037853, 72, 504.70520, 73, 513.22821, 77, 31.687500, 79, 1.2250546, 83,         0,110,         1,116,         4,164,         1
44C,2014/11/21 10:35:00, 50, 1143.8594, 13,       151, 49,        32, 56, 1.0037853, 72, 504.69867, 73, 513.22821, 77, 31.718750, 79, 1.2201934, 83,         0,110,         1,116,         4,164,         1
4DC,2014/11/21 10:36:00, 50, 1144.4954, 13,       151, 49,        32, 56, 1.0037853, 72, 504.71893, 73, 513.22821, 77, 31.750000, 79, 1.2250546, 83,         0,110,         1,116,         4,164,         1
47C,2014/11/21 10:37:00, 50, 1144.7061, 13,       151, 49,        32, 56, 1.0037853, 72, 504.71277, 73, 513.25745, 77, 31.750000, 79, 1.2201934, 83,         0,110,         1,116,         4,164,         1
41C,2014/11/21 10:38:00, 50, 1135.6460, 13,       151, 49,        32, 56, 1.0037853, 72, 504.72113, 73, 513.19897, 77, 31.718750, 79, 1.2299160, 83,         0,110,         1,116,         4,164,         1
43C,2014/11/21 10:39:00, 50, 1147.4963, 13,       151, 49,        32, 56, 1.0037853, 72, 504.72150, 73, 513.22821, 77, 31.718750, 79, 1.2201934, 83,         0,110,         1,116,         4,164,         1
4AC,2014/11/21 10:40:00, 50, 1144.8347, 13,       151, 49,        32, 56, 1.0037853, 72, 504.68298, 73, 513.19897, 77, 31.718750, 79, 1.2250546, 83,         0,110,         1,116,         4,164,         1
40C,2014/11/21 10:41:00, 50, 1144.4900, 13,       151, 49,        32, 56, 1.0037853, 72, 504.68365, 73, 513.19897, 77, 31.718750, 79, 1.2201934, 83,         0,110,         1,116,         4,164,         1
4BC,2014/11/21 10:42:00, 50, 1130.2090, 13,       151, 49,        32, 56, 1.0037853, 72, 504.69873, 73, 513.16968, 77, 31.750000, 79, 1.2201934, 83,         0,110,         1,116,         4,164,         1
47C,2014/11/21 10:43:00, 50, 1109.0605, 13,       151, 49,        32, 56, 1.0037853, 72, 504.69269, 73, 513.19897, 77, 31.750000, 79, 1.2201934, 83,         0,110,         1,116,         4,164,         1
40C,2014/11/21 10:44:00, 50, 1108.0908, 13,       151, 49,        32, 56, 1.0037853, 72, 504.65869, 73, 513.16968, 77, 31.781250, 79, 1.2201934, 83,         0,110,         1,116,         4,164,         1
40C,2014/11/21 10:45:00, 50, 1113.3860, 13,       151, 49,        32, 56, 1.0037853, 72, 504.64618, 73, 513.14044, 77, 31.750000, 79, 1.2201934, 83,         0,110,         1,116,         4,164,         1
49C,2014/11/21 10:46:00, 50, 1143.4475, 13,       151, 49,        32, 56, 1.0037853, 72, 504.65137, 73, 513.16968, 77, 31.718750, 79, 1.2201934, 83,         0,110,         1,116,         4,164,         1
4BC,2014/11/21 10:47:00, 50, 1166.6990, 13,       151, 49,        32, 56, 1.0037853, 72, 504.64105, 73, 513.14044, 77, 31.781250, 79, 1.2201934, 83,         0,110,         1,116,         4,164,         1
41C,2014/11/21 10:48:00, 50, 1142.1331, 13,       151, 49,        32, 56, 1.0037853, 72, 504.64355, 73, 513.16968, 77, 31.812500, 79, 1.2201934, 83,         0,110,         1,116,         4,164,         1
47C,2014/11/21 10:49:00, 50, 1150.7217, 13,       151, 49,        32, 56, 1.0037853, 72, 504.61346, 73, 513.16968, 77, 31.812500, 79, 1.2201934, 83,         0,110,         1,116,         4,164,         1
4AC,2014/11/21 10:50:00, 50, 1118.7568, 13,       151, 49,        32, 56, 1.0037853, 72, 504.60272, 73, 513.11121, 77, 31.843750, 79, 1.2201934, 83,         0,110,         1,116,         4,164,         1
4DC,2014/11/21 10:51:00, 50, 1130.3860, 13,       151, 49,        32, 56, 1.0037853, 72, 504.58331, 73, 513.11121, 77, 31.843750, 79, 1.2201934, 83,         0,110,         1,116,         4,164,         1
42C,2014/11/21 10:52:00, 50, 1064.0710, 13,       151, 49,        32, 56, 1.0037853, 72, 504.54944, 73, 513.11121, 77, 31.812500, 79, 1.2201934, 83,         0,110,         1,116,         4,164,         1
43C,2014/11/21 10:53:00, 50, 1052.8118, 13,       151, 49,        32, 56, 1.0037853, 72, 504.56171, 73, 513.14044, 77, 31.843750, 79, 1.2153320, 83,         0,110,         1,116,         4,164,         1
4DC,2014/11/21 10:54:00, 50, 1077.4749, 13,       151, 49,        32, 56, 1.0037853, 72, 504.56104, 73, 513.08197, 77, 31.843750, 79, 1.2153320, 83,         0,110,         1,116,         4,164,         1
43C,2014/11/21 10:55:00, 50, 1106.2588, 13,       151, 49,        32, 56, 1.0037853, 72, 504.54956, 73, 513.08197, 77, 31.875000, 79, 1.2201934, 83,         0,110,         1,116,         4,164,         1
40C,2014/11/21 10:56:00, 50, 1111.1179, 13,       151, 49,        32, 56, 1.0037853, 72, 504.52472, 73, 513.08197, 77, 31.906250, 79, 1.2201934, 83,         0,110,         1,116,         4,164,         1
42C,2014/11/21 10:57:00, 50, 1110.5396, 13,       151, 49,        32, 56, 1.0037853, 72, 504.50830, 73, 513.08197, 77, 31.937500, 79, 1.2250546, 83,         0,110,         1,116,         4,164,         1
4DC,2014/11/21 10:58:00, 50, 1115.1990, 13,       151, 49,        32, 56, 1.0037853, 72, 504.54578, 73, 513.11121, 77, 31.937500, 79, 1.2201934, 83,         0,110,         1,116,         4,164,         1
41C,2014/11/21 10:59:00, 50, 1129.3655, 13,       151, 49,        32, 56, 1.0037853, 72, 504.52271, 73, 513.08197, 77, 31.906250, 79, 1.2153320, 83,         0,110,         1,116,         4,164,         1
44C,2014/11/21 11:00:00, 50, 1126.4907, 13,       151, 49,        32, 56, 1.0037853, 72, 504.53284, 73, 513.11121, 77, 31.906250, 79, 1.2250546, 83,         0,110,         1,116,         4,164,         1
41C,2014/11/21 11:01:00, 50, 1121.2197, 13,       151, 49,        32, 56, 1.0037853, 72, 504.54498, 73, 513.08197, 77, 31.937500, 79, 1.2201934, 83,         0,110,         1,116,         4,164,         1
4FC,2014/11/21 11:02:00, 50, 1120.2344, 13,       151, 49,        32, 56, 1.0037853, 72, 504.51270, 73, 513.11121, 77, 31.968750, 79, 1.2250546, 83,         0,110,         1,116,         4,164,         1
47C,2014/11/21 11:03:00, 50, 1122.6030, 13,       151, 49,        32, 56, 1.0037853, 72, 504.50006, 73, 513.11121, 77, 31.968750, 79, 1.2201934, 83,         0,110,         1,116,         4,164,         1
47C,2014/11/21 11:04:00, 50, 1126.5315, 13,       151, 49,        32, 56, 1.0037853, 72, 504.49310, 73, 513.08197, 77, 32.000000, 79, 1.2153320, 83,         0,110,         1,116,         4,164,         1
4EC,2014/11/21 11:05:00, 50, 1124.9329, 13,       151, 49,        32, 56, 1.0037853, 72, 504.46625, 73, 513.08197, 77, 32.031250, 79, 1.2153320, 83,         0,110,         1,116,         4,164,         1
42C,2014/11/21 11:06:00, 50, 1121.9041, 13,       151, 49,        32, 56, 1.0037853, 72, 504.45648, 73, 513.08197, 77, 32.062500, 79, 1.2201934, 83,         0,110,         1,116,         4,164,         1
4AC,2014/11/21 11:07:00, 50, 1114.8872, 13,       151, 49,        32, 56, 1.0037853, 72, 504.45337, 73, 513.08197, 77, 32.062500, 79, 1.2153320, 83,         0,110,         1,116,         4,164,         1
43C,2014/11/21 11:08:00, 50, 1105.1340, 13,       151, 49,        32, 56, 1.0037853, 72, 504.44440, 73, 513.11121, 77, 32.062500, 79, 1.2250546, 83,         0,110,         1,116,         4,164,         1
4FC,2014/11/21 11:09:00, 50, 1070.5017, 13,       151, 49,        32, 56, 1.0037853, 72, 504.40350, 73, 513.02350, 77, 32.093750, 79, 1.2153320, 83,         0,110,         1,116,         4,164,         1
40C,2014/11/21 11:10:00, 50, 1073.6863, 13,       151, 49,        32, 56, 1.0037853, 72, 504.38776, 73, 513.08197, 77, 32.093750, 79, 1.2153320, 83,         0,110,         1,116,         4,164,         1
42C,2014/11/21 11:11:00, 50, 1059.7380, 13,       151, 49,        32, 56, 1.0037853, 72, 504.40009, 73, 513.05273, 77, 32.125000, 79, 1.2250546, 83,         0,110,         1,116,         4,164,         1
44C,2014/11/21 11:12:00, 50, 1045.2600, 13,       151, 49,        32, 56, 1.0037853, 72, 504.38818, 73, 513.08197, 77, 32.093750, 79, 1.2201934, 83,         0,110,         1,116,         4,164,         1
43C,2014/11/21 11:13:00, 50, 1095.1831, 13,       151, 49,        32, 56, 1.0037853, 72, 504.38312, 73, 513.05273, 77, 32.062500, 79, 1.2104707, 83,         0,110,         1,116,         4,164,         1
47C,2014/11/21 11:14:00, 50, 1114.2820, 13,       151, 49,        32, 56, 1.0037853, 72, 504.35980, 73, 513.05273, 77, 32.000000, 79, 1.2250546, 83,         0,110,         1,116,         4,164,         1
42C,2014/11/21 11:15:00, 50, 1106.2065, 13,       151, 49,        32, 56, 1.0037853, 72, 504.39197, 73, 513.02350, 77, 31.968750, 79, 1.2201934, 83,         0,110,         1,116,         4,164,         1
45C,2014/11/21 11:16:00, 50, 1093.3191, 13,       151, 49,        32, 56, 1.0037853, 72, 504.37885, 73, 513.02350, 77, 32.000000, 79, 1.2201934, 83,         0,110,         1,116,         4,164,         1
40C,2014/11/21 11:17:00, 50, 1065.2878, 13,       151, 49,        32, 56, 1.0037853, 72, 504.37744, 73, 513.02350, 77, 32.000000, 79, 1.2201934, 83,         0,110,         1,116,         4,164,         1
4BC,2014/11/21 11:18:00, 50, 955.70178, 13,       151, 49,        32, 56, 1.0037853, 72, 504.34564, 73, 513.02350, 77, 32.000000, 79, 1.2201934, 83,         0,110,         1,116,         4,164,         1
46C,2014/11/21 11:19:00, 50, 1069.6255, 13,       151, 49,        32, 56, 1.0037853, 72, 504.35864, 73, 512.96503, 77, 31.968750, 79, 1.2201934, 83,         0,110,         1,116,         4,164,         1
47C,2014/11/21 11:20:00, 50, 1085.5176, 13,       151, 49,        32, 56, 1.0037853, 72, 504.36072, 73, 512.99426, 77, 31.906250, 79, 1.2201934, 83,         0,110,         1,116,         4,164,         1
4FC,2014/11/21 11:21:00, 50, 1044.4050, 13,       151, 49,        32, 56, 1.0037853, 72, 504.36456, 73, 512.96503, 77, 31.906250, 79, 1.2153320, 83,         0,110,         1,116,         4,164,         1
44C,2014/11/21 11:22:00, 50, 1045.8606, 13,       151, 49,        32, 56, 1.0037853, 72, 504.35645, 73, 512.93579, 77, 31.937500, 79, 1.2201934, 83,         0,110,         1,116,         4,164,         1
45C,2014/11/21 11:23:00, 50, 1022.2690, 13,       151, 49,        32, 56, 1.0037853, 72, 504.31531, 73, 512.93579, 77, 31.937500, 79, 1.2201934, 83,         0,110,         1,116,         4,164,         1
4AC,2014/11/21 11:24:00, 50, 1017.8903, 13,       151, 49,        32, 56, 1.0037853, 72, 504.31116, 73, 512.93579, 77, 31.937500, 79, 1.2201934, 83,         0,110,         1,116,         4,164,         1
41C,2014/11/21 11:25:00, 50, 1013.0782, 13,       151, 49,        32, 56, 1.0037853, 72, 504.29388, 73, 512.90656, 77, 31.937500, 79, 1.2201934, 83,         0,110,         1,116,         4,164,         1
4FC,2014/11/21 11:26:00, 50, 1017.3834, 13,       151, 49,        32, 56, 1.0037853, 72, 504.33356, 73, 512.93579, 77, 31.906250, 79, 1.2250546, 83,         0,110,         1,116,         4,164,         1
44C,2014/11/21 11:27:00, 50, 1020.3293, 13,       151, 49,        32, 56, 1.0037853, 72, 504.29797, 73, 512.90656, 77, 31.906250, 79, 1.2153320, 83,         0,110,         1,116,         4,164,         1
41C,2014/11/21 11:28:00, 50, 1022.5591, 13,       151, 49,        32, 56, 1.0037853, 72, 504.28967, 73, 512.90656, 77, 31.937500, 79, 1.2201934, 83,         0,110,         1,116,         4,164,         1
49C,2014/11/21 11:29:00, 50, 1012.0571, 13,       151, 49,        32, 56, 1.0037853, 72, 504.26941, 73, 512.87726, 77, 32.000000, 79, 1.2201934, 83,         0,110,         1,116,         4,164,         1
40C,2014/11/21 11:30:00, 50, 998.86597, 13,       151, 49,        32, 56, 1.0037853, 72, 504.23730, 73, 512.87726, 77, 32.000000, 79, 1.2201934, 83,         0,110,         1,116,         4,164,         1
4EC,2014/11/21 11:31:00, 50, 996.21692, 13,       151, 49,        32, 56, 1.0037853, 72, 504.28583, 73, 512.90656, 77, 32.000000, 79, 1.2153320, 83,         0,110,         1,116,         4,164,         1
4EC,2014/11/21 11:32:00, 50, 999.76428, 13,       151, 49,        32, 56, 1.0037853, 72, 504.23627, 73, 512.87726, 77, 32.000000, 79, 1.2201934, 83,         0,110,         1,116,         4,164,         1
42C,2014/11/21 11:33:00, 50, 1003.0890, 13,       151, 49,        32, 56, 1.0037853, 72, 504.24701, 73, 512.84802, 77, 32.000000, 79, 1.2201934, 83,         0,110,         1,116,         4,164,         1
45C,2014/11/21 11:34:00, 50, 1004.5826, 13,       151, 49,        32, 56, 1.0037853, 72, 504.21063, 73, 512.81879, 77, 32.000000, 79, 1.2201934, 83,         0,110,         1,116,         4,164,         1
42C,2014/11/21 11:35:00, 50, 998.04749, 13,       151, 49,        32, 56, 1.0037853, 72, 504.19135, 73, 512.81879, 77, 32.031250, 79, 1.2201934, 83,         0,110,         1,116,         4,164,         1
46C,2014/11/21 11:36:00, 50, 1000.6941, 13,       151, 49,        32, 56, 1.0037853, 72, 504.17017, 73, 512.81879, 77, 32.000000, 79, 1.2201934, 83,         0,110,         1,116,         4,164,         1
4EC,2014/11/21 11:37:00, 50, 995.32288, 13,       151, 49,        32, 56, 1.0037853, 72, 504.17969, 73, 512.78955, 77, 32.000000, 79, 1.2250546, 83,         0,110,         1,116,         4,164,         1
47C,2014/11/21 11:38:00, 50, 997.36584, 13,       151, 49,        32, 56, 1.0037853, 72, 504.12720, 73, 512.76031, 77, 32.031250, 79, 1.2201934, 83,         0,110,         1,116,         4,164,         1
49C,2014/11/21 11:39:00, 50, 998.44604, 13,       151, 49,        32, 56, 1.0037853, 72, 504.09546, 73, 512.70184, 77, 32.062500, 79, 1.2153320, 83,         0,110,         1,116,         4,164,         1
42C,2014/11/21 11:40:00, 50, 1001.9359, 13,       151, 49,        32, 56, 1.0037853, 72, 504.11652, 73, 512.76031, 77, 32.031250, 79, 1.2201934, 83,         0,110,         1,116,         4,164,         1
4AC,2014/11/21 11:41:00, 50, 1010.4788, 13,       151, 49,        32, 56, 1.0037853, 72, 504.11304, 73, 512.73108, 77, 32.062500, 79, 1.2201934, 83,         0,110,         1,116,         4,164,         1
41C,2014/11/21 11:42:00, 50, 1012.6139, 13,       151, 49,        32, 56, 1.0037853, 72, 504.06421, 73, 512.67261, 77, 32.062500, 79, 1.2153320, 83,         0,110,         1,116,         4,164,         1
43C,2014/11/21 11:43:00, 50, 922.15063, 13,       151, 49,        32, 56, 1.0037853, 72, 504.06873, 73, 512.67261, 77, 32.031250, 79, 1.2201934, 83,         0,110,         1,116,         4,164,         1
4FC,2014/11/21 11:44:00, 50, 886.84546, 13,       151, 49,        32, 56, 1.0037853, 72, 504.09399, 73, 512.70184, 77, 32.031250, 79, 1.2201934, 83,         0,110,         1,116,         4,164,         1
48C,2014/11/21 11:45:00, 50, 908.59766, 13,       151, 49,        32, 56, 1.0037853, 72, 504.07190, 73, 512.64337, 77, 32.031250, 79, 1.2153320, 83,         0,110,         1,116,         4,164,         1
48C,2014/11/21 11:46:00, 50, 918.75903, 13,       151, 49,        32, 56, 1.0037853, 72, 504.07227, 73, 512.64337, 77, 32.000000, 79, 1.2201934, 83,         0,110,         1,116,         4,164,         1
4FC,2014/11/21 11:47:00, 50, 952.01062, 13,       151, 49,        32, 56, 1.0037853, 72, 504.04132, 73, 512.61407, 77, 32.000000, 79, 1.2201934, 83,         0,110,         1,116,         4,164,         1
4DC,2014/11/21 11:48:00, 50, 979.01440, 13,       151, 49,        32, 56, 1.0037853, 72, 504.03979, 73, 512.61407, 77, 32.000000, 79, 1.2201934, 83,         0,110,         1,116,         4,164,         1
45C,2014/11/21 11:49:00, 50, 993.23938, 13,       151, 49,        32, 56, 1.0037853, 72, 504.04224, 73, 512.61407, 77, 31.937500, 79, 1.2201934, 83,         0,110,         1,116,         4,164,         1
43C,2014/11/21 11:50:00, 50, 985.08984, 13,       151, 49,        32, 56, 1.0037853, 72, 504.04730, 73, 512.55560, 77, 31.906250, 79, 1.2201934, 83,         0,110,         1,116,         4,164,         1
4EC,2014/11/21 11:51:00, 50, 991.95959, 13,       151, 49,        32, 56, 1.0037853, 72, 504.04449, 73, 512.52637, 77, 31.812500, 79, 1.2201934, 83,         0,110,         1,116,         4,164,         1
43C,2014/11/21 11:52:00, 50, 991.57520, 13,       151, 49,        32, 56, 1.0037853, 72, 504.06238, 73, 512.58484, 77, 31.812500, 79, 1.2201934, 83,         0,110,         1,116,         4,164,         1
48C,2014/11/21 11:53:00, 50, 992.03711, 13,       151, 49,        32, 56, 1.0037853, 72, 504.00378, 73, 512.52637, 77, 31.812500, 79, 1.2153320, 83,         0,110,         1,116,         4,164,         1
42C,2014/11/21 11:54:00, 50, 977.17456, 13,       151, 49,        32, 56, 1.0037853, 72, 504.03925, 73, 512.52637, 77, 31.718750, 79, 1.2153320, 83,         0,110,         1,116,         4,164,         1
4BC,2014/11/21 11:55:00, 50, 956.06677, 13,       151, 49,        32, 56, 1.0037853, 72, 503.99017, 73, 512.52637, 77, 31.625000, 79, 1.2201934, 83,         0,110,         1,116,         4,164,         1
43C,2014/11/21 11:56:00, 50, 965.35156, 13,       151, 49,        32, 56, 1.0037853, 72, 503.95593, 73, 512.49713, 77, 31.593750, 79, 1.2153320, 83,         0,110,         1,116,         4,164,         1
4DC,2014/11/21 11:57:00, 50, 924.91333, 13,       151, 49,        32, 56, 1.0037853, 72, 503.97626, 73, 512.52637, 77, 31.625000, 79, 1.2201934, 83,         0,110,         1,116,         4,164,         1
45C,2014/11/21 11:58:00, 50, 939.98511, 13,       151, 49,        32, 56, 1.0037853, 72, 503.93958, 73, 512.49713, 77, 31.625000, 79, 1.2153320, 83,         0,110,         1,116,         4,164,         1
4BC,2014/11/21 11:59:00, 50, 947.32690, 13,       151, 49,        32, 56, 1.0037853, 72, 503.94037, 73, 512.49713, 77, 31.625000, 79, 1.2201934, 83,         0,110,         1,116,         4,164,         1
4FC,2014/11/21 12:00:00, 50, 917.01501, 13,       151, 49,        32, 56, 1.0037853, 72, 503.93359, 73, 512.46790, 77, 31.687500, 79, 1.2201934, 83,         0,110,         1,116,         4,164,         1
46C,2014/11/21 12:01:00, 50, 923.01184, 13,       151, 49,        32, 56, 1.0037853, 72, 503.90869, 73, 512.46790, 77, 31.687500, 79, 1.2250546, 83,         0,110,         1,116,         4,164,         1
45C,2014/11/21 12:02:00, 50, 851.46021, 13,       151, 49,        32, 56, 1.0037853, 72, 503.89014, 73, 512.46790, 77, 31.656250, 79, 1.2201934, 83,         0,110,         1,116,         4,164,         1
41C,2014/11/21 12:03:00, 50, 841.96204, 13,       151, 49,        32, 56, 1.0037853, 72, 503.89227, 73, 512.46790, 77, 31.718750, 79, 1.2201934, 83,         0,110,         1,116,         4,164,         1
43C,2014/11/21 12:04:00, 50, 876.25354, 13,       151, 49,        32, 56, 1.0037853, 72, 503.87994, 73, 512.46790, 77, 31.718750, 79, 1.2201934, 83,         0,110,         1,116,         4,164,         1
4EC,2014/11/21 12:05:00, 50, 888.69922, 13,       151, 49,        32, 56, 1.0037853, 72, 503.87195, 73, 512.40942, 77, 31.687500, 79, 1.2201934, 83,         0,110,         1,116,         4,164,         1
4CC,2014/11/21 12:06:00, 50, 881.17078, 13,       151, 49,        32, 56, 1.0037853, 72, 503.84668, 73, 512.43866, 77, 31.656250, 79, 1.2153320, 83,         0,110,         1,116,         4,164,         1
4BC,2014/11/21 12:07:00, 50, 889.46313, 13,       151, 49,        32, 56, 1.0037853, 72, 503.81189, 73, 512.38019, 77, 31.687500, 79, 1.2201934, 83,         0,110,         1,116,         4,164,         1
47C,2014/11/21 12:08:00, 50, 888.62146, 13,       151, 49,        32, 56, 1.0037853, 72, 503.80005, 73, 512.35095, 77, 31.687500, 79, 1.2153320, 83,         0,110,         1,116,         4,164,         1
4CC,2014/11/21 12:09:00, 50, 890.59680, 13,       151, 49,        32, 56, 1.0037853, 72, 503.81506, 73, 512.38019, 77, 31.656250, 79, 1.2250546, 83,         0,110,         1,116,         4,164,         1
4DC,2014/11/21 12:10:00, 50, 884.97729, 13,       151, 49,        32, 56, 1.0037853, 72, 503.81403, 73, 512.38019, 77, 31.687500, 79, 1.2153320, 83,         0,110,         1,116,         4,164,         1
40C,2014/11/21 12:11:00, 50, 895.52466, 13,       151, 49,        32, 56, 1.0037853, 72, 503.76343, 73, 512.32166, 77, 31.656250, 79, 1.2201934, 83,         0,110,         1,116,         4,164,         1
47C,2014/11/21 12:12:00, 50, 909.34033, 13,       151, 49,        32, 56, 1.0037853, 72, 503.73242, 73, 512.35095, 77, 31.656250, 79, 1.2153320, 83,         0,110,         1,116,         4,164,         1
44C,2014/11/21 12:13:00, 50, 927.74182, 13,       151, 49,        32, 56, 1.0037853, 72, 503.72479, 73, 512.29242, 77, 31.750000, 79, 1.2201934, 83,         0,110,         1,116,         4,164,         1
4AC,2014/11/21 12:14:00, 50, 912.34766, 13,       151, 49,        32, 56, 1.0037853, 72, 503.69904, 73, 512.26318, 77, 31.750000, 79, 1.2153320, 83,         0,110,         1,116,         4,164,         1
42C,2014/11/21 12:15:00, 50, 911.29602, 13,       151, 49,        32, 56, 1.0037853, 72, 503.66876, 73, 512.23395, 77, 31.718750, 79, 1.2153320, 83,         0,110,         1,116,         4,164,         1
49C,2014/11/21 12:16:00, 50, 909.21631, 13,       151, 49,        32, 56, 1.0037853, 72, 503.63385, 73, 512.20471, 77, 31.781250, 79, 1.2153320, 83,         0,110,         1,116,         4,164,         1
43C,2014/11/21 12:17:00, 50, 900.15710, 13,       151, 49,        32, 56, 1.0037853, 72, 503.60144, 73, 512.20471, 77, 31.781250, 79, 1.2201934, 83,         0,110,         1,116,         4,164,         1
40C,2014/11/21 12:18:00, 50, 900.47485, 13,       151, 49,        32, 56, 1.0037853, 72, 503.60687, 73, 512.11700, 77, 31.781250, 79, 1.2153320, 83,         0,110,         1,116,         4,164,         1
41C,2014/11/21 12:19:00, 50, 885.39526, 13,       151, 49,        32, 56, 1.0037853, 72, 503.55475, 73, 512.11700, 77, 31.843750, 79, 1.2153320, 83,         0,110,         1,116,         4,164,         1
41C,2014/11/21 12:20:00, 50, 867.00171, 13,       151, 49,        32, 56, 1.0037853, 72, 503.54413, 73, 512.11700, 77, 31.843750, 79, 1.2201934, 83,         0,110,         1,116,         4,164,         1
46C,2014/11/21 12:21:00, 50, 877.22534, 13,       151, 49,        32, 56, 1.0037853, 72, 503.53796, 73, 512.08777, 77, 31.812500, 79, 1.2201934, 83,         0,110,         1,116,         4,164,         1
47C,2014/11/21 12:22:00, 50, 881.62927, 13,       151, 49,        32, 56, 1.0037853, 72, 503.54199, 73, 512.08777, 77, 31.875000, 79, 1.2153320, 83,         0,110,         1,116,         4,164,         1
4AC,2014/11/21 12:23:00, 50, 897.97131, 13,       151, 49,        32, 56, 1.0037853, 72, 503.47656, 73, 512.05853, 77, 31.843750, 79, 1.2201934, 83,         0,110,         1,116,         4,164,         1
4FC,2014/11/21 12:24:00, 50, 882.92944, 13,       151, 49,        32, 56, 1.0037853, 72, 503.48352, 73, 512.08777, 77, 31.812500, 79, 1.2201934, 83,         0,110,         1,116,         4,164,         1
42C,2014/11/21 12:25:00, 50, 885.56494, 13,       151, 49,        32, 56, 1.0037853, 72, 503.43250, 73, 512.05853, 77, 31.875000, 79, 1.2153320, 83,         0,110,         1,116,         4,164,         1
43C,2014/11/21 12:26:00, 50, 883.83105, 13,       151, 49,        32, 56, 1.0037853, 72, 503.47906, 73, 512.08777, 77, 31.906250, 79, 1.2201934, 83,         0,110,         1,116,         4,164,         1
46C,2014/11/21 12:27:00, 50, 891.70605, 13,       151, 49,        32, 56, 1.0037853, 72, 503.49005, 73, 512.11700, 77, 31.937500, 79, 1.2201934, 83,         0,110,         1,116,         4,164,         1
45C,2014/11/21 12:28:00, 50, 894.52173, 13,       151, 49,        32, 56, 1.0037853, 72, 503.49634, 73, 512.11700, 77, 31.906250, 79, 1.2153320, 83,         0,110,         1,116,         4,164,         1
40C,2014/11/21 12:29:00, 50, 905.86328, 13,       151, 49,        32, 56, 1.0037853, 72, 503.47968, 73, 512.11700, 77, 31.937500, 79, 1.2153320, 83,         0,110,         1,116,         4,164,         1
45C,2014/11/21 12:30:00, 50, 905.12134, 13,       151, 49,        32, 56, 1.0037853, 72, 503.46771, 73, 512.08777, 77, 31.937500, 79, 1.2153320, 83,         0,110,         1,116,         4,164,         1
40C,2014/11/21 12:31:00, 50, 904.10400, 13,       151, 49,        32, 56, 1.0037853, 72, 503.43976, 73, 512.02924, 77, 31.937500, 79, 1.2201934, 83,         0,110,         1,116,         4,164,         1
46C,2014/11/21 12:32:00, 50, 903.88416, 13,       151, 49,        32, 56, 1.0037853, 72, 503.41693, 73, 512.08777, 77, 31.937500, 79, 1.2201934, 83,         0,110,         1,116,         4,164,         1
42C,2014/11/21 12:33:00, 50, 927.57886, 13,       151, 49,        32, 56, 1.0037853, 72, 503.44324, 73, 512.11700, 77, 31.937500, 79, 1.2201934, 83,         0,110,         1,116,         4,164,         1
4CC,2014/11/21 12:34:00, 50, 920.46704, 13,       151, 49,        32, 56, 1.0037853, 72, 503.41803, 73, 512.11700, 77, 31.937500, 79, 1.2201934, 83,         0,110,         1,116,         4,164,         1
42C,2014/11/21 12:35:00, 50, 911.47034, 13,       151, 49,        32, 56, 1.0037853, 72, 503.45117, 73, 512.11700, 77, 32.000000, 79, 1.2153320, 83,         0,110,         1,116,         4,164,         1
4AC,2014/11/21 12:36:00, 50, 911.74817, 13,       151, 49,        32, 56, 1.0037853, 72, 503.48083, 73, 512.11700, 77, 32.000000, 79, 1.2104707, 83,         0,110,         1,116,         4,164,         1
4FC,2014/11/21 12:37:00, 50, 910.51855, 13,       151, 49,        32, 56, 1.0037853, 72, 503.45135, 73, 512.11700, 77, 32.031250, 79, 1.2104707, 83,         0,110,         1,116,         4,164,         1
48C,2014/11/21 12:38:00, 50, 919.93298, 13,       151, 49,        32, 56, 1.0037853, 72, 503.42645, 73, 512.11700, 77, 32.031250, 79, 1.2153320, 83,         0,110,         1,116,         4,164,         1
4FC,2014/11/21 12:39:00, 50, 923.34668, 13,       151, 49,        32, 56, 1.0037853, 72, 503.44342, 73, 512.08777, 77, 32.000000, 79, 1.2153320, 83,         0,110,         1,116,         4,164,         1
42C,2014/11/21 12:40:00, 50, 929.87268, 13,       151, 49,        32, 56, 1.0037853, 72, 503.46564, 73, 512.08777, 77, 32.031250, 79, 1.2153320, 83,         0,110,         1,116,         4,164,         1
4AC,2014/11/21 12:41:00, 50, 924.90027, 13,       151, 49,        32, 56, 1.0037853, 72, 503.40961, 73, 512.05853, 77, 32.031250, 79, 1.2153320, 83,         0,110,         1,116,         4,164,         1
4DC,2014/11/21 12:42:00, 50, 922.05029, 13,       151, 49,        32, 56, 1.0037853, 72, 503.37579, 73, 512.05853, 77, 31.937500, 79, 1.2201934, 83,         0,110,         1,116,         4,164,         1
44C,2014/11/21 12:43:00, 50, 946.39587, 13,       151, 49,        32, 56, 1.0037853, 72, 503.34802, 73, 512.02924, 77, 31.937500, 79, 1.2201934, 83,         0,110,         1,116,         4,164,         1
48C,2014/11/21 12:44:00, 50, 915.30176, 13,       151, 49,        32, 56, 1.0037853, 72, 503.35858, 73, 512.02924, 77, 31.906250, 79, 1.2201934, 83,         0,110,         1,116,         4,164,         1
48C,2014/11/21 12:45:00, 50, 920.62634, 13,       151, 49,        32, 56, 1.0037853, 72, 503.32507, 73, 511.97076, 77, 31.906250, 79, 1.2201934, 83,         0,110,         1,116,         4,164,         1
4EC,2014/11/21 12:46:00, 50, 934.28101, 13,       151, 49,        32, 56, 1.0037853, 72, 503.30548, 73, 511.97076, 77, 31.968750, 79, 1.2153320, 83,         0,110,         1,116,         4,164,         1
41C,2014/11/21 12:47:00, 50, 919.43237, 13,       151, 49,        32, 56, 1.0037853, 72, 503.27332, 73, 511.88306, 77, 32.000000, 79, 1.2201934, 83,         0,110,         1,116,         4,164,         1
49C,2014/11/21 12:48:00, 50, 795.29846, 13,       151, 49,        32, 56, 1.0037853, 72, 503.26270, 73, 511.88306, 77, 31.968750, 79, 1.2250546, 83,         0,110,         1,116,         4,164,         1
44C,2014/11/21 12:49:00, 50, 884.38940, 13,       151, 49,        32, 56, 1.0037853, 72, 503.20837, 73, 511.91229, 77, 31.875000, 79, 1.2250546, 83,         0,110,         1,116,         4,164,         1
4CC,2014/11/21 12:50:00, 50, 903.36584, 13,       151, 49,        32, 56, 1.0037853, 72, 503.20636, 73, 511.88306, 77, 31.906250, 79, 1.2201934, 83,         0,110,         1,116,         4,164,         1
40C,2014/11/21 12:51:00, 50, 949.33325, 13,       151, 49,        32, 56, 1.0037853, 72, 503.23035, 73, 511.88306, 77, 31.812500, 79, 1.2153320, 83,         0,110,         1,116,         4,164,         1
4BC,2014/11/21 12:52:00, 50, 940.42480, 13,       151, 49,        32, 56, 1.0037853, 72, 503.24243, 73, 511.91229, 77, 31.875000, 79, 1.2201934, 83,         0,110,         1,116,         4,164,         1
4DC,2014/11/21 12:53:00, 50, 917.03601, 13,       151, 49,        32, 56, 1.0037853, 72, 503.24457, 73, 511.88306, 77, 31.843750, 79, 1.2153320, 83,         0,110,         1,116,         4,164,         1
4CC,2014/11/21 12:54:00, 50, 915.45276, 13,       151, 49,        32, 56, 1.0037853, 72, 503.26666, 73, 511.91229, 77, 31.750000, 79, 1.2201934, 83,         0,110,         1,116,         4,164,         1
43C,2014/11/21 12:55:00, 50, 923.73376, 13,       151, 49,        32, 56, 1.0037853, 72, 503.26190, 73, 511.88306, 77, 31.687500, 79, 1.2153320, 83,         0,110,         1,116,         4,164,         1
47C,2014/11/21 12:56:00, 50, 922.57947, 13,       151, 49,        32, 56, 1.0037853, 72, 503.23596, 73, 511.91229, 77, 31.718750, 79, 1.2201934, 83,         0,110,         1,116,         4,164,         1
4AC,2014/11/21 12:57:00, 50, 906.56067, 13,       151, 49,        32, 56, 1.0037853, 72, 503.29077, 73, 511.91229, 77, 31.718750, 79, 1.2201934, 83,         0,110,         1,116,         4,164,         1
4AC,2014/11/21 12:58:00, 50, 916.60535, 13,       151, 49,        32, 56, 1.0037853, 72, 503.26886, 73, 511.91229, 77, 31.718750, 79, 1.2201934, 83,         0,110,         1,116,         4,164,         1
42C,2014/11/21 12:59:00, 50, 897.88940, 13,       151, 49,        32, 56, 1.0037853, 72, 503.27142, 73, 511.88306, 77, 31.687500, 79, 1.2250546, 83,         0,110,         1,116,         4,164,         1
41C,2014/11/21 13:00:00, 50, 872.58032, 13,       151, 49,        32, 56, 1.0037853, 72, 503.31549, 73, 511.88306, 77, 31.593750, 79, 1.2201934, 83,         0,110,         1,116,         4,164,         1
46C,2014/11/21 13:01:00, 50, 890.02917, 13,       151, 49,        32, 56, 1.0037853, 72, 503.31854, 73, 511.85382, 77, 31.593750, 79, 1.2153320, 83,         0,110,         1,116,         4,164,         1
44C,2014/11/21 13:02:00, 50, 881.82495, 13,       151, 49,        32, 56, 1.0037853, 72, 503.31964, 73, 511.82458, 77, 31.593750, 79, 1.2201934, 83,         0,110,         1,116,         4,164,         1
4EC,2014/11/21 13:03:00, 50, 886.01123, 13,       151, 49,        32, 56, 1.0037853, 72, 503.30511, 73, 511.82458, 77, 31.593750, 79, 1.2201934, 83,         0,110,         1,116,         4,164,         1
42C,2014/11/21 13:04:00, 50, 876.35425, 13,       151, 49,        32, 56, 1.0037853, 72, 503.29572, 73, 511.79535, 77, 31.500000, 79, 1.2153320, 83,         0,110,         1,116,         4,164,         1
47C,2014/11/21 13:05:00, 50, 873.34668, 13,       151, 49,        32, 56, 1.0037853, 72, 503.34467, 73, 511.85382, 77, 31.437500, 79, 1.2201934, 83,         0,110,         1,116,         4,164,         1
49C,2014/11/21 13:06:00, 50, 865.68359, 13,       151, 49,        32, 56, 1.0037853, 72, 503.30914, 73, 511.79535, 77, 31.406250, 79, 1.2201934, 83,         0,110,         1,116,         4,164,         1
4AC,2014/11/21 13:07:00, 50, 872.21631, 13,       151, 49,        32, 56, 1.0037853, 72, 503.32611, 73, 511.76611, 77, 31.437500, 79, 1.2201934, 83,         0,110,         1,116,         4,164,         1
48C,2014/11/21 13:08:00, 50, 875.03442, 13,       151, 49,        32, 56, 1.0037853, 72, 503.25397, 73, 511.70758, 77, 31.437500, 79, 1.2153320, 83,         0,110,         1,116,         4,164,         1
40C,2014/11/21 13:09:00, 50, 878.02405, 13,       151, 49,        32, 56, 1.0037853, 72, 503.23566, 73, 511.73682, 77, 31.468750, 79, 1.2153320, 83,         0,110,         1,116,         4,164,         1
49C,2014/11/21 13:10:00, 50, 876.60229, 13,       151, 49,        32, 56, 1.0037853, 72, 503.22711, 73, 511.73682, 77, 31.468750, 79, 1.2153320, 83,         0,110,         1,116,         4,164,         1
4BC,2014/11/21 13:11:00, 50, 862.94543, 13,       151, 49,        32, 56, 1.0037853, 72, 503.22601, 73, 511.73682, 77, 31.500000, 79, 1.2201934, 83,         0,110,         1,116,         4,164,         1
4BC,2014/11/21 13:12:00, 50, 851.05627, 13,       151, 49,        32, 56, 1.0037853, 72, 503.23328, 73, 511.70758, 77, 31.500000, 79, 1.2201934, 83,         0,110,         1,116,         4,164,         1
4FC,2014/11/21 13:13:00, 50, 858.94458, 13,       151, 49,        32, 56, 1.0037853, 72, 503.26373, 73, 511.67834, 77, 31.468750, 79, 1.2153320, 83,         0,110,         1,116,         4,164,         1
43C,2014/11/21 13:14:00, 50, 849.02979, 13,       151, 49,        32, 56, 1.0037853, 72, 503.25836, 73, 511.64911, 77, 31.437500, 79, 1.2201934, 83,         0,110,         1,116,         4,164,         1
4DC,2014/11/21 13:15:00, 50, 842.54712, 13,       151, 49,        32, 56, 1.0037853, 72, 503.26947, 73, 511.64911, 77, 31.406250, 79, 1.2201934, 83,         0,110,         1,116,         4,164,         1
4EC,2014/11/21 13:16:00, 50, 844.60303, 13,       151, 49,        32, 56, 1.0037853, 72, 503.27979, 73, 511.64911, 77, 31.375000, 79, 1.2250546, 83,         0,110,         1,116,         4,164,         1
4CC,2014/11/21 13:17:00, 50, 829.02502, 13,       151, 49,        32, 56, 1.0037853, 72, 503.27783, 73, 511.61987, 77, 31.343750, 79, 1.2201934, 83,         0,110,         1,116,         4,164,         1
40C,2014/11/21 13:18:00, 50, 815.49353, 13,       151, 49,        32, 56, 1.0037853, 72, 503.29687, 73, 511.64911, 77, 31.343750, 79, 1.2201934, 83,         0,110,         1,116,         4,164,         1
4DC,2014/11/21 13:19:00, 50, 810.68982, 13,       151, 49,        32, 56, 1.0037853, 72, 503.32721, 73, 511.64911, 77, 31.343750, 79, 1.2153320, 83,         0,110,         1,116,         4,164,         1
42C,2014/11/21 13:20:00, 50, 811.01514, 13,       151, 49,        32, 56, 1.0037853, 72, 503.29474, 73, 511.61987, 77, 31.343750, 79, 1.2201934, 83,         0,110,         1,116,         4,164,         1
40C,2014/11/21 13:21:00, 50, 805.35059, 13,       151, 49,        32, 56, 1.0037853, 72, 503.33246, 73, 511.64911, 77, 31.343750, 79, 1.2153320, 83,         0,110,         1,116,         4,164,         1
4CC,2014/11/21 13:22:00, 50, 798.82422, 13,       151, 49,        32, 56, 1.0037853, 72, 503.29974, 73, 511.61987, 77, 31.343750, 79, 1.2201934, 83,         0,110,         1,116,         4,164,         1
47C,2014/11/21 13:23:00, 50, 796.71948, 13,       151, 49,        32, 56, 1.0037853, 72, 503.31226, 73, 511.67834, 77, 31.406250, 79, 1.2201934, 83,         0,110,         1,116,         4,164,         1
49C,2014/11/21 13:24:00, 50, 779.78394, 13,       151, 49,        32, 56, 1.0037853, 72, 503.34283, 73, 511.67834, 77, 31.437500, 79, 1.2201934, 83,         0,110,         1,116,         4,164,         1
46C,2014/11/21 13:25:00, 50, 759.89050, 13,       151, 49,        32, 56, 1.0037853, 72, 503.24835, 73, 511.61987, 77, 31.437500, 79, 1.2201934, 83,         0,110,         1,116,         4,164,         1
49C,2014/11/21 13:26:00, 50, 785.82043, 13,       151, 49,        32, 56, 1.0037853, 72, 503.23816, 73, 511.59064, 77, 31.468750, 79, 1.2201934, 83,         0,110,         1,116,         4,164,         1
41C,2014/11/21 13:27:00, 50, 781.41235, 13,       151, 49,        32, 56, 1.0037853, 72, 503.22491, 73, 511.64911, 77, 31.437500, 79, 1.2153320, 83,         0,110,         1,116,         4,164,         1
41C,2014/11/21 13:28:00, 50, 753.17834, 13,       151, 49,        32, 56, 1.0037853, 72, 503.23303, 73, 511.59064, 77, 31.437500, 79, 1.2153320, 83,         0,110,         1,116,         4,164,         1
44C,2014/11/21 13:29:00, 50, 872.07617, 13,       151, 49,        32, 56, 1.0037853, 72, 503.22137, 73, 511.61987, 77, 31.468750, 79, 1.2153320, 83,         0,110,         1,116,         4,164,         1
4BC,2014/11/21 13:30:00, 50, 844.48218, 13,       151, 49,        32, 56, 1.0037853, 72, 503.23499, 73, 511.59064, 77, 31.500000, 79, 1.2153320, 83,         0,110,         1,116,         4,164,         1
41C,2014/11/21 13:31:00, 50, 830.34045, 13,       151, 49,        32, 56, 1.0037853, 72, 503.25836, 73, 511.56140, 77, 31.531250, 79, 1.2201934, 83,         0,110,         1,116,         4,164,         1
4EC,2014/11/21 13:32:00, 50, 829.70361, 13,       151, 49,        32, 56, 1.0037853, 72, 503.23621, 73, 511.56140, 77, 31.562500, 79, 1.2153320, 83,         0,110,         1,116,         4,164,         1
4EC,2014/11/21 13:33:00, 50, 821.28137, 13,       151, 49,        32, 56, 1.0037853, 72, 503.16248, 73, 511.59064, 77, 31.562500, 79, 1.2153320, 83,         0,110,         1,116,         4,164,         1
4DC,2014/11/21 13:34:00, 50, 817.35913, 13,       151, 49,        32, 56, 1.0037853, 72, 503.18091, 73, 511.61987, 77, 31.531250, 79, 1.2153320, 83,         0,110,         1,116,         4,164,         1
4CC,2014/11/21 13:35:00, 50, 818.07690, 13,       152, 49,        32, 56, 1.0037853, 72, 503.20312, 73, 511.64911, 77, 31.531250, 79, 1.2153320, 83,         0,110,         1,116,         4,164,         1
48C,2014/11/21 13:36:00, 50, 836.03784, 13,       152, 49,        32, 56, 1.0037853, 72, 503.23633, 73, 511.64911, 77, 31.593750, 79, 1.2104707, 83,         0,110,         1,116,         4,164,         1
4FC,2014/11/21 13:37:00, 50, 898.55627, 13,       152, 49,        32, 56, 1.0037853, 72, 503.20703, 73, 511.64911, 77, 31.593750, 79, 1.2201934, 83,         0,110,         1,116,         4,164,         1
47C,2014/11/21 13:38:00, 50, 936.54761, 13,       152, 49,        32, 56, 1.0037853, 72, 503.21033, 73, 511.67834, 77, 31.593750, 79, 1.2201934, 83,         0,110,         1,116,         4,164,         1
4AC,2014/11/21 13:39:00, 50, 884.93274, 13,       152, 49,        32, 56, 1.0037853, 72, 503.19867, 73, 511.70758, 77, 31.656250, 79, 1.2201934, 83,         0,110,         1,116,         4,164,         1
4FC,2014/11/21 13:40:00, 50, 865.58337, 13,       152, 49,        32, 56, 1.0037853, 72, 503.19513, 73, 511.73682, 77, 31.687500, 79, 1.2201934, 83,         0,110,         1,116,         4,164,         1
4BC,2014/11/21 13:41:00, 50, 866.80762, 13,       152, 49,        32, 56, 1.0037853, 72, 503.21802, 73, 511.76611, 77, 31.750000, 79, 1.2201934, 83,         0,110,         1,116,         4,164,         1
4CC,2014/11/21 13:42:00, 50, 860.36755, 13,       152, 49,        32, 56, 1.0037853, 72, 503.19922, 73, 511.73682, 77, 31.812500, 79, 1.2201934, 83,         0,110,         1,116,         4,164,         1
47C,2014/11/21 13:43:00, 50, 862.44250, 13,       152, 49,        32, 56, 1.0037853, 72, 503.16602, 73, 511.73682, 77, 31.875000, 79, 1.2153320, 83,         0,110,         1,116,         4,164,         1
4FC,2014/11/21 13:44:00, 50, 881.14771, 13,       152, 49,        32, 56, 1.0037853, 72, 503.16003, 73, 511.76611, 77, 31.906250, 79, 1.2201934, 83,         0,110,         1,116,         4,164,         1
4FC,2014/11/21 13:45:00, 50, 924.16577, 13,       152, 49,        32, 56, 1.0037853, 72, 503.13458, 73, 511.76611, 77, 31.968750, 79, 1.2153320, 83,         0,110,         1,116,         4,164,         1
4AC,2014/11/21 13:46:00, 50, 943.79395, 13,       152, 49,        32, 56, 1.0037853, 72, 503.09955, 73, 511.79535, 77, 32.031250, 79, 1.2250546, 83,         0,110,         1,116,         4,164,         1
48C,2014/11/21 13:47:00, 50, 958.57471, 13,       152, 49,        32, 56, 1.0037853, 72, 503.09979, 73, 511.82458, 77, 32.093750, 79, 1.2104707, 83,         0,110,         1,116,         4,164,         1
4DC,2014/11/21 13:48:00, 50, 983.46179, 13,       152, 49,        32, 56, 1.0037853, 72, 503.09338, 73, 511.79535, 77, 32.187500, 79, 1.2153320, 83,         0,110,         1,116,         4,164,         1
4CC,2014/11/21 13:49:00, 50, 1006.3513, 13,       152, 49,        32, 56, 1.0037853, 72, 503.07117, 73, 511.85382, 77, 32.218750, 79, 1.2250546, 83,         0,110,         1,116,         4,164,         1
43C,2014/11/21 13:50:00, 50, 1009.6902, 13,       152, 49,        32, 56, 1.0037853, 72, 503.06134, 73, 511.79535, 77, 32.281250, 79, 1.2201934, 83,         0,110,         1,116,         4,164,         1
48C,2014/11/21 13:51:00, 50, 951.55127, 13,       152, 49,        32, 56, 1.0037853, 72, 503.03723, 73, 511.85382, 77, 32.343750, 79, 1.2201934, 83,         0,110,         1,116,         4,164,         1
4CC,2014/11/21 13:52:00, 50, 898.95166, 13,       152, 49,        32, 56, 1.0037853, 72, 503.04919, 73, 511.88306, 77, 32.437500, 79, 1.2104707, 83,         0,110,         1,116,         4,164,         1
4EC,2014/11/21 13:53:00, 50, 913.13940, 13,       152, 49,        32, 56, 1.0037853, 72, 503.07397, 73, 511.91229, 77, 32.500000, 79, 1.2201934, 83,         0,110,         1,116,         4,164,         1
43C,2014/11/21 13:54:00, 50, 934.56958, 13,       152, 49,        32, 56, 1.0037853, 72, 503.05981, 73, 511.91229, 77, 32.593750, 79, 1.2201934, 83,         0,110,         1,116,         4,164,         1
48C,2014/11/21 13:55:00, 50, 1020.4421, 13,       152, 49,        32, 56, 1.0037853, 72, 503.05298, 73, 511.94153, 77, 32.593750, 79, 1.2153320, 83,         0,110,         1,116,         4,164,         1
48C,2014/11/21 13:56:00, 50, 1059.4431, 13,       152, 49,        32, 56, 1.0037853, 72, 503.05225, 73, 511.94153, 77, 32.687500, 79, 1.2201934, 83,         0,110,         1,116,         4,164,         1
49C,2014/11/21 13:57:00, 50, 1064.8437, 13,       152, 49,        32, 56, 1.0037853, 72, 503.00122, 73, 511.94153, 77, 32.750000, 79, 1.2153320, 83,         0,110,         1,116,         4,164,         1
41C,2014/11/21 13:58:00, 50, 1058.6060, 13,       152, 49,        32, 56, 1.0037853, 72, 502.97534, 73, 511.94153, 77, 32.843750, 79, 1.2104707, 83,         0,110,         1,116,         4,164,         1
49C,2014/11/21 13:59:00, 50, 1090.7708, 13,       152, 49,        32, 56, 1.0037853, 72, 502.97552, 73, 511.97076, 77, 32.968750, 79, 1.2201934, 83,         0,110,         1,116,         4,164,         1
45C,2014/11/21 14:00:00, 50, 1090.7708, 13,       154, 49,        32, 56, 1.0037853, 72, 502.97552, 73, 512.00000, 77, 33.062500, 79, 1.2153320, 83,         4,110,         6,116,         4,164,         1
4DC,2014/11/21 14:01:00, 50, 1090.7708, 13,       154, 49,        32, 56, 1.0037853, 72, 502.97552, 73, 512.00000, 77, 33.093750, 79, 1.2153320, 83,         4,110,         6,116,         4,164,         1
4BC,2014/11/21 14:02:00, 50, 1090.7708, 13,       154, 49,        32, 56, 1.0037853, 72, 502.97552, 73, 511.97076, 77, 33.187500, 79, 1.2201934, 83,         4,110,         7,116,         4,164,         1
4CC,2014/11/21 14:03:00, 50, 1090.7708, 13,       154, 49,        32, 56, 1.0037853, 72, 502.97552, 73, 512.00000, 77, 33.218750, 79, 1.2153320, 83,         0,110,         0,116,         4,164,         1
4EC,2014/11/21 14:04:00, 50, 1090.7708, 13,       154, 49,        32, 56, 1.0037853, 72, 502.97552, 73, 512.00000, 77, 33.250000, 79, 1.2201934, 83,         0,110,         0,116,         4,164,         1
40C,2014/11/21 14:05:00, 50, 1090.7708, 13,       154, 49,        32, 56, 1.0037853, 72, 502.97552, 73, 512.02924, 77, 33.312500, 79, 1.2201934, 83,         0,110,         0,116,         4,164,         1
44C,2014/11/21 14:06:00, 50, 1090.7708, 13,       154, 49,        32, 56, 1.0037853, 72, 502.97552, 73, 512.00000, 77, 33.312500, 79, 1.2153320, 83,         0,110,         1,116,         4,164,         1
4CC,2014/11/21 14:07:00, 50, 278.17242, 13,       154, 49,        32, 56, 1.0037853, 72, 502.76392, 73, 512.00000, 77, 33.343750, 79, 1.2153320, 83,         0,110,         1,116,         4,164,         1
46C,2014/11/21 14:08:00, 50, 248.09244, 13,       154, 49,        32, 56, 1.0037853, 72, 502.74799, 73, 511.94153, 77, 33.343750, 79, 1.2201934, 83,         0,110,         1,116,         4,164,         1
40C,2014/11/21 14:09:00, 50, 251.77765, 13,       154, 49,        32, 56, 1.0037853, 72, 502.72827, 73, 511.94153, 77, 33.375000, 79, 1.2153320, 83,         0,110,         1,116,         4,164,         1
46C,2014/11/21 14:10:00, 50, 244.76999, 13,       154, 49,        32, 56, 1.0037853, 72, 502.74841, 73, 511.91229, 77, 33.375000, 79, 1.2201934, 83,         0,110,         1,116,         4,164,         1
49C,2014/11/21 14:11:00, 50, 245.39642, 13,       154, 49,        32, 56, 1.0037853, 72, 502.70728, 73, 511.88306, 77, 33.375000, 79, 1.2250546, 83,         0,110,         1,116,         4,164,         1
4FC,2014/11/21 14:12:00, 50, 245.46030, 13,       154, 49,        32, 56, 1.0037853, 72, 502.70276, 73, 511.88306, 77, 33.375000, 79, 1.2250546, 83,         0,110,         1,116,         4,164,         1
44C,2014/11/21 14:13:00, 50, 247.04404, 13,       154, 49,        32, 56, 1.0037853, 72, 502.70697, 73, 511.88306, 77, 33.375000, 79, 1.2153320, 83,         0,110,         1,116,         4,164,         1
47C,2014/11/21 14:14:00, 50, 241.88080, 13,       154, 49,        32, 56, 1.0037853, 72, 502.72552, 73, 511.85382, 77, 33.406250, 79, 1.2104707, 83,         0,110,         1,116,         4,164,         1
48C,2014/11/21 14:15:00, 50, 239.32986, 13,       154, 49,        32, 56, 1.0037853, 72, 502.70807, 73, 511.82458, 77, 33.375000, 79, 1.2153320, 83,         0,110,         1,116,         4,164,         1
41C,2014/11/21 14:16:00, 50, 237.67725, 13,       154, 49,        32, 56, 1.0037853, 72, 502.66180, 73, 511.82458, 77, 33.406250, 79, 1.2250546, 83,         0,110,         1,116,         4,164,         1
4BC,2014/11/21 14:17:00, 50, 237.13422, 13,       154, 49,        32, 56, 1.0037853, 72, 502.67010, 73, 511.82458, 77, 33.406250, 79, 1.2104707, 83,         0,110,         1,116,         4,164,         1
49C,2014/11/21 14:18:00, 50, 232.31558, 13,       154, 49,        32, 56, 1.0037853, 72, 502.62714, 73, 511.79535, 77, 33.375000, 79, 1.2201934, 83,         0,110,         1,116,         4,164,         1
4AC,2014/11/21 14:19:00, 50, 228.80920, 13,       154, 49,        32, 56, 1.0037853, 72, 502.61890, 73, 511.79535, 77, 33.375000, 79, 1.2201934, 83,         0,110,         1,116,         4,164,         1
4EC,2014/11/21 14:20:00, 50, 223.62201, 13,       154, 49,        32, 56, 1.0037853, 72, 502.61652, 73, 511.76611, 77, 33.375000, 79, 1.2153320, 83,         0,110,         1,116,         4,164,         1
49C,2014/11/21 14:21:00, 50, 217.68100, 13,       154, 49,        32, 56, 1.0037853, 72, 502.62146, 73, 511.73682, 77, 33.406250, 79, 1.2299160, 83,         0,110,         1,116,         4,164,         1
4DC,2014/11/21 14:22:00, 50, 209.80829, 13,       154, 49,        32, 56, 1.0037853, 72, 502.59033, 73, 511.73682, 77, 33.375000, 79, 1.2153320, 83,         0,110,         1,116,         4,164,         1
4AC,2014/11/21 14:23:00, 50, 211.96655, 13,       154, 49,        32, 56, 1.0037853, 72, 502.60443, 73, 511.70758, 77, 33.406250, 79, 1.2347773, 83,         0,110,         1,116,         4,164,         1
4EC,2014/11/21 14:24:00, 50, 210.10843, 13,       154, 49,        32, 56, 1.0037853, 72, 502.56207, 73, 511.70758, 77, 33.406250, 79, 1.2104707, 83,         0,110,         1,116,         4,164,         1
42C,2014/11/21 14:25:00, 50, 240.82175, 13,       154, 49,        32, 56, 1.0037853, 72, 502.58087, 73, 511.67834, 77, 33.406250, 79, 1.2201934, 83,         0,110,         1,116,         4,164,         1
4BC,2014/11/21 14:26:00, 50, 273.72913, 13,       154, 49,        32, 56, 1.0037853, 72, 502.56073, 73, 511.67834, 77, 33.343750, 79, 1.2153320, 83,         0,110,         1,116,         4,164,         1
46C,2014/11/21 14:27:00, 50, 288.53546, 13,       154, 49,        32, 56, 1.0037853, 72, 502.54059, 73, 511.64911, 77, 33.312500, 79, 1.2201934, 83,         0,110,         1,116,         4,164,         1
4AC,2014/11/21 14:28:00, 50, 268.16962, 13,       154, 49,        32, 56, 1.0037853, 72, 502.55554, 73, 511.64911, 77, 33.375000, 79, 1.2153320, 83,         0,110,         1,116,         4,164,         1
4BC,2014/11/21 14:29:00, 50, 256.70923, 13,       154, 49,        32, 56, 1.0037853, 72, 502.54633, 73, 511.64911, 77, 33.375000, 79, 1.2201934, 83,         0,110,         1,116,         4,164,         1
43C,2014/11/21 14:30:00, 50, 274.60986, 13,       154, 49,        32, 56, 1.0037853, 72, 502.53363, 73, 511.67834, 77, 33.437500, 79, 1.2104707, 83,         0,110,         1,116,         4,164,         1
40C,2014/11/21 14:31:00, 50, 240.14520, 13,       154, 49,        32, 56, 1.0037853, 72, 502.54492, 73, 511.67834, 77, 33.437500, 79, 1.2201934, 83,         0,110,         1,116,         4,164,         1
45C,2014/11/21 14:32:00, 50, 282.16986, 13,       154, 49,        32, 56, 1.0037853, 72, 502.55286, 73, 511.70758, 77, 33.437500, 79, 1.2153320, 83,         0,110,         1,116,         4,164,         1
43C,2014/11/21 14:33:00, 50, 309.25372, 13,       154, 49,        32, 56, 1.0037853, 72, 502.56287, 73, 511.73682, 77, 33.500000, 79, 1.2299160, 83,         0,110,         1,116,         4,164,         1
4CC,2014/11/21 14:34:00, 50, 292.44208, 13,       154, 49,        32, 56, 1.0037853, 72, 502.56891, 73, 511.73682, 77, 33.531250, 79, 1.2201934, 83,         0,110,         1,116,         4,164,         1
42C,2014/11/21 14:35:00, 50, 283.88062, 13,       154, 49,        32, 56, 1.0037853, 72, 502.56403, 73, 511.76611, 77, 33.562500, 79, 1.2250546, 83,         0,110,         1,116,         4,164,         1
49C,2014/11/21 14:36:00, 50, 280.13733, 13,       154, 49,        32, 56, 1.0037853, 72, 502.54999, 73, 511.76611, 77, 33.562500, 79, 1.2153320, 83,         0,110,         1,116,         4,164,         1
4EC,2014/11/21 14:37:00, 50, 274.24139, 13,       154, 49,        32, 56, 1.0037853, 72, 502.54407, 73, 511.79535, 77, 33.625000, 79, 1.2153320, 83,         0,110,         1,116,         4,164,         1
4FC,2014/11/21 14:38:00, 50, 270.71118, 13,       154, 49,        32, 56, 1.0037853, 72, 502.54193, 73, 511.76611, 77, 33.625000, 79, 1.2201934, 83,         0,110,         1,116,         4,164,         1
48C,2014/11/21 14:39:00, 50, 269.88818, 13,       154, 49,        32, 56, 1.0037853, 72, 502.51819, 73, 511.73682, 77, 33.625000, 79, 1.2201934, 83,         0,110,         1,116,         4,164,         1
48C,2014/11/21 14:40:00, 50, 282.68018, 13,       154, 49,        32, 56, 1.0037853, 72, 502.49518, 73, 511.70758, 77, 33.625000, 79, 1.2250546, 83,         0,110,         1,116,         4,164,         1
4FC,2014/11/21 14:41:00, 50, 280.09778, 13,       154, 49,        32, 56, 1.0037853, 72, 502.46863, 73, 511.70758, 77, 33.593750, 79, 1.2250546, 83,         0,110,         1,116,         4,164,         1
46C,2014/11/21 14:42:00, 50, 264.33911, 13,       154, 49,        32, 56, 1.0037853, 72, 502.46161, 73, 511.64911, 77, 33.593750, 79, 1.2104707, 83,         0,110,         1,116,         4,164,         1
4DC,2014/11/21 14:43:00, 50, 261.75635, 13,       154, 49,        32, 56, 1.0037853, 72, 502.45471, 73, 511.64911, 77, 33.593750, 79, 1.2153320, 83,         0,110,         1,116,         4,164,         1
4DC,2014/11/21 14:44:00, 50, 266.93024, 13,       154, 49,        32, 56, 1.0037853, 72, 502.44708, 73, 511.64911, 77, 33.562500, 79, 1.2201934, 83,         0,110,         1,116,         4,164,         1
46C,2014/11/21 14:45:00, 50, 261.80304, 13,       154, 49,        32, 56, 1.0037853, 72, 502.44495, 73, 511.64911, 77, 33.531250, 79, 1.2250546, 83,         0,110,         1,116,         4,164,         1
4FC,2014/11/21 14:46:00, 50, 254.89532, 13,       154, 49,        32, 56, 1.0037853, 72, 502.43738, 73, 511.67834, 77, 33.531250, 79, 1.2250546, 83,         0,110,         1,116,         4,164,         1
4CC,2014/11/21 14:47:00, 50, 227.41296, 13,       154, 49,        32, 56, 1.0037853, 72, 502.41211, 73, 511.70758, 77, 33.562500, 79, 1.2250546, 83,         0,110,         1,116,         4,164,         1
4DC,2014/11/21 14:48:00, 50, 103.25691, 13,       154, 49,        32, 56, 1.0037853, 72, 502.43677, 73, 511.70758, 77, 33.593750, 79, 1.2104707, 83,         0,110,         1,116,         4,164,         1
41C,2014/11/21 14:49:00, 50, 123.92491, 13,       154, 49,        32, 56, 1.0037853, 72, 502.42230, 73, 511.67834, 77, 33.625000, 79, 1.2201934, 83,         0,110,         1,116,         4,164,         1
46C,2014/11/21 14:50:00, 50, 142.70840, 13,       154, 49,        32, 56, 1.0037853, 72, 502.39911, 73, 511.70758, 77, 33.656250, 79, 1.2201934, 83,         0,110,         1,116,         4,164,         1
44C,2014/11/21 14:51:00, 50, 170.15024, 13,       154, 49,        32, 56, 1.0037853, 72, 502.38287, 73, 511.64911, 77, 33.656250, 79, 1.2104707, 83,         0,110,         1,116,         4,164,         1
46C,2014/11/21 14:52:00, 50, 197.85538, 13,       154, 49,        32, 56, 1.0037853, 72, 502.37506, 73, 511.70758, 77, 33.718750, 79, 1.2104707, 83,         0,110,         1,116,         4,164,         1
45C,2014/11/21 14:53:00, 50, 220.85248, 13,       154, 49,        32, 56, 1.0037853, 72, 502.35315, 73, 511.67834, 77, 33.718750, 79, 1.2201934, 83,         0,110,         1,116,         4,164,         1
4CC,2014/11/21 14:54:00, 50, 221.56335, 13,       154, 49,        32, 56, 1.0037853, 72, 502.34393, 73, 511.70758, 77, 33.750000, 79, 1.2104707, 83,         0,110,         1,116,         4,164,         1
42C,2014/11/21 14:55:00, 50, 231.75049, 13,       154, 49,        32, 56, 1.0037853, 72, 502.33405, 73, 511.70758, 77, 33.781250, 79, 1.2153320, 83,         0,110,         1,116,         4,164,         1
4BC,2014/11/21 14:56:00, 50, 247.33109, 13,       154, 49,        32, 56, 1.0037853, 72, 502.31909, 73, 511.67834, 77, 33.812500, 79, 1.2201934, 83,         0,110,         1,116,         4,164,         1
46C,2014/11/21 14:57:00, 50, 260.41595, 13,       154, 49,        32, 56, 1.0037853, 72, 502.29578, 73, 511.64911, 77, 33.812500, 79, 1.2153320, 83,         0,110,         1,116,         4,164,         1
44C,2014/11/21 14:58:00, 50, 260.31647, 13,       154, 49,        32, 56, 1.0037853, 72, 502.29285, 73, 511.64911, 77, 33.843750, 79, 1.2153320, 83,         0,110,         1,116,         4,164,         1
4EC,2014/11/21 14:59:00, 50, 260.46356, 13,       154, 49,        32, 56, 1.0037853, 72, 502.25378, 73, 511.61987, 77, 33.843750, 79, 1.2201934, 83,         0,110,         1,116,         4,164,         1
4FC,2014/11/21 15:00:00, 50, 258.01672, 13,       154, 49,        32, 56, 1.0037853, 72, 502.28912, 73, 511.61987, 77, 33.875000, 79, 1.2153320, 83,         0,110,         1,116,         4,164,         1
47C,2014/11/21 15:01:00, 50, 255.93057, 13,       154, 49,        32, 56, 1.0037853, 72, 502.25836, 73, 511.59064, 77, 33.875000, 79, 1.2201934, 83,         0,110,         1,116,         4,164,         1
