52C,2019/07/22 19:23:00, 50, 0.0000000, 51, 0.0000000, 52, 0.0000000, 49,        64, 56, 10.582877,116,         4, 72, 217.24561, 77, 20.531250,144, 0.0000000, 84, 0.0000000, 48,       104, 16,       141
58C,2019/07/22 19:24:00, 50, 0.0000000, 51, 0.0000000, 52, 0.0000000, 49,        64, 56, 10.582877,116,         4, 72, 212.68576, 77, 21.250000,144, 0.0000000, 84, 0.0000000, 48,       104, 16,       141
55C,2019/07/22 19:25:00, 50, 0.0000000, 51, 0.0000000, 52, 0.0000000, 49,        64, 56, 10.582877,116,         4, 72, 207.94794, 77, 21.750000,144, 0.0000000, 84, 0.0000000, 48,       104, 16,       141
54C,2019/07/22 19:26:00, 50, 0.0000000, 51, 0.0000000, 52, 0.0000000, 49,        64, 56, 10.582877,116,         4, 72, 203.48990, 77, 22.281250,144, 0.0000000, 84, 0.0000000, 48,       104, 16,       141
50C,2019/07/22 19:27:00, 50, 0.0000000, 51, 0.0000000, 52, 0.0000000, 49,        64, 56, 10.582877,116,         4, 72, 199.33902, 77, 22.812500,144, 0.0000000, 84, 0.0000000, 48,       104, 16,       141
5AC,2019/07/22 19:28:01, 50, 0.0000000, 51, 0.0000000, 52, 0.0000000, 49,        64, 56, 10.582877,116,         4, 72, 193.88776, 77, 23.281250,144, 0.0000000, 84, 0.0000000, 48,       104, 16,       141
50C,2019/07/22 19:29:00, 50, 0.0000000, 51, 0.0000000, 52, 0.0000000, 49,        64, 56, 10.582877,116,         4, 72, 189.52835, 77, 23.750000,144, 0.0000000, 84, 0.0000000, 48,       104, 16,       141
56C,2019/07/22 19:30:00, 50, 0.0000000, 51, 0.0000000, 52, 0.0000000, 49,        64, 56, 10.582877,116,         4, 72, 186.01205, 77, 24.187500,144, 0.0000000, 84, 0.0000000, 48,       104, 16,       141
5DC,2019/07/22 19:31:00, 50, 0.0000000, 51, 0.0000000, 52, 0.0000000, 49,        64, 56, 10.582877,116,         4, 72, 183.67496, 77, 24.468750,144, 0.0000000, 84, 0.0000000, 48,       104, 16,       141
53C,2019/07/22 19:32:00, 50, 0.0000000, 51, 0.0000000, 52, 0.0000000, 49,        64, 56, 10.582877,116,         4, 72, 182.22235, 77, 24.875000,144, 0.0000000, 84, 0.0000000, 48,       104, 16,       141
5AC,2019/07/22 19:33:00, 50, 0.0000000, 51, 0.0000000, 52, 0.0000000, 49,        64, 56, 10.582877,116,         4, 72, 180.65472, 77, 25.250000,144, 0.0000000, 84, 0.0000000, 48,       104, 16,       141
5DC,2019/07/22 19:34:00, 50, 0.0000000, 51, 0.0000000, 52, 0.0000000, 49,        64, 56, 10.582877,116,         4, 72, 179.68927, 77, 25.625000,144, 0.0000000, 84, 0.0000000, 48,       104, 16,       141
57C,2019/07/22 19:35:00, 50, 0.0000000, 51, 0.0000000, 52, 0.0000000, 49,        64, 56, 10.582877,116,         4, 72, 178.86435, 77, 25.968750,144, 0.0000000, 84, 0.0000000, 48,       104, 16,       141
55C,2019/07/22 19:36:00, 50, 0.0000000, 51, 0.0000000, 52, 0.0000000, 49,        64, 56, 10.582877,116,         4, 72, 178.33853, 77, 26.312500,144, 0.0000000, 84, 0.0000000, 48,       104, 16,       141
56C,2019/07/22 19:37:00, 50, 0.0000000, 51, 0.0000000, 52, 0.0000000, 49,        64, 56, 10.582877,116,         4, 72, 177.79468, 77, 26.656250,144, 0.0000000, 84, 0.0000000, 48,       104, 16,       141
57C,2019/07/22 19:38:00, 50, 0.0000000, 51, 0.0000000, 52, 0.0000000, 49,        64, 56, 10.582877,116,         4, 72, 176.90329, 77, 26.937500,144, 0.0000000, 84, 0.0000000, 48,       104, 16,       141
51C,2019/07/22 19:39:00, 50, 0.0000000, 51, 0.0000000, 52, 0.0000000, 49,        64, 56, 10.582877,116,         4, 72, 175.68445, 77, 27.250000,144, 0.0000000, 84, 0.0000000, 48,       104, 16,       141
53C,2019/07/22 19:40:00, 50, 0.0000000, 51, 0.0000000, 52, 0.0000000, 49,        64, 56, 10.582877,116,         4, 72, 175.26657, 77, 27.531250,144, 0.0000000, 84, 0.0000000, 48,       104, 16,       141
5DC,2019/07/22 19:41:00, 50, 0.0000000, 51, 0.0000000, 52, 0.0000000, 49,        64, 56, 10.582877,116,         4, 72, 174.62848, 77, 27.812500,144, 0.0000000, 84, 0.0000000, 48,       104, 16,       141
5FC,2019/07/22 19:42:00, 50, 0.0000000, 51, 0.0000000, 52, 0.0000000, 49,        64, 56, 10.582877,116,         4, 72, 174.20773, 77, 28.062500,144, 0.0000000, 84, 0.0000000, 48,       104, 16,       141
53C,2019/07/22 19:43:00, 50, 0.0000000, 51, 0.0000000, 52, 0.0000000, 49,        64, 56, 10.582877,116,         4, 72, 173.78662, 77, 28.250000,144, 0.0000000, 84, 0.0000000, 48,       104, 16,       141
57C,2019/07/22 19:44:00, 50, 0.0000000, 51, 0.0000000, 52, 0.0000000, 49,        64, 56, 10.582877,116,         4, 72, 173.72955, 77, 28.500000,144, 0.0000000, 84, 0.0000000, 48,       104, 16,       141
51C,2019/07/22 19:45:00, 50, 0.0000000, 51, 0.0000000, 52, 0.0000000, 49,        64, 56, 10.582877,116,         4, 72, 174.32455, 77, 28.718750,144, 0.0000000, 84, 0.0000000, 48,       104, 16,       141
55C,2019/07/22 19:46:00, 50, 0.0000000, 51, 0.0000000, 52, 0.0000000, 49,        64, 56, 10.582877,116,         4, 72, 174.26453, 77, 28.906250,144, 0.0000000, 84, 0.0000000, 48,       104, 16,       141
55C,2019/07/22 19:47:00, 50, 0.0000000, 51, 0.0000000, 52, 0.0000000, 49,        64, 56, 10.582877,116,         4, 72, 173.48883, 77, 29.125000,144, 0.0000000, 84, 0.0000000, 48,       104, 16,       141
5BC,2019/07/22 19:48:00, 50, 0.0000000, 51, 0.0000000, 52, 0.0000000, 49,        64, 56, 10.582877,116,         4, 72, 172.70190, 77, 29.343750,144, 0.0000000, 84, 0.0000000, 48,       104, 16,       141
51C,2019/07/22 19:49:00, 50, 0.0000000, 51, 0.0000000, 52, 0.0000000, 49,        64, 56, 10.582877,116,         4, 72, 172.48169, 77, 29.531250,144, 0.0000000, 84, 0.0000000, 48,       104, 16,       141
5FC,2019/07/22 19:50:00, 50, 0.0000000, 51, 0.0000000, 52, 0.0000000, 49,        64, 56, 10.582877,116,         4, 72, 173.04782, 77, 29.718750,144, 0.0000000, 84, 0.0000000, 48,       104, 16,       141
52C,2019/07/22 19:51:00, 50, 0.0000000, 51, 0.0000000, 52, 0.0000000, 49,        64, 56, 10.582877,116,         4, 72, 173.76761, 77, 29.937500,144, 0.0000000, 84, 0.0000000, 48,       104, 16,       141
58C,2019/07/22 19:52:00, 50, 0.0000000, 51, 0.0000000, 52, 0.0000000, 49,        64, 56, 10.582877,116,         4, 72, 173.30267, 77, 30.093750,144, 0.0000000, 84, 0.0000000, 48,       104, 16,       141
5DC,2019/07/22 19:53:00, 50, 0.0000000, 51, 0.0000000, 52, 0.0000000, 49,        64, 56, 10.582877,116,         4, 72, 172.98022, 77, 30.281250,144, 0.0000000, 84, 0.0000000, 48,       104, 16,       141
53C,2019/07/22 19:54:00, 50, 0.0000000, 51, 0.0000000, 52, 0.0000000, 49,        64, 56, 10.582877,116,         4, 72, 173.87561, 77, 30.468750,144, 0.0000000, 84, 0.0000000, 48,       104, 16,       141
5AC,2019/07/22 19:55:00, 50, 0.0000000, 51, 0.0000000, 52, 0.0000000, 49,        64, 56, 10.582877,116,         4, 72, 174.48895, 77, 30.656250,144, 0.0000000, 84, 0.0000000, 48,       104, 16,       141
5CC,2019/07/22 19:56:00, 50, 0.0000000, 51, 0.0000000, 52, 0.0000000, 49,        64, 56, 10.582877,116,         4, 72, 175.34146, 77, 30.875000,144, 0.0000000, 84, 0.0000000, 48,       104, 16,       141
57C,2019/07/22 19:57:00, 50, 0.0000000, 51, 0.0000000, 52, 0.0000000, 49,        64, 56, 10.582877,116,         4, 72, 176.03598, 77, 31.062500,144, 0.0000000, 84, 0.0000000, 48,       104, 16,       141
58C,2019/07/22 19:58:00, 50, 0.0000000, 51, 0.0000000, 52, 0.0000000, 49,        64, 56, 10.582877,116,         4, 72, 175.66452, 77, 31.343750,144, 0.0000000, 84, 0.0000000, 48,       104, 16,       141
52C,2019/07/22 19:59:00, 50, 1.1741781, 51, 17.071976, 52, 15.897799, 49,        64, 56, 10.582877,116,         4, 72, 174.25613, 77, 31.593750,144, 0.0000000, 84, 0.0000000, 48,       104, 16,       141
5EC,2019/07/22 20:00:00, 50, 7.6087914, 51, 94.765388, 52, 87.156601, 49,        64, 56, 10.582877,116,         4, 72, 174.46979, 77, 31.750000,144, 0.0000000, 84, 0.0000000, 48,       104, 16,       141
54C,2019/07/22 20:01:00, 50, 96.676910, 51, 221.72061, 52, 125.04370, 49,        64, 56, 10.582877,116,         4, 72, 175.08218, 77, 31.781250,144, 0.0000000, 84, 0.0000000, 48,       104, 16,       141
58C,2019/07/22 20:02:00, 50, 144.53818, 51, 112.91631, 52,-31.621883, 49,        64, 56, 10.582877,116,         4, 72, 175.38657, 77, 31.812500,144, 0.0000000, 84, 0.0000000, 48,       104, 16,       141
54C,2019/07/22 20:03:00, 50, 41.539543, 51, 161.73312, 52, 120.19359, 49,        64, 56, 10.582877,116,         4, 72, 175.00931, 77, 31.937500,144, 0.0000000, 84, 0.0000000, 48,       104, 16,       141
53C,2019/07/22 20:04:00, 50, 141.33536, 51, 218.22971, 52, 76.894348, 49,        64, 56, 10.582877,116,         4, 72, 173.31567, 77, 32.156250,144, 0.0000000, 84, 0.0000000, 48,       104, 16,       141
54C,2019/07/22 20:05:00, 50, 157.03125, 51, 241.18877, 52, 84.157516, 49,        64, 56, 10.582877,116,         4, 72, 172.88474, 77, 32.312500,144, 0.0000000, 84, 0.0000000, 48,       104, 16,       141
57C,2019/07/22 20:06:00, 50, 17.766853, 51, 106.41521, 52, 88.648361, 49,        64, 56, 10.582877,116,         4, 72, 173.70554, 77, 32.468750,144, 0.0000000, 84, 0.0000000, 48,       104, 16,       141
55C,2019/07/22 20:07:00, 50,-1.6212983, 51, 56.788273, 52, 58.409569, 49,        64, 56, 10.582877,116,         4, 72, 174.39624, 77, 32.625000,144, 0.0000000, 84, 0.0000000, 48,       104, 16,       141
57C,2019/07/22 20:08:00, 50, 36.426041, 51, 113.23586, 52, 76.809814, 49,        64, 56, 10.582877,116,         4, 72, 175.33487, 77, 32.781250,144, 0.0000000, 84, 0.0000000, 48,       104, 16,       141
5AC,2019/07/22 20:09:00, 50, 33.168922, 51, 83.596672, 52, 50.427750, 49,        64, 56, 10.582877,116,         4, 72, 176.15659, 77, 32.968750,144, 0.0000000, 84, 0.0000000, 48,       104, 16,       141
5BC,2019/07/22 20:10:00, 50, 55.505974, 51, 90.477257, 52, 34.971283, 49,        64, 56, 10.582877,116,         4, 72, 177.28876, 77, 33.156250,144, 0.0000000, 84, 0.0000000, 48,       104, 16,       141
59C,2019/07/22 20:11:00, 50, 37.647385, 51, 100.21541, 52, 62.568024, 49,        64, 56, 10.582877,116,         4, 72, 177.98636, 77, 33.312500,144, 0.0000000, 84, 0.0000000, 48,       104, 16,       141
5AC,2019/07/22 20:12:00, 50, 69.489716, 51, 151.44096, 52, 81.951248, 49,        64, 56, 10.582877,116,         4, 72, 178.38467, 77, 33.468750,144, 0.0000000, 84, 0.0000000, 48,       104, 16,       141
5CC,2019/07/22 20:13:00, 50, 90.647614, 51, 95.867126, 52, 5.2195148, 49,        64, 56, 10.582877,116,         4, 72, 178.56516, 77, 33.656250,144, 0.0000000, 84, 0.0000000, 48,       104, 16,       141
52C,2019/07/22 20:14:00, 50, 126.08727, 51, 213.87256, 52, 87.785294, 49,        64, 56, 10.582877,116,         4, 72, 178.51425, 77, 33.812500,144, 0.0000000, 84, 0.0000000, 48,       104, 16,       141
51C,2019/07/22 20:15:00, 50, 86.042099, 51, 161.06381, 52, 75.021713, 49,        64, 56, 10.582877,116,         4, 72, 178.96881, 77, 33.937500,144, 0.0000000, 84, 0.0000000, 48,       104, 16,       141
53C,2019/07/22 20:16:00, 50, 140.07428, 51, 195.69978, 52, 55.625504, 49,        64, 56, 10.582877,116,         4, 72, 179.14453, 77, 34.093750,144, 0.0000000, 84, 0.0000000, 48,       104, 16,       141
58C,2019/07/22 20:17:00, 50, 172.35880, 51, 213.50964, 52, 41.150848, 49,        64, 56, 10.582877,116,         4, 72, 179.28867, 77, 34.250000,144, 0.0000000, 84, 0.0000000, 48,       104, 16,       141
57C,2019/07/22 20:18:00, 50, 52.908119, 51, 140.85333, 52, 87.945221, 49,        64, 56, 10.582877,116,         4, 72, 179.68127, 77, 34.437500,144, 0.0000000, 84, 0.0000000, 48,       104, 16,       141
55C,2019/07/22 20:19:00, 50, 59.220322, 51, 94.639626, 52, 35.419304, 49,        64, 56, 10.582877,116,         4, 72, 179.65967, 77, 34.562500,144, 0.0000000, 84, 0.0000000, 48,       104, 16,       141
5EC,2019/07/22 20:20:00, 50, 69.119385, 51, 85.683632, 52, 16.564251, 49,        64, 56, 10.582877,116,         4, 72, 180.19675, 77, 34.687500,144, 0.0000000, 84, 0.0000000, 48,       104, 16,       141
5FC,2019/07/22 20:21:00, 50, 79.934616, 51, 100.95719, 52, 21.022579, 49,        64, 56, 10.582877,116,         4, 72, 180.68054, 77, 34.843750,144, 0.0000000, 84, 0.0000000, 48,       104, 16,       141
5FC,2019/07/22 20:22:00, 50, 88.857224, 51, 90.215965, 52, 1.3587472, 49,        64, 56, 10.582877,116,         4, 72, 180.77094, 77, 34.968750,144, 0.0000000, 84, 0.0000000, 48,       104, 16,       141
59C,2019/07/22 20:23:00, 50, 105.87177, 51, 45.713608, 52,-60.158157, 49,        64, 56, 10.582877,116,         4, 72, 181.36813, 77, 35.125000,144, 0.0000000, 84, 0.0000000, 48,       104, 16,       141
52C,2019/07/22 20:24:00, 50, 159.38776, 51, 225.88394, 52, 66.496185, 49,        64, 56, 10.582877,116,         4, 72, 181.22659, 77, 35.250000,144, 0.0000000, 84, 0.0000000, 48,       104, 16,       141
5DC,2019/07/22 20:25:00, 50, 34.223724, 51, 93.597282, 52, 59.373558, 49,        64, 56, 10.582877,116,         4, 72, 180.80338, 77, 35.375000,144, 0.0000000, 84, 0.0000000, 48,       104, 16,       141
54C,2019/07/22 20:26:00, 50, 57.060280, 51, 93.738319, 52, 36.678040, 49,        64, 56, 10.582877,116,         4, 72, 180.40704, 77, 35.468750,144, 0.0000000, 84, 0.0000000, 48,       104, 16,       141
5FC,2019/07/22 20:27:00, 50, 54.325462, 51, 72.831429, 52, 18.505970, 49,        64, 56, 10.582877,116,         4, 72, 180.58353, 77, 35.562500,144, 0.0000000, 84, 0.0000000, 48,       104, 16,       141
57C,2019/07/22 20:28:00, 50, 40.676903, 51, 76.315742, 52, 35.638840, 49,        64, 56, 10.582877,116,         4, 72, 181.28531, 77, 35.718750,144, 0.0000000, 84, 0.0000000, 48,       104, 16,       141
56C,2019/07/22 20:29:00, 50, 47.970100, 51, 157.20706, 52, 109.23697, 49,        64, 56, 10.582877,116,         4, 72, 181.85464, 77, 35.812500,144, 0.0000000, 84, 0.0000000, 48,       104, 16,       141
5BC,2019/07/22 20:30:00, 50, 57.680008, 51, 105.96930, 52, 48.289291, 49,        64, 56, 10.582877,116,         4, 72, 182.39972, 77, 35.906250,144, 0.0000000, 84, 0.0000000, 48,       104, 16,       141
53C,2019/07/22 20:31:00, 50, 43.457886, 51, 79.000519, 52, 35.542633, 49,        64, 56, 10.582877,116,         4, 72, 182.57721, 77, 36.031250,144, 0.0000000, 84, 0.0000000, 48,       104, 16,       141
59C,2019/07/22 20:32:00, 50, 67.872391, 51, 91.299370, 52, 23.426979, 49,        64, 56, 10.582877,116,         4, 72, 182.83807, 77, 36.125000,144, 0.0000000, 84, 0.0000000, 48,       104, 16,       141
50C,2019/07/22 20:33:00, 50, 44.146393, 51, 111.53848, 52, 67.392090, 49,        64, 56, 10.582877,116,         4, 72, 183.24905, 77, 36.250000,144, 0.0000000, 84, 0.0000000, 48,       104, 16,       141
5DC,2019/07/22 20:34:00, 50, 22.957840, 51, 85.686867, 52, 62.729027, 49,        64, 56, 10.582877,116,         4, 72, 183.58740, 77, 36.343750,144, 0.0000000, 84, 0.0000000, 48,       104, 16,       141
5BC,2019/07/22 20:35:00, 50, 92.182236, 51, 136.15630, 52, 43.974060, 49,        64, 56, 10.582877,116,         4, 72, 183.88162, 77, 36.437500,144, 0.0000000, 84, 0.0000000, 48,       104, 16,       141
51C,2019/07/22 20:36:00, 50, 118.88313, 51, 192.16478, 52, 73.281647, 49,        64, 56, 10.582877,116,         4, 72, 183.84094, 77, 36.562500,144, 0.0000000, 84, 0.0000000, 48,       104, 16,       141
55C,2019/07/22 20:37:00, 50, 69.559845, 51, 114.88594, 52, 45.326096, 49,        64, 56, 10.582877,116,         4, 72, 183.64297, 77, 36.625000,144, 0.0000000, 84, 0.0000000, 48,       104, 16,       141
5AC,2019/07/22 20:38:00, 50, 68.073303, 51, 114.03405, 52, 45.960747, 49,        64, 56, 10.582877,116,         4, 72, 183.62454, 77, 36.750000,144, 0.0000000, 84, 0.0000000, 48,       104, 16,       141
59C,2019/07/22 20:39:00, 50, 115.24924, 51, 162.59210, 52, 47.342865, 49,        64, 56, 10.582877,116,         4, 72, 183.54672, 77, 36.812500,144, 0.0000000, 84, 0.0000000, 48,       104, 16,       141
55C,2019/07/22 20:40:00, 50, 111.18121, 51, 149.10841, 52, 37.927200, 49,        64, 56, 10.582877,116,         4, 72, 183.85617, 77, 36.906250,144, 0.0000000, 84, 0.0000000, 48,       104, 16,       141
57C,2019/07/22 20:41:00, 50, 50.903664, 51, 71.953705, 52, 21.050041, 49,        64, 56, 10.582877,116,         4, 72, 184.14398, 77, 36.968750,144, 0.0000000, 84, 0.0000000, 48,       104, 16,       141
58C,2019/07/22 20:42:00, 50, 29.496471, 51, 78.707657, 52, 49.211189, 49,        64, 56, 10.582877,116,         4, 72, 184.33856, 77, 37.062500,144, 0.0000000, 84, 0.0000000, 48,       104, 16,       141
5CC,2019/07/22 20:43:00, 50, 63.464539, 51, 109.62881, 52, 46.164268, 49,        64, 56, 10.582877,116,         4, 72, 184.42776, 77, 37.156250,144, 0.0000000, 84, 0.0000000, 48,       104, 16,       141
59C,2019/07/22 20:44:00, 50, 69.474838, 51, 119.40922, 52, 49.934380, 49,        64, 56, 10.582877,116,         4, 72, 184.38196, 77, 37.218750,144, 0.0000000, 84, 0.0000000, 48,       104, 16,       141
5CC,2019/07/22 20:45:00, 50, 141.07422, 51, 234.37782, 52, 93.303604, 49,        64, 56, 10.582877,116,         4, 72, 184.60168, 77, 37.312500,144, 0.0000000, 84, 0.0000000, 48,       104, 16,       141
5FC,2019/07/22 20:46:00, 50, 110.87683, 51, 159.71533, 52, 48.838501, 49,        64, 56, 10.582877,116,         4, 72, 184.94730, 77, 37.375000,144, 0.0000000, 84, 0.0000000, 48,       104, 16,       141
5BC,2019/07/22 20:47:00, 50, 81.805588, 51, 136.18956, 52, 54.383980, 49,        64, 56, 10.582877,116,         4, 72, 185.12970, 77, 37.468750,144, 0.0000000, 84, 0.0000000, 48,       104, 16,       141
57C,2019/07/22 20:48:00, 50, 56.106567, 51, 124.52115, 52, 68.414581, 49,        64, 56, 10.582877,116,         4, 72, 185.51965, 77, 37.531250,144, 0.0000000, 84, 0.0000000, 48,       104, 16,       141
56C,2019/07/22 20:49:00, 50, 58.739601, 51, 158.82591, 52, 100.08632, 49,        64, 56, 10.582877,116,         4, 72, 185.62939, 77, 37.593750,144, 0.0000000, 84, 0.0000000, 48,       104, 16,       141
52C,2019/07/22 20:50:00, 50, 61.513229, 51, 124.95422, 52, 63.440987, 49,        64, 56, 10.582877,116,         4, 72, 185.79407, 77, 37.687500,144, 0.0000000, 84, 0.0000000, 48,       104, 16,       141
5AC,2019/07/22 20:51:00, 50, 50.386864, 51, 87.682030, 52, 37.295166, 49,        64, 56, 10.582877,116,         4, 72, 185.63113, 77, 37.750000,144, 0.0000000, 84, 0.0000000, 48,       104, 16,       141
51C,2019/07/22 20:52:00, 50, 35.888351, 51, 92.766762, 52, 56.878410, 49,        64, 56, 10.582877,116,         4, 72, 185.63684, 77, 37.843750,144, 0.0000000, 84, 0.0000000, 48,       104, 16,       141
5EC,2019/07/22 20:53:01, 50, 55.594780, 51, 149.88939, 52, 94.294617, 49,        64, 56, 10.582877,116,         4, 72, 185.49005, 77, 37.906250,144, 0.0000000, 84, 0.0000000, 48,       104, 16,       141
54C,2019/07/22 20:54:00, 50, 49.647118, 51, 104.77256, 52, 55.125443, 49,        64, 56, 10.582877,116,         4, 72, 185.58917, 77, 37.968750,144, 0.0000000, 84, 0.0000000, 48,       104, 16,       141
59C,2019/07/22 20:55:00, 50, 47.809372, 51, 95.317886, 52, 47.508514, 49,        64, 56, 10.582877,116,         4, 72, 186.11798, 77, 38.031250,144, 0.0000000, 84, 0.0000000, 48,       104, 16,       141
58C,2019/07/22 20:56:00, 50, 29.632706, 51, 100.42789, 52, 70.795181, 49,        64, 56, 10.582877,116,         4, 72, 186.46262, 77, 38.093750,144, 0.0000000, 84, 0.0000000, 48,       104, 16,       141
5FC,2019/07/22 20:57:00, 50, 43.499794, 51, 96.811913, 52, 53.312119, 49,        64, 56, 10.582877,116,         4, 72, 186.70093, 77, 38.156250,144, 0.0000000, 84, 0.0000000, 48,       104, 16,       141
5FC,2019/07/22 20:58:00, 50, 53.107132, 51, 101.07747, 52, 47.970337, 49,        64, 56, 10.582877,116,         4, 72, 186.79300, 77, 38.218750,144, 0.0000000, 84, 0.0000000, 48,       104, 16,       141
5FC,2019/07/22 20:59:00, 50, 98.453690, 51, 167.45042, 52, 68.996735, 49,        64, 56, 10.582877,116,         4, 72, 186.74091, 77, 38.312500,144, 0.0000000, 84, 0.0000000, 48,       104, 16,       141
59C,2019/07/22 21:00:00, 50, 30.183830, 51, 132.25095, 52, 102.06712, 49,        64, 56, 10.582877,116,         4, 72, 186.67844, 77, 38.343750,144, 0.0000000, 84, 0.0000000, 48,       104, 16,       141
53C,2019/07/22 21:01:00, 50, 40.185585, 51, 76.063339, 52, 35.877754, 49,        64, 56, 10.582877,116,         4, 72, 186.70380, 77, 38.437500,144, 0.0000000, 84, 0.0000000, 48,       104, 16,       141
5BC,2019/07/22 21:02:00, 50, 49.035828, 51, 105.97548, 52, 56.939651, 49,        64, 56, 10.582877,116,         4, 72, 186.64713, 77, 38.468750,144, 0.0000000, 84, 0.0000000, 48,       104, 16,       141
5FC,2019/07/22 21:03:00, 50, 25.913090, 51, 68.365669, 52, 42.452583, 49,        64, 56, 10.582877,116,         4, 72, 186.73816, 77, 38.531250,144, 0.0000000, 84, 0.0000000, 48,       104, 16,       141
5BC,2019/07/22 21:04:00, 50, 28.629150, 51, 92.543205, 52, 63.914055, 49,        64, 56, 10.582877,116,         4, 72, 186.98898, 77, 38.593750,144, 0.0000000, 84, 0.0000000, 48,       104, 16,       141
52C,2019/07/22 21:05:00, 50, 23.934933, 51, 74.551453, 52, 50.616524, 49,        64, 56, 10.582877,116,         4, 72, 187.32584, 77, 38.625000,144, 0.0000000, 84, 0.0000000, 48,       104, 16,       141
50C,2019/07/22 21:06:00, 50, 24.094810, 51, 83.380661, 52, 59.285851, 49,        64, 56, 10.582877,116,         4, 72, 187.44601, 77, 38.656250,144, 0.0000000, 84, 0.0000000, 48,       104, 16,       141
57C,2019/07/22 21:07:00, 50, 20.600948, 51, 73.611206, 52, 53.010262, 49,        64, 56, 10.582877,116,         4, 72, 187.45703, 77, 38.687500,144, 0.0000000, 84, 0.0000000, 48,       104, 16,       141
51C,2019/07/22 21:08:00, 50, 18.208897, 51, 37.856472, 52, 19.647575, 49,        64, 56, 10.582877,116,         4, 72, 187.37753, 77, 38.750000,144, 0.0000000, 84, 0.0000000, 48,       104, 16,       141
5CC,2019/07/22 21:09:00, 50, 23.000504, 51, 70.667870, 52, 47.667366, 49,        64, 56, 10.582877,116,         4, 72, 187.31882, 77, 38.750000,144, 0.0000000, 84, 0.0000000, 48,       104, 16,       141
5DC,2019/07/22 21:10:00, 50, 16.125130, 51, 61.884720, 52, 45.759590, 49,        64, 56, 10.582877,116,         4, 72, 187.14972, 77, 38.781250,144, 0.0000000, 84, 0.0000000, 48,       104, 16,       141
53C,2019/07/22 21:11:00, 50, 41.291565, 51, 73.019432, 52, 31.727867, 49,        64, 56, 10.582877,116,         4, 72, 186.91342, 77, 38.781250,144, 0.0000000, 84, 0.0000000, 48,       104, 16,       141
56C,2019/07/22 21:12:00, 50, 34.799942, 51, 97.306351, 52, 62.506409, 49,        64, 56, 10.582877,116,         4, 72, 186.68155, 77, 38.843750,144, 0.0000000, 84, 0.0000000, 48,       104, 16,       141
58C,2019/07/22 21:13:00, 50, 78.440750, 51, 159.34210, 52, 80.901352, 49,        64, 56, 10.582877,116,         4, 72, 186.56183, 77, 38.843750,144, 0.0000000, 84, 0.0000000, 48,       104, 16,       141
52C,2019/07/22 21:14:00, 50, 45.127594, 51, 117.63362, 52, 72.506027, 49,        64, 56, 10.582877,116,         4, 72, 186.61508, 77, 38.906250,144, 0.0000000, 84, 0.0000000, 48,       104, 16,       141
5CC,2019/07/22 21:15:00, 50, 42.081078, 51, 71.959816, 52, 29.878738, 49,        64, 56, 10.582877,116,         4, 72, 186.50421, 77, 38.937500,144, 0.0000000, 84, 0.0000000, 48,       104, 16,       141
56C,2019/07/22 21:16:00, 50, 62.916367, 51, 109.42574, 52, 46.509377, 49,        64, 56, 10.582877,116,         4, 72, 186.70206, 77, 39.000000,144, 0.0000000, 84, 0.0000000, 48,       104, 16,       141
52C,2019/07/22 21:17:00, 50, 72.785416, 51, 112.03382, 52, 39.248405, 49,        64, 56, 10.582877,116,         4, 72, 186.97742, 77, 39.031250,144, 0.0000000, 84, 0.0000000, 48,       104, 16,       141
5BC,2019/07/22 21:18:00, 50, 171.01520, 51, 62.985428, 52,-108.02977, 49,        64, 56, 10.582877,116,         4, 72, 187.00912, 77, 39.125000,144, 0.0000000, 84, 0.0000000, 48,       104, 16,       141
56C,2019/07/22 21:19:00, 50, 139.35486, 51, 205.68419, 52, 66.329330, 49,        64, 56, 10.582877,116,         4, 72, 186.15930, 77, 39.156250,144, 0.0000000, 84, 0.0000000, 48,       104, 16,       141
5DC,2019/07/22 21:20:00, 50, 191.45593, 51, 151.14299, 52,-40.312943, 49,        64, 56, 10.582877,116,         4, 72, 185.19064, 77, 39.187500,144, 0.0000000, 84, 0.0000000, 48,       104, 16,       141
5EC,2019/07/22 21:21:00, 50, 200.42056, 51, 302.85590, 52, 102.43533, 49,        64, 56, 10.582877,116,         4, 72, 185.09326, 77, 39.218750,144, 0.0000000, 84, 0.0000000, 48,       104, 16,       141
56C,2019/07/22 21:22:00, 50, 141.22156, 51, 195.90614, 52, 54.684586, 49,        64, 56, 10.582877,116,         4, 72, 185.26245, 77, 39.281250,144, 0.0000000, 84, 0.0000000, 48,       104, 16,       141
56C,2019/07/22 21:23:00, 50, 92.367218, 51, 119.69690, 52, 27.329681, 49,        64, 56, 10.582877,116,         4, 72, 185.61374, 77, 39.312500,144, 0.0000000, 84, 0.0000000, 48,       104, 16,       141
54C,2019/07/22 21:24:00, 50, 131.30606, 51, 159.32553, 52, 28.019478, 49,        64, 56, 10.582877,116,         4, 72, 185.73749, 77, 39.343750,144, 0.0000000, 84, 0.0000000, 48,       104, 16,       141
50C,2019/07/22 21:25:00, 50, 94.597641, 51, 110.96695, 52, 16.369312, 49,        64, 56, 10.582877,116,         4, 72, 184.72647, 77, 39.375000,144, 0.0000000, 84, 0.0000000, 48,       104, 16,       141
59C,2019/07/22 21:26:00, 50, 151.09518, 51, 240.83850, 52, 89.743317, 49,        64, 56, 10.582877,116,         4, 72, 183.98755, 77, 39.406250,144, 0.0000000, 84, 0.0000000, 48,       104, 16,       141
57C,2019/07/22 21:27:00, 50, 178.29230, 51, 193.27223, 52, 14.979939, 49,        64, 56, 10.582877,116,         4, 72, 183.75412, 77, 39.406250,144, 0.0000000, 84, 0.0000000, 48,       104, 16,       141
5FC,2019/07/22 21:28:00, 50, 109.43826, 51, 217.37770, 52, 107.93944, 49,        64, 56, 10.582877,116,         4, 72, 183.71820, 77, 39.437500,144, 0.0000000, 84, 0.0000000, 48,       104, 16,       141
58C,2019/07/22 21:29:00, 50, 42.625343, 51, 95.093498, 52, 52.468155, 49,        64, 56, 10.582877,116,         4, 72, 183.95590, 77, 39.437500,144, 0.0000000, 84, 0.0000000, 48,       104, 16,       141
55C,2019/07/22 21:30:00, 50, 23.438263, 51, 76.312508, 52, 52.874245, 49,        64, 56, 10.582877,116,         4, 72, 184.59866, 77, 39.437500,144, 0.0000000, 84, 0.0000000, 48,       104, 16,       141
55C,2019/07/22 21:31:00, 50, 38.506325, 51, 86.028061, 52, 47.521736, 49,        64, 56, 10.582877,116,         4, 72, 185.53415, 77, 39.437500,144, 0.0000000, 84, 0.0000000, 48,       104, 16,       141
5CC,2019/07/22 21:32:00, 50, 40.442032, 51, 82.681870, 52, 42.239838, 49,        64, 56, 10.582877,116,         4, 72, 186.08249, 77, 39.437500,144, 0.0000000, 84, 0.0000000, 48,       104, 16,       141
5DC,2019/07/22 21:33:00, 50, 64.157303, 51, 76.186958, 52, 12.029655, 49,        64, 56, 10.582877,116,         4, 72, 186.52014, 77, 39.437500,144, 0.0000000, 84, 0.0000000, 48,       104, 16,       141
57C,2019/07/22 21:34:00, 50, 71.968979, 51, 128.28607, 52, 56.317101, 49,        64, 56, 10.582877,116,         4, 72, 187.23007, 77, 39.468750,144, 0.0000000, 84, 0.0000000, 48,       104, 16,       141
51C,2019/07/22 21:35:00, 50, 36.167030, 51, 87.038902, 52, 50.871872, 49,        64, 56, 10.582877,116,         4, 72, 187.84534, 77, 39.468750,144, 0.0000000, 84, 0.0000000, 48,       104, 16,       141
54C,2019/07/22 21:36:00, 50, 73.705627, 51, 105.88210, 52, 32.176476, 49,        64, 56, 10.582877,116,         4, 72, 188.33762, 77, 39.500000,144, 0.0000000, 84, 0.0000000, 48,       104, 16,       141
50C,2019/07/22 21:37:00, 50, 73.018814, 51, 142.01227, 52, 68.993454, 49,        64, 56, 10.582877,116,         4, 72, 188.56799, 77, 39.468750,144, 0.0000000, 84, 0.0000000, 48,       104, 16,       141
51C,2019/07/22 21:38:00, 50, 54.444031, 51, 140.91872, 52, 86.474686, 49,        64, 56, 10.582877,116,         4, 72, 188.70395, 77, 39.500000,144, 0.0000000, 84, 0.0000000, 48,       104, 16,       141
54C,2019/07/22 21:39:00, 50, 61.397018, 51, 101.82871, 52, 40.431694, 49,        64, 56, 10.582877,116,         4, 72, 188.86249, 77, 39.531250,144, 0.0000000, 84, 0.0000000, 48,       104, 16,       141
5AC,2019/07/22 21:40:00, 50, 55.814362, 51, 85.587273, 52, 29.772911, 49,        64, 56, 10.582877,116,         4, 72, 188.99747, 77, 39.531250,144, 0.0000000, 84, 0.0000000, 48,       104, 16,       141
50C,2019/07/22 21:41:00, 50, 18.242992, 51, 76.368172, 52, 58.125183, 49,        64, 56, 10.582877,116,         4, 72, 189.19748, 77, 39.531250,144, 0.0000000, 84, 0.0000000, 48,       104, 16,       141
53C,2019/07/22 21:42:00, 50, 30.845985, 51, 78.678017, 52, 47.832031, 49,        64, 56, 10.582877,116,         4, 72, 189.23389, 77, 39.531250,144, 0.0000000, 84, 0.0000000, 48,       104, 16,       141
5DC,2019/07/22 21:43:00, 50, 17.095669, 51, 63.980694, 52, 46.885025, 49,        64, 56, 10.582877,116,         4, 72, 189.21320, 77, 39.562500,144, 0.0000000, 84, 0.0000000, 48,       104, 16,       141
59C,2019/07/22 21:44:00, 50, 16.085979, 51, 43.544044, 52, 27.458065, 49,        64, 56, 10.582877,116,         4, 72, 189.29843, 77, 39.593750,144, 0.0000000, 84, 0.0000000, 48,       104, 16,       141
50C,2019/07/22 21:45:00, 50, 18.892483, 51, 104.33587, 52, 85.443390, 49,        64, 56, 10.582877,116,         4, 72, 189.04987, 77, 39.593750,144, 0.0000000, 84, 0.0000000, 48,       104, 16,       141
5FC,2019/07/22 21:46:00, 50, 36.742538, 51, 69.528824, 52, 32.786285, 49,        64, 56, 10.582877,116,         4, 72, 188.89609, 77, 39.625000,144, 0.0000000, 84, 0.0000000, 48,       104, 16,       141
54C,2019/07/22 21:47:00, 50, 56.616051, 51, 146.37288, 52, 89.756836, 49,        64, 56, 10.582877,116,         4, 72, 188.25787, 77, 39.656250,144, 0.0000000, 84, 0.0000000, 48,       104, 16,       141
5FC,2019/07/22 21:48:00, 50, 104.40147, 51, 105.33803, 52, 0.9365602, 49,        64, 56, 10.582877,116,         4, 72, 187.07007, 77, 39.687500,144, 0.0000000, 84, 0.0000000, 48,       104, 16,       141
51C,2019/07/22 21:49:00, 50, 116.37611, 51, 131.30586, 52, 14.929752, 49,        64, 56, 10.582877,116,         4, 72, 186.50815, 77, 39.750000,144, 0.0000000, 84, 0.0000000, 48,       104, 16,       141
57C,2019/07/22 21:50:00, 50, 142.06845, 51, 186.53316, 52, 44.464714, 49,        64, 56, 10.582877,116,         4, 72, 186.37991, 77, 39.781250,144, 0.0000000, 84, 0.0000000, 48,       104, 16,       141
52C,2019/07/22 21:51:00, 50, 146.12784, 51, 225.83604, 52, 79.708206, 49,        64, 56, 10.582877,116,         4, 72, 186.38058, 77, 39.843750,144, 0.0000000, 84, 0.0000000, 48,       104, 16,       141
59C,2019/07/22 21:52:00, 50, 69.078369, 51, 111.22439, 52, 42.146019, 49,        64, 56, 10.582877,116,         4, 72, 185.34375, 77, 39.875000,144, 0.0000000, 84, 0.0000000, 48,       104, 16,       141
57C,2019/07/22 21:53:00, 50, 87.771622, 51, 206.34129, 52, 118.56967, 49,        64, 56, 10.582877,116,         4, 72, 182.01364, 77, 39.937500,144, 0.0000000, 84, 0.0000000, 48,       104, 16,       141
54C,2019/07/22 21:54:00, 50, 146.67862, 51, 247.49005, 52, 100.81143, 49,        64, 56, 10.582877,116,         4, 72, 178.53067, 77, 39.968750,144, 0.0000000, 84, 0.0000000, 48,       104, 16,       141
58C,2019/07/22 21:55:00, 50, 69.782440, 51, 103.01125, 52, 33.228806, 49,        64, 56, 10.582877,116,         4, 72, 175.54202, 77, 40.031250,144, 0.0000000, 84, 0.0000000, 48,       104, 16,       141
5EC,2019/07/22 21:56:00, 50, 94.700180, 51, 155.61134, 52, 60.911171, 49,        64, 56, 10.582877,116,         4, 72, 174.82050, 77, 40.031250,144, 0.0000000, 84, 0.0000000, 48,       104, 16,       141
54C,2019/07/22 21:57:00, 50, 51.277893, 51, 93.387100, 52, 42.109207, 49,        64, 56, 10.582877,116,         4, 72, 175.61905, 77, 40.093750,144, 0.0000000, 84, 0.0000000, 48,       104, 16,       141
55C,2019/07/22 21:58:00, 50, 51.336594, 51, 75.228302, 52, 23.891708, 49,        64, 56, 10.582877,116,         4, 72, 176.88483, 77, 40.125000,144, 0.0000000, 84, 0.0000000, 48,       104, 16,       141
59C,2019/07/22 21:59:00, 50, 36.888412, 51, 91.361275, 52, 54.472862, 49,        64, 56, 10.582877,116,         4, 72, 178.27078, 77, 40.156250,144, 0.0000000, 84, 0.0000000, 48,       104, 16,       141
55C,2019/07/22 22:00:00, 50, 50.250488, 51, 98.539207, 52, 48.288719, 49,        64, 56, 10.582877,116,         4, 72, 179.67551, 77, 40.187500,144, 0.0000000, 84, 0.0000000, 48,       104, 16,       141
5DC,2019/07/22 22:01:00, 50, 40.047638, 51, 57.779285, 52, 17.731647, 49,        64, 56, 10.582877,116,         4, 72, 181.00204, 77, 40.250000,144, 0.0000000, 84, 0.0000000, 48,       104, 16,       141
5EC,2019/07/22 22:02:00, 50, 34.408058, 51, 83.372223, 52, 48.964165, 49,        64, 56, 10.582877,116,         4, 72, 181.83517, 77, 40.281250,144, 0.0000000, 84, 0.0000000, 48,       104, 16,       141
5BC,2019/07/22 22:03:00, 50, 52.256554, 51, 105.75133, 52, 53.494774, 49,        64, 56, 10.582877,116,         4, 72, 182.90353, 77, 40.281250,144, 0.0000000, 84, 0.0000000, 48,       104, 16,       141
5BC,2019/07/22 22:04:00, 50, 26.526051, 51, 66.535927, 52, 40.009880, 49,        64, 56, 10.582877,116,         4, 72, 183.69537, 77, 40.312500,144, 0.0000000, 84, 0.0000000, 48,       104, 16,       141
5FC,2019/07/22 22:05:00, 50, 21.003384, 51, 70.430573, 52, 49.427193, 49,        64, 56, 10.582877,116,         4, 72, 184.32217, 77, 40.343750,144, 0.0000000, 84, 0.0000000, 48,       104, 16,       141
53C,2019/07/22 22:06:00, 50, 29.323990, 51, 69.150421, 52, 39.826431, 49,        64, 56, 10.582877,116,         4, 72, 185.11606, 77, 40.375000,144, 0.0000000, 84, 0.0000000, 48,       104, 16,       141
5AC,2019/07/22 22:07:00, 50, 23.230904, 51, 81.797997, 52, 58.567093, 49,        64, 56, 10.582877,116,         4, 72, 185.97961, 77, 40.406250,144, 0.0000000, 84, 0.0000000, 48,       104, 16,       141
52C,2019/07/22 22:08:00, 50, 36.828682, 51, 129.73459, 52, 92.905914, 49,        64, 56, 10.582877,116,         4, 72, 186.72592, 77, 40.437500,144, 0.0000000, 84, 0.0000000, 48,       104, 16,       141
5AC,2019/07/22 22:09:00, 50, 34.606842, 51, 65.691559, 52, 31.084721, 49,        64, 56, 10.582877,116,         4, 72, 187.06900, 77, 40.468750,144, 0.0000000, 84, 0.0000000, 48,       104, 16,       141
53C,2019/07/22 22:10:00, 50, 79.378799, 51, 326.80460, 52, 247.42581, 49,        64, 56, 10.582877,116,         4, 72, 186.39792, 77, 40.500000,144, 0.0000000, 84, 0.0000000, 48,       104, 16,       141
53C,2019/07/22 22:11:00, 50, 72.312988, 51, 118.23189, 52, 45.918900, 49,        64, 56, 10.582877,116,         4, 72, 185.83774, 77, 40.531250,144, 0.0000000, 84, 0.0000000, 48,       104, 16,       141
57C,2019/07/22 22:12:00, 50, 70.051651, 51, 106.08424, 52, 36.032585, 49,        64, 56, 10.582877,116,         4, 72, 186.05106, 77, 40.562500,144, 0.0000000, 84, 0.0000000, 48,       104, 16,       141
59C,2019/07/22 22:13:00, 50, 61.153946, 51, 127.72946, 52, 66.575516, 49,        64, 56, 10.582877,116,         4, 72, 186.74939, 77, 40.593750,144, 0.0000000, 84, 0.0000000, 48,       104, 16,       141
52C,2019/07/22 22:14:00, 50, 77.426605, 51, 104.65166, 52, 27.225060, 49,        64, 56, 10.582877,116,         4, 72, 187.69800, 77, 40.625000,144, 0.0000000, 84, 0.0000000, 48,       104, 16,       141
5CC,2019/07/22 22:15:00, 50, 79.568802, 51, 139.15276, 52, 59.583961, 49,        64, 56, 10.582877,116,         4, 72, 188.58884, 77, 40.656250,144, 0.0000000, 84, 0.0000000, 48,       104, 16,       141
5EC,2019/07/22 22:16:00, 50, 65.183609, 51, 121.16319, 52, 55.979576, 49,        64, 56, 10.582877,116,         4, 72, 188.94717, 77, 40.656250,144, 0.0000000, 84, 0.0000000, 48,       104, 16,       141
5BC,2019/07/22 22:17:00, 50, 97.057388, 51, 165.22447, 52, 68.167084, 49,        64, 56, 10.582877,116,         4, 72, 189.15189, 77, 40.687500,144, 0.0000000, 84, 0.0000000, 48,       104, 16,       141
55C,2019/07/22 22:18:00, 50, 80.743668, 51, 157.26204, 52, 76.518372, 49,        64, 56, 10.582877,116,         4, 72, 189.44061, 77, 40.718750,144, 0.0000000, 84, 0.0000000, 48,       104, 16,       141
58C,2019/07/22 22:19:00, 50, 50.754211, 51, 89.729156, 52, 38.974945, 49,        64, 56, 10.582877,116,         4, 72, 189.55228, 77, 40.750000,144, 0.0000000, 84, 0.0000000, 48,       104, 16,       141
59C,2019/07/22 22:20:00, 50, 66.586487, 51, 75.963165, 52, 9.3766842, 49,        64, 56, 10.582877,116,         4, 72, 189.57367, 77, 40.781250,144, 0.0000000, 84, 0.0000000, 48,       104, 16,       141
5EC,2019/07/22 22:21:00, 50, 53.914703, 51, 100.72356, 52, 46.808853, 49,        64, 56, 10.582877,116,         4, 72, 189.97314, 77, 40.812500,144, 0.0000000, 84, 0.0000000, 48,       104, 16,       141
5CC,2019/07/22 22:22:00, 50, 33.298218, 51, 105.57610, 52, 72.277878, 49,        64, 56, 10.582877,116,         4, 72, 190.02682, 77, 40.812500,144, 0.0000000, 84, 0.0000000, 48,       104, 16,       141
50C,2019/07/22 22:23:00, 50, 36.505272, 51, 71.291557, 52, 34.786285, 49,        64, 56, 10.582877,116,         4, 72, 189.39407, 77, 40.843750,144, 0.0000000, 84, 0.0000000, 48,       104, 16,       141
5DC,2019/07/22 22:24:00, 50, 32.494484, 51, 64.728195, 52, 32.233711, 49,        64, 56, 10.582877,116,         4, 72, 189.09470, 77, 40.875000,144, 0.0000000, 84, 0.0000000, 48,       104, 16,       141
59C,2019/07/22 22:25:00, 50, 31.723774, 51, 79.833519, 52, 48.109749, 49,        64, 56, 10.582877,116,         4, 72, 189.05469, 77, 40.906250,144, 0.0000000, 84, 0.0000000, 48,       104, 16,       141
5BC,2019/07/22 22:26:00, 50, 32.587479, 51, 72.944618, 52, 40.357140, 49,        64, 56, 10.582877,116,         4, 72, 189.18463, 77, 40.906250,144, 0.0000000, 84, 0.0000000, 48,       104, 16,       141
53C,2019/07/22 22:27:00, 50, 44.339287, 51, 82.801308, 52, 38.462021, 49,        64, 56, 10.582877,116,         4, 72, 189.31885, 77, 40.937500,144, 0.0000000, 84, 0.0000000, 48,       104, 16,       141
5AC,2019/07/22 22:28:00, 50, 28.909302, 51, 82.019753, 52, 53.110451, 49,        64, 56, 10.582877,116,         4, 72, 189.34265, 77, 40.968750,144, 0.0000000, 84, 0.0000000, 48,       104, 16,       141
54C,2019/07/22 22:29:00, 50, 23.923515, 51, 69.781898, 52, 45.858383, 49,        64, 56, 10.582877,116,         4, 72, 189.44348, 77, 41.000000,144, 0.0000000, 84, 0.0000000, 48,       104, 16,       141
56C,2019/07/22 22:30:00, 50, 32.911743, 51, 132.72241, 52, 99.810669, 49,        64, 56, 10.582877,116,         4, 72, 189.50745, 77, 41.000000,144, 0.0000000, 84, 0.0000000, 48,       104, 16,       141
54C,2019/07/22 22:31:00, 50, 31.664513, 51, 81.433609, 52, 49.769096, 49,        64, 56, 10.582877,116,         4, 72, 188.88046, 77, 41.000000,144, 0.0000000, 84, 0.0000000, 48,       104, 16,       141
59C,2019/07/22 22:32:00, 50, 38.438812, 51, 78.948738, 52, 40.509926, 49,        64, 56, 10.582877,116,         4, 72, 188.40945, 77, 41.031250,144, 0.0000000, 84, 0.0000000, 48,       104, 16,       141
57C,2019/07/22 22:33:00, 50, 48.078789, 51, 79.403557, 52, 31.324772, 49,        64, 56, 10.582877,116,         4, 72, 188.70435, 77, 41.062500,144, 0.0000000, 84, 0.0000000, 48,       104, 16,       141
50C,2019/07/22 22:34:00, 50, 126.36670, 51, 178.80699, 52, 52.440300, 49,        64, 56, 10.582877,116,         4, 72, 189.17786, 77, 41.062500,144, 0.0000000, 84, 0.0000000, 48,       104, 16,       141
55C,2019/07/22 22:35:00, 50, 82.721146, 51, 136.70526, 52, 53.984116, 49,        64, 56, 10.582877,116,         4, 72, 189.66235, 77, 41.062500,144, 0.0000000, 84, 0.0000000, 48,       104, 16,       141
5FC,2019/07/22 22:36:00, 50, 62.876579, 51, 122.17255, 52, 59.295975, 49,        64, 56, 10.582877,116,         4, 72, 190.41000, 77, 41.062500,144, 0.0000000, 84, 0.0000000, 48,       104, 16,       141
57C,2019/07/22 22:37:00, 50, 67.653946, 51, 101.19984, 52, 33.545898, 49,        64, 56, 10.582877,116,         4, 72, 190.67831, 77, 41.125000,144, 0.0000000, 84, 0.0000000, 48,       104, 16,       141
53C,2019/07/22 22:38:00, 50, 56.556953, 51, 101.13422, 52, 44.577263, 49,        64, 56, 10.582877,116,         4, 72, 190.82187, 77, 41.125000,144, 0.0000000, 84, 0.0000000, 48,       104, 16,       141
59C,2019/07/22 22:39:00, 50, 33.262718, 51, 94.826080, 52, 61.563362, 49,        64, 56, 10.582877,116,         4, 72, 190.67075, 77, 41.156250,144, 0.0000000, 84, 0.0000000, 48,       104, 16,       141
56C,2019/07/22 22:40:00, 50, 35.644890, 51, 92.866165, 52, 57.221275, 49,        64, 56, 10.582877,116,         4, 72, 190.26370, 77, 41.156250,144, 0.0000000, 84, 0.0000000, 48,       104, 16,       141
51C,2019/07/22 22:41:00, 50, 29.439438, 51, 95.628967, 52, 66.189529, 49,        64, 56, 10.582877,116,         4, 72, 189.92499, 77, 41.187500,144, 0.0000000, 84, 0.0000000, 48,       104, 16,       141
54C,2019/07/22 22:42:00, 50, 10.568619, 51, 66.967216, 52, 56.398598, 49,        64, 56, 10.582877,116,         4, 72, 189.23495, 77, 41.187500,144, 0.0000000, 84, 0.0000000, 48,       104, 16,       141
5DC,2019/07/22 22:43:00, 50, 22.291512, 51, 51.147633, 52, 28.856121, 49,        64, 56, 10.582877,116,         4, 72, 188.33636, 77, 41.187500,144, 0.0000000, 84, 0.0000000, 48,       104, 16,       141
53C,2019/07/22 22:44:00, 50, 36.451279, 51, 83.784561, 52, 47.333282, 49,        64, 56, 10.582877,116,         4, 72, 187.63837, 77, 41.187500,144, 0.0000000, 84, 0.0000000, 48,       104, 16,       141
58C,2019/07/22 22:45:00, 50, 20.225384, 51, 58.768650, 52, 38.543266, 49,        64, 56, 10.582877,116,         4, 72, 187.20547, 77, 41.187500,144, 0.0000000, 84, 0.0000000, 48,       104, 16,       141
5EC,2019/07/22 22:46:00, 50, 20.456036, 51, 71.920074, 52, 51.464043, 49,        64, 56, 10.582877,116,         4, 72, 187.25867, 77, 41.187500,144, 0.0000000, 84, 0.0000000, 48,       104, 16,       141
53C,2019/07/22 22:47:00, 50, 23.105373, 51, 63.510326, 52, 40.404953, 49,        64, 56, 10.582877,116,         4, 72, 187.42453, 77, 41.218750,144, 0.0000000, 84, 0.0000000, 48,       104, 16,       141
53C,2019/07/22 22:48:00, 50, 16.208332, 51, 68.971321, 52, 52.762993, 49,        64, 56, 10.582877,116,         4, 72, 187.58707, 77, 41.218750,144, 0.0000000, 84, 0.0000000, 48,       104, 16,       141
55C,2019/07/22 22:49:00, 50, 9.9743710, 51, 48.599674, 52, 38.625305, 49,        64, 56, 10.582877,116,         4, 72, 187.55423, 77, 41.218750,144, 0.0000000, 84, 0.0000000, 48,       104, 16,       141
5DC,2019/07/22 22:50:00, 50, 4.9083271, 51, 68.247704, 52, 63.339378, 49,        64, 56, 10.582877,116,         4, 72, 187.54453, 77, 41.250000,144, 0.0000000, 84, 0.0000000, 48,       104, 16,       141
57C,2019/07/22 22:51:00, 50, 7.2834024, 51, 75.005035, 52, 67.721634, 49,        64, 56, 10.582877,116,         4, 72, 188.04657, 77, 41.250000,144, 0.0000000, 84, 0.0000000, 48,       104, 16,       141
57C,2019/07/22 22:52:00, 50, 42.992958, 51, 96.508026, 52, 53.515068, 49,        64, 56, 10.582877,116,         4, 72, 188.60355, 77, 41.250000,144, 0.0000000, 84, 0.0000000, 48,       104, 16,       141
5CC,2019/07/22 22:53:00, 50, 77.866425, 51, 138.56989, 52, 60.703468, 49,        64, 56, 10.582877,116,         4, 72, 189.09625, 77, 41.281250,144, 0.0000000, 84, 0.0000000, 48,       104, 16,       141
5EC,2019/07/22 22:54:00, 50, 38.231194, 51, 110.77685, 52, 72.545654, 49,        64, 56, 10.582877,116,         4, 72, 189.84442, 77, 41.250000,144, 0.0000000, 84, 0.0000000, 48,       104, 16,       141
53C,2019/07/22 22:55:00, 50, 32.717819, 51, 77.745697, 52, 45.027878, 49,        64, 56, 10.582877,116,         4, 72, 190.10986, 77, 41.281250,144, 0.0000000, 84, 0.0000000, 48,       104, 16,       141
5FC,2019/07/22 22:56:00, 50, 37.608963, 51, 77.183197, 52, 39.574234, 49,        64, 56, 10.582877,116,         4, 72, 190.50983, 77, 41.312500,144, 0.0000000, 84, 0.0000000, 48,       104, 16,       141
50C,2019/07/22 22:57:00, 50, 49.848831, 51, 93.802055, 52, 43.953224, 49,        64, 56, 10.582877,116,         4, 72, 190.98184, 77, 41.312500,144, 0.0000000, 84, 0.0000000, 48,       104, 16,       141
5AC,2019/07/22 22:58:00, 50, 36.314003, 51, 59.352657, 52, 23.038654, 49,        64, 56, 10.582877,116,         4, 72, 190.95380, 77, 41.312500,144, 0.0000000, 84, 0.0000000, 48,       104, 16,       141
57C,2019/07/22 22:59:00, 50, 20.587399, 51, 50.131607, 52, 29.544209, 49,        64, 56, 10.582877,116,         4, 72, 190.84262, 77, 41.281250,144, 0.0000000, 84, 0.0000000, 48,       104, 16,       141
5BC,2019/07/22 23:00:00, 50, 69.426605, 51, 136.48332, 52, 67.056717, 49,        64, 56, 10.582877,116,         4, 72, 190.97626, 77, 41.250000,144, 0.0000000, 84, 0.0000000, 48,       104, 16,       141
55C,2019/07/22 23:01:00, 50, 123.31410, 51, 172.29219, 52, 48.978088, 49,        64, 56, 10.582877,116,         4, 72, 190.44583, 77, 41.250000,144, 0.0000000, 84, 0.0000000, 48,       104, 16,       141
50C,2019/07/22 23:02:00, 50, 40.704803, 51, 93.713745, 52, 53.008942, 49,        64, 56, 10.582877,116,         4, 72, 189.33002, 77, 41.218750,144, 0.0000000, 84, 0.0000000, 48,       104, 16,       141
53C,2019/07/22 23:03:00, 50, 74.863708, 51, 150.27417, 52, 75.410461, 49,        64, 56, 10.582877,116,         4, 72, 188.15656, 77, 41.187500,144, 0.0000000, 84, 0.0000000, 48,       104, 16,       141
5DC,2019/07/22 23:04:00, 50, 23.350861, 51, 83.388283, 52, 60.037422, 49,        64, 56, 10.582877,116,         4, 72, 187.76917, 77, 41.187500,144, 0.0000000, 84, 0.0000000, 48,       104, 16,       141
56C,2019/07/22 23:05:00, 50, 21.882336, 51, 68.456215, 52, 46.573883, 49,        64, 56, 10.582877,116,         4, 72, 187.34659, 77, 41.156250,144, 0.0000000, 84, 0.0000000, 48,       104, 16,       141
51C,2019/07/22 23:06:00, 50, 15.801540, 51, 58.413280, 52, 42.611740, 49,        64, 56, 10.582877,116,         4, 72, 186.06500, 77, 41.093750,144, 0.0000000, 84, 0.0000000, 48,       104, 16,       141
5FC,2019/07/22 23:07:00, 50, 44.548416, 51, 98.468987, 52, 53.920570, 49,        64, 56, 10.582877,116,         4, 72, 185.12857, 77, 41.093750,144, 0.0000000, 84, 0.0000000, 48,       104, 16,       141
57C,2019/07/22 23:08:00, 50, 36.738060, 51, 79.844566, 52, 43.106506, 49,        64, 56, 10.582877,116,         4, 72, 185.20013, 77, 41.062500,144, 0.0000000, 84, 0.0000000, 48,       104, 16,       141
58C,2019/07/22 23:09:00, 50, 26.404770, 51, 75.136131, 52, 48.731361, 49,        64, 56, 10.582877,116,         4, 72, 185.80014, 77, 41.062500,144, 0.0000000, 84, 0.0000000, 48,       104, 16,       141
50C,2019/07/22 23:10:00, 50, 19.587986, 51, 71.475502, 52, 51.887520, 49,        64, 56, 10.582877,116,         4, 72, 186.82169, 77, 41.062500,144, 0.0000000, 84, 0.0000000, 48,       104, 16,       141
57C,2019/07/22 23:11:00, 50, 27.063366, 51, 75.552719, 52, 48.489357, 49,        64, 56, 10.582877,116,         4, 72, 187.78903, 77, 41.031250,144, 0.0000000, 84, 0.0000000, 48,       104, 16,       141
53C,2019/07/22 23:12:00, 50, 28.607288, 51, 79.503448, 52, 50.896164, 49,        64, 56, 10.582877,116,         4, 72, 188.66040, 77, 41.000000,144, 0.0000000, 84, 0.0000000, 48,       104, 16,       141
58C,2019/07/22 23:13:00, 50, 32.304680, 51, 69.523727, 52, 37.219048, 49,        64, 56, 10.582877,116,         4, 72, 189.18814, 77, 41.000000,144, 0.0000000, 84, 0.0000000, 48,       104, 16,       141
57C,2019/07/22 23:14:00, 50, 66.988327, 51, 117.71040, 52, 50.722076, 49,        64, 56, 10.582877,116,         4, 72, 189.75598, 77, 41.000000,144, 0.0000000, 84, 0.0000000, 48,       104, 16,       141
56C,2019/07/22 23:15:00, 50, 40.493828, 51, 129.00208, 52, 88.508255, 49,        64, 56, 10.582877,116,         4, 72, 190.43860, 77, 40.937500,144, 0.0000000, 84, 0.0000000, 48,       104, 16,       141
58C,2019/07/22 23:16:00, 50, 41.230759, 51, 71.414825, 52, 30.184071, 49,        64, 56, 10.582877,116,         4, 72, 190.88742, 77, 40.968750,144, 0.0000000, 84, 0.0000000, 48,       104, 16,       141
57C,2019/07/22 23:17:00, 50, 36.213295, 51, 83.049828, 52, 46.836533, 49,        64, 56, 10.582877,116,         4, 72, 190.92276, 77, 40.937500,144, 0.0000000, 84, 0.0000000, 48,       104, 16,       141
52C,2019/07/22 23:18:00, 50, 41.313293, 51, 72.274368, 52, 30.961079, 49,        64, 56, 10.582877,116,         4, 72, 190.44717, 77, 40.906250,144, 0.0000000, 84, 0.0000000, 48,       104, 16,       141
52C,2019/07/22 23:19:00, 50, 41.321785, 51, 84.688789, 52, 43.367004, 49,        64, 56, 10.582877,116,         4, 72, 190.07065, 77, 40.906250,144, 0.0000000, 84, 0.0000000, 48,       104, 16,       141
52C,2019/07/22 23:20:00, 50, 36.423203, 51, 71.948784, 52, 35.525581, 49,        64, 56, 10.582877,116,         4, 72, 189.85019, 77, 40.906250,144, 0.0000000, 84, 0.0000000, 48,       104, 16,       141
54C,2019/07/22 23:21:00, 50, 20.759239, 51, 83.605057, 52, 62.845818, 49,        64, 56, 10.582877,116,         4, 72, 190.00854, 77, 40.843750,144, 0.0000000, 84, 0.0000000, 48,       104, 16,       141
53C,2019/07/22 23:22:00, 50, 41.496162, 51, 50.071232, 52, 8.5750713, 49,        64, 56, 10.582877,116,         4, 72, 189.65198, 77, 40.843750,144, 0.0000000, 84, 0.0000000, 48,       104, 16,       141
51C,2019/07/22 23:23:00, 50, 13.860062, 51, 62.161087, 52, 48.301025, 49,        64, 56, 10.582877,116,         4, 72, 189.08588, 77, 40.843750,144, 0.0000000, 84, 0.0000000, 48,       104, 16,       141
58C,2019/07/22 23:24:00, 50, 16.102154, 51, 58.540951, 52, 42.438797, 49,        64, 56, 10.582877,116,         4, 72, 188.50278, 77, 40.812500,144, 0.0000000, 84, 0.0000000, 48,       104, 16,       141
59C,2019/07/22 23:25:00, 50, 17.718407, 51, 66.384911, 52, 48.666504, 49,        64, 56, 10.582877,116,         4, 72, 188.09064, 77, 40.812500,144, 0.0000000, 84, 0.0000000, 48,       104, 16,       141
55C,2019/07/22 23:26:00, 50, 12.522585, 51, 52.655495, 52, 40.132912, 49,        64, 56, 10.582877,116,         4, 72, 188.32269, 77, 40.781250,144, 0.0000000, 84, 0.0000000, 48,       104, 16,       141
51C,2019/07/22 23:27:00, 50, 12.959599, 51, 50.097370, 52, 37.137772, 49,        64, 56, 10.582877,116,         4, 72, 188.83554, 77, 40.781250,144, 0.0000000, 84, 0.0000000, 48,       104, 16,       141
59C,2019/07/22 23:28:00, 50, 16.580593, 51, 52.525562, 52, 35.944969, 49,        64, 56, 10.582877,116,         4, 72, 189.21600, 77, 40.750000,144, 0.0000000, 84, 0.0000000, 48,       104, 16,       141
53C,2019/07/22 23:29:00, 50, 12.836311, 51, 56.957420, 52, 44.121109, 49,        64, 56, 10.582877,116,         4, 72, 189.35233, 77, 40.781250,144, 0.0000000, 84, 0.0000000, 48,       104, 16,       141
56C,2019/07/22 23:30:00, 50, 18.408710, 51, 79.275986, 52, 60.867279, 49,        64, 56, 10.582877,116,         4, 72, 189.65192, 77, 40.781250,144, 0.0000000, 84, 0.0000000, 48,       104, 16,       141
5DC,2019/07/22 23:31:00, 50, 22.873878, 51, 35.218742, 52, 12.344866, 49,        64, 56, 10.582877,116,         4, 72, 190.18466, 77, 40.781250,144, 0.0000000, 84, 0.0000000, 48,       104, 16,       141
5BC,2019/07/22 23:32:00, 50, 28.328793, 51, 63.863934, 52, 35.535141, 49,        64, 56, 10.582877,116,         4, 72, 190.41000, 77, 40.750000,144, 0.0000000, 84, 0.0000000, 48,       104, 16,       141
52C,2019/07/22 23:33:00, 50, 105.53459, 51, 131.82338, 52, 26.288799, 49,        64, 56, 10.582877,116,         4, 72, 190.03940, 77, 40.750000,144, 0.0000000, 84, 0.0000000, 48,       104, 16,       141
5BC,2019/07/22 23:34:00, 50, 51.057144, 51, 106.65727, 52, 55.600128, 49,        64, 56, 10.582877,116,         4, 72, 188.20386, 77, 40.750000,144, 0.0000000, 84, 0.0000000, 48,       104, 16,       141
50C,2019/07/22 23:35:00, 50, 63.271873, 51, 84.109352, 52, 20.837479, 49,        64, 56, 10.582877,116,         4, 72, 185.26788, 77, 40.718750,144, 0.0000000, 84, 0.0000000, 48,       104, 16,       141
57C,2019/07/22 23:36:00, 50, 32.549561, 51, 91.736969, 52, 59.187408, 49,        64, 56, 10.582877,116,         4, 72, 184.64569, 77, 40.750000,144, 0.0000000, 84, 0.0000000, 48,       104, 16,       141
5DC,2019/07/22 23:37:00, 50, 91.082184, 51, 113.18491, 52, 22.102734, 49,        64, 56, 10.582877,116,         4, 72, 185.27280, 77, 40.718750,144, 0.0000000, 84, 0.0000000, 48,       104, 16,       141
5DC,2019/07/22 23:38:00, 50, 73.228622, 51, 125.22952, 52, 52.000893, 49,        64, 56, 10.582877,116,         4, 72, 186.20792, 77, 40.687500,144, 0.0000000, 84, 0.0000000, 48,       104, 16,       141
55C,2019/07/22 23:39:00, 50, 60.437874, 51, 87.823914, 52, 27.386044, 49,        64, 56, 10.582877,116,         4, 72, 187.50830, 77, 40.687500,144, 0.0000000, 84, 0.0000000, 48,       104, 16,       141
57C,2019/07/22 23:40:00, 50, 23.250771, 51, 73.170090, 52, 49.919319, 49,        64, 56, 10.582877,116,         4, 72, 188.58136, 77, 40.687500,144, 0.0000000, 84, 0.0000000, 48,       104, 16,       141
57C,2019/07/22 23:41:00, 50, 11.366938, 51, 50.380356, 52, 39.013420, 49,        64, 56, 10.582877,116,         4, 72, 189.12891, 77, 40.687500,144, 0.0000000, 84, 0.0000000, 48,       104, 16,       141
51C,2019/07/22 23:42:00, 50, 22.492954, 51, 67.130928, 52, 44.637978, 49,        64, 56, 10.582877,116,         4, 72, 189.84464, 77, 40.656250,144, 0.0000000, 84, 0.0000000, 48,       104, 16,       141
5FC,2019/07/22 23:43:00, 50, 27.313770, 51, 97.015533, 52, 69.701767, 49,        64, 56, 10.582877,116,         4, 72, 189.94302, 77, 40.687500,144, 0.0000000, 84, 0.0000000, 48,       104, 16,       141
5CC,2019/07/22 23:44:00, 50, 24.067966, 51, 87.559059, 52, 63.491096, 49,        64, 56, 10.582877,116,         4, 72, 188.65839, 77, 40.656250,144, 0.0000000, 84, 0.0000000, 48,       104, 16,       141
54C,2019/07/22 23:45:00, 50, 36.596733, 51, 75.933304, 52, 39.336571, 49,        64, 56, 10.582877,116,         4, 72, 187.51831, 77, 40.656250,144, 0.0000000, 84, 0.0000000, 48,       104, 16,       141
59C,2019/07/22 23:46:00, 50, 46.394447, 51, 104.21338, 52, 57.818932, 49,        64, 56, 10.582877,116,         4, 72, 187.55243, 77, 40.656250,144, 0.0000000, 84, 0.0000000, 48,       104, 16,       141
5AC,2019/07/22 23:47:00, 50, 34.950409, 51, 92.144272, 52, 57.193863, 49,        64, 56, 10.582877,116,         4, 72, 187.97989, 77, 40.656250,144, 0.0000000, 84, 0.0000000, 48,       104, 16,       141
5CC,2019/07/22 23:48:00, 50, 37.084740, 51, 75.423126, 52, 38.338387, 49,        64, 56, 10.582877,116,         4, 72, 188.06168, 77, 40.656250,144, 0.0000000, 84, 0.0000000, 48,       104, 16,       141
5DC,2019/07/22 23:49:00, 50, 35.437050, 51, 75.312767, 52, 39.875717, 49,        64, 56, 10.582877,116,         4, 72, 188.15591, 77, 40.656250,144, 0.0000000, 84, 0.0000000, 48,       104, 16,       141
5AC,2019/07/22 23:50:00, 50, 27.063992, 51, 62.531376, 52, 35.467384, 49,        64, 56, 10.582877,116,         4, 72, 188.16769, 77, 40.656250,144, 0.0000000, 84, 0.0000000, 48,       104, 16,       141
50C,2019/07/22 23:51:00, 50, 24.020367, 51, 60.755924, 52, 36.735558, 49,        64, 56, 10.582877,116,         4, 72, 188.09644, 77, 40.656250,144, 0.0000000, 84, 0.0000000, 48,       104, 16,       141
54C,2019/07/22 23:52:00, 50, 24.570354, 51, 63.411137, 52, 38.840782, 49,        64, 56, 10.582877,116,         4, 72, 187.69135, 77, 40.625000,144, 0.0000000, 84, 0.0000000, 48,       104, 16,       141
56C,2019/07/22 23:53:00, 50, 37.545242, 51, 69.832253, 52, 32.287010, 49,        64, 56, 10.582877,116,         4, 72, 187.76108, 77, 40.625000,144, 0.0000000, 84, 0.0000000, 48,       104, 16,       141
51C,2019/07/22 23:54:00, 50, 25.875931, 51, 56.289104, 52, 30.413174, 49,        64, 56, 10.582877,116,         4, 72, 188.09375, 77, 40.625000,144, 0.0000000, 84, 0.0000000, 48,       104, 16,       141
58C,2019/07/22 23:55:00, 50, 17.186878, 51, 81.996857, 52, 64.809982, 49,        64, 56, 10.582877,116,         4, 72, 188.59344, 77, 40.625000,144, 0.0000000, 84, 0.0000000, 48,       104, 16,       141
5CC,2019/07/22 23:56:00, 50, 22.280415, 51, 68.065994, 52, 45.785583, 49,        64, 56, 10.582877,116,         4, 72, 188.96240, 77, 40.593750,144, 0.0000000, 84, 0.0000000, 48,       104, 16,       141
56C,2019/07/22 23:57:00, 50, 31.444412, 51, 66.188370, 52, 34.743958, 49,        64, 56, 10.582877,116,         4, 72, 189.42242, 77, 40.593750,144, 0.0000000, 84, 0.0000000, 48,       104, 16,       141
59C,2019/07/22 23:58:00, 50, 84.098846, 51, 204.87254, 52, 120.77370, 49,        64, 56, 10.582877,116,         4, 72, 189.63333, 77, 40.562500,144, 0.0000000, 84, 0.0000000, 48,       104, 16,       141
58C,2019/07/22 23:59:00, 50, 42.804092, 51, 92.573097, 52, 49.769005, 49,        64, 56, 10.582877,116,         4, 72, 189.53384, 77, 40.562500,144, 0.0000000, 84, 0.0000000, 48,       104, 16,       141
