5AC,2018/03/17 20:46:00, 50, 0.0000000, 51, 0.0000000, 52, 0.0000000, 49,        64, 56, 8.9074707, 67, 644.68970, 72, 370.79218, 77, 17.093750,144, 0.0000000, 84, 0.0000000, 48,       104, 16,       141
5DC,2018/03/17 20:47:00, 50, 0.0000000, 51, 0.0000000, 52, 0.0000000, 49,        64, 56, 8.9074707, 67, 644.68970, 72, 368.73376, 77, 17.562500,144, 0.0000000, 84, 0.0000000, 48,       104, 16,       141
58C,2018/03/17 20:48:00, 50, 0.0000000, 51, 0.0000000, 52, 0.0000000, 49,        64, 56, 8.9074707, 67, 644.68970, 72, 366.54901, 77, 18.000000,144, 0.0000000, 84, 0.0000000, 48,       104, 16,       141
50C,2018/03/17 20:49:00, 50, 0.0000000, 51, 0.0000000, 52, 0.0000000, 49,        64, 56, 8.9074707, 67, 644.68970, 72, 364.29297, 77, 18.437500,144, 0.0000000, 84, 0.0000000, 48,       104, 16,       141
58C,2018/03/17 20:50:00, 50, 0.0000000, 51, 0.0000000, 52, 0.0000000, 49,        64, 56, 8.9074707, 67, 646.03967, 72, 361.88715, 77, 18.843750,144, 0.0000000, 84, 0.0000000, 48,       104, 16,       141
56C,2018/03/17 20:51:00, 50, 0.0000000, 51, 0.0000000, 52, 0.0000000, 49,        64, 56, 8.9074707, 67, 646.03967, 72, 358.99597, 77, 19.375000,144, 0.0000000, 84, 0.0000000, 48,       104, 16,       141
5BC,2018/03/17 20:52:00, 50, 0.0000000, 51, 0.0000000, 52, 0.0000000, 49,        64, 56, 8.9074707, 67, 647.38953, 72, 357.05383, 77, 19.906250,144, 0.0000000, 84, 0.0000000, 48,       104, 16,       141
5DC,2018/03/17 20:53:00, 50, 0.0000000, 51, 0.0000000, 52, 0.0000000, 49,        64, 56, 8.9074707, 67, 646.03967, 72, 355.15771, 77, 20.375000,144, 0.0000000, 84, 0.0000000, 48,       104, 16,       141
51C,2018/03/17 20:54:00, 50, 0.0000000, 51, 0.0000000, 52, 0.0000000, 49,        64, 56, 8.9074707, 67, 646.03967, 72, 354.42767, 77, 20.812500,144, 0.0000000, 84, 0.0000000, 48,       104, 16,       141
59C,2018/03/17 20:55:00, 50, 0.0000000, 51, 0.0000000, 52, 0.0000000, 49,        64, 56, 8.9074707, 67, 646.03967, 72, 354.67865, 77, 21.281250,144, 0.0000000, 84, 0.0000000, 48,       104, 16,       141
5DC,2018/03/17 20:56:00, 50, 0.0000000, 51, 0.0000000, 52, 0.0000000, 49,        64, 56, 8.9074707, 67, 646.03967, 72, 354.61237, 77, 21.531250,144, 0.0000000, 84, 0.0000000, 48,       104, 16,       141
5AC,2018/03/17 20:57:00, 50, 0.0000000, 51, 0.0000000, 52, 0.0000000, 49,        64, 56, 8.9074707, 67, 647.38953, 72, 354.25049, 77, 22.000000,144, 0.0000000, 84, 0.0000000, 48,       104, 16,       141
54C,2018/03/17 20:58:00, 50, 0.0000000, 51, 0.0000000, 52, 0.0000000, 49,        64, 56, 8.9074707, 67, 646.03967, 72, 354.16235, 77, 22.343750,144, 0.0000000, 84, 0.0000000, 48,       104, 16,       141
57C,2018/03/17 20:59:00, 50, 0.0000000, 51, 0.0000000, 52, 0.0000000, 49,        64, 56, 8.9074707, 67, 646.03967, 72, 353.97424, 77, 22.718750,144, 0.0000000, 84, 0.0000000, 48,       104, 16,       141
56C,2018/03/17 21:00:00, 50, 0.0000000, 51, 0.0000000, 52, 0.0000000, 49,        64, 56, 8.9074707, 67, 646.03967, 72, 353.82056, 77, 22.968750,144, 0.0000000, 84, 0.0000000, 48,       104, 16,       141
52C,2018/03/17 21:01:00, 50, 0.0000000, 51, 0.0000000, 52, 0.0000000, 49,        64, 56, 8.9074707, 67, 646.03967, 72, 352.75592, 77, 23.312500,144, 0.0000000, 84, 0.0000000, 48,       104, 16,       141
57C,2018/03/17 21:02:00, 50, 0.0000000, 51, 0.0000000, 52, 0.0000000, 49,        64, 56, 8.9074707, 67, 646.03967, 72, 352.61566, 77, 23.593750,144, 0.0000000, 84, 0.0000000, 48,       104, 16,       141
55C,2018/03/17 21:03:00, 50, 0.0000000, 51, 0.0000000, 52, 0.0000000, 49,        64, 56, 8.9074707, 67, 646.03967, 72, 352.61560, 77, 23.906250,144, 0.0000000, 84, 0.0000000, 48,       104, 16,       141
51C,2018/03/17 21:04:00, 50, 0.0000000, 51, 0.0000000, 52, 0.0000000, 49,        64, 56, 8.9074707, 67, 646.03967, 72, 352.45154, 77, 24.218750,144, 0.0000000, 84, 0.0000000, 48,       104, 16,       141
5CC,2018/03/17 21:05:00, 50, 0.0000000, 51, 0.0000000, 52, 0.0000000, 49,        64, 56, 8.9074707, 67, 646.03967, 72, 352.04041, 77, 24.437500,144, 0.0000000, 84, 0.0000000, 48,       104, 16,       141
5AC,2018/03/17 21:06:00, 50, 0.0000000, 51, 0.0000000, 52, 0.0000000, 49,        64, 56, 8.9074707, 67, 646.03967, 72, 351.43292, 77, 24.718750,144, 0.0000000, 84, 0.0000000, 48,       104, 16,       141
59C,2018/03/17 21:07:00, 50, 0.0000000, 51, 0.0000000, 52, 0.0000000, 49,        64, 56, 8.9074707, 67, 646.03967, 72, 350.86029, 77, 25.031250,144, 0.0000000, 84, 0.0000000, 48,       104, 16,       141
52C,2018/03/17 21:08:00, 50, 0.0000000, 51, 0.0000000, 52, 0.0000000, 49,        64, 56, 8.9074707, 67, 646.03967, 72, 350.71466, 77, 25.343750,144, 0.0000000, 84, 0.0000000, 48,       104, 16,       141
54C,2018/03/17 21:09:00, 50, 0.0000000, 51, 0.0000000, 52, 0.0000000, 49,        64, 56, 8.9074707, 67, 646.03967, 72, 350.62402, 77, 25.625000,144, 0.0000000, 84, 0.0000000, 48,       104, 16,       141
5CC,2018/03/17 21:10:00, 50, 0.0000000, 51, 0.0000000, 52, 0.0000000, 49,        64, 56, 8.9074707, 67, 646.03967, 72, 350.05835, 77, 25.906250,144, 0.0000000, 84, 0.0000000, 48,       104, 16,       141
5CC,2018/03/17 21:11:00, 50, 0.0000000, 51, 0.0000000, 52, 0.0000000, 49,        64, 56, 8.9074707, 67, 646.03967, 72, 352.04358, 77, 26.218750,144, 0.0000000, 84, 0.0000000, 48,       104, 16,       141
53C,2018/03/17 21:12:00, 50, 0.0000000, 51, 0.0000000, 52, 0.0000000, 49,        64, 56, 8.9074707, 67, 646.03967, 72, 353.38770, 77, 26.437500,144, 0.0000000, 84, 0.0000000, 48,       104, 16,       141
57C,2018/03/17 21:13:00, 50, 0.0000000, 51, 0.0000000, 52, 0.0000000, 49,        64, 56, 8.9074707, 67, 646.03967, 72, 353.72345, 77, 26.718750,144, 0.0000000, 84, 0.0000000, 48,       104, 16,       141
5CC,2018/03/17 21:14:00, 50, 0.0000000, 51, 0.0000000, 52, 0.0000000, 49,        64, 56, 8.9074707, 67, 646.03967, 72, 354.01172, 77, 26.968750,144, 0.0000000, 84, 0.0000000, 48,       104, 16,       141
54C,2018/03/17 21:15:00, 50, 0.0000000, 51, 0.0000000, 52, 0.0000000, 49,        64, 56, 8.9074707, 67, 646.03967, 72, 354.62531, 77, 27.187500,144, 0.0000000, 84, 0.0000000, 48,       104, 16,       141
5DC,2018/03/17 21:16:00, 50, 0.0000000, 51, 0.0000000, 52, 0.0000000, 49,        64, 56, 8.9074707, 67, 646.03967, 72, 354.54431, 77, 27.437500,144, 0.0000000, 84, 0.0000000, 48,       104, 16,       141
53C,2018/03/17 21:17:00, 50, 0.0000000, 51, 0.0000000, 52, 0.0000000, 49,        64, 56, 8.9074707, 67, 646.03967, 72, 355.09485, 77, 27.718750,144, 0.0000000, 84, 0.0000000, 48,       104, 16,       141
50C,2018/03/17 21:18:00, 50, 0.0000000, 51, 0.0000000, 52, 0.0000000, 49,        64, 56, 8.9074707, 67, 646.03967, 72, 354.26379, 77, 27.937500,144, 0.0000000, 84, 0.0000000, 48,       104, 16,       141
58C,2018/03/17 21:19:00, 50, 0.0000000, 51, 0.0000000, 52, 0.0000000, 49,        64, 56, 8.9074707, 67, 646.03967, 72, 355.20001, 77, 28.156250,144, 0.0000000, 84, 0.0000000, 48,       104, 16,       141
5AC,2018/03/17 21:20:00, 50, 0.0000000, 51, 0.0000000, 52, 0.0000000, 49,        64, 56, 8.9074707, 67, 646.03967, 72, 355.69153, 77, 28.343750,144, 0.0000000, 84, 0.0000000, 48,       104, 16,       141
54C,2018/03/17 21:21:00, 50, 0.0000000, 51, 0.0000000, 52, 0.0000000, 49,        64, 56, 8.9074707, 67, 646.03967, 72, 355.42993, 77, 28.562500,144, 0.0000000, 84, 0.0000000, 48,       104, 16,       141
5FC,2018/03/17 21:22:00, 50, 0.0000000, 51, 0.0000000, 52, 0.0000000, 49,        64, 56, 8.9074707, 67, 644.68970, 72, 356.09314, 77, 28.687500,144, 0.0000000, 84, 0.0000000, 48,       104, 16,       141
5DC,2018/03/17 21:23:00, 50,-4.6831188, 51,-1.5585222, 52, 3.1245966, 49,        64, 56, 8.9074707, 67, 644.68970, 72, 356.18109, 77, 28.812500,144, 0.0000000, 84, 0.0000000, 48,       104, 16,       141
51C,2018/03/17 21:24:00, 50, 1.5312033, 51,-14.027005, 52,-15.558208, 49,        64, 56, 8.9074707, 67, 644.68970, 72, 355.87500, 77, 28.968750,144, 0.0000000, 84, 0.0000000, 48,       104, 16,       141
50C,2018/03/17 21:25:00, 50,-11.332882, 51,-18.566387, 52,-7.2335052, 49,        64, 56, 8.9074707, 67, 644.68970, 72, 355.70905, 77, 29.093750,144, 0.0000000, 84, 0.0000000, 48,       104, 16,       141
51C,2018/03/17 21:26:00, 50, 1.8452077, 51,-26.672089, 52,-28.517296, 49,        64, 56, 8.9074707, 67, 646.03967, 72, 355.49066, 77, 29.250000,144, 0.0000000, 84, 0.0000000, 48,       104, 16,       141
50C,2018/03/17 21:27:00, 50, 15.566652, 51, 33.027191, 52, 17.460541, 49,        64, 56, 8.9074707, 67, 644.68970, 72, 392.48621, 77, 29.375000,144, 0.0000000, 84, 0.0000000, 48,       104, 16,       141
5AC,2018/03/17 21:28:00, 50, 71.478226, 51, 110.53186, 52, 39.053635, 49,        64, 56, 8.9074707, 67, 644.68970, 72, 384.72095, 77, 29.500000,144, 0.0000000, 84, 0.0000000, 48,       104, 16,       141
55C,2018/03/17 21:29:00, 50, 73.012115, 51, 118.32906, 52, 45.316940, 49,        64, 56, 8.9074707, 67, 644.68970, 72, 338.64154, 77, 29.500000,144, 0.0000000, 84, 0.0000000, 48,       104, 16,       141
5FC,2018/03/17 21:30:00, 50, 91.461060, 51, 130.88741, 52, 39.426346, 49,        64, 56, 8.9074707, 67, 644.68970, 72, 303.37152, 77, 29.437500,144, 0.0000000, 84, 0.0000000, 48,       104, 16,       141
50C,2018/03/17 21:31:00, 50, 153.49292, 51, 192.78709, 52, 39.294182, 49,        64, 56, 8.9074707, 67, 644.68970, 72, 279.93912, 77, 29.500000,144, 0.0000000, 84, 0.0000000, 48,       104, 16,       141
52C,2018/03/17 21:32:00, 50, 94.180267, 51, 113.39007, 52, 19.209801, 49,        64, 56, 8.9074707, 67, 644.68970, 72, 271.69763, 77, 29.562500,144, 0.0000000, 84, 0.0000000, 48,       104, 16,       141
5DC,2018/03/17 21:33:00, 50, 106.59090, 51, 126.38872, 52, 19.797825, 49,        64, 56, 8.9074707, 67, 644.68970, 72, 270.13361, 77, 29.718750,144, 0.0000000, 84, 0.0000000, 48,       104, 16,       141
53C,2018/03/17 21:34:00, 50, 26.228424, 51, 49.464382, 52, 23.235958, 49,        64, 56, 8.9074707, 67, 644.68970, 72, 269.20413, 77, 29.843750,144, 0.0000000, 84, 0.0000000, 48,       104, 16,       141
52C,2018/03/17 21:35:00, 50, 61.316826, 51, 71.531372, 52, 10.214548, 49,        64, 56, 8.9074707, 67, 644.68970, 72, 269.28241, 77, 30.125000,144, 0.0000000, 84, 0.0000000, 48,       104, 16,       141
53C,2018/03/17 21:36:00, 50, 27.704578, 51, 48.582203, 52, 20.877625, 49,        64, 56, 8.9074707, 67, 644.68970, 72, 269.50284, 77, 30.000000,144, 0.0000000, 84, 0.0000000, 48,       104, 16,       141
51C,2018/03/17 21:37:00, 50, 31.834251, 51, 79.050339, 52, 47.216087, 49,        64, 56, 8.9074707, 67, 644.68970, 72, 269.69974, 77, 30.093750,144, 0.0000000, 84, 0.0000000, 48,       104, 16,       141
55C,2018/03/17 21:38:00, 50, 55.014206, 51, 84.764488, 52, 29.750286, 49,        64, 56, 8.9074707, 67, 644.68970, 72, 269.47632, 77, 30.187500,144, 0.0000000, 84, 0.0000000, 48,       104, 16,       141
50C,2018/03/17 21:39:00, 50, 63.098778, 51, 94.165657, 52, 31.066879, 49,        64, 56, 8.9074707, 67, 644.68970, 72, 269.38116, 77, 30.281250,144, 0.0000000, 84, 0.0000000, 48,       104, 16,       141
57C,2018/03/17 21:40:00, 50, 47.626915, 51, 135.91925, 52, 88.292343, 49,        64, 56, 8.9074707, 67, 644.68970, 72, 269.26956, 77, 30.406250,144, 0.0000000, 84, 0.0000000, 48,       104, 16,       141
5BC,2018/03/17 21:41:00, 50, 86.419098, 51, 130.28342, 52, 43.864326, 49,        64, 56, 8.9074707, 67, 644.68970, 72, 269.42905, 77, 30.468750,144, 0.0000000, 84, 0.0000000, 48,       104, 16,       141
50C,2018/03/17 21:42:00, 50, 120.86748, 51, 123.59760, 52, 2.7301245, 49,        64, 56, 8.9074707, 67, 644.68970, 72, 269.23743, 77, 30.531250,144, 0.0000000, 84, 0.0000000, 48,       104, 16,       141
5FC,2018/03/17 21:43:00, 50, 92.979034, 51, 119.55743, 52, 26.578400, 49,        64, 56, 8.9074707, 67, 644.68970, 72, 269.23163, 77, 30.593750,144, 0.0000000, 84, 0.0000000, 48,       104, 16,       141
52C,2018/03/17 21:44:00, 50, 72.566879, 51, 79.278618, 52, 6.7117434, 49,        64, 56, 8.9074707, 67, 644.68970, 72, 268.82483, 77, 30.625000,144, 0.0000000, 84, 0.0000000, 48,       104, 16,       141
5FC,2018/03/17 21:45:00, 50, 44.879845, 51, 57.198547, 52, 12.318703, 49,        64, 56, 8.9074707, 67, 644.68970, 72, 268.88937, 77, 30.687500,144, 0.0000000, 84, 0.0000000, 48,       104, 16,       141
5EC,2018/03/17 21:46:00, 50, 59.121742, 51, 89.776512, 52, 30.654774, 49,        64, 56, 8.9074707, 67, 644.68970, 72, 268.88889, 77, 30.750000,144, 0.0000000, 84, 0.0000000, 48,       104, 16,       141
5AC,2018/03/17 21:47:00, 50, 26.172394, 51, 65.659096, 52, 39.486702, 49,        64, 56, 8.9074707, 67, 644.68970, 72, 268.90680, 77, 30.875000,144, 0.0000000, 84, 0.0000000, 48,       104, 16,       141
5EC,2018/03/17 21:48:00, 50, 15.267406, 51, 38.183441, 52, 22.916035, 49,        64, 56, 8.9074707, 67, 644.68970, 72, 268.67996, 77, 31.000000,144, 0.0000000, 84, 0.0000000, 48,       104, 16,       141
5DC,2018/03/17 21:49:00, 50, 62.298553, 51, 57.605610, 52,-4.6929464, 49,        64, 56, 8.9074707, 67, 644.68970, 72, 268.61752, 77, 31.125000,144, 0.0000000, 84, 0.0000000, 48,       104, 16,       141
59C,2018/03/17 21:50:00, 50, 43.008156, 51, 28.038723, 52,-14.969435, 49,        64, 56, 8.9074707, 67, 644.68970, 72, 268.82629, 77, 31.312500,144, 0.0000000, 84, 0.0000000, 48,       104, 16,       141
57C,2018/03/17 21:51:00, 50, 78.409256, 51, 97.525887, 52, 19.116634, 49,        64, 56, 8.9074707, 67, 644.68970, 72, 269.03006, 77, 31.468750,144, 0.0000000, 84, 0.0000000, 48,       104, 16,       141
58C,2018/03/17 21:52:00, 50, 68.817825, 51, 65.825417, 52,-2.9924154, 49,        64, 56, 8.9074707, 67, 644.68970, 72, 269.05988, 77, 31.656250,144, 0.0000000, 84, 0.0000000, 48,       104, 16,       141
5BC,2018/03/17 21:53:00, 50, 93.647644, 51, 107.99919, 52, 14.351547, 49,        64, 56, 8.9074707, 67, 644.68970, 72, 268.90833, 77, 31.812500,144, 0.0000000, 84, 0.0000000, 48,       104, 16,       141
5AC,2018/03/17 21:54:00, 50, 47.643341, 51, 95.055275, 52, 47.411934, 49,        64, 56, 8.9074707, 67, 644.68970, 72, 268.86411, 77, 31.937500,144, 0.0000000, 84, 0.0000000, 48,       104, 16,       141
5DC,2018/03/17 21:55:00, 50, 19.550278, 51, 59.422714, 52, 39.872437, 49,        64, 56, 8.9074707, 67, 644.68970, 72, 268.93121, 77, 32.125000,144, 0.0000000, 84, 0.0000000, 48,       104, 16,       141
59C,2018/03/17 21:56:00, 50, 25.387360, 51, 81.312340, 52, 55.924980, 49,        64, 56, 8.9074707, 67, 644.68970, 72, 268.79184, 77, 32.281250,144, 0.0000000, 84, 0.0000000, 48,       104, 16,       141
5CC,2018/03/17 21:57:00, 50, 36.117706, 51, 79.246864, 52, 43.129158, 49,        64, 56, 8.9074707, 67, 644.68970, 72, 269.09012, 77, 32.468750,144, 0.0000000, 84, 0.0000000, 48,       104, 16,       141
5DC,2018/03/17 21:58:00, 50, 45.943054, 51, 74.832123, 52, 28.889069, 49,        64, 56, 8.9074707, 67, 644.68970, 72, 268.91479, 77, 32.625000,144, 0.0000000, 84, 0.0000000, 48,       104, 16,       141
51C,2018/03/17 21:59:00, 50, 169.92581, 51, 58.998749, 52,-110.92706, 49,        64, 56, 8.9074707, 67, 644.68970, 72, 268.62439, 77, 32.843750,144, 0.0000000, 84, 0.0000000, 48,       104, 16,       141
58C,2018/03/17 22:00:00, 50, 79.820496, 51, 125.63201, 52, 45.811516, 49,        64, 56, 8.9074707, 67, 644.68970, 72, 268.65424, 77, 32.968750,144, 0.0000000, 84, 0.0000000, 48,       104, 16,       141
5FC,2018/03/17 22:01:00, 50, 41.546974, 51, 50.911125, 52, 9.3641529, 49,        64, 56, 8.9074707, 67, 644.68970, 72, 268.50809, 77, 33.125000,144, 0.0000000, 84, 0.0000000, 48,       104, 16,       141
5CC,2018/03/17 22:02:00, 50, 58.830231, 51, 84.155731, 52, 25.325500, 49,        64, 56, 8.9074707, 67, 644.68970, 72, 268.19440, 77, 33.250000,144, 0.0000000, 84, 0.0000000, 48,       104, 16,       141
54C,2018/03/17 22:03:00, 50, 79.814468, 51, 105.96793, 52, 26.153461, 49,        64, 56, 8.9074707, 67, 644.68970, 72, 268.04440, 77, 33.437500,144, 0.0000000, 84, 0.0000000, 48,       104, 16,       141
57C,2018/03/17 22:04:00, 50, 95.258545, 51, 157.29352, 52, 62.034973, 49,        64, 56, 8.9074707, 67, 644.68970, 72, 268.09277, 77, 33.562500,144, 0.0000000, 84, 0.0000000, 48,       104, 16,       141
57C,2018/03/17 22:05:00, 50, 51.966171, 51, 100.90529, 52, 48.939117, 49,        64, 56, 8.9074707, 67, 644.68970, 72, 267.99442, 77, 33.750000,144, 0.0000000, 84, 0.0000000, 48,       104, 16,       141
5CC,2018/03/17 22:06:00, 50, 76.239746, 51, 131.77011, 52, 55.530365, 49,        64, 56, 8.9074707, 67, 644.68970, 72, 268.26987, 77, 33.906250,144, 0.0000000, 84, 0.0000000, 48,       104, 16,       141
55C,2018/03/17 22:07:00, 50, 83.389984, 51, 124.34721, 52, 40.957230, 49,        64, 56, 8.9074707, 67, 644.68970, 72, 268.39346, 77, 34.062500,144, 0.0000000, 84, 0.0000000, 48,       104, 16,       141
58C,2018/03/17 22:08:00, 50, 58.224777, 51, 42.101658, 52,-16.123119, 49,        64, 56, 8.9074707, 67, 644.68970, 72, 268.46063, 77, 34.218750,144, 0.0000000, 84, 0.0000000, 48,       104, 16,       141
51C,2018/03/17 22:09:00, 50, 54.027229, 51, 80.045471, 52, 26.018246, 49,        64, 56, 8.9074707, 67, 644.68970, 72, 268.48624, 77, 34.375000,144, 0.0000000, 84, 0.0000000, 48,       104, 16,       141
54C,2018/03/17 22:10:00, 50, 32.951935, 51, 73.855049, 52, 40.903114, 49,        64, 56, 8.9074707, 67, 644.68970, 72, 268.68787, 77, 34.500000,144, 0.0000000, 84, 0.0000000, 48,       104, 16,       141
5FC,2018/03/17 22:11:00, 50, 60.751465, 51, 84.075974, 52, 23.324512, 49,        64, 56, 8.9074707, 67, 644.68970, 72, 269.15222, 77, 34.656250,144, 0.0000000, 84, 0.0000000, 48,       104, 16,       141
50C,2018/03/17 22:12:00, 50, 45.239525, 51, 73.175323, 52, 27.935802, 49,        64, 56, 8.9074707, 67, 644.68970, 72, 269.82742, 77, 34.781250,144, 0.0000000, 84, 0.0000000, 48,       104, 16,       141
5BC,2018/03/17 22:13:00, 50, 46.186806, 51, 97.525429, 52, 51.338623, 49,        64, 56, 8.9074707, 67, 644.68970, 72, 269.64117, 77, 34.937500,144, 0.0000000, 84, 0.0000000, 48,       104, 16,       141
52C,2018/03/17 22:14:00, 50, 80.633560, 51, 94.352188, 52, 13.718634, 49,        64, 56, 8.9074707, 67, 644.68970, 72, 269.52878, 77, 35.062500,144, 0.0000000, 84, 0.0000000, 48,       104, 16,       141
5CC,2018/03/17 22:15:00, 50, 50.048325, 51, 123.64941, 52, 73.601089, 49,        64, 56, 8.9074707, 67, 644.68970, 72, 269.29465, 77, 35.187500,144, 0.0000000, 84, 0.0000000, 48,       104, 16,       141
5FC,2018/03/17 22:16:00, 50, 52.888077, 51, 71.462029, 52, 18.573952, 49,        64, 56, 8.9074707, 67, 644.68970, 72, 269.39926, 77, 35.312500,144, 0.0000000, 84, 0.0000000, 48,       104, 16,       141
50C,2018/03/17 22:17:00, 50, 28.343590, 51, 63.870384, 52, 35.526794, 49,        64, 56, 8.9074707, 67, 644.68970, 72, 269.25580, 77, 35.468750,144, 0.0000000, 84, 0.0000000, 48,       104, 16,       141
5AC,2018/03/17 22:18:00, 50, 117.66254, 51, 198.45654, 52, 80.794006, 49,        64, 56, 8.9074707, 67, 644.68970, 72, 269.06595, 77, 35.562500,144, 0.0000000, 84, 0.0000000, 48,       104, 16,       141
50C,2018/03/17 22:19:00, 50, 32.064262, 51, 86.736481, 52, 54.672218, 49,        64, 56, 8.9074707, 67, 644.68970, 72, 269.38736, 77, 35.656250,144, 0.0000000, 84, 0.0000000, 48,       104, 16,       141
5CC,2018/03/17 22:20:00, 50, 87.316681, 51, 167.02408, 52, 79.707397, 49,        64, 56, 8.9074707, 67, 644.68970, 72, 269.36612, 77, 35.781250,144, 0.0000000, 84, 0.0000000, 48,       104, 16,       141
5BC,2018/03/17 22:21:00, 50, 22.876934, 51, 49.298229, 52, 26.421295, 49,        64, 56, 8.9074707, 67, 644.68970, 72, 269.42050, 77, 35.937500,144, 0.0000000, 84, 0.0000000, 48,       104, 16,       141
5DC,2018/03/17 22:22:00, 50, 47.703232, 51, 76.948608, 52, 29.245377, 49,        64, 56, 8.9074707, 67, 644.68970, 72, 269.76450, 77, 36.031250,144, 0.0000000, 84, 0.0000000, 48,       104, 16,       141
50C,2018/03/17 22:23:00, 50, 36.962585, 51, 64.848221, 52, 27.885635, 49,        64, 56, 8.9074707, 67, 644.68970, 72, 269.77817, 77, 36.156250,144, 0.0000000, 84, 0.0000000, 48,       104, 16,       141
5EC,2018/03/17 22:24:00, 50, 89.873047, 51, 113.88495, 52, 24.011902, 49,        64, 56, 8.9074707, 67, 644.68970, 72, 269.63602, 77, 36.281250,144, 0.0000000, 84, 0.0000000, 48,       104, 16,       141
5BC,2018/03/17 22:25:00, 50, 42.460541, 51, 105.81784, 52, 63.357300, 49,        64, 56, 8.9074707, 67, 644.68970, 72, 269.32321, 77, 36.406250,144, 0.0000000, 84, 0.0000000, 48,       104, 16,       141
55C,2018/03/17 22:26:00, 50, 56.816238, 51, 101.54804, 52, 44.731804, 49,        64, 56, 8.9074707, 67, 644.68970, 72, 269.58572, 77, 36.531250,144, 0.0000000, 84, 0.0000000, 48,       104, 16,       141
54C,2018/03/17 22:27:00, 50, 37.211319, 51, 74.258842, 52, 37.047523, 49,        64, 56, 8.9074707, 67, 644.68970, 72, 269.83896, 77, 36.687500,144, 0.0000000, 84, 0.0000000, 48,       104, 16,       141
50C,2018/03/17 22:28:00, 50, 20.765175, 51, 39.636963, 52, 18.871788, 49,        64, 56, 8.9074707, 67, 644.68970, 72, 269.59299, 77, 36.781250,144, 0.0000000, 84, 0.0000000, 48,       104, 16,       141
5CC,2018/03/17 22:29:00, 50, 43.308434, 51, 82.716805, 52, 39.408371, 49,        64, 56, 8.9074707, 67, 644.68970, 72, 269.60852, 77, 36.906250,144, 0.0000000, 84, 0.0000000, 48,       104, 16,       141
53C,2018/03/17 22:30:00, 50, 45.433037, 51, 132.99998, 52, 87.566956, 49,        64, 56, 8.9074707, 67, 644.68970, 72, 269.62265, 77, 37.000000,144, 0.0000000, 84, 0.0000000, 48,       104, 16,       141
5CC,2018/03/17 22:31:00, 50,-2.3251514, 51, 55.053513, 52, 57.378662, 49,        64, 56, 8.9074707, 67, 644.68970, 72, 269.66928, 77, 37.125000,144, 0.0000000, 84, 0.0000000, 48,       104, 16,       141
5CC,2018/03/17 22:32:00, 50, 23.708393, 51, 56.434498, 52, 32.726105, 49,        64, 56, 8.9074707, 67, 644.68970, 72, 269.81555, 77, 37.218750,144, 0.0000000, 84, 0.0000000, 48,       104, 16,       141
50C,2018/03/17 22:33:00, 50, 48.970062, 51, 82.609634, 52, 33.639572, 49,        64, 56, 8.9074707, 67, 644.68970, 72, 270.10831, 77, 37.375000,144, 0.0000000, 84, 0.0000000, 48,       104, 16,       141
52C,2018/03/17 22:34:00, 50, 43.477386, 51, 84.846123, 52, 41.368736, 49,        64, 56, 8.9074707, 67, 644.68970, 72, 270.32596, 77, 37.468750,144, 0.0000000, 84, 0.0000000, 48,       104, 16,       141
54C,2018/03/17 22:35:00, 50, 42.264885, 51, 79.702827, 52, 37.437943, 49,        64, 56, 8.9074707, 67, 644.68970, 72, 270.20633, 77, 37.593750,144, 0.0000000, 84, 0.0000000, 48,       104, 16,       141
51C,2018/03/17 22:36:00, 50, 44.803070, 51, 74.773315, 52, 29.970245, 49,        64, 56, 8.9074707, 67, 644.68970, 72, 269.90189, 77, 37.687500,144, 0.0000000, 84, 0.0000000, 48,       104, 16,       141
5FC,2018/03/17 22:37:00, 50, 43.951775, 51, 97.566544, 52, 53.614769, 49,        64, 56, 8.9074707, 67, 644.68970, 72, 269.72873, 77, 37.750000,144, 0.0000000, 84, 0.0000000, 48,       104, 16,       141
57C,2018/03/17 22:38:00, 50, 41.665482, 51, 82.893623, 52, 41.228142, 49,        64, 56, 8.9074707, 67, 644.68970, 72, 270.06967, 77, 37.843750,144, 0.0000000, 84, 0.0000000, 48,       104, 16,       141
5BC,2018/03/17 22:39:00, 50, 5.6586390, 51, 41.296677, 52, 35.638039, 49,        64, 56, 8.9074707, 67, 644.68970, 72, 270.07968, 77, 37.937500,144, 0.0000000, 84, 0.0000000, 48,       104, 16,       141
5AC,2018/03/17 22:40:00, 50, 29.062012, 51, 47.296963, 52, 18.234951, 49,        64, 56, 8.9074707, 67, 644.68970, 72, 269.97797, 77, 38.031250,144, 0.0000000, 84, 0.0000000, 48,       104, 16,       141
54C,2018/03/17 22:41:00, 50, 59.891090, 51, 66.133461, 52, 6.2423754, 49,        64, 56, 8.9074707, 67, 644.68970, 72, 270.29895, 77, 38.156250,144, 0.0000000, 84, 0.0000000, 48,       104, 16,       141
55C,2018/03/17 22:42:00, 50, 14.756613, 51, 56.926914, 52, 42.170303, 49,        64, 56, 8.9074707, 67, 644.68970, 72, 270.49014, 77, 38.250000,144, 0.0000000, 84, 0.0000000, 48,       104, 16,       141
56C,2018/03/17 22:43:00, 50, 34.440361, 51, 56.798302, 52, 22.357941, 49,        64, 56, 8.9074707, 67, 644.68970, 72, 270.44336, 77, 38.343750,144, 0.0000000, 84, 0.0000000, 48,       104, 16,       141
5FC,2018/03/17 22:44:00, 50, 51.881020, 51, 85.685745, 52, 33.804726, 49,        64, 56, 8.9074707, 67, 644.68970, 72, 270.19144, 77, 38.437500,144, 0.0000000, 84, 0.0000000, 48,       104, 16,       141
5DC,2018/03/17 22:45:00, 50, 26.121578, 51, 44.315315, 52, 18.193737, 49,        64, 56, 8.9074707, 67, 644.68970, 72, 270.78342, 77, 38.531250,144, 0.0000000, 84, 0.0000000, 48,       104, 16,       141
5DC,2018/03/17 22:46:00, 50, 26.245838, 51, 46.214291, 52, 19.968452, 49,        64, 56, 8.9074707, 67, 644.68970, 72, 270.73776, 77, 38.625000,144, 0.0000000, 84, 0.0000000, 48,       104, 16,       141
52C,2018/03/17 22:47:00, 50, 30.379848, 51, 57.234566, 52, 26.854717, 49,        64, 56, 8.9074707, 67, 644.68970, 72, 271.47055, 77, 38.718750,144, 0.0000000, 84, 0.0000000, 48,       104, 16,       141
57C,2018/03/17 22:48:00, 50, 32.044441, 51, 56.091209, 52, 24.046768, 49,        64, 56, 8.9074707, 67, 644.68970, 72, 271.70050, 77, 38.812500,144, 0.0000000, 84, 0.0000000, 48,       104, 16,       141
5AC,2018/03/17 22:49:00, 50, 57.136688, 51, 106.21756, 52, 49.080872, 49,        64, 56, 8.9074707, 67, 644.68970, 72, 271.87189, 77, 38.875000,144, 0.0000000, 84, 0.0000000, 48,       104, 16,       141
56C,2018/03/17 22:50:00, 50, 38.956100, 51, 47.109913, 52, 8.1538124, 49,        64, 56, 8.9074707, 67, 644.68970, 72, 271.79633, 77, 39.000000,144, 0.0000000, 84, 0.0000000, 48,       104, 16,       141
57C,2018/03/17 22:51:00, 50, 35.804985, 51, 40.354507, 52, 4.5495243, 49,        64, 56, 8.9074707, 67, 644.68970, 72, 271.90622, 77, 39.062500,144, 0.0000000, 84, 0.0000000, 48,       104, 16,       141
59C,2018/03/17 22:52:00, 50, 20.234180, 51, 49.919304, 52, 29.685123, 49,        64, 56, 8.9074707, 67, 644.68970, 72, 272.41434, 77, 39.156250,144, 0.0000000, 84, 0.0000000, 48,       104, 16,       141
5CC,2018/03/17 22:53:00, 50, 56.111343, 51, 71.151016, 52, 15.039677, 49,        64, 56, 8.9074707, 67, 644.68970, 72, 272.49561, 77, 39.250000,144, 0.0000000, 84, 0.0000000, 48,       104, 16,       141
57C,2018/03/17 22:54:00, 50, 44.931068, 51, 64.256088, 52, 19.325024, 49,        64, 56, 8.9074707, 67, 644.68970, 72, 271.95920, 77, 39.343750,144, 0.0000000, 84, 0.0000000, 48,       104, 16,       141
5FC,2018/03/17 22:55:00, 50, 28.382725, 51, 49.283890, 52, 20.901165, 49,        64, 56, 8.9074707, 67, 644.68970, 72, 271.81732, 77, 39.437500,144, 0.0000000, 84, 0.0000000, 48,       104, 16,       141
5BC,2018/03/17 22:56:00, 50, 34.963272, 51, 41.629639, 52, 6.6663685, 49,        64, 56, 8.9074707, 67, 644.68970, 72, 272.02896, 77, 39.500000,144, 0.0000000, 84, 0.0000000, 48,       104, 16,       141
58C,2018/03/17 22:57:00, 50, 33.849396, 51, 41.141388, 52, 7.2919941, 49,        64, 56, 8.9074707, 67, 644.68970, 72, 272.22198, 77, 39.625000,144, 0.0000000, 84, 0.0000000, 48,       104, 16,       141
57C,2018/03/17 22:58:00, 50, 24.115852, 51, 59.116806, 52, 35.000954, 49,        64, 56, 8.9074707, 67, 644.68970, 72, 272.16168, 77, 39.687500,144, 0.0000000, 84, 0.0000000, 48,       104, 16,       141
58C,2018/03/17 22:59:00, 50, 25.799965, 51, 55.556019, 52, 29.756054, 49,        64, 56, 8.9074707, 67, 644.68970, 72, 271.88016, 77, 39.750000,144, 0.0000000, 84, 0.0000000, 48,       104, 16,       141
59C,2018/03/17 23:00:00, 50, 19.300594, 51, 44.795792, 52, 25.495197, 49,        64, 56, 8.9074707, 67, 644.68970, 72, 271.78125, 77, 39.812500,144, 0.0000000, 84, 0.0000000, 48,       104, 16,       141
51C,2018/03/17 23:01:00, 50, 22.406055, 51, 71.009399, 52, 48.603348, 49,        64, 56, 8.9074707, 67, 644.68970, 72, 272.18527, 77, 39.906250,144, 0.0000000, 84, 0.0000000, 48,       104, 16,       141
57C,2018/03/17 23:02:00, 50, 24.599861, 51, 55.672501, 52, 31.072639, 49,        64, 56, 8.9074707, 67, 644.68970, 72, 272.62350, 77, 40.000000,144, 0.0000000, 84, 0.0000000, 48,       104, 16,       141
5BC,2018/03/17 23:03:00, 50, 18.593945, 51, 51.871891, 52, 33.277946, 49,        64, 56, 8.9074707, 67, 644.68970, 72, 272.67130, 77, 40.062500,144, 0.0000000, 84, 0.0000000, 48,       104, 16,       141
59C,2018/03/17 23:04:00, 50, 18.284542, 51, 43.651875, 52, 25.367332, 49,        64, 56, 8.9074707, 67, 644.68970, 72, 272.50897, 77, 40.156250,144, 0.0000000, 84, 0.0000000, 48,       104, 16,       141
54C,2018/03/17 23:05:00, 50, 18.535400, 51, 43.810085, 52, 25.274685, 49,        64, 56, 8.9074707, 67, 644.68970, 72, 272.44296, 77, 40.187500,144, 0.0000000, 84, 0.0000000, 48,       104, 16,       141
59C,2018/03/17 23:06:01, 50, 25.197449, 51, 42.562389, 52, 17.364941, 49,        64, 56, 8.9074707, 67, 644.68970, 72, 272.14383, 77, 40.187500,144, 0.0000000, 84, 0.0000000, 48,       104, 16,       141
57C,2018/03/17 23:07:00, 50, 27.156902, 51, 66.181587, 52, 39.024689, 49,        64, 56, 8.9074707, 67, 644.68970, 72, 272.26257, 77, 40.125000,144, 0.0000000, 84, 0.0000000, 48,       104, 16,       141
50C,2018/03/17 23:08:00, 50, 9.2791328, 51, 54.700207, 52, 45.421074, 49,        64, 56, 8.9074707, 67, 644.68970, 72, 272.54880, 77, 40.031250,144, 0.0000000, 84, 0.0000000, 48,       104, 16,       141
5CC,2018/03/17 23:09:00, 50, 14.445694, 51, 47.656548, 52, 33.210854, 49,        64, 56, 8.9074707, 67, 644.68970, 72, 272.65964, 77, 39.875000,144, 0.0000000, 84, 0.0000000, 48,       104, 16,       141
5BC,2018/03/17 23:10:00, 50, 12.435974, 51, 62.565292, 52, 50.129318, 49,        64, 56, 8.9074707, 67, 644.68970, 72, 272.54498, 77, 39.750000,144, 0.0000000, 84, 0.0000000, 48,       104, 16,       141
5AC,2018/03/17 23:11:00, 50, 7.4650097, 51, 29.652151, 52, 22.187141, 49,        64, 56, 8.9074707, 67, 644.68970, 72, 272.02042, 77, 39.718750,144, 0.0000000, 84, 0.0000000, 48,       104, 16,       141
5EC,2018/03/17 23:12:00, 50, 8.7511120, 51, 33.366673, 52, 24.615562, 49,        64, 56, 8.9074707, 67, 644.68970, 72, 272.06354, 77, 39.593750,144, 0.0000000, 84, 0.0000000, 48,       104, 16,       141
5CC,2018/03/17 23:13:00, 50, 12.905210, 51, 47.548824, 52, 34.643616, 49,        64, 56, 8.9074707, 67, 644.68970, 72, 272.22668, 77, 39.531250,144, 0.0000000, 84, 0.0000000, 48,       104, 16,       141
5CC,2018/03/17 23:14:00, 50, 14.369806, 51, 53.840027, 52, 39.470222, 49,        64, 56, 8.9074707, 67, 644.68970, 72, 272.23645, 77, 39.437500,144, 0.0000000, 84, 0.0000000, 48,       104, 16,       141
5FC,2018/03/17 23:15:00, 50, 22.087757, 51, 20.911644, 52,-1.1761148, 49,        64, 56, 8.9074707, 67, 644.68970, 72, 272.44650, 77, 39.343750,144, 0.0000000, 84, 0.0000000, 48,       104, 16,       141
52C,2018/03/17 23:16:00, 50, 12.616590, 51, 38.330624, 52, 25.714035, 49,        64, 56, 8.9074707, 67, 644.68970, 72, 272.65439, 77, 39.250000,144, 0.0000000, 84, 0.0000000, 48,       104, 16,       141
51C,2018/03/17 23:17:00, 50, 12.993887, 51, 43.592228, 52, 30.598343, 49,        64, 56, 8.9074707, 67, 644.68970, 72, 272.89285, 77, 39.156250,144, 0.0000000, 84, 0.0000000, 48,       104, 16,       141
5EC,2018/03/17 23:18:00, 50, 8.9121990, 51, 47.803997, 52, 38.891800, 49,        64, 56, 8.9074707, 67, 644.68970, 72, 273.15991, 77, 39.031250,144, 0.0000000, 84, 0.0000000, 48,       104, 16,       141
53C,2018/03/17 23:19:00, 50, 17.964386, 51, 52.687737, 52, 34.723351, 49,        64, 56, 8.9074707, 67, 644.68970, 72, 273.23303, 77, 38.937500,144, 0.0000000, 84, 0.0000000, 48,       104, 16,       141
54C,2018/03/17 23:20:00, 50, 17.944660, 51, 62.942692, 52, 44.998032, 49,        64, 56, 8.9074707, 67, 644.68970, 72, 273.20743, 77, 38.843750,144, 0.0000000, 84, 0.0000000, 48,       104, 16,       141
5AC,2018/03/17 23:21:00, 50, 5.0558672, 51, 40.377201, 52, 35.321335, 49,        64, 56, 8.9074707, 67, 644.68970, 72, 273.31876, 77, 38.750000,144, 0.0000000, 84, 0.0000000, 48,       104, 16,       141
5BC,2018/03/17 23:22:00, 50, 23.704308, 51, 35.173603, 52, 11.469296, 49,        64, 56, 8.9074707, 67, 644.68970, 72, 273.62683, 77, 38.656250,144, 0.0000000, 84, 0.0000000, 48,       104, 16,       141
5DC,2018/03/17 23:23:00, 50, 12.777287, 51, 40.598415, 52, 27.821129, 49,        64, 56, 8.9074707, 67, 644.68970, 72, 273.79828, 77, 38.562500,144, 0.0000000, 84, 0.0000000, 48,       104, 16,       141
5CC,2018/03/17 23:24:00, 50, 92.922241, 51, 131.72119, 52, 38.798958, 49,        64, 56, 8.9074707, 67, 644.68970, 72, 273.68262, 77, 38.468750,144, 0.0000000, 84, 0.0000000, 48,       104, 16,       141
59C,2018/03/17 23:25:00, 50, 27.835716, 51, 55.581158, 52, 27.745441, 49,        64, 56, 8.9074707, 67, 644.68970, 72, 273.38721, 77, 38.375000,144, 0.0000000, 84, 0.0000000, 48,       104, 16,       141
53C,2018/03/17 23:26:00, 50, 88.574829, 51, 145.72009, 52, 57.145271, 49,        64, 56, 8.9074707, 67, 644.68970, 72, 273.00397, 77, 38.281250,144, 0.0000000, 84, 0.0000000, 48,       104, 16,       141
5FC,2018/03/17 23:27:00, 50, 20.182522, 51, 30.025864, 52, 9.8433418, 49,        64, 56, 8.9074707, 67, 644.68970, 72, 272.51016, 77, 38.187500,144, 0.0000000, 84, 0.0000000, 48,       104, 16,       141
59C,2018/03/17 23:28:00, 50, 18.559563, 51, 17.905107, 52,-0.6544557, 49,        64, 56, 8.9074707, 67, 644.68970, 72, 272.10349, 77, 38.062500,144, 0.0000000, 84, 0.0000000, 48,       104, 16,       141
50C,2018/03/17 23:29:00, 50, 13.470730, 51, 60.409145, 52, 46.938416, 49,        64, 56, 8.9074707, 67, 644.68970, 72, 271.09842, 77, 37.968750,144, 0.0000000, 84, 0.0000000, 48,       104, 16,       141
53C,2018/03/17 23:30:00, 50, 33.702812, 51, 118.42353, 52, 84.720718, 49,        64, 56, 8.9074707, 67, 644.68970, 72, 270.48886, 77, 37.843750,144, 0.0000000, 84, 0.0000000, 48,       104, 16,       141
54C,2018/03/17 23:31:00, 50, 27.603405, 51, 47.565716, 52, 19.962311, 49,        64, 56, 8.9074707, 67, 644.68970, 72, 270.46280, 77, 37.781250,144, 0.0000000, 84, 0.0000000, 48,       104, 16,       141
5DC,2018/03/17 23:32:00, 50, 54.950317, 51, 22.650513, 52,-32.299805, 49,        64, 56, 8.9074707, 67, 644.68970, 72, 270.51743, 77, 37.656250,144, 0.0000000, 84, 0.0000000, 48,       104, 16,       141
5DC,2018/03/17 23:33:00, 50, 38.122124, 51, 59.299828, 52, 21.177704, 49,        64, 56, 8.9074707, 67, 644.68970, 72, 270.50687, 77, 37.562500,144, 0.0000000, 84, 0.0000000, 48,       104, 16,       141
55C,2018/03/17 23:34:00, 50, 22.995998, 51, 57.538570, 52, 34.542572, 49,        64, 56, 8.9074707, 67, 644.68970, 72, 270.44775, 77, 37.500000,144, 0.0000000, 84, 0.0000000, 48,       104, 16,       141
55C,2018/03/17 23:35:00, 50, 34.638016, 51, 91.494431, 52, 56.856415, 49,        64, 56, 8.9074707, 67, 644.68970, 72, 270.46506, 77, 37.406250,144, 0.0000000, 84, 0.0000000, 48,       104, 16,       141
5DC,2018/03/17 23:36:00, 50, 27.284939, 51, 56.054077, 52, 28.769138, 49,        64, 56, 8.9074707, 67, 644.68970, 72, 270.57919, 77, 37.281250,144, 0.0000000, 84, 0.0000000, 48,       104, 16,       141
59C,2018/03/17 23:37:00, 50, 54.511322, 51, 68.163239, 52, 13.651920, 49,        64, 56, 8.9074707, 67, 644.68970, 72, 270.43280, 77, 37.187500,144, 0.0000000, 84, 0.0000000, 48,       104, 16,       141
51C,2018/03/17 23:38:00, 50, 60.011147, 51, 93.053658, 52, 33.042511, 49,        64, 56, 8.9074707, 67, 644.68970, 72, 270.43393, 77, 37.062500,144, 0.0000000, 84, 0.0000000, 48,       104, 16,       141
5DC,2018/03/17 23:39:00, 50, 17.397568, 51, 54.078148, 52, 36.680580, 49,        64, 56, 8.9074707, 67, 644.68970, 72, 270.73245, 77, 37.000000,144, 0.0000000, 84, 0.0000000, 48,       104, 16,       141
58C,2018/03/17 23:40:00, 50, 23.120079, 51, 27.494383, 52, 4.3743048, 49,        64, 56, 8.9074707, 67, 644.68970, 72, 270.86386, 77, 36.937500,144, 0.0000000, 84, 0.0000000, 48,       104, 16,       141
5BC,2018/03/17 23:41:00, 50, 16.414799, 51, 46.451614, 52, 30.036816, 49,        64, 56, 8.9074707, 67, 644.68970, 72, 270.42780, 77, 36.875000,144, 0.0000000, 84, 0.0000000, 48,       104, 16,       141
50C,2018/03/17 23:42:00, 50, 15.620077, 51, 23.861387, 52, 8.2413101, 49,        64, 56, 8.9074707, 67, 644.68970, 72, 269.82022, 77, 36.812500,144, 0.0000000, 84, 0.0000000, 48,       104, 16,       141
51C,2018/03/17 23:43:00, 50, 31.867130, 51, 68.685104, 52, 36.817978, 49,        64, 56, 8.9074707, 67, 644.68970, 72, 269.68491, 77, 36.718750,144, 0.0000000, 84, 0.0000000, 48,       104, 16,       141
5AC,2018/03/17 23:44:00, 50, 53.203720, 51, 65.008537, 52, 11.804817, 49,        64, 56, 8.9074707, 67, 644.68970, 72, 269.53372, 77, 36.687500,144, 0.0000000, 84, 0.0000000, 48,       104, 16,       141
5AC,2018/03/17 23:45:00, 50, 37.425941, 51, 65.045006, 52, 27.619064, 49,        64, 56, 8.9074707, 67, 644.68970, 72, 269.55176, 77, 36.625000,144, 0.0000000, 84, 0.0000000, 48,       104, 16,       141
5EC,2018/03/17 23:46:00, 50, 35.608185, 51, 37.511734, 52, 1.9035513, 49,        64, 56, 8.9074707, 67, 644.68970, 72, 270.11163, 77, 36.531250,144, 0.0000000, 84, 0.0000000, 48,       104, 16,       141
5BC,2018/03/17 23:47:00, 50, 30.372406, 51, 36.927738, 52, 6.5553331, 49,        64, 56, 8.9074707, 67, 644.68970, 72, 270.26385, 77, 36.437500,144, 0.0000000, 84, 0.0000000, 48,       104, 16,       141
52C,2018/03/17 23:48:00, 50, 21.017139, 51, 31.855433, 52, 10.838293, 49,        64, 56, 8.9074707, 67, 644.68970, 72, 269.79575, 77, 36.375000,144, 0.0000000, 84, 0.0000000, 48,       104, 16,       141
55C,2018/03/17 23:49:00, 50, 14.631540, 51, 63.877548, 52, 49.246010, 49,        64, 56, 8.9074707, 67, 644.68970, 72, 270.03290, 77, 36.281250,144, 0.0000000, 84, 0.0000000, 48,       104, 16,       141
52C,2018/03/17 23:50:00, 50, 21.827839, 51, 43.838642, 52, 22.010803, 49,        64, 56, 8.9074707, 67, 644.68970, 72, 270.16760, 77, 36.250000,144, 0.0000000, 84, 0.0000000, 48,       104, 16,       141
5EC,2018/03/17 23:51:00, 50, 44.530807, 51, 59.694145, 52, 15.163338, 49,        64, 56, 8.9074707, 67, 644.68970, 72, 270.15823, 77, 36.156250,144, 0.0000000, 84, 0.0000000, 48,       104, 16,       141
5FC,2018/03/17 23:52:00, 50, 32.667557, 51, 43.682610, 52, 11.015053, 49,        64, 56, 8.9074707, 67, 644.68970, 72, 270.19904, 77, 36.125000,144, 0.0000000, 84, 0.0000000, 48,       104, 16,       141
55C,2018/03/17 23:53:00, 50, 25.680527, 51, 44.519905, 52, 18.839378, 49,        64, 56, 8.9074707, 67, 644.68970, 72, 270.21951, 77, 36.125000,144, 0.0000000, 84, 0.0000000, 48,       104, 16,       141
5EC,2018/03/17 23:54:00, 50, 43.678833, 51, 46.123795, 52, 2.4449615, 49,        64, 56, 8.9074707, 67, 644.68970, 72, 270.33905, 77, 36.156250,144, 0.0000000, 84, 0.0000000, 48,       104, 16,       141
52C,2018/03/17 23:55:00, 50, 38.647675, 51, 50.271690, 52, 11.624018, 49,        64, 56, 8.9074707, 67, 644.68970, 72, 270.12201, 77, 36.187500,144, 0.0000000, 84, 0.0000000, 48,       104, 16,       141
5AC,2018/03/17 23:56:00, 50, 25.013985, 51, 13.776726, 52,-11.237259, 49,        64, 56, 8.9074707, 67, 644.68970, 72, 269.92706, 77, 36.281250,144, 0.0000000, 84, 0.0000000, 48,       104, 16,       141
56C,2018/03/17 23:57:00, 50, 14.780499, 51, 23.545115, 52, 8.7646160, 49,        64, 56, 8.9074707, 67, 644.68970, 72, 269.90445, 77, 36.343750,144, 0.0000000, 84, 0.0000000, 48,       104, 16,       141
56C,2018/03/17 23:58:00, 50, 16.277561, 51, 41.527969, 52, 25.250408, 49,        64, 56, 8.9074707, 67, 644.68970, 72, 270.16467, 77, 36.437500,144, 0.0000000, 84, 0.0000000, 48,       104, 16,       141
5CC,2018/03/17 23:59:00, 50, 51.309639, 51, 59.429794, 52, 8.1201553, 49,        64, 56, 8.9074707, 67, 644.68970, 72, 270.14447, 77, 36.562500,144, 0.0000000, 84, 0.0000000, 48,       104, 16,       141
