54C,2018/01/19 09:28:00, 50, 0.0000000, 51, 0.0000000, 52, 0.0000000, 49,        64, 56, 0.0000000, 67, 644.68970, 72, 510.75861, 77, 20.250000,144, 0.0000000, 84, 0.0000000, 48,       104, 16,       141
54C,2018/01/19 09:29:00, 50, 0.0000000, 51, 0.0000000, 52, 0.0000000, 49,        64, 56, 0.0000000, 67, 644.68970, 72, 510.72644, 77, 20.937500,144, 0.0000000, 84, 0.0000000, 48,       104, 16,       141
5AC,2018/01/19 09:30:00, 50, 0.0000000, 51, 0.0000000, 52, 0.0000000, 49,        64, 56, 0.0000000, 67, 644.68970, 72, 510.23541, 77, 21.593750,144, 0.0000000, 84, 0.0000000, 48,       104, 16,       141
5AC,2018/01/19 09:31:00, 50, 0.0000000, 51, 0.0000000, 52, 0.0000000, 49,        64, 56, 0.0000000, 67, 644.68970, 72, 509.88409, 77, 22.187500,144, 0.0000000, 84, 0.0000000, 48,       104, 16,       141
5DC,2018/01/19 09:32:00, 50, 0.0000000, 51, 0.0000000, 52, 0.0000000, 49,        64, 56, 0.0000000, 67, 644.68970, 72, 509.52936, 77, 22.781250,144, 0.0000000, 84, 0.0000000, 48,       104, 16,       141
58C,2018/01/19 09:33:00, 50, 0.0000000, 51, 0.0000000, 52, 0.0000000, 49,        64, 56, 0.0000000, 67, 644.68970, 72, 509.07745, 77, 23.343750,144, 0.0000000, 84, 0.0000000, 48,       104, 16,       141
5EC,2018/01/19 09:34:00, 50, 0.0000000, 51, 0.0000000, 52, 0.0000000, 49,        64, 56, 0.0000000, 67, 644.68970, 72, 508.67682, 77, 23.875000,144, 0.0000000, 84, 0.0000000, 48,       104, 16,       141
5BC,2018/01/19 09:35:00, 50, 0.0000000, 51, 0.0000000, 52, 0.0000000, 49,        64, 56, 0.0000000, 67, 644.68970, 72, 508.39667, 77, 24.218750,144, 0.0000000, 84, 0.0000000, 48,       104, 16,       141
57C,2018/01/19 09:36:00, 50, 0.0000000, 51, 0.0000000, 52, 0.0000000, 49,        64, 56, 0.0000000, 67, 644.68970, 72, 508.10968, 77, 24.593750,144, 0.0000000, 84, 0.0000000, 48,       104, 16,       141
52C,2018/01/19 09:37:00, 50, 0.0000000, 51, 0.0000000, 52, 0.0000000, 49,        64, 56, 0.0000000, 67, 646.03967, 72, 507.86420, 77, 25.000000,144, 0.0000000, 84, 0.0000000, 48,       104, 16,       141
55C,2018/01/19 09:38:00, 50, 0.0000000, 51, 0.0000000, 52, 0.0000000, 49,        64, 56, 0.0000000, 67, 646.03967, 72, 507.59479, 77, 25.343750,144, 0.0000000, 84, 0.0000000, 48,       104, 16,       141
53C,2018/01/19 09:39:00, 50, 0.0000000, 51, 0.0000000, 52, 0.0000000, 49,        64, 56, 0.0000000, 67, 646.03967, 72, 507.56067, 77, 25.437500,144, 0.0000000, 84, 0.0000000, 48,       104, 16,       141
56C,2018/01/19 09:40:00, 50, 0.0000000, 51, 0.0000000, 52, 0.0000000, 49,        64, 56, 0.0000000, 67, 646.03967, 72, 507.31061, 77, 25.781250,144, 0.0000000, 84, 0.0000000, 48,       104, 16,       141
56C,2018/01/19 09:41:00, 50, 0.0000000, 51, 0.0000000, 52, 0.0000000, 49,        64, 56, 0.0000000, 67, 644.68970, 72, 506.90070, 77, 26.093750,144, 0.0000000, 84, 0.0000000, 48,       104, 16,       141
5BC,2018/01/19 09:42:00, 50, 0.0000000, 51, 0.0000000, 52, 0.0000000, 49,        64, 56, 0.0000000, 67, 644.68970, 72, 506.57318, 77, 26.531250,144, 0.0000000, 84, 0.0000000, 48,       104, 16,       141
54C,2018/01/19 09:43:00, 50, 0.0000000, 51, 0.0000000, 52, 0.0000000, 49,        64, 56, 0.0000000, 67, 644.68970, 72, 506.39996, 77, 26.875000,144, 0.0000000, 84, 0.0000000, 48,       104, 16,       141
5CC,2018/01/19 09:44:00, 50, 0.0000000, 51, 0.0000000, 52, 0.0000000, 49,        64, 56, 0.0000000, 67, 644.68970, 72, 506.34271, 77, 27.187500,144, 0.0000000, 84, 0.0000000, 48,       104, 16,       141
5DC,2018/01/19 09:45:00, 50, 0.0000000, 51, 0.0000000, 52, 0.0000000, 49,        64, 56, 0.0000000, 67, 644.68970, 72, 506.33752, 77, 27.468750,144, 0.0000000, 84, 0.0000000, 48,       104, 16,       141
5CC,2018/01/19 09:46:00, 50, 0.0000000, 51, 0.0000000, 52, 0.0000000, 49,        64, 56, 0.0000000, 67, 644.68970, 72, 506.33978, 77, 27.687500,144, 0.0000000, 84, 0.0000000, 48,       104, 16,       141
55C,2018/01/19 09:47:00, 50, 0.0000000, 51, 0.0000000, 52, 0.0000000, 49,        64, 56, 0.0000000, 67, 644.68970, 72, 506.36249, 77, 27.906250,144, 0.0000000, 84, 0.0000000, 48,       104, 16,       141
5BC,2018/01/19 09:48:00, 50, 0.0000000, 51, 0.0000000, 52, 0.0000000, 49,        64, 56, 0.0000000, 67, 644.68970, 72, 506.36719, 77, 28.125000,144, 0.0000000, 84, 0.0000000, 48,       104, 16,       141
5EC,2018/01/19 09:49:00, 50, 0.0000000, 51, 0.0000000, 52, 0.0000000, 49,        64, 56, 0.0000000, 67, 644.68970, 72, 506.37988, 77, 28.406250,144, 0.0000000, 84, 0.0000000, 48,       104, 16,       141
5AC,2018/01/19 09:50:00, 50, 0.0000000, 51, 0.0000000, 52, 0.0000000, 49,        64, 56, 0.0000000, 67, 644.68970, 72, 506.33984, 77, 28.625000,144, 0.0000000, 84, 0.0000000, 48,       104, 16,       141
55C,2018/01/19 09:51:00, 50, 0.0000000, 51, 0.0000000, 52, 0.0000000, 49,        64, 56, 0.0000000, 67, 644.68970, 72, 506.32538, 77, 28.968750,144, 0.0000000, 84, 0.0000000, 48,       104, 16,       141
59C,2018/01/19 09:52:00, 50, 0.0000000, 51, 0.0000000, 52, 0.0000000, 49,        64, 56, 0.0000000, 67, 644.68970, 72, 506.30408, 77, 29.187500,144, 0.0000000, 84, 0.0000000, 48,       104, 16,       141
56C,2018/01/19 09:53:00, 50, 0.0000000, 51, 0.0000000, 52, 0.0000000, 49,        64, 56, 0.0000000, 67, 646.03967, 72, 506.22363, 77, 29.406250,144, 0.0000000, 84, 0.0000000, 48,       104, 16,       141
56C,2018/01/19 09:54:00, 50, 0.0000000, 51, 0.0000000, 52, 0.0000000, 49,        64, 56, 0.0000000, 67, 644.68970, 72, 506.18134, 77, 29.656250,144, 0.0000000, 84, 0.0000000, 48,       104, 16,       141
59C,2018/01/19 09:55:00, 50, 0.0000000, 51, 0.0000000, 52, 0.0000000, 49,        64, 56, 0.0000000, 67, 644.68970, 72, 506.09430, 77, 29.843750,144, 0.0000000, 84, 0.0000000, 48,       104, 16,       141
5AC,2018/01/19 09:56:00, 50, 0.0000000, 51, 0.0000000, 52, 0.0000000, 49,        64, 56, 0.0000000, 67, 644.68970, 72, 506.04248, 77, 30.062500,144, 0.0000000, 84, 0.0000000, 48,       104, 16,       141
50C,2018/01/19 09:57:00, 50, 0.0000000, 51, 0.0000000, 52, 0.0000000, 49,        64, 56, 0.0000000, 67, 644.68970, 72, 505.97919, 77, 30.281250,144, 0.0000000, 84, 0.0000000, 48,       104, 16,       141
54C,2018/01/19 09:58:00, 50, 0.0000000, 51, 0.0000000, 52, 0.0000000, 49,        64, 56, 0.0000000, 67, 644.68970, 72, 505.92767, 77, 30.500000,144, 0.0000000, 84, 0.0000000, 48,       104, 16,       141
59C,2018/01/19 09:59:00, 50, 0.0000000, 51, 0.0000000, 52, 0.0000000, 49,        64, 56, 0.0000000, 67, 644.68970, 72, 505.89447, 77, 30.750000,144, 0.0000000, 84, 0.0000000, 48,       104, 16,       141
5BC,2018/01/19 10:00:00, 50, 0.0000000, 51, 0.0000000, 52, 0.0000000, 49,        64, 56, 0.0000000, 67, 644.68970, 72, 505.81641, 77, 30.937500,144, 0.0000000, 84, 0.0000000, 48,       104, 16,       141
50C,2018/01/19 10:01:00, 50, 0.0000000, 51, 0.0000000, 52, 0.0000000, 49,        64, 56, 0.0000000, 67, 644.68970, 72, 506.17700, 77, 31.187500,144, 0.0000000, 84, 0.0000000, 48,       104, 16,       141
50C,2018/01/19 10:02:00, 50, 0.0000000, 51, 0.0000000, 52, 0.0000000, 49,        64, 56, 0.0000000, 67, 644.68970, 72, 505.86115, 77, 31.375000,144, 0.0000000, 84, 0.0000000, 48,       104, 16,       141
53C,2018/01/19 10:03:00, 50, 0.0000000, 51, 0.0000000, 52, 0.0000000, 49,        64, 56, 0.0000000, 67, 644.68970, 72, 507.66272, 77, 31.593750,144, 0.0000000, 84, 0.0000000, 48,       104, 16,       141
57C,2018/01/19 10:04:00, 50, 0.0000000, 51, 0.0000000, 52, 0.0000000, 49,        64, 56, 0.0000000, 67, 644.68970, 72, 505.76135, 77, 31.593750,144, 0.0000000, 84, 0.0000000, 48,       104, 16,       141
58C,2018/01/19 10:05:00, 50, 0.0000000, 51, 0.0000000, 52, 0.0000000, 49,        64, 56, 0.0000000, 67, 644.68970, 72, 505.82391, 77, 31.562500,144, 0.0000000, 84, 0.0000000, 48,       104, 16,       141
5AC,2018/01/19 10:06:00, 50, 0.0000000, 51, 0.0000000, 52, 0.0000000, 49,        64, 56, 0.0000000, 67, 644.68970, 72, 506.01965, 77, 31.687500,144, 0.0000000, 84, 0.0000000, 48,       104, 16,       141
54C,2018/01/19 10:07:00, 50, 0.0000000, 51, 0.0000000, 52, 0.0000000, 49,        64, 56, 0.0000000, 67, 644.68970, 72, 505.88641, 77, 31.906250,144, 0.0000000, 84, 0.0000000, 48,       104, 16,       141
5DC,2018/01/19 10:08:00, 50, 0.0000000, 51, 0.0000000, 52, 0.0000000, 49,        64, 56, 0.0000000, 67, 644.68970, 72, 506.60248, 77, 32.031250,144, 0.0000000, 84, 0.0000000, 48,       104, 16,       141
50C,2018/01/19 10:09:00, 50, 0.0000000, 51, 0.0000000, 52, 0.0000000, 49,        64, 56, 0.0000000, 67, 644.68970, 72, 507.00281, 77, 32.187500,144, 0.0000000, 84, 0.0000000, 48,       104, 16,       141
54C,2018/01/19 10:10:00, 50, 0.0000000, 51, 0.0000000, 52, 0.0000000, 49,        64, 56, 0.0000000, 67, 644.68970, 72, 506.80707, 77, 32.312500,144, 0.0000000, 84, 0.0000000, 48,       104, 16,       141
55C,2018/01/19 10:11:00, 50, 0.0000000, 51, 0.0000000, 52, 0.0000000, 49,        64, 56, 0.0000000, 67, 644.68970, 72, 506.52917, 77, 32.500000,144, 0.0000000, 84, 0.0000000, 48,       104, 16,       141
5EC,2018/01/19 10:12:00, 50, 0.0000000, 51, 0.0000000, 52, 0.0000000, 49,        64, 56, 0.0000000, 67, 644.68970, 72, 506.37164, 77, 32.656250,144, 0.0000000, 84, 0.0000000, 48,       104, 16,       141
5AC,2018/01/19 10:13:00, 50, 0.0000000, 51, 0.0000000, 52, 0.0000000, 49,        64, 56, 0.0000000, 67, 644.68970, 72, 506.31708, 77, 32.843750,144, 0.0000000, 84, 0.0000000, 48,       104, 16,       141
51C,2018/01/19 10:14:00, 50, 0.0000000, 51, 0.0000000, 52, 0.0000000, 49,        64, 56, 0.0000000, 67, 644.68970, 72, 506.24750, 77, 32.937500,144, 0.0000000, 84, 0.0000000, 48,       104, 16,       141
50C,2018/01/19 10:15:00, 50, 0.0000000, 51, 0.0000000, 52, 0.0000000, 49,        64, 56, 0.0000000, 67, 644.68970, 72, 506.23859, 77, 33.093750,144, 0.0000000, 84, 0.0000000, 48,       104, 16,       141
5BC,2018/01/19 10:16:00, 50, 0.0000000, 51, 0.0000000, 52, 0.0000000, 49,        64, 56, 0.0000000, 67, 644.68970, 72, 506.20404, 77, 33.250000,144, 0.0000000, 84, 0.0000000, 48,       104, 16,       141
56C,2018/01/19 10:17:00, 50, 0.0000000, 51, 0.0000000, 52, 0.0000000, 49,        64, 56, 0.0000000, 67, 644.68970, 72, 506.20691, 77, 33.406250,144, 0.0000000, 84, 0.0000000, 48,       104, 16,       141
52C,2018/01/19 10:18:00, 50, 0.0000000, 51, 0.0000000, 52, 0.0000000, 49,        64, 56, 0.0000000, 67, 644.68970, 72, 506.22772, 77, 33.531250,144, 0.0000000, 84, 0.0000000, 48,       104, 16,       141
5BC,2018/01/19 10:20:00, 50, 0.0000000, 51, 0.0000000, 52, 0.0000000, 49,        64, 56, 0.0000000, 67, 644.68970, 72, 506.22400, 77, 33.562500,144, 0.0000000, 84, 0.0000000, 48,       104, 16,       141
5BC,2018/01/19 10:21:00, 50, 0.0000000, 51, 0.0000000, 52, 0.0000000, 49,        64, 56, 0.0000000, 67, 644.68970, 72, 506.24115, 77, 33.750000,144, 0.0000000, 84, 0.0000000, 48,       104, 16,       141
5CC,2018/01/19 10:22:00, 50, 0.0000000, 51, 0.0000000, 52, 0.0000000, 49,        64, 56, 0.0000000, 67, 644.68970, 72, 506.21185, 77, 33.875000,144, 0.0000000, 84, 0.0000000, 48,       104, 16,       141
5BC,2018/01/19 10:23:00, 50, 0.0000000, 51, 0.0000000, 52, 0.0000000, 49,        64, 56, 0.0000000, 67, 644.68970, 72, 506.48822, 77, 34.000000,144, 0.0000000, 84, 0.0000000, 48,       104, 16,       141
59C,2018/01/19 10:24:00, 50, 0.0000000, 51, 0.0000000, 52, 0.0000000, 49,        64, 56, 0.0000000, 67, 644.68970, 72, 508.23413, 77, 34.093750,144, 0.0000000, 84, 0.0000000, 48,       104, 16,       141
5FC,2018/01/19 10:25:00, 50, 0.0000000, 51, 0.0000000, 52, 0.0000000, 49,        64, 56, 0.0000000, 67, 644.68970, 72, 509.20044, 77, 34.187500,144, 0.0000000, 84, 0.0000000, 48,       104, 16,       141
49C,2018/01/19 10:26:03, 50, 0.0000000, 51, 0.0000000, 52, 0.0000000, 49,         4, 56, 0.0000000, 67, 644.68970, 72, 0.0000000, 77, 34.156250,144, 0.0000000, 84, 0.0000000, 48,       104, 16,       141
5DC,2018/01/19 10:27:00, 50, 0.0000000, 51, 0.0000000, 52, 0.0000000, 49,        64, 56, 0.0000000, 67, 644.68970, 72, 505.69568, 77, 34.375000,144, 0.0000000, 84, 0.0000000, 48,       104, 16,       141
5DC,2018/01/19 10:28:00, 50, 0.0000000, 51, 0.0000000, 52, 0.0000000, 49,        64, 56, 0.0000000, 67, 644.68970, 72, 505.68256, 77, 34.500000,144, 0.0000000, 84, 0.0000000, 48,       104, 16,       141
57C,2018/01/19 10:29:00, 50, 0.0000000, 51, 0.0000000, 52, 0.0000000, 49,        64, 56, 0.0000000, 67, 644.68970, 72, 505.75507, 77, 34.625000,144, 0.0000000, 84, 0.0000000, 48,       104, 16,       141
59C,2018/01/19 10:30:00, 50, 0.0000000, 51, 0.0000000, 52, 0.0000000, 49,        64, 56, 0.0000000, 67, 644.68970, 72, 505.87567, 77, 34.687500,144, 0.0000000, 84, 0.0000000, 48,       104, 16,       141
56C,2018/01/19 10:31:00, 50, 0.0000000, 51, 0.0000000, 52, 0.0000000, 49,        64, 56, 0.0000000, 67, 644.68970, 72, 505.73065, 77, 34.812500,144, 0.0000000, 84, 0.0000000, 48,       104, 16,       141
56C,2018/01/19 10:32:00, 50, 0.0000000, 51, 0.0000000, 52, 0.0000000, 49,        64, 56, 0.0000000, 67, 644.68970, 72, 505.65320, 77, 34.906250,144, 0.0000000, 84, 0.0000000, 48,       104, 16,       141
52C,2018/01/19 10:33:00, 50, 0.0000000, 51, 0.0000000, 52, 0.0000000, 49,        64, 56, 0.0000000, 67, 644.68970, 72, 505.58276, 77, 35.000000,144, 0.0000000, 84, 0.0000000, 48,       104, 16,       141
53C,2018/01/19 10:34:00, 50, 0.0000000, 51, 0.0000000, 52, 0.0000000, 49,        64, 56, 0.0000000, 67, 643.33984, 72, 505.54407, 77, 35.093750,144, 0.0000000, 84, 0.0000000, 48,       104, 16,       141
56C,2018/01/19 10:35:00, 50, 0.0000000, 51, 0.0000000, 52, 0.0000000, 49,        64, 56, 0.0000000, 67, 643.33984, 72, 505.52460, 77, 35.187500,144, 0.0000000, 84, 0.0000000, 48,       104, 16,       141
50C,2018/01/19 10:36:00, 50, 0.0000000, 51, 0.0000000, 52, 0.0000000, 49,        64, 56, 0.0000000, 67, 643.33984, 72, 505.50977, 77, 35.250000,144, 0.0000000, 84, 0.0000000, 48,       104, 16,       141
57C,2018/01/19 10:37:00, 50, 0.0000000, 51, 0.0000000, 52, 0.0000000, 49,        64, 56, 0.0000000, 67, 643.33984, 72, 505.50159, 77, 35.312500,144, 0.0000000, 84, 0.0000000, 48,       104, 16,       141
5BC,2018/01/19 10:38:00, 50, 0.0000000, 51, 0.0000000, 52, 0.0000000, 49,        64, 56, 0.0000000, 67, 643.33984, 72, 505.50623, 77, 35.281250,144, 0.0000000, 84, 0.0000000, 48,       104, 16,       141
5AC,2018/01/19 10:39:00, 50, 0.0000000, 51, 0.0000000, 52, 0.0000000, 49,        64, 56, 0.0000000, 67, 643.33984, 72, 505.53418, 77, 35.312500,144, 0.0000000, 84, 0.0000000, 48,       104, 16,       141
5EC,2018/01/19 10:40:00, 50, 0.0000000, 51, 0.0000000, 52, 0.0000000, 49,        64, 56, 0.0000000, 67, 643.33984, 72, 505.54572, 77, 35.312500,144, 0.0000000, 84, 0.0000000, 48,       104, 16,       141
5DC,2018/01/19 10:42:00, 50, 0.0000000, 51, 0.0000000, 52, 0.0000000, 49,        64, 56, 0.0000000, 67, 643.33984, 72, 0.0000000, 77, 35.437500,144, 0.0000000, 84, 0.0000000, 48,       104, 16,       141
56C,2018/01/19 10:43:00, 50, 0.0000000, 51, 0.0000000, 52, 0.0000000, 49,        64, 56, 0.0000000, 67, 643.33984, 72, 505.72168, 77, 35.406250,144, 0.0000000, 84, 0.0000000, 48,       104, 16,       141
55C,2018/01/19 10:44:00, 50, 0.0000000, 51, 0.0000000, 52, 0.0000000, 49,        64, 56, 0.0000000, 67, 643.33984, 72, 505.69476, 77, 35.375000,144, 0.0000000, 84, 0.0000000, 48,       104, 16,       141
58C,2018/01/19 10:45:00, 50, 0.0000000, 51, 0.0000000, 52, 0.0000000, 49,        64, 56, 0.0000000, 67, 643.33984, 72, 505.65045, 77, 35.312500,144, 0.0000000, 84, 0.0000000, 48,       104, 16,       141
5EC,2018/01/19 10:46:00, 50, 0.0000000, 51, 0.0000000, 52, 0.0000000, 49,        64, 56, 0.0000000, 67, 643.33984, 72, 505.60144, 77, 35.312500,144, 0.0000000, 84, 0.0000000, 48,       104, 16,       141
5AC,2018/01/19 10:47:00, 50, 0.0000000, 51, 0.0000000, 52, 0.0000000, 49,        64, 56, 0.0000000, 67, 643.33984, 72, 505.88525, 77, 35.312500,144, 0.0000000, 84, 0.0000000, 48,       104, 16,       141
5CC,2018/01/19 10:48:00, 50, 0.0000000, 51, 0.0000000, 52, 0.0000000, 49,        64, 56, 0.0000000, 67, 643.33984, 72, 505.48224, 77, 35.343750,144, 0.0000000, 84, 0.0000000, 48,       104, 16,       141
52C,2018/01/19 10:49:00, 50, 0.0000000, 51, 0.0000000, 52, 0.0000000, 49,        64, 56, 0.0000000, 67, 643.33984, 72, 505.43250, 77, 35.375000,144, 0.0000000, 84, 0.0000000, 48,       104, 16,       141
5EC,2018/01/19 10:50:00, 50, 0.0000000, 51, 0.0000000, 52, 0.0000000, 49,        64, 56, 0.0000000, 67, 643.33984, 72, 505.44141, 77, 35.375000,144, 0.0000000, 84, 0.0000000, 48,       104, 16,       141
5AC,2018/01/19 10:51:00, 50, 0.0000000, 51, 0.0000000, 52, 0.0000000, 49,        64, 56, 0.0000000, 67, 643.33984, 72, 505.40216, 77, 35.375000,144, 0.0000000, 84, 0.0000000, 48,       104, 16,       141
59C,2018/01/19 10:52:00, 50, 0.0000000, 51, 0.0000000, 52, 0.0000000, 49,        64, 56, 0.0000000, 67, 643.33984, 72, 505.35535, 77, 35.406250,144, 0.0000000, 84, 0.0000000, 48,       104, 16,       141
5FC,2018/01/19 10:53:00, 50, 0.0000000, 51, 0.0000000, 52, 0.0000000, 49,        64, 56, 0.0000000, 67, 643.33984, 72, 505.33130, 77, 35.437500,144, 0.0000000, 84, 0.0000000, 48,       104, 16,       141
57C,2018/01/19 10:54:00, 50, 0.0000000, 51, 0.0000000, 52, 0.0000000, 49,        64, 56, 0.0000000, 67, 643.33984, 72, 505.33850, 77, 35.437500,144, 0.0000000, 84, 0.0000000, 48,       104, 16,       141
57C,2018/01/19 10:55:00, 50, 0.0000000, 51, 0.0000000, 52, 0.0000000, 49,        64, 56, 0.0000000, 67, 643.33984, 72, 505.35468, 77, 35.437500,144, 0.0000000, 84, 0.0000000, 48,       104, 16,       141
51C,2018/01/19 10:56:00, 50, 0.0000000, 51, 0.0000000, 52, 0.0000000, 49,        64, 56, 0.0000000, 67, 643.33984, 72, 505.35870, 77, 35.500000,144, 0.0000000, 84, 0.0000000, 48,       104, 16,       141
5DC,2018/01/19 10:57:00, 50, 0.0000000, 51, 0.0000000, 52, 0.0000000, 49,        64, 56, 0.0000000, 67, 643.33984, 72, 505.36890, 77, 35.500000,144, 0.0000000, 84, 0.0000000, 48,       104, 16,       141
58C,2018/01/19 10:58:00, 50, 0.0000000, 51, 0.0000000, 52, 0.0000000, 49,        64, 56, 0.0000000, 67, 643.33984, 72, 505.37128, 77, 35.562500,144, 0.0000000, 84, 0.0000000, 48,       104, 16,       141
52C,2018/01/19 10:59:00, 50, 0.0000000, 51, 0.0000000, 52, 0.0000000, 49,        64, 56, 0.0000000, 67, 643.33984, 72, 505.37213, 77, 35.562500,144, 0.0000000, 84, 0.0000000, 48,       104, 16,       141
59C,2018/01/19 11:00:00, 50, 0.0000000, 51, 0.0000000, 52, 0.0000000, 49,        64, 56, 0.0000000, 67, 643.33984, 72, 505.38312, 77, 35.593750,144, 0.0000000, 84, 0.0000000, 48,       104, 16,       141
5FC,2018/01/19 11:01:00, 50, 0.0000000, 51, 0.0000000, 52, 0.0000000, 49,        64, 56, 0.0000000, 67, 643.33984, 72, 505.38092, 77, 35.625000,144, 0.0000000, 84, 0.0000000, 48,       104, 16,       141
5BC,2018/01/19 11:02:00, 50, 0.0000000, 51, 0.0000000, 52, 0.0000000, 49,        64, 56, 0.0000000, 67, 643.33984, 72, 505.36719, 77, 35.687500,144, 0.0000000, 84, 0.0000000, 48,       104, 16,       141
5FC,2018/01/19 11:03:00, 50, 0.0000000, 51, 0.0000000, 52, 0.0000000, 49,        64, 56, 0.0000000, 67, 643.33984, 72, 505.34125, 77, 35.750000,144, 0.0000000, 84, 0.0000000, 48,       104, 16,       141
5BC,2018/01/19 11:04:00, 50, 0.0000000, 51, 0.0000000, 52, 0.0000000, 49,        64, 56, 0.0000000, 67, 643.33984, 72, 505.33301, 77, 35.750000,144, 0.0000000, 84, 0.0000000, 48,       104, 16,       141
59C,2018/01/19 11:05:00, 50, 0.0000000, 51, 0.0000000, 52, 0.0000000, 49,        64, 56, 0.0000000, 67, 643.33984, 72, 505.34686, 77, 35.718750,144, 0.0000000, 84, 0.0000000, 48,       104, 16,       141
50C,2018/01/19 11:08:00, 50, 0.0000000, 51, 0.0000000, 52, 0.0000000, 49,        64, 56, 0.0000000, 67, 643.33984, 72, 505.42822, 77, 35.781250,144, 0.0000000, 84, 0.0000000, 48,       104, 16,       141
57C,2018/01/19 11:09:00, 50, 0.0000000, 51, 0.0000000, 52, 0.0000000, 49,        64, 56, 0.0000000, 67, 643.33984, 72, 505.41058, 77, 35.781250,144, 0.0000000, 84, 0.0000000, 48,       104, 16,       141
5BC,2018/01/19 11:10:00, 50, 0.0000000, 51, 0.0000000, 52, 0.0000000, 49,        64, 56, 0.0000000, 67, 643.33984, 72, 505.38550, 77, 35.812500,144, 0.0000000, 84, 0.0000000, 48,       104, 16,       141
50C,2018/01/19 11:11:00, 50, 0.0000000, 51, 0.0000000, 52, 0.0000000, 49,        64, 56, 0.0000000, 67, 643.33984, 72, 505.34064, 77, 35.875000,144, 0.0000000, 84, 0.0000000, 48,       104, 16,       141
53C,2018/01/19 11:12:00, 50, 0.0000000, 51, 0.0000000, 52, 0.0000000, 49,        64, 56, 0.0000000, 67, 643.33984, 72, 505.29706, 77, 35.968750,144, 0.0000000, 84, 0.0000000, 48,       104, 16,       141
59C,2018/01/19 11:13:00, 50, 0.0000000, 51, 0.0000000, 52, 0.0000000, 49,        64, 56, 0.0000000, 67, 643.33984, 72, 505.24707, 77, 36.062500,144, 0.0000000, 84, 0.0000000, 48,       104, 16,       141
5CC,2018/01/19 11:14:00, 50, 0.0000000, 51, 0.0000000, 52, 0.0000000, 49,        64, 56, 0.0000000, 67, 643.33984, 72, 505.17017, 77, 36.156250,144, 0.0000000, 84, 0.0000000, 48,       104, 16,       141
57C,2018/01/19 11:15:00, 50, 0.0000000, 51, 0.0000000, 52, 0.0000000, 49,        64, 56, 0.0000000, 67, 643.33984, 72, 505.11206, 77, 36.187500,144, 0.0000000, 84, 0.0000000, 48,       104, 16,       141
52C,2018/01/19 11:16:00, 50, 0.0000000, 51, 0.0000000, 52, 0.0000000, 49,        64, 56, 0.0000000, 67, 643.33984, 72, 505.08600, 77, 36.250000,144, 0.0000000, 84, 0.0000000, 48,       104, 16,       141
5BC,2018/01/19 11:17:00, 50, 0.0000000, 51, 0.0000000, 52, 0.0000000, 49,        64, 56, 0.0000000, 67, 643.33984, 72, 505.07593, 77, 36.218750,144, 0.0000000, 84, 0.0000000, 48,       104, 16,       141
5FC,2018/01/19 11:18:00, 50, 0.0000000, 51, 0.0000000, 52, 0.0000000, 49,        64, 56, 0.0000000, 67, 643.33984, 72, 505.06744, 77, 36.187500,144, 0.0000000, 84, 0.0000000, 48,       104, 16,       141
53C,2018/01/19 11:19:00, 50, 0.0000000, 51, 0.0000000, 52, 0.0000000, 49,        64, 56, 0.0000000, 67, 643.33984, 72, 505.05090, 77, 36.187500,144, 0.0000000, 84, 0.0000000, 48,       104, 16,       141
53C,2018/01/19 11:20:00, 50, 0.0000000, 51, 0.0000000, 52, 0.0000000, 49,        64, 56, 0.0000000, 67, 643.33984, 72, 505.05737, 77, 36.187500,144, 0.0000000, 84, 0.0000000, 48,       104, 16,       141
56C,2018/01/19 11:21:00, 50, 0.0000000, 51, 0.0000000, 52, 0.0000000, 49,        64, 56, 0.0000000, 67, 643.33984, 72, 505.09656, 77, 36.156250,144, 0.0000000, 84, 0.0000000, 48,       104, 16,       141
58C,2018/01/19 11:22:00, 50, 0.0000000, 51, 0.0000000, 52, 0.0000000, 49,        64, 56, 0.0000000, 67, 643.33984, 72, 505.12402, 77, 36.062500,144, 0.0000000, 84, 0.0000000, 48,       104, 16,       141
5AC,2018/01/19 11:23:00, 50, 0.0000000, 51, 0.0000000, 52, 0.0000000, 49,        64, 56, 0.0000000, 67, 643.33984, 72, 505.15021, 77, 36.000000,144, 0.0000000, 84, 0.0000000, 48,       104, 16,       141
56C,2018/01/19 11:24:00, 50, 0.0000000, 51, 0.0000000, 52, 0.0000000, 49,        64, 56, 0.0000000, 67, 643.33984, 72, 505.61365, 77, 35.906250,144, 0.0000000, 84, 0.0000000, 48,       104, 16,       141
59C,2018/01/19 11:25:00, 50, 0.0000000, 51, 0.0000000, 52, 0.0000000, 49,        64, 56, 0.0000000, 67, 643.33984, 72, 507.48724, 77, 35.812500,144, 0.0000000, 84, 0.0000000, 48,       104, 16,       141
5AC,2018/01/19 11:26:00, 50, 0.0000000, 51, 0.0000000, 52, 0.0000000, 49,        64, 56, 0.0000000, 67, 643.33984, 72, 508.72290, 77, 35.750000,144, 0.0000000, 84, 0.0000000, 48,       104, 16,       141
5AC,2018/01/19 11:27:00, 50, 0.0000000, 51, 0.0000000, 52, 0.0000000, 49,        64, 56, 0.0000000, 67, 643.33984, 72, 509.28857, 77, 35.687500,144, 0.0000000, 84, 0.0000000, 48,       104, 16,       141
5FC,2018/01/19 11:28:00, 50, 0.0000000, 51, 0.0000000, 52, 0.0000000, 49,        64, 56, 0.0000000, 67, 643.33984, 72, 509.51819, 77, 35.656250,144, 0.0000000, 84, 0.0000000, 48,       104, 16,       141
5EC,2018/01/19 11:29:00, 50, 0.0000000, 51, 0.0000000, 52, 0.0000000, 49,        64, 56, 0.0000000, 67, 643.33984, 72, 509.61102, 77, 35.656250,144, 0.0000000, 84, 0.0000000, 48,       104, 16,       141
5BC,2018/01/19 11:30:00, 50, 0.0000000, 51, 0.0000000, 52, 0.0000000, 49,        64, 56, 0.0000000, 67, 643.33984, 72, 509.63971, 77, 35.625000,144, 0.0000000, 84, 0.0000000, 48,       104, 16,       141
5FC,2018/01/19 11:31:00, 50, 0.0000000, 51, 0.0000000, 52, 0.0000000, 49,        64, 56, 0.0000000, 67, 643.33984, 72, 509.64008, 77, 35.562500,144, 0.0000000, 84, 0.0000000, 48,       104, 16,       141
53C,2018/01/19 11:32:00, 50, 0.0000000, 51, 0.0000000, 52, 0.0000000, 49,        64, 56, 0.0000000, 67, 643.33984, 72, 509.63501, 77, 35.531250,144, 0.0000000, 84, 0.0000000, 48,       104, 16,       141
57C,2018/01/19 11:33:00, 50, 0.0000000, 51, 0.0000000, 52, 0.0000000, 49,        64, 56, 0.0000000, 67, 643.33984, 72, 509.62787, 77, 35.468750,144, 0.0000000, 84, 0.0000000, 48,       104, 16,       141
5AC,2018/01/19 11:34:00, 50, 0.0000000, 51, 0.0000000, 52, 0.0000000, 49,        64, 56, 0.0000000, 67, 643.33984, 72, 511.02631, 77, 35.375000,144, 0.0000000, 84, 0.0000000, 48,       104, 16,       141
5EC,2018/01/19 11:35:00, 50, 0.0000000, 51, 0.0000000, 52, 0.0000000, 49,        64, 56, 0.0000000, 67, 643.33984, 72, 515.73315, 77, 35.312500,144, 0.0000000, 84, 0.0000000, 48,       104, 16,       141
52C,2018/01/19 11:36:00, 50, 0.0000000, 51, 0.0000000, 52, 0.0000000, 49,        64, 56, 0.0000000, 67, 643.33984, 72, 519.55310, 77, 35.250000,144, 0.0000000, 84, 0.0000000, 48,       104, 16,       141
5FC,2018/01/19 11:37:00, 50, 0.0000000, 51, 0.0000000, 52, 0.0000000, 49,        64, 56, 0.0000000, 67, 643.33984, 72, 520.83636, 77, 35.187500,144, 0.0000000, 84, 0.0000000, 48,       104, 16,       141
57C,2018/01/19 11:38:00, 50, 0.0000000, 51, 0.0000000, 52, 0.0000000, 49,        64, 56, 0.0000000, 67, 643.33984, 72, 521.33154, 77, 35.156250,144, 0.0000000, 84, 0.0000000, 48,       104, 16,       141
53C,2018/01/19 11:39:00, 50, 0.0000000, 51, 0.0000000, 52, 0.0000000, 49,        64, 56, 0.0000000, 67, 643.33984, 72, 521.47858, 77, 35.125000,144, 0.0000000, 84, 0.0000000, 48,       104, 16,       141
50C,2018/01/19 11:40:00, 50, 0.0000000, 51, 0.0000000, 52, 0.0000000, 49,        64, 56, 0.0000000, 67, 643.33984, 72, 517.93884, 77, 35.125000,144, 0.0000000, 84, 0.0000000, 48,       104, 16,       141
58C,2018/01/19 11:41:00, 50, 0.0000000, 51, 0.0000000, 52, 0.0000000, 49,        64, 56, 0.0000000, 67, 643.33984, 72, 512.55634, 77, 35.156250,144, 0.0000000, 84, 0.0000000, 48,       104, 16,       141
50C,2018/01/19 11:42:00, 50, 0.0000000, 51, 0.0000000, 52, 0.0000000, 49,        64, 56, 0.0000000, 67, 643.33984, 72, 510.71918, 77, 35.187500,144, 0.0000000, 84, 0.0000000, 48,       104, 16,       141
54C,2018/01/19 11:43:00, 50, 0.0000000, 51, 0.0000000, 52, 0.0000000, 49,        64, 56, 0.0000000, 67, 643.33984, 72, 509.93195, 77, 35.250000,144, 0.0000000, 84, 0.0000000, 48,       104, 16,       141
5CC,2018/01/19 11:44:00, 50, 0.0000000, 51, 0.0000000, 52, 0.0000000, 49,        64, 56, 0.0000000, 67, 643.33984, 72, 509.65918, 77, 35.281250,144, 0.0000000, 84, 0.0000000, 48,       104, 16,       141
53C,2018/01/19 11:45:00, 50, 0.0000000, 51, 0.0000000, 52, 0.0000000, 49,        64, 56, 0.0000000, 67, 643.33984, 72, 509.50140, 77, 35.375000,144, 0.0000000, 84, 0.0000000, 48,       104, 16,       141
59C,2018/01/19 11:46:00, 50, 0.0000000, 51, 0.0000000, 52, 0.0000000, 49,        64, 56, 0.0000000, 67, 643.33984, 72, 509.44049, 77, 35.437500,144, 0.0000000, 84, 0.0000000, 48,       104, 16,       141
55C,2018/01/19 11:47:00, 50, 0.0000000, 51, 0.0000000, 52, 0.0000000, 49,        64, 56, 0.0000000, 67, 643.33984, 72, 509.43896, 77, 35.437500,144, 0.0000000, 84, 0.0000000, 48,       104, 16,       141
5AC,2018/01/19 11:48:00, 50, 0.0000000, 51, 0.0000000, 52, 0.0000000, 49,        64, 56, 0.0000000, 67, 643.33984, 72, 435.05975, 77, 35.437500,144, 0.0000000, 84, 0.0000000, 48,       104, 16,       141
5FC,2018/01/19 11:49:00, 50, 0.0000000, 51, 0.0000000, 52, 0.0000000, 49,        64, 56, 0.0000000, 67, 643.33984, 72, 293.09009, 77, 35.437500,144, 0.0000000, 84, 0.0000000, 48,       104, 16,       141
5DC,2018/01/19 11:50:00, 50, 0.0000000, 51, 0.0000000, 52, 0.0000000, 49,        64, 56, 0.0000000, 67, 643.33984, 72, 216.01218, 77, 35.468750,144, 0.0000000, 84, 0.0000000, 48,       104, 16,       141
55C,2018/01/19 11:51:00, 50, 0.0000000, 51, 0.0000000, 52, 0.0000000, 49,        64, 56, 0.0000000, 67, 643.33984, 72, 174.66559, 77, 35.406250,144, 0.0000000, 84, 0.0000000, 48,       104, 16,       141
5CC,2018/01/19 11:52:00, 50, 0.0000000, 51, 0.0000000, 52, 0.0000000, 49,        64, 56, 0.0000000, 67, 643.33984, 72, 160.04547, 77, 35.375000,144, 0.0000000, 84, 0.0000000, 48,       104, 16,       141
5BC,2018/01/19 11:53:00, 50, 0.0000000, 51, 0.0000000, 52, 0.0000000, 49,        64, 56, 0.0000000, 67, 643.33984, 72, 154.74765, 77, 35.312500,144, 0.0000000, 84, 0.0000000, 48,       104, 16,       141
54C,2018/01/19 11:54:00, 50, 0.0000000, 51, 0.0000000, 52, 0.0000000, 49,        64, 56, 0.0000000, 67, 643.33984, 72, 152.45392, 77, 35.312500,144, 0.0000000, 84, 0.0000000, 48,       104, 16,       141
5FC,2018/01/19 11:55:00, 50, 0.0000000, 51, 0.0000000, 52, 0.0000000, 49,        64, 56, 0.0000000, 67, 643.33984, 72, 151.59500, 77, 35.281250,144, 0.0000000, 84, 0.0000000, 48,       104, 16,       141
5EC,2018/01/19 11:56:00, 50, 0.0000000, 51, 0.0000000, 52, 0.0000000, 49,        64, 56, 0.0000000, 67, 643.33984, 72, 284.37781, 77, 35.343750,144, 0.0000000, 84, 0.0000000, 48,       104, 16,       141
5FC,2018/01/19 11:57:00, 50, 0.0000000, 51, 0.0000000, 52, 0.0000000, 49,        64, 56, 0.0000000, 67, 643.33984, 72, 405.93158, 77, 35.312500,144, 0.0000000, 84, 0.0000000, 48,       104, 16,       141
5EC,2018/01/19 11:58:00, 50, 0.0000000, 51, 0.0000000, 52, 0.0000000, 49,        64, 56, 0.0000000, 67, 643.33984, 72, 402.59003, 77, 35.312500,144, 0.0000000, 84, 0.0000000, 48,       104, 16,       141
5BC,2018/01/19 11:59:00, 50, 0.0000000, 51, 0.0000000, 52, 0.0000000, 49,        64, 56, 0.0000000, 67, 643.33984, 72, 275.59534, 77, 35.343750,144, 0.0000000, 84, 0.0000000, 48,       104, 16,       141
50C,2018/01/19 12:00:00, 50, 0.0000000, 51, 0.0000000, 52, 0.0000000, 49,        64, 56, 0.0000000, 67, 643.33984, 72, 209.86804, 77, 35.312500,144, 0.0000000, 84, 0.0000000, 48,       104, 16,       141
50C,2018/01/19 12:01:00, 50, 0.0000000, 51, 0.0000000, 52, 0.0000000, 49,        64, 56, 0.0000000, 67, 643.33984, 72, 173.99863, 77, 35.312500,144, 0.0000000, 84, 0.0000000, 48,       104, 16,       141
52C,2018/01/19 12:02:00, 50, 0.0000000, 51, 0.0000000, 52, 0.0000000, 49,        64, 56, 0.0000000, 67, 643.33984, 72, 160.88412, 77, 35.281250,144, 0.0000000, 84, 0.0000000, 48,       104, 16,       141
54C,2018/01/19 12:03:00, 50, 0.0000000, 51, 0.0000000, 52, 0.0000000, 49,        64, 56, 0.0000000, 67, 643.33984, 72, 156.12402, 77, 35.281250,144, 0.0000000, 84, 0.0000000, 48,       104, 16,       141
5CC,2018/01/19 12:04:00, 50, 0.0000000, 51, 0.0000000, 52, 0.0000000, 49,        64, 56, 0.0000000, 67, 643.33984, 72, 153.90793, 77, 35.250000,144, 0.0000000, 84, 0.0000000, 48,       104, 16,       141
5CC,2018/01/19 12:05:00, 50, 0.0000000, 51, 0.0000000, 52, 0.0000000, 49,        64, 56, 0.0000000, 67, 643.33984, 72, 152.66864, 77, 35.218750,144, 0.0000000, 84, 0.0000000, 48,       104, 16,       141
5FC,2018/01/19 12:06:00, 50, 0.0000000, 51, 0.0000000, 52, 0.0000000, 49,        64, 56, 0.0000000, 67, 643.33984, 72, 151.68500, 77, 35.187500,144, 0.0000000, 84, 0.0000000, 48,       104, 16,       141
51C,2018/01/19 12:07:00, 50, 0.0000000, 51, 0.0000000, 52, 0.0000000, 49,        64, 56, 0.0000000, 67, 643.33984, 72, 151.34528, 77, 35.250000,144, 0.0000000, 84, 0.0000000, 48,       104, 16,       141
5AC,2018/01/19 12:08:00, 50, 0.0000000, 51, 0.0000000, 52, 0.0000000, 49,        64, 56, 0.0000000, 67, 643.33984, 72, 151.08994, 77, 35.250000,144, 0.0000000, 84, 0.0000000, 48,       104, 16,       141
5DC,2018/01/19 12:09:00, 50, 0.0000000, 51, 0.0000000, 52, 0.0000000, 49,        64, 56, 0.0000000, 67, 643.33984, 72, 150.97214, 77, 35.312500,144, 0.0000000, 84, 0.0000000, 48,       104, 16,       141
57C,2018/01/19 12:10:00, 50, 0.0000000, 51, 0.0000000, 52, 0.0000000, 49,        64, 56, 0.0000000, 67, 643.33984, 72, 150.76291, 77, 35.406250,144, 0.0000000, 84, 0.0000000, 48,       104, 16,       141
58C,2018/01/19 12:11:00, 50, 0.0000000, 51, 0.0000000, 52, 0.0000000, 49,        64, 56, 0.0000000, 67, 643.33984, 72, 150.42633, 77, 35.531250,144, 0.0000000, 84, 0.0000000, 48,       104, 16,       141
52C,2018/01/19 12:12:00, 50, 0.0000000, 51, 0.0000000, 52, 0.0000000, 49,        64, 56, 0.0000000, 67, 643.33984, 72, 150.38000, 77, 35.656250,144, 0.0000000, 84, 0.0000000, 48,       104, 16,       141
55C,2018/01/19 12:13:00, 50, 0.0000000, 51, 0.0000000, 52, 0.0000000, 49,        64, 56, 0.0000000, 67, 643.33984, 72, 150.34857, 77, 35.750000,144, 0.0000000, 84, 0.0000000, 48,       104, 16,       141
52C,2018/01/19 12:14:00, 50, 0.0000000, 51, 0.0000000, 52, 0.0000000, 49,        64, 56, 0.0000000, 67, 643.33984, 72, 150.46176, 77, 35.843750,144, 0.0000000, 84, 0.0000000, 48,       104, 16,       141
55C,2018/01/19 12:15:00, 50, 0.0000000, 51, 0.0000000, 52, 0.0000000, 49,        64, 56, 0.0000000, 67, 643.33984, 72, 150.41422, 77, 35.937500,144, 0.0000000, 84, 0.0000000, 48,       104, 16,       141
5BC,2018/01/19 12:16:00, 50, 0.0000000, 51, 0.0000000, 52, 0.0000000, 49,        64, 56, 0.0000000, 67, 643.33984, 72, 150.17441, 77, 36.000000,144, 0.0000000, 84, 0.0000000, 48,       104, 16,       141
52C,2018/01/19 12:17:00, 50, 0.0000000, 51, 0.0000000, 52, 0.0000000, 49,        64, 56, 0.0000000, 67, 643.33984, 72, 150.06268, 77, 36.031250,144, 0.0000000, 84, 0.0000000, 48,       104, 16,       141
56C,2018/01/19 12:18:00, 50, 0.0000000, 51, 0.0000000, 52, 0.0000000, 49,        64, 56, 0.0000000, 67, 643.33984, 72, 150.00702, 77, 36.062500,144, 0.0000000, 84, 0.0000000, 48,       104, 16,       141
51C,2018/01/19 12:19:00, 50, 0.0000000, 51, 0.0000000, 52, 0.0000000, 49,        64, 56, 0.0000000, 67, 643.33984, 72, 150.16235, 77, 36.062500,144, 0.0000000, 84, 0.0000000, 48,       104, 16,       141
5BC,2018/01/19 12:20:01, 50, 0.0000000, 51, 0.0000000, 52, 0.0000000, 49,        64, 56, 0.0000000, 67, 643.33984, 72, 150.12173, 77, 36.031250,144, 0.0000000, 84, 0.0000000, 48,       104, 16,       141
58C,2018/01/19 12:21:01, 50, 0.0000000, 51, 0.0000000, 52, 0.0000000, 49,        64, 56, 0.0000000, 67, 643.33984, 72, 149.83893, 77, 36.000000,144, 0.0000000, 84, 0.0000000, 48,       104, 16,       141
57C,2018/01/19 12:22:00, 50, 0.0000000, 51, 0.0000000, 52, 0.0000000, 49,        64, 56, 0.0000000, 67, 643.33984, 72, 149.74625, 77, 35.968750,144, 0.0000000, 84, 0.0000000, 48,       104, 16,       141
56C,2018/01/19 12:23:00, 50, 0.0000000, 51, 0.0000000, 52, 0.0000000, 49,        64, 56, 0.0000000, 67, 643.33984, 72, 149.67639, 77, 35.875000,144, 0.0000000, 84, 0.0000000, 48,       104, 16,       141
59C,2018/01/19 12:24:01, 50, 0.0000000, 51, 0.0000000, 52, 0.0000000, 49,        64, 56, 0.0000000, 67, 643.33984, 72, 149.92297, 77, 35.781250,144, 0.0000000, 84, 0.0000000, 48,       104, 16,       141
53C,2018/01/19 12:25:00, 50, 0.0000000, 51, 0.0000000, 52, 0.0000000, 49,        64, 56, 0.0000000, 67, 643.33984, 72, 149.90753, 77, 35.718750,144, 0.0000000, 84, 0.0000000, 48,       104, 16,       141
5FC,2018/01/19 12:26:00, 50, 0.0000000, 51, 0.0000000, 52, 0.0000000, 49,        64, 56, 0.0000000, 67, 643.33984, 72, 149.68985, 77, 35.625000,144, 0.0000000, 84, 0.0000000, 48,       104, 16,       141
52C,2018/01/19 12:27:00, 50, 0.0000000, 51, 0.0000000, 52, 0.0000000, 49,        64, 56, 0.0000000, 67, 643.33984, 72, 149.66272, 77, 35.531250,144, 0.0000000, 84, 0.0000000, 48,       104, 16,       141
5EC,2018/01/19 12:28:00, 50, 0.0000000, 51, 0.0000000, 52, 0.0000000, 49,        64, 56, 0.0000000, 67, 643.33984, 72, 149.67154, 77, 35.500000,144, 0.0000000, 84, 0.0000000, 48,       104, 16,       141
5AC,2018/01/19 12:29:00, 50, 0.0000000, 51, 0.0000000, 52, 0.0000000, 49,        64, 56, 0.0000000, 67, 643.33984, 72, 149.85501, 77, 35.468750,144, 0.0000000, 84, 0.0000000, 48,       104, 16,       141
59C,2018/01/19 12:30:00, 50, 0.0000000, 51, 0.0000000, 52, 0.0000000, 49,        64, 56, 0.0000000, 67, 643.33984, 72, 149.81262, 77, 35.406250,144, 0.0000000, 84, 0.0000000, 48,       104, 16,       141
53C,2018/01/19 12:31:00, 50, 0.0000000, 51, 0.0000000, 52, 0.0000000, 49,        64, 56, 0.0000000, 67, 643.33984, 72, 149.53442, 77, 35.406250,144, 0.0000000, 84, 0.0000000, 48,       104, 16,       141
55C,2018/01/19 12:32:00, 50, 0.0000000, 51, 0.0000000, 52, 0.0000000, 49,        64, 56, 0.0000000, 67, 643.33984, 72, 149.46304, 77, 35.375000,144, 0.0000000, 84, 0.0000000, 48,       104, 16,       141
54C,2018/01/19 12:33:00, 50, 0.0000000, 51, 0.0000000, 52, 0.0000000, 49,        64, 56, 0.0000000, 67, 643.33984, 72, 148.91092, 77, 35.343750,144, 0.0000000, 84, 0.0000000, 48,       104, 16,       141
57C,2018/01/19 12:34:00, 50, 0.0000000, 51, 0.0000000, 52, 0.0000000, 49,        64, 56, 0.0000000, 67, 643.33984, 72, 148.28940, 77, 35.343750,144, 0.0000000, 84, 0.0000000, 48,       104, 16,       141
53C,2018/01/19 12:35:00, 50, 0.0000000, 51, 0.0000000, 52, 0.0000000, 49,        64, 56, 0.0000000, 67, 643.33984, 72, 148.11331, 77, 35.312500,144, 0.0000000, 84, 0.0000000, 48,       104, 16,       141
59C,2018/01/19 12:36:00, 50, 0.0000000, 51, 0.0000000, 52, 0.0000000, 49,        64, 56, 0.0000000, 67, 643.33984, 72, 148.57956, 77, 35.312500,144, 0.0000000, 84, 0.0000000, 48,       104, 16,       141
5AC,2018/01/19 12:37:00, 50, 0.0000000, 51, 0.0000000, 52, 0.0000000, 49,        64, 56, 0.0000000, 67, 643.33984, 72, 148.96652, 77, 35.375000,144, 0.0000000, 84, 0.0000000, 48,       104, 16,       141
51C,2018/01/19 12:38:00, 50, 0.0000000, 51, 0.0000000, 52, 0.0000000, 49,        64, 56, 0.0000000, 67, 643.33984, 72, 149.15964, 77, 35.406250,144, 0.0000000, 84, 0.0000000, 48,       104, 16,       141
5EC,2018/01/19 12:39:00, 50, 0.0000000, 51, 0.0000000, 52, 0.0000000, 49,        64, 56, 0.0000000, 67, 643.33984, 72, 149.39978, 77, 35.468750,144, 0.0000000, 84, 0.0000000, 48,       104, 16,       141
5AC,2018/01/19 12:40:00, 50, 0.0000000, 51, 0.0000000, 52, 0.0000000, 49,        64, 56, 0.0000000, 67, 643.33984, 72, 149.47162, 77, 35.468750,144, 0.0000000, 84, 0.0000000, 48,       104, 16,       141
59C,2018/01/19 12:41:03, 50, 0.0000000, 51, 0.0000000, 52, 0.0000000, 49,        32, 56, 0.0000000, 67, 643.33984, 72, 0.0000000, 77, 35.531250,144, 0.0000000, 84, 0.0000000, 48,       104, 16,       141
5CC,2018/01/19 12:42:00, 50, 0.0000000, 51, 0.0000000, 52, 0.0000000, 49,        64, 56, 0.0000000, 67, 643.33984, 72, 146.61942, 77, 35.593750,144, 0.0000000, 84, 0.0000000, 48,       104, 16,       141
55C,2018/01/19 12:43:00, 50, 0.0000000, 51, 0.0000000, 52, 0.0000000, 49,        64, 56, 0.0000000, 67, 643.33984, 72, 146.59793, 77, 35.718750,144, 0.0000000, 84, 0.0000000, 48,       104, 16,       141
5BC,2018/01/19 12:44:00, 50, 0.0000000, 51, 0.0000000, 52, 0.0000000, 49,        64, 56, 0.0000000, 67, 643.33984, 72, 146.35358, 77, 35.718750,144, 0.0000000, 84, 0.0000000, 48,       104, 16,       141
55C,2018/01/19 12:45:00, 50, 0.0000000, 51, 0.0000000, 52, 0.0000000, 49,        64, 56, 0.0000000, 67, 643.33984, 72, 146.32886, 77, 35.718750,144, 0.0000000, 84, 0.0000000, 48,       104, 16,       141
5FC,2018/01/19 12:46:00, 50, 0.0000000, 51, 0.0000000, 52, 0.0000000, 49,        64, 56, 0.0000000, 67, 643.33984, 72, 146.23843, 77, 35.687500,144, 0.0000000, 84, 0.0000000, 48,       104, 16,       141
5CC,2018/01/19 12:47:00, 50, 0.0000000, 51, 0.0000000, 52, 0.0000000, 49,        64, 56, 0.0000000, 67, 643.33984, 72, 146.34830, 77, 35.687500,144, 0.0000000, 84, 0.0000000, 48,       104, 16,       141
5FC,2018/01/19 12:48:00, 50, 0.0000000, 51, 0.0000000, 52, 0.0000000, 49,        64, 56, 0.0000000, 67, 643.33984, 72, 146.30289, 77, 35.687500,144, 0.0000000, 84, 0.0000000, 48,       104, 16,       141
5BC,2018/01/19 12:49:00, 50, 0.0000000, 51, 0.0000000, 52, 0.0000000, 49,        64, 56, 0.0000000, 67, 643.33984, 72, 146.12341, 77, 35.687500,144, 0.0000000, 84, 0.0000000, 48,       104, 16,       141
5AC,2018/01/19 12:50:00, 50, 0.0000000, 51, 0.0000000, 52, 0.0000000, 49,        64, 56, 0.0000000, 67, 643.33984, 72, 146.61029, 77, 35.718750,144, 0.0000000, 84, 0.0000000, 48,       104, 16,       141
5AC,2018/01/19 12:51:00, 50, 0.0000000, 51, 0.0000000, 52, 0.0000000, 49,        64, 56, 0.0000000, 67, 643.33984, 72, 147.35040, 77, 35.750000,144, 0.0000000, 84, 0.0000000, 48,       104, 16,       141
5CC,2018/01/19 12:52:00, 50, 0.0000000, 51, 0.0000000, 52, 0.0000000, 49,        64, 56, 0.0000000, 67, 643.33984, 72, 147.20959, 77, 35.750000,144, 0.0000000, 84, 0.0000000, 48,       104, 16,       141
55C,2018/01/19 12:53:00, 50, 0.0000000, 51, 0.0000000, 52, 0.0000000, 49,        64, 56, 0.0000000, 67, 643.33984, 72, 146.81900, 77, 35.718750,144, 0.0000000, 84, 0.0000000, 48,       104, 16,       141
57C,2018/01/19 12:54:00, 50, 0.0000000, 51, 0.0000000, 52, 0.0000000, 49,        64, 56, 0.0000000, 67, 643.33984, 72, 146.43750, 77, 35.687500,144, 0.0000000, 84, 0.0000000, 48,       104, 16,       141
52C,2018/01/19 12:55:00, 50, 0.0000000, 51, 0.0000000, 52, 0.0000000, 49,        64, 56, 0.0000000, 67, 643.33984, 72, 146.34341, 77, 35.687500,144, 0.0000000, 84, 0.0000000, 48,       104, 16,       141
5AC,2018/01/19 12:56:00, 50, 0.0000000, 51, 0.0000000, 52, 0.0000000, 49,        64, 56, 0.0000000, 67, 643.33984, 72, 146.24890, 77, 35.625000,144, 0.0000000, 84, 0.0000000, 48,       104, 16,       141
58C,2018/01/19 12:57:00, 50, 0.0000000, 51, 0.0000000, 52, 0.0000000, 49,        64, 56, 0.0000000, 67, 643.33984, 72, 146.37500, 77, 35.562500,144, 0.0000000, 84, 0.0000000, 48,       104, 16,       141
50C,2018/01/19 12:58:00, 50, 0.0000000, 51, 0.0000000, 52, 0.0000000, 49,        64, 56, 0.0000000, 67, 643.33984, 72, 146.33112, 77, 35.531250,144, 0.0000000, 84, 0.0000000, 48,       104, 16,       141
58C,2018/01/19 12:59:00, 50, 0.0000000, 51, 0.0000000, 52, 0.0000000, 49,        64, 56, 0.0000000, 67, 643.33984, 72, 146.14886, 77, 35.468750,144, 0.0000000, 84, 0.0000000, 48,       104, 16,       141
54C,2018/01/19 13:00:00, 50, 0.0000000, 51, 0.0000000, 52, 0.0000000, 49,        64, 56, 0.0000000, 67, 643.33984, 72, 146.11935, 77, 35.406250,144, 0.0000000, 84, 0.0000000, 48,       104, 16,       141
50C,2018/01/19 13:01:01, 50, 0.0000000, 51, 0.0000000, 52, 0.0000000, 49,        64, 56, 0.0000000, 67, 643.33984, 72, 146.07697, 77, 35.375000,144, 0.0000000, 84, 0.0000000, 48,       104, 16,       141
56C,2018/01/19 13:02:00, 50, 0.0000000, 51, 0.0000000, 52, 0.0000000, 49,        64, 56, 0.0000000, 67, 643.33984, 72, 146.20712, 77, 35.281250,144, 0.0000000, 84, 0.0000000, 48,       104, 16,       141
5FC,2018/01/19 13:04:00, 50, 0.0000000, 51, 0.0000000, 52, 0.0000000, 49,        64, 56, 0.0000000, 67, 643.33984, 72, 146.13586, 77, 35.281250,144, 0.0000000, 84, 0.0000000, 48,       104, 16,       141
5CC,2018/01/19 13:05:00, 50, 0.0000000, 51, 0.0000000, 52, 0.0000000, 49,        64, 56, 0.0000000, 67, 643.33984, 72, 146.26395, 77, 35.281250,144, 0.0000000, 84, 0.0000000, 48,       104, 16,       141
57C,2018/01/19 13:06:00, 50, 0.0000000, 51, 0.0000000, 52, 0.0000000, 49,        64, 56, 0.0000000, 67, 643.33984, 72, 146.20468, 77, 35.250000,144, 0.0000000, 84, 0.0000000, 48,       104, 16,       141
58C,2018/01/19 13:07:00, 50, 0.0000000, 51, 0.0000000, 52, 0.0000000, 49,        64, 56, 0.0000000, 67, 643.33984, 72, 146.00363, 77, 35.250000,144, 0.0000000, 84, 0.0000000, 48,       104, 16,       141
50C,2018/01/19 13:08:00, 50, 0.0000000, 51, 0.0000000, 52, 0.0000000, 49,        64, 56, 0.0000000, 67, 643.33984, 72, 145.98773, 77, 35.250000,144, 0.0000000, 84, 0.0000000, 48,       104, 16,       141
54C,2018/01/19 13:09:00, 50, 0.0000000, 51, 0.0000000, 52, 0.0000000, 49,        64, 56, 0.0000000, 67, 643.33984, 72, 145.94141, 77, 35.218750,144, 0.0000000, 84, 0.0000000, 48,       104, 16,       141
54C,2018/01/19 13:10:00, 50, 0.0000000, 51, 0.0000000, 52, 0.0000000, 49,        64, 56, 0.0000000, 67, 643.33984, 72, 146.11389, 77, 35.218750,144, 0.0000000, 84, 0.0000000, 48,       104, 16,       141
5BC,2018/01/19 13:11:00, 50, 0.0000000, 51, 0.0000000, 52, 0.0000000, 49,        64, 56, 0.0000000, 67, 643.33984, 72, 146.09140, 77, 35.218750,144, 0.0000000, 84, 0.0000000, 48,       104, 16,       141
56C,2018/01/19 13:12:00, 50, 0.0000000, 51, 0.0000000, 52, 0.0000000, 49,        64, 56, 0.0000000, 67, 643.33984, 72, 145.90958, 77, 35.312500,144, 0.0000000, 84, 0.0000000, 48,       104, 16,       141
5BC,2018/01/19 13:13:00, 50, 0.0000000, 51, 0.0000000, 52, 0.0000000, 49,        64, 56, 0.0000000, 67, 643.33984, 72, 145.90509, 77, 35.375000,144, 0.0000000, 84, 0.0000000, 48,       104, 16,       141
52C,2018/01/19 13:14:00, 50, 0.0000000, 51, 0.0000000, 52, 0.0000000, 49,        64, 56, 0.0000000, 67, 643.33984, 72, 145.92444, 77, 35.437500,144, 0.0000000, 84, 0.0000000, 48,       104, 16,       141
5AC,2018/01/19 13:15:00, 50, 0.0000000, 51, 0.0000000, 52, 0.0000000, 49,        64, 56, 0.0000000, 67, 643.33984, 72, 146.12314, 77, 35.500000,144, 0.0000000, 84, 0.0000000, 48,       104, 16,       141
5EC,2018/01/19 13:16:00, 50, 0.0000000, 51, 0.0000000, 52, 0.0000000, 49,        64, 56, 0.0000000, 67, 643.33984, 72, 146.09903, 77, 35.562500,144, 0.0000000, 84, 0.0000000, 48,       104, 16,       141
5AC,2018/01/19 13:17:00, 50, 0.0000000, 51, 0.0000000, 52, 0.0000000, 49,        64, 56, 0.0000000, 67, 643.33984, 72, 145.92459, 77, 35.656250,144, 0.0000000, 84, 0.0000000, 48,       104, 16,       141
5AC,2018/01/19 13:18:00, 50, 0.0000000, 51, 0.0000000, 52, 0.0000000, 49,        64, 56, 0.0000000, 67, 643.33984, 72, 145.93866, 77, 35.687500,144, 0.0000000, 84, 0.0000000, 48,       104, 16,       141
5CC,2018/01/19 13:19:00, 50, 0.0000000, 51, 0.0000000, 52, 0.0000000, 49,        64, 56, 0.0000000, 67, 643.33984, 72, 145.92462, 77, 35.750000,144, 0.0000000, 84, 0.0000000, 48,       104, 16,       141
5AC,2018/01/19 13:20:00, 50, 0.0000000, 51, 0.0000000, 52, 0.0000000, 49,        64, 56, 0.0000000, 67, 643.33984, 72, 146.09839, 77, 35.843750,144, 0.0000000, 84, 0.0000000, 48,       104, 16,       141
52C,2018/01/19 13:21:00, 50, 0.0000000, 51, 0.0000000, 52, 0.0000000, 49,        64, 56, 0.0000000, 67, 643.33984, 72, 146.08359, 77, 35.906250,144, 0.0000000, 84, 0.0000000, 48,       104, 16,       141
5AC,2018/01/19 13:22:00, 50, 0.0000000, 51, 0.0000000, 52, 0.0000000, 49,        64, 56, 0.0000000, 67, 643.33984, 72, 145.95267, 77, 35.937500,144, 0.0000000, 84, 0.0000000, 48,       104, 16,       141
55C,2018/01/19 13:23:00, 50, 0.0000000, 51, 0.0000000, 52, 0.0000000, 49,        64, 56, 0.0000000, 67, 643.33984, 72, 145.97510, 77, 36.000000,144, 0.0000000, 84, 0.0000000, 48,       104, 16,       141
59C,2018/01/19 13:24:00, 50, 0.0000000, 51, 0.0000000, 52, 0.0000000, 49,        64, 56, 0.0000000, 67, 643.33984, 72, 145.97482, 77, 36.062500,144, 0.0000000, 84, 0.0000000, 48,       104, 16,       141
5CC,2018/01/19 13:25:00, 50, 0.0000000, 51, 0.0000000, 52, 0.0000000, 49,        64, 56, 0.0000000, 67, 643.33984, 72, 146.12973, 77, 36.093750,144, 0.0000000, 84, 0.0000000, 48,       104, 16,       141
5DC,2018/01/19 13:26:00, 50, 0.0000000, 51, 0.0000000, 52, 0.0000000, 49,        64, 56, 0.0000000, 67, 643.33984, 72, 146.09467, 77, 36.093750,144, 0.0000000, 84, 0.0000000, 48,       104, 16,       141
59C,2018/01/19 13:27:00, 50, 0.0000000, 51, 0.0000000, 52, 0.0000000, 49,        64, 56, 0.0000000, 67, 643.33984, 72, 145.89886, 77, 36.156250,144, 0.0000000, 84, 0.0000000, 48,       104, 16,       141
56C,2018/01/19 13:28:00, 50, 0.0000000, 51, 0.0000000, 52, 0.0000000, 49,        64, 56, 0.0000000, 67, 643.33984, 72, 145.85260, 77, 36.187500,144, 0.0000000, 84, 0.0000000, 48,       104, 16,       141
5EC,2018/01/19 13:29:00, 50, 0.0000000, 51, 0.0000000, 52, 0.0000000, 49,        64, 56, 0.0000000, 67, 643.33984, 72, 145.84671, 77, 36.250000,144, 0.0000000, 84, 0.0000000, 48,       104, 16,       141
57C,2018/01/19 13:30:00, 50, 0.0000000, 51, 0.0000000, 52, 0.0000000, 49,        64, 56, 0.0000000, 67, 643.33984, 72, 146.04831, 77, 36.250000,144, 0.0000000, 84, 0.0000000, 48,       104, 16,       141
5BC,2018/01/19 13:31:00, 50, 0.0000000, 51, 0.0000000, 52, 0.0000000, 49,        64, 56, 0.0000000, 67, 643.33984, 72, 146.18796, 77, 36.312500,144, 0.0000000, 84, 0.0000000, 48,       104, 16,       141
51C,2018/01/19 13:32:00, 50, 0.0000000, 51, 0.0000000, 52, 0.0000000, 49,        64, 56, 0.0000000, 67, 643.33984, 72, 146.14835, 77, 36.343750,144, 0.0000000, 84, 0.0000000, 48,       104, 16,       141
5BC,2018/01/19 13:33:00, 50, 0.0000000, 51, 0.0000000, 52, 0.0000000, 49,        64, 56, 0.0000000, 67, 643.33984, 72, 146.16321, 77, 36.375000,144, 0.0000000, 84, 0.0000000, 48,       104, 16,       141
5EC,2018/01/19 13:34:00, 50, 0.0000000, 51, 0.0000000, 52, 0.0000000, 49,        64, 56, 0.0000000, 67, 643.33984, 72, 146.16226, 77, 36.406250,144, 0.0000000, 84, 0.0000000, 48,       104, 16,       141
58C,2018/01/19 13:35:00, 50, 0.0000000, 51, 0.0000000, 52, 0.0000000, 49,        64, 56, 0.0000000, 67, 643.33984, 72, 146.35269, 77, 36.468750,144, 0.0000000, 84, 0.0000000, 48,       104, 16,       141
5CC,2018/01/19 13:36:00, 50, 0.0000000, 51, 0.0000000, 52, 0.0000000, 49,        64, 56, 0.0000000, 67, 643.33984, 72, 146.35156, 77, 36.531250,144, 0.0000000, 84, 0.0000000, 48,       104, 16,       141
54C,2018/01/19 13:37:00, 50, 0.0000000, 51, 0.0000000, 52, 0.0000000, 49,        64, 56, 0.0000000, 67, 643.33984, 72, 146.14682, 77, 36.562500,144, 0.0000000, 84, 0.0000000, 48,       104, 16,       141
5FC,2018/01/19 13:38:00, 50, 0.0000000, 51, 0.0000000, 52, 0.0000000, 49,        64, 56, 0.0000000, 67, 643.33984, 72, 146.12744, 77, 36.593750,144, 0.0000000, 84, 0.0000000, 48,       104, 16,       141
5BC,2018/01/19 13:39:00, 50, 0.0000000, 51, 0.0000000, 52, 0.0000000, 49,        64, 56, 0.0000000, 67, 643.33984, 72, 146.14920, 77, 36.656250,144, 0.0000000, 84, 0.0000000, 48,       104, 16,       141
52C,2018/01/19 13:40:00, 50, 0.0000000, 51, 0.0000000, 52, 0.0000000, 49,        64, 56, 0.0000000, 67, 643.33984, 72, 146.31647, 77, 36.687500,144, 0.0000000, 84, 0.0000000, 48,       104, 16,       141
53C,2018/01/19 13:41:00, 50, 0.0000000, 51, 0.0000000, 52, 0.0000000, 49,        64, 56, 0.0000000, 67, 643.33984, 72, 146.28836, 77, 36.718750,144, 0.0000000, 84, 0.0000000, 48,       104, 16,       141
56C,2018/01/19 13:42:00, 50, 0.0000000, 51, 0.0000000, 52, 0.0000000, 49,        64, 56, 0.0000000, 67, 643.33984, 72, 146.15128, 77, 36.750000,144, 0.0000000, 84, 0.0000000, 48,       104, 16,       141
5CC,2018/01/19 13:43:00, 50, 0.0000000, 51, 0.0000000, 52, 0.0000000, 49,        64, 56, 0.0000000, 67, 643.33984, 72, 146.13754, 77, 36.750000,144, 0.0000000, 84, 0.0000000, 48,       104, 16,       141
5AC,2018/01/19 13:44:00, 50, 0.0000000, 51, 0.0000000, 52, 0.0000000, 49,        64, 56, 0.0000000, 67, 643.33984, 72, 146.12085, 77, 36.781250,144, 0.0000000, 84, 0.0000000, 48,       104, 16,       141
58C,2018/01/19 13:45:00, 50, 0.0000000, 51, 0.0000000, 52, 0.0000000, 49,        64, 56, 0.0000000, 67, 643.33984, 72, 146.36954, 77, 36.781250,144, 0.0000000, 84, 0.0000000, 48,       104, 16,       141
52C,2018/01/19 13:46:00, 50, 0.0000000, 51, 0.0000000, 52, 0.0000000, 49,        64, 56, 0.0000000, 67, 643.33984, 72, 146.46530, 77, 36.781250,144, 0.0000000, 84, 0.0000000, 48,       104, 16,       141
5CC,2018/01/19 13:47:00, 50, 0.0000000, 51, 0.0000000, 52, 0.0000000, 49,        64, 56, 0.0000000, 67, 643.33984, 72, 146.32782, 77, 36.812500,144, 0.0000000, 84, 0.0000000, 48,       104, 16,       141
56C,2018/01/19 13:48:00, 50, 0.0000000, 51, 0.0000000, 52, 0.0000000, 49,        64, 56, 0.0000000, 67, 643.33984, 72, 146.29626, 77, 36.812500,144, 0.0000000, 84, 0.0000000, 48,       104, 16,       141
53C,2018/01/19 13:49:00, 50, 0.0000000, 51, 0.0000000, 52, 0.0000000, 49,        64, 56, 0.0000000, 67, 643.33984, 72, 146.30219, 77, 36.875000,144, 0.0000000, 84, 0.0000000, 48,       104, 16,       141
5BC,2018/01/19 13:50:00, 50, 0.0000000, 51, 0.0000000, 52, 0.0000000, 49,        64, 56, 0.0000000, 67, 643.33984, 72, 146.44977, 77, 36.875000,144, 0.0000000, 84, 0.0000000, 48,       104, 16,       141
53C,2018/01/19 13:51:00, 50, 0.0000000, 51, 0.0000000, 52, 0.0000000, 49,        64, 56, 0.0000000, 67, 643.33984, 72, 146.48428, 77, 36.906250,144, 0.0000000, 84, 0.0000000, 48,       104, 16,       141
55C,2018/01/19 13:52:00, 50, 0.0000000, 51, 0.0000000, 52, 0.0000000, 49,        64, 56, 0.0000000, 67, 643.33984, 72, 146.31027, 77, 36.906250,144, 0.0000000, 84, 0.0000000, 48,       104, 16,       141
54C,2018/01/19 13:53:00, 50, 0.0000000, 51, 0.0000000, 52, 0.0000000, 49,        64, 56, 0.0000000, 67, 643.33984, 72, 146.51248, 77, 36.968750,144, 0.0000000, 84, 0.0000000, 48,       104, 16,       141
5CC,2018/01/19 13:54:00, 50, 0.0000000, 51, 0.0000000, 52, 0.0000000, 49,        64, 56, 0.0000000, 67, 643.33984, 72, 146.75381, 77, 36.937500,144, 0.0000000, 84, 0.0000000, 48,       104, 16,       141
58C,2018/01/19 13:55:00, 50, 0.0000000, 51, 0.0000000, 52, 0.0000000, 49,        64, 56, 0.0000000, 67, 643.33984, 72, 146.67203, 77, 36.968750,144, 0.0000000, 84, 0.0000000, 48,       104, 16,       141
50C,2018/01/19 13:56:00, 50, 0.0000000, 51, 0.0000000, 52, 0.0000000, 49,        64, 56, 0.0000000, 67, 643.33984, 72, 146.57962, 77, 37.000000,144, 0.0000000, 84, 0.0000000, 48,       104, 16,       141
51C,2018/01/19 13:57:00, 50, 0.0000000, 51, 0.0000000, 52, 0.0000000, 49,        64, 56, 0.0000000, 67, 643.33984, 72, 146.35059, 77, 37.031250,144, 0.0000000, 84, 0.0000000, 48,       104, 16,       141
59C,2018/01/19 13:58:00, 50, 0.0000000, 51, 0.0000000, 52, 0.0000000, 49,        64, 56, 0.0000000, 67, 643.33984, 72, 146.82465, 77, 37.031250,144, 0.0000000, 84, 0.0000000, 48,       104, 16,       141
58C,2018/01/19 14:00:00, 50, 0.0000000, 51, 0.0000000, 52, 0.0000000, 49,        32, 56, 0.0000000, 67, 641.98999, 72, 0.0000000, 77, 37.281250,144, 0.0000000, 84, 0.0000000, 48,       104, 16,       141
58C,2018/01/19 14:01:00, 50, 0.0000000, 51, 0.0000000, 52, 0.0000000, 49,        64, 56, 0.0000000, 67, 641.98999, 72, 149.39838, 77, 37.187500,144, 0.0000000, 84, 0.0000000, 48,       104, 16,       141
52C,2018/01/19 14:02:00, 50, 0.0000000, 51, 0.0000000, 52, 0.0000000, 49,        64, 56, 0.0000000, 67, 641.98999, 72, 148.69110, 77, 37.156250,144, 0.0000000, 84, 0.0000000, 48,       104, 16,       141
5FC,2018/01/19 14:03:01, 50, 0.0000000, 51, 0.0000000, 52, 0.0000000, 49,        64, 56, 0.0000000, 67, 641.98999, 72, 148.01047, 77, 37.156250,144, 0.0000000, 84, 0.0000000, 48,       104, 16,       141
51C,2018/01/19 14:04:00, 50, 0.0000000, 51, 0.0000000, 52, 0.0000000, 49,        64, 56, 0.0000000, 67, 641.98999, 72, 147.04492, 77, 37.187500,144, 0.0000000, 84, 0.0000000, 48,       104, 16,       141
54C,2018/01/19 14:05:01, 50, 0.0000000, 51, 0.0000000, 52, 0.0000000, 49,        64, 56, 0.0000000, 67, 641.98999, 72, 146.66937, 77, 37.218750,144, 0.0000000, 84, 0.0000000, 48,       104, 16,       141
58C,2018/01/19 14:06:00, 50, 0.0000000, 51, 0.0000000, 52, 0.0000000, 49,        64, 56, 0.0000000, 67, 641.98999, 72, 146.54623, 77, 37.281250,144, 0.0000000, 84, 0.0000000, 48,       104, 16,       141
53C,2018/01/19 14:07:00, 50, 0.0000000, 51, 0.0000000, 52, 0.0000000, 49,        64, 56, 0.0000000, 67, 643.33984, 72, 0.0000000, 77, 37.281250,144, 0.0000000, 84, 0.0000000, 48,       104, 16,       141
5AC,2018/01/19 14:08:00, 50, 0.0000000, 51, 0.0000000, 52, 0.0000000, 49,        64, 56, 0.0000000, 67, 643.33984, 72, 146.08099, 77, 37.375000,144, 0.0000000, 84, 0.0000000, 48,       104, 16,       141
57C,2018/01/19 14:09:00, 50, 0.0000000, 51, 0.0000000, 52, 0.0000000, 49,        64, 56, 0.0000000, 67, 643.33984, 72, 146.06042, 77, 37.437500,144, 0.0000000, 84, 0.0000000, 48,       104, 16,       141
56C,2018/01/19 14:10:00, 50, 0.0000000, 51, 0.0000000, 52, 0.0000000, 49,        64, 56, 0.0000000, 67, 643.33984, 72, 146.21857, 77, 37.437500,144, 0.0000000, 84, 0.0000000, 48,       104, 16,       141
55C,2018/01/19 14:11:00, 50, 0.0000000, 51, 0.0000000, 52, 0.0000000, 49,        64, 56, 0.0000000, 67, 643.33984, 72, 146.15714, 77, 37.468750,144, 0.0000000, 84, 0.0000000, 48,       104, 16,       141
50C,2018/01/19 14:12:00, 50, 0.0000000, 51, 0.0000000, 52, 0.0000000, 49,        64, 56, 0.0000000, 67, 643.33984, 72, 145.95935, 77, 37.468750,144, 0.0000000, 84, 0.0000000, 48,       104, 16,       141
52C,2018/01/19 14:13:00, 50, 0.0000000, 51, 0.0000000, 52, 0.0000000, 49,        64, 56, 0.0000000, 67, 643.33984, 72, 146.00385, 77, 37.500000,144, 0.0000000, 84, 0.0000000, 48,       104, 16,       141
56C,2018/01/19 14:14:00, 50, 0.0000000, 51, 0.0000000, 52, 0.0000000, 49,        64, 56, 0.0000000, 67, 643.33984, 72, 146.04730, 77, 37.468750,144, 0.0000000, 84, 0.0000000, 48,       104, 16,       141
54C,2018/01/19 14:15:00, 50, 0.0000000, 51, 0.0000000, 52, 0.0000000, 49,        64, 56, 0.0000000, 67, 643.33984, 72, 146.22925, 77, 37.500000,144, 0.0000000, 84, 0.0000000, 48,       104, 16,       141
50C,2018/01/19 14:16:00, 50, 0.0000000, 51, 0.0000000, 52, 0.0000000, 49,        64, 56, 0.0000000, 67, 643.33984, 72, 146.22729, 77, 37.531250,144, 0.0000000, 84, 0.0000000, 48,       104, 16,       141
5BC,2018/01/19 14:17:00, 50, 0.0000000, 51, 0.0000000, 52, 0.0000000, 49,        64, 56, 0.0000000, 67, 643.33984, 72, 146.01007, 77, 37.531250,144, 0.0000000, 84, 0.0000000, 48,       104, 16,       141
5CC,2018/01/19 14:18:00, 50, 0.0000000, 51, 0.0000000, 52, 0.0000000, 49,        64, 56, 0.0000000, 67, 643.33984, 72, 146.04718, 77, 37.562500,144, 0.0000000, 84, 0.0000000, 48,       104, 16,       141
55C,2018/01/19 14:19:00, 50, 0.0000000, 51, 0.0000000, 52, 0.0000000, 49,        64, 56, 0.0000000, 67, 643.33984, 72, 146.07950, 77, 37.593750,144, 0.0000000, 84, 0.0000000, 48,       104, 16,       141
5DC,2018/01/19 14:20:00, 50, 0.0000000, 51, 0.0000000, 52, 0.0000000, 49,        64, 56, 0.0000000, 67, 643.33984, 72, 146.36981, 77, 37.625000,144, 0.0000000, 84, 0.0000000, 48,       104, 16,       141
52C,2018/01/19 14:21:00, 50, 0.0000000, 51, 0.0000000, 52, 0.0000000, 49,        64, 56, 0.0000000, 67, 643.33984, 72, 146.45810, 77, 37.656250,144, 0.0000000, 84, 0.0000000, 48,       104, 16,       141
54C,2018/01/19 14:22:00, 50, 0.0000000, 51, 0.0000000, 52, 0.0000000, 49,        64, 56, 0.0000000, 67, 643.33984, 72, 146.35410, 77, 37.687500,144, 0.0000000, 84, 0.0000000, 48,       104, 16,       141
5AC,2018/01/19 14:23:00, 50, 0.0000000, 51, 0.0000000, 52, 0.0000000, 49,        64, 56, 0.0000000, 67, 643.33984, 72, 146.41119, 77, 37.718750,144, 0.0000000, 84, 0.0000000, 48,       104, 16,       141
5CC,2018/01/19 14:24:00, 50, 0.0000000, 51, 0.0000000, 52, 0.0000000, 49,        64, 56, 0.0000000, 67, 643.33984, 72, 146.43985, 77, 37.750000,144, 0.0000000, 84, 0.0000000, 48,       104, 16,       141
56C,2018/01/19 14:25:00, 50, 0.0000000, 51, 0.0000000, 52, 0.0000000, 49,        64, 56, 0.0000000, 67, 643.33984, 72, 146.64868, 77, 37.812500,144, 0.0000000, 84, 0.0000000, 48,       104, 16,       141
57C,2018/01/19 14:26:00, 50, 0.0000000, 51, 0.0000000, 52, 0.0000000, 49,        64, 56, 0.0000000, 67, 643.33984, 72, 146.86932, 77, 37.812500,144, 0.0000000, 84, 0.0000000, 48,       104, 16,       141
57C,2018/01/19 14:27:00, 50, 0.0000000, 51, 0.0000000, 52, 0.0000000, 49,        64, 56, 0.0000000, 67, 643.33984, 72, 147.40060, 77, 37.875000,144, 0.0000000, 84, 0.0000000, 48,       104, 16,       141
5EC,2018/01/19 14:28:00, 50, 0.0000000, 51, 0.0000000, 52, 0.0000000, 49,        64, 56, 0.0000000, 67, 643.33984, 72, 147.03104, 77, 37.906250,144, 0.0000000, 84, 0.0000000, 48,       104, 16,       141
58C,2018/01/19 14:29:00, 50, 0.0000000, 51, 0.0000000, 52, 0.0000000, 49,        64, 56, 0.0000000, 67, 643.33984, 72, 146.62073, 77, 37.937500,144, 0.0000000, 84, 0.0000000, 48,       104, 16,       141
57C,2018/01/19 14:30:00, 50, 0.0000000, 51, 0.0000000, 52, 0.0000000, 49,        64, 56, 0.0000000, 67, 643.33984, 72, 146.73608, 77, 37.968750,144, 0.0000000, 84, 0.0000000, 48,       104, 16,       141
53C,2018/01/19 14:31:00, 50, 0.0000000, 51, 0.0000000, 52, 0.0000000, 49,        64, 56, 0.0000000, 67, 643.33984, 72, 146.49228, 77, 38.000000,144, 0.0000000, 84, 0.0000000, 48,       104, 16,       141
5CC,2018/01/19 14:32:00, 50, 0.0000000, 51, 0.0000000, 52, 0.0000000, 49,        64, 56, 0.0000000, 67, 643.33984, 72, 146.19257, 77, 38.062500,144, 0.0000000, 84, 0.0000000, 48,       104, 16,       141
52C,2018/01/19 14:33:00, 50, 0.0000000, 51, 0.0000000, 52, 0.0000000, 49,        64, 56, 0.0000000, 67, 643.33984, 72, 146.12030, 77, 38.125000,144, 0.0000000, 84, 0.0000000, 48,       104, 16,       141
5EC,2018/01/19 14:34:00, 50, 0.0000000, 51, 0.0000000, 52, 0.0000000, 49,        64, 56, 0.0000000, 67, 643.33984, 72, 146.08691, 77, 38.187500,144, 0.0000000, 84, 0.0000000, 48,       104, 16,       141
54C,2018/01/19 14:35:00, 50, 0.0000000, 51, 0.0000000, 52, 0.0000000, 49,        64, 56, 0.0000000, 67, 643.33984, 72, 146.25464, 77, 38.250000,144, 0.0000000, 84, 0.0000000, 48,       104, 16,       141
57C,2018/01/19 14:36:00, 50, 0.0000000, 51, 0.0000000, 52, 0.0000000, 49,        64, 56, 0.0000000, 67, 643.33984, 72, 146.24225, 77, 38.312500,144, 0.0000000, 84, 0.0000000, 48,       104, 16,       141
5EC,2018/01/19 14:37:00, 50, 0.0000000, 51, 0.0000000, 52, 0.0000000, 49,        64, 56, 0.0000000, 67, 643.33984, 72, 146.06180, 77, 38.375000,144, 0.0000000, 84, 0.0000000, 48,       104, 16,       141
56C,2018/01/19 14:38:00, 50, 0.0000000, 51, 0.0000000, 52, 0.0000000, 49,        64, 56, 0.0000000, 67, 643.33984, 72, 146.06039, 77, 38.406250,144, 0.0000000, 84, 0.0000000, 48,       104, 16,       141
59C,2018/01/19 14:39:00, 50, 0.0000000, 51, 0.0000000, 52, 0.0000000, 49,        64, 56, 0.0000000, 67, 643.33984, 72, 146.02872, 77, 38.468750,144, 0.0000000, 84, 0.0000000, 48,       104, 16,       141
5BC,2018/01/19 14:40:00, 50, 0.0000000, 51, 0.0000000, 52, 0.0000000, 49,        64, 56, 0.0000000, 67, 643.33984, 72, 146.16238, 77, 38.500000,144, 0.0000000, 84, 0.0000000, 48,       104, 16,       141
5CC,2018/01/19 14:41:00, 50, 0.0000000, 51, 0.0000000, 52, 0.0000000, 49,        64, 56, 0.0000000, 67, 643.33984, 72, 146.20233, 77, 38.593750,144, 0.0000000, 84, 0.0000000, 48,       104, 16,       141
5DC,2018/01/19 14:42:00, 50, 0.0000000, 51, 0.0000000, 52, 0.0000000, 49,        64, 56, 0.0000000, 67, 643.33984, 72, 146.01395, 77, 38.625000,144, 0.0000000, 84, 0.0000000, 48,       104, 16,       141
57C,2018/01/19 14:43:00, 50, 0.0000000, 51, 0.0000000, 52, 0.0000000, 49,        64, 56, 0.0000000, 67, 643.33984, 72, 145.99350, 77, 38.625000,144, 0.0000000, 84, 0.0000000, 48,       104, 16,       141
5FC,2018/01/19 14:44:00, 50, 0.0000000, 51, 0.0000000, 52, 0.0000000, 49,        64, 56, 0.0000000, 67, 643.33984, 72, 146.01776, 77, 38.687500,144, 0.0000000, 84, 0.0000000, 48,       104, 16,       141
57C,2018/01/19 14:45:00, 50, 0.0000000, 51, 0.0000000, 52, 0.0000000, 49,        64, 56, 0.0000000, 67, 643.33984, 72, 146.20938, 77, 38.750000,144, 0.0000000, 84, 0.0000000, 48,       104, 16,       141
5AC,2018/01/19 14:46:00, 50, 0.0000000, 51, 0.0000000, 52, 0.0000000, 49,        64, 56, 0.0000000, 67, 643.33984, 72, 146.21655, 77, 38.781250,144, 0.0000000, 84, 0.0000000, 48,       104, 16,       141
55C,2018/01/19 14:47:00, 50, 0.0000000, 51, 0.0000000, 52, 0.0000000, 49,        64, 56, 0.0000000, 67, 643.33984, 72, 146.04822, 77, 38.812500,144, 0.0000000, 84, 0.0000000, 48,       104, 16,       141
52C,2018/01/19 14:48:00, 50, 0.0000000, 51, 0.0000000, 52, 0.0000000, 49,        64, 56, 0.0000000, 67, 643.33984, 72, 146.07306, 77, 38.906250,144, 0.0000000, 84, 0.0000000, 48,       104, 16,       141
5CC,2018/01/19 14:49:00, 50, 0.0000000, 51, 0.0000000, 52, 0.0000000, 49,        64, 56, 0.0000000, 67, 643.33984, 72, 146.06281, 77, 38.937500,144, 0.0000000, 84, 0.0000000, 48,       104, 16,       141
58C,2018/01/19 14:50:00, 50, 0.0000000, 51, 0.0000000, 52, 0.0000000, 49,        64, 56, 0.0000000, 67, 643.33984, 72, 146.29120, 77, 39.000000,144, 0.0000000, 84, 0.0000000, 48,       104, 16,       141
5AC,2018/01/19 14:51:00, 50, 0.0000000, 51, 0.0000000, 52, 0.0000000, 49,        64, 56, 0.0000000, 67, 643.33984, 72, 146.28488, 77, 39.031250,144, 0.0000000, 84, 0.0000000, 48,       104, 16,       141
5BC,2018/01/19 14:52:00, 50, 0.0000000, 51, 0.0000000, 52, 0.0000000, 49,        64, 56, 0.0000000, 67, 643.33984, 72, 146.06241, 77, 39.093750,144, 0.0000000, 84, 0.0000000, 48,       104, 16,       141
5DC,2018/01/19 14:53:00, 50, 0.0000000, 51, 0.0000000, 52, 0.0000000, 49,        64, 56, 0.0000000, 67, 643.33984, 72, 146.03668, 77, 39.156250,144, 0.0000000, 84, 0.0000000, 48,       104, 16,       141
5EC,2018/01/19 14:54:00, 50, 0.0000000, 51, 0.0000000, 52, 0.0000000, 49,        64, 56, 0.0000000, 67, 643.33984, 72, 146.03763, 77, 39.187500,144, 0.0000000, 84, 0.0000000, 48,       104, 16,       141
51C,2018/01/19 14:55:00, 50, 0.0000000, 51, 0.0000000, 52, 0.0000000, 49,        64, 56, 0.0000000, 67, 643.33984, 72, 146.23453, 77, 39.250000,144, 0.0000000, 84, 0.0000000, 48,       104, 16,       141
58C,2018/01/19 14:56:00, 50, 0.0000000, 51, 0.0000000, 52, 0.0000000, 49,        64, 56, 0.0000000, 67, 643.33984, 72, 146.24863, 77, 39.312500,144, 0.0000000, 84, 0.0000000, 48,       104, 16,       141
5FC,2018/01/19 14:57:00, 50, 0.0000000, 51, 0.0000000, 52, 0.0000000, 49,        64, 56, 0.0000000, 67, 643.33984, 72, 146.09909, 77, 39.375000,144, 0.0000000, 84, 0.0000000, 48,       104, 16,       141
5CC,2018/01/19 14:58:00, 50, 0.0000000, 51, 0.0000000, 52, 0.0000000, 49,        64, 56, 0.0000000, 67, 643.33984, 72, 146.12640, 77, 39.437500,144, 0.0000000, 84, 0.0000000, 48,       104, 16,       141
5AC,2018/01/19 14:59:00, 50, 0.0000000, 51, 0.0000000, 52, 0.0000000, 49,        64, 56, 0.0000000, 67, 643.33984, 72, 146.10831, 77, 39.468750,144, 0.0000000, 84, 0.0000000, 48,       104, 16,       141
5AC,2018/01/19 15:00:00, 50, 0.0000000, 51, 0.0000000, 52, 0.0000000, 49,        64, 56, 0.0000000, 67, 643.33984, 72, 146.25867, 77, 39.531250,144, 0.0000000, 84, 0.0000000, 48,       104, 16,       141
56C,2018/01/19 15:01:00, 50, 0.0000000, 51, 0.0000000, 52, 0.0000000, 49,        64, 56, 0.0000000, 67, 643.33984, 72, 146.24203, 77, 39.562500,144, 0.0000000, 84, 0.0000000, 48,       104, 16,       141
56C,2018/01/19 15:02:00, 50, 0.0000000, 51, 0.0000000, 52, 0.0000000, 49,        64, 56, 0.0000000, 67, 643.33984, 72, 146.05383, 77, 39.593750,144, 0.0000000, 84, 0.0000000, 48,       104, 16,       141
53C,2018/01/19 15:03:00, 50, 0.0000000, 51, 0.0000000, 52, 0.0000000, 49,        64, 56, 0.0000000, 67, 643.33984, 72, 146.08148, 77, 39.625000,144, 0.0000000, 84, 0.0000000, 48,       104, 16,       141
5BC,2018/01/19 15:04:00, 50, 0.0000000, 51, 0.0000000, 52, 0.0000000, 49,        64, 56, 0.0000000, 67, 643.33984, 72, 146.10464, 77, 39.687500,144, 0.0000000, 84, 0.0000000, 48,       104, 16,       141
57C,2018/01/19 15:05:00, 50, 0.0000000, 51, 0.0000000, 52, 0.0000000, 49,        64, 56, 0.0000000, 67, 643.33984, 72, 146.23874, 77, 39.687500,144, 0.0000000, 84, 0.0000000, 48,       104, 16,       141
58C,2018/01/19 15:06:00, 50, 0.0000000, 51, 0.0000000, 52, 0.0000000, 49,        64, 56, 0.0000000, 67, 643.33984, 72, 146.23160, 77, 39.718750,144, 0.0000000, 84, 0.0000000, 48,       104, 16,       141
56C,2018/01/19 15:07:00, 50, 0.0000000, 51, 0.0000000, 52, 0.0000000, 49,        64, 56, 0.0000000, 67, 643.33984, 72, 146.07169, 77, 39.718750,144, 0.0000000, 84, 0.0000000, 48,       104, 16,       141
56C,2018/01/19 15:08:00, 50, 0.0000000, 51, 0.0000000, 52, 0.0000000, 49,        64, 56, 0.0000000, 67, 643.33984, 72, 146.08176, 77, 39.750000,144, 0.0000000, 84, 0.0000000, 48,       104, 16,       141
53C,2018/01/19 15:09:00, 50, 0.0000000, 51, 0.0000000, 52, 0.0000000, 49,        64, 56, 0.0000000, 67, 643.33984, 72, 146.10886, 77, 39.781250,144, 0.0000000, 84, 0.0000000, 48,       104, 16,       141
59C,2018/01/19 15:10:00, 50, 0.0000000, 51, 0.0000000, 52, 0.0000000, 49,        64, 56, 0.0000000, 67, 643.33984, 72, 146.30032, 77, 39.812500,144, 0.0000000, 84, 0.0000000, 48,       104, 16,       141
5BC,2018/01/19 15:11:00, 50, 0.0000000, 51, 0.0000000, 52, 0.0000000, 49,        64, 56, 0.0000000, 67, 643.33984, 72, 146.30417, 77, 39.812500,144, 0.0000000, 84, 0.0000000, 48,       104, 16,       141
56C,2018/01/19 15:12:00, 50, 0.0000000, 51, 0.0000000, 52, 0.0000000, 49,        64, 56, 0.0000000, 67, 643.33984, 72, 146.13428, 77, 39.843750,144, 0.0000000, 84, 0.0000000, 48,       104, 16,       141
57C,2018/01/19 15:13:00, 50, 0.0000000, 51, 0.0000000, 52, 0.0000000, 49,        64, 56, 0.0000000, 67, 643.33984, 72, 146.10468, 77, 39.875000,144, 0.0000000, 84, 0.0000000, 48,       104, 16,       141
59C,2018/01/19 15:14:00, 50, 0.0000000, 51, 0.0000000, 52, 0.0000000, 49,        64, 56, 0.0000000, 67, 643.33984, 72, 146.07135, 77, 39.906250,144, 0.0000000, 84, 0.0000000, 48,       104, 16,       141
58C,2018/01/19 15:15:00, 50, 0.0000000, 51, 0.0000000, 52, 0.0000000, 49,        64, 56, 0.0000000, 67, 643.33984, 72, 146.25043, 77, 39.937500,144, 0.0000000, 84, 0.0000000, 48,       104, 16,       141
59C,2018/01/19 15:16:00, 50, 0.0000000, 51, 0.0000000, 52, 0.0000000, 49,        64, 56, 0.0000000, 67, 643.33984, 72, 146.29370, 77, 39.968750,144, 0.0000000, 84, 0.0000000, 48,       104, 16,       141
5FC,2018/01/19 15:17:00, 50, 0.0000000, 51, 0.0000000, 52, 0.0000000, 49,        64, 56, 0.0000000, 67, 643.33984, 72, 146.14688, 77, 40.000000,144, 0.0000000, 84, 0.0000000, 48,       104, 16,       141
5BC,2018/01/19 15:18:00, 50, 0.0000000, 51, 0.0000000, 52, 0.0000000, 49,        64, 56, 0.0000000, 67, 643.33984, 72, 146.15292, 77, 40.031250,144, 0.0000000, 84, 0.0000000, 48,       104, 16,       141
5CC,2018/01/19 15:19:00, 50, 0.0000000, 51, 0.0000000, 52, 0.0000000, 49,        64, 56, 0.0000000, 67, 643.33984, 72, 146.09839, 77, 40.031250,144, 0.0000000, 84, 0.0000000, 48,       104, 16,       141
5AC,2018/01/19 15:20:00, 50, 0.0000000, 51, 0.0000000, 52, 0.0000000, 49,        64, 56, 0.0000000, 67, 643.33984, 72, 146.26175, 77, 40.031250,144, 0.0000000, 84, 0.0000000, 48,       104, 16,       141
52C,2018/01/19 15:21:00, 50, 0.0000000, 51, 0.0000000, 52, 0.0000000, 49,        64, 56, 0.0000000, 67, 643.33984, 72, 146.22086, 77, 40.031250,144, 0.0000000, 84, 0.0000000, 48,       104, 16,       141
59C,2018/01/19 15:22:00, 50, 0.0000000, 51, 0.0000000, 52, 0.0000000, 49,        64, 56, 0.0000000, 67, 643.33984, 72, 146.03522, 77, 40.031250,144, 0.0000000, 84, 0.0000000, 48,       104, 16,       141
5DC,2018/01/19 15:23:00, 50, 0.0000000, 51, 0.0000000, 52, 0.0000000, 49,        64, 56, 0.0000000, 67, 643.33984, 72, 146.02753, 77, 40.031250,144, 0.0000000, 84, 0.0000000, 48,       104, 16,       141
58C,2018/01/19 15:24:01, 50, 0.0000000, 51, 0.0000000, 52, 0.0000000, 49,        64, 56, 0.0000000, 67, 643.33984, 72, 146.01450, 77, 40.031250,144, 0.0000000, 84, 0.0000000, 48,       104, 16,       141
54C,2018/01/19 15:25:00, 50, 0.0000000, 51, 0.0000000, 52, 0.0000000, 49,        64, 56, 0.0000000, 67, 643.33984, 72, 146.21695, 77, 40.000000,144, 0.0000000, 84, 0.0000000, 48,       104, 16,       141
5AC,2018/01/19 15:26:01, 50, 0.0000000, 51, 0.0000000, 52, 0.0000000, 49,        64, 56, 0.0000000, 67, 643.33984, 72, 146.25229, 77, 39.968750,144, 0.0000000, 84, 0.0000000, 48,       104, 16,       141
55C,2018/01/19 15:27:00, 50, 0.0000000, 51, 0.0000000, 52, 0.0000000, 49,        64, 56, 0.0000000, 67, 643.33984, 72, 146.05823, 77, 39.937500,144, 0.0000000, 84, 0.0000000, 48,       104, 16,       141
57C,2018/01/19 15:28:00, 50, 0.0000000, 51, 0.0000000, 52, 0.0000000, 49,        64, 56, 0.0000000, 67, 643.33984, 72, 146.01938, 77, 39.875000,144, 0.0000000, 84, 0.0000000, 48,       104, 16,       141
5FC,2018/01/19 15:29:00, 50, 0.0000000, 51, 0.0000000, 52, 0.0000000, 49,        64, 56, 0.0000000, 67, 643.33984, 72, 145.97220, 77, 39.843750,144, 0.0000000, 84, 0.0000000, 48,       104, 16,       141
55C,2018/01/19 15:30:00, 50, 0.0000000, 51, 0.0000000, 52, 0.0000000, 49,        64, 56, 0.0000000, 67, 643.33984, 72, 146.13538, 77, 39.812500,144, 0.0000000, 84, 0.0000000, 48,       104, 16,       141
52C,2018/01/19 15:31:00, 50, 0.0000000, 51, 0.0000000, 52, 0.0000000, 49,        64, 56, 0.0000000, 67, 643.33984, 72, 146.12656, 77, 39.750000,144, 0.0000000, 84, 0.0000000, 48,       104, 16,       141
5EC,2018/01/19 15:32:00, 50, 0.0000000, 51, 0.0000000, 52, 0.0000000, 49,        64, 56, 0.0000000, 67, 643.33984, 72, 145.96353, 77, 39.750000,144, 0.0000000, 84, 0.0000000, 48,       104, 16,       141
5EC,2018/01/19 15:33:00, 50, 0.0000000, 51, 0.0000000, 52, 0.0000000, 49,        64, 56, 0.0000000, 67, 643.33984, 72, 145.96631, 77, 39.750000,144, 0.0000000, 84, 0.0000000, 48,       104, 16,       141
59C,2018/01/19 15:34:00, 50, 0.0000000, 51, 0.0000000, 52, 0.0000000, 49,        64, 56, 0.0000000, 67, 643.33984, 72, 145.94495, 77, 39.718750,144, 0.0000000, 84, 0.0000000, 48,       104, 16,       141
56C,2018/01/19 15:35:00, 50, 0.0000000, 51, 0.0000000, 52, 0.0000000, 49,        64, 56, 0.0000000, 67, 643.33984, 72, 146.13309, 77, 39.687500,144, 0.0000000, 84, 0.0000000, 48,       104, 16,       141
56C,2018/01/19 15:36:00, 50, 0.0000000, 51, 0.0000000, 52, 0.0000000, 49,        64, 56, 0.0000000, 67, 643.33984, 72, 146.11487, 77, 39.718750,144, 0.0000000, 84, 0.0000000, 48,       104, 16,       141
59C,2018/01/19 15:37:00, 50, 0.0000000, 51, 0.0000000, 52, 0.0000000, 49,        64, 56, 0.0000000, 67, 643.33984, 72, 145.92386, 77, 39.687500,144, 0.0000000, 84, 0.0000000, 48,       104, 16,       141
5AC,2018/01/19 15:38:00, 50, 0.0000000, 51, 0.0000000, 52, 0.0000000, 49,        64, 56, 0.0000000, 67, 643.33984, 72, 145.92331, 77, 39.687500,144, 0.0000000, 84, 0.0000000, 48,       104, 16,       141
50C,2018/01/19 15:39:00, 50, 0.0000000, 51, 0.0000000, 52, 0.0000000, 49,        64, 56, 0.0000000, 67, 643.33984, 72, 145.90338, 77, 39.687500,144, 0.0000000, 84, 0.0000000, 48,       104, 16,       141
5EC,2018/01/19 15:40:00, 50, 0.0000000, 51, 0.0000000, 52, 0.0000000, 49,        64, 56, 0.0000000, 67, 643.33984, 72, 146.03818, 77, 39.687500,144, 0.0000000, 84, 0.0000000, 48,       104, 16,       141
56C,2018/01/19 15:41:00, 50, 0.0000000, 51, 0.0000000, 52, 0.0000000, 49,        64, 56, 0.0000000, 67, 643.33984, 72, 145.99341, 77, 39.656250,144, 0.0000000, 84, 0.0000000, 48,       104, 16,       141
5CC,2018/01/19 15:42:00, 50, 0.0000000, 51, 0.0000000, 52, 0.0000000, 49,        64, 56, 0.0000000, 67, 643.33984, 72, 145.83499, 77, 39.656250,144, 0.0000000, 84, 0.0000000, 48,       104, 16,       141
53C,2018/01/19 15:43:00, 50, 0.0000000, 51, 0.0000000, 52, 0.0000000, 49,        64, 56, 0.0000000, 67, 643.33984, 72, 145.86331, 77, 39.687500,144, 0.0000000, 84, 0.0000000, 48,       104, 16,       141
53C,2018/01/19 15:44:00, 50, 0.0000000, 51, 0.0000000, 52, 0.0000000, 49,        64, 56, 0.0000000, 67, 643.33984, 72, 145.89896, 77, 39.656250,144, 0.0000000, 84, 0.0000000, 48,       104, 16,       141
5BC,2018/01/19 15:45:00, 50, 0.0000000, 51, 0.0000000, 52, 0.0000000, 49,        64, 56, 0.0000000, 67, 643.33984, 72, 146.09335, 77, 39.656250,144, 0.0000000, 84, 0.0000000, 48,       104, 16,       141
56C,2018/01/19 15:46:00, 50, 0.0000000, 51, 0.0000000, 52, 0.0000000, 49,        64, 56, 0.0000000, 67, 643.33984, 72, 146.15335, 77, 39.625000,144, 0.0000000, 84, 0.0000000, 48,       104, 16,       141
5BC,2018/01/19 15:47:00, 50, 0.0000000, 51, 0.0000000, 52, 0.0000000, 49,        64, 56, 0.0000000, 67, 643.33984, 72, 146.07648, 77, 39.625000,144, 0.0000000, 84, 0.0000000, 48,       104, 16,       141
59C,2018/01/19 15:48:00, 50, 0.0000000, 51, 0.0000000, 52, 0.0000000, 49,        64, 56, 0.0000000, 67, 643.33984, 72, 146.06363, 77, 39.625000,144, 0.0000000, 84, 0.0000000, 48,       104, 16,       141
55C,2018/01/19 15:49:00, 50, 0.0000000, 51, 0.0000000, 52, 0.0000000, 49,        64, 56, 0.0000000, 67, 643.33984, 72, 146.07758, 77, 39.625000,144, 0.0000000, 84, 0.0000000, 48,       104, 16,       141
5EC,2018/01/19 15:50:00, 50, 0.0000000, 51, 0.0000000, 52, 0.0000000, 49,        64, 56, 0.0000000, 67, 643.33984, 72, 146.26584, 77, 39.656250,144, 0.0000000, 84, 0.0000000, 48,       104, 16,       141
5FC,2018/01/19 15:51:00, 50, 0.0000000, 51, 0.0000000, 52, 0.0000000, 49,        64, 56, 0.0000000, 67, 643.33984, 72, 146.28455, 77, 39.625000,144, 0.0000000, 84, 0.0000000, 48,       104, 16,       141
54C,2018/01/19 15:52:01, 50, 0.0000000, 51, 0.0000000, 52, 0.0000000, 49,        64, 56, 0.0000000, 67, 643.33984, 72, 146.31454, 77, 39.625000,144, 0.0000000, 84, 0.0000000, 48,       104, 16,       141
55C,2018/01/19 15:53:00, 50, 0.0000000, 51, 0.0000000, 52, 0.0000000, 49,        64, 56, 0.0000000, 67, 643.33984, 72, 146.13455, 77, 39.625000,144, 0.0000000, 84, 0.0000000, 48,       104, 16,       141
57C,2018/01/19 15:54:00, 50, 0.0000000, 51, 0.0000000, 52, 0.0000000, 49,        64, 56, 0.0000000, 67, 643.33984, 72, 146.11942, 77, 39.593750,144, 0.0000000, 84, 0.0000000, 48,       104, 16,       141
5BC,2018/01/19 15:55:00, 50, 0.0000000, 51, 0.0000000, 52, 0.0000000, 49,        64, 56, 0.0000000, 67, 643.33984, 72, 146.28787, 77, 39.593750,144, 0.0000000, 84, 0.0000000, 48,       104, 16,       141
59C,2018/01/19 15:56:01, 50, 0.0000000, 51, 0.0000000, 52, 0.0000000, 49,        64, 56, 0.0000000, 67, 643.33984, 72, 146.31000, 77, 39.593750,144, 0.0000000, 84, 0.0000000, 48,       104, 16,       141
5FC,2018/01/19 15:57:01, 50, 0.0000000, 51, 0.0000000, 52, 0.0000000, 49,        64, 56, 0.0000000, 67, 643.33984, 72, 146.33588, 77, 39.593750,144, 0.0000000, 84, 0.0000000, 48,       104, 16,       141
50C,2018/01/19 15:58:00, 50, 0.0000000, 51, 0.0000000, 52, 0.0000000, 49,        64, 56, 0.0000000, 67, 643.33984, 72, 146.16934, 77, 39.531250,144, 0.0000000, 84, 0.0000000, 48,       104, 16,       141
5DC,2018/01/19 15:59:00, 50, 0.0000000, 51, 0.0000000, 52, 0.0000000, 49,        64, 56, 0.0000000, 67, 643.33984, 72, 146.32706, 77, 39.500000,144, 0.0000000, 84, 0.0000000, 48,       104, 16,       141
53C,2018/01/19 16:00:00, 50, 0.0000000, 51, 0.0000000, 52, 0.0000000, 49,        64, 56, 0.0000000, 67, 643.33984, 72, 146.67752, 77, 39.500000,144, 0.0000000, 84, 0.0000000, 48,       104, 16,       141
50C,2018/01/19 16:01:00, 50, 0.0000000, 51, 0.0000000, 52, 0.0000000, 49,        64, 56, 0.0000000, 67, 643.33984, 72, 147.02176, 77, 39.406250,144, 0.0000000, 84, 0.0000000, 48,       104, 16,       141
5AC,2018/01/19 16:02:00, 50, 0.0000000, 51, 0.0000000, 52, 0.0000000, 49,        64, 56, 0.0000000, 67, 643.33984, 72, 148.19778, 77, 39.375000,144, 0.0000000, 84, 0.0000000, 48,       104, 16,       141
58C,2018/01/19 16:03:00, 50, 0.0000000, 51, 0.0000000, 52, 0.0000000, 49,        64, 56, 0.0000000, 67, 643.33984, 72, 147.39874, 77, 39.281250,144, 0.0000000, 84, 0.0000000, 48,       104, 16,       141
5FC,2018/01/19 16:04:00, 50, 0.0000000, 51, 0.0000000, 52, 0.0000000, 49,        64, 56, 0.0000000, 67, 643.33984, 72, 146.56210, 77, 39.281250,144, 0.0000000, 84, 0.0000000, 48,       104, 16,       141
53C,2018/01/19 16:05:00, 50, 0.0000000, 51, 0.0000000, 52, 0.0000000, 49,        64, 56, 0.0000000, 67, 643.33984, 72, 146.13831, 77, 39.218750,144, 0.0000000, 84, 0.0000000, 48,       104, 16,       141
59C,2018/01/19 16:06:00, 50, 0.0000000, 51, 0.0000000, 52, 0.0000000, 49,        64, 56, 0.0000000, 67, 643.33984, 72, 146.05530, 77, 39.187500,144, 0.0000000, 84, 0.0000000, 48,       104, 16,       141
59C,2018/01/19 16:07:00, 50, 0.0000000, 51, 0.0000000, 52, 0.0000000, 49,        64, 56, 0.0000000, 67, 643.33984, 72, 145.99738, 77, 39.125000,144, 0.0000000, 84, 0.0000000, 48,       104, 16,       141
56C,2018/01/19 16:08:00, 50, 0.0000000, 51, 0.0000000, 52, 0.0000000, 49,        64, 56, 0.0000000, 67, 643.33984, 72, 145.89322, 77, 39.093750,144, 0.0000000, 84, 0.0000000, 48,       104, 16,       141
59C,2018/01/19 16:09:00, 50, 0.0000000, 51, 0.0000000, 52, 0.0000000, 49,        64, 56, 0.0000000, 67, 643.33984, 72, 145.89105, 77, 39.062500,144, 0.0000000, 84, 0.0000000, 48,       104, 16,       141
59C,2018/01/19 16:10:00, 50, 0.0000000, 51, 0.0000000, 52, 0.0000000, 49,        64, 56, 0.0000000, 67, 643.33984, 72, 145.89932, 77, 39.031250,144, 0.0000000, 84, 0.0000000, 48,       104, 16,       141
55C,2018/01/19 16:11:00, 50, 0.0000000, 51, 0.0000000, 52, 0.0000000, 49,        64, 56, 0.0000000, 67, 643.33984, 72, 146.23755, 77, 38.968750,144, 0.0000000, 84, 0.0000000, 48,       104, 16,       141
5BC,2018/01/19 16:12:00, 50, 0.0000000, 51, 0.0000000, 52, 0.0000000, 49,        64, 56, 0.0000000, 67, 643.33984, 72, 146.32648, 77, 38.968750,144, 0.0000000, 84, 0.0000000, 48,       104, 16,       141
5CC,2018/01/19 16:13:00, 50, 0.0000000, 51, 0.0000000, 52, 0.0000000, 49,        64, 56, 0.0000000, 67, 643.33984, 72, 146.16733, 77, 38.906250,144, 0.0000000, 84, 0.0000000, 48,       104, 16,       141
5AC,2018/01/19 16:14:00, 50, 0.0000000, 51, 0.0000000, 52, 0.0000000, 49,        64, 56, 0.0000000, 67, 643.33984, 72, 146.78873, 77, 38.875000,144, 0.0000000, 84, 0.0000000, 48,       104, 16,       141
5BC,2018/01/19 16:15:00, 50, 0.0000000, 51, 0.0000000, 52, 0.0000000, 49,        64, 56, 0.0000000, 67, 643.33984, 72, 146.78568, 77, 38.843750,144, 0.0000000, 84, 0.0000000, 48,       104, 16,       141
58C,2018/01/19 16:16:00, 50, 0.0000000, 51, 0.0000000, 52, 0.0000000, 49,        64, 56, 0.0000000, 67, 643.33984, 72, 147.76263, 77, 38.812500,144, 0.0000000, 84, 0.0000000, 48,       104, 16,       141
58C,2018/01/19 16:17:00, 50, 0.0000000, 51, 0.0000000, 52, 0.0000000, 49,        64, 56, 0.0000000, 67, 643.33984, 72, 148.31937, 77, 38.781250,144, 0.0000000, 84, 0.0000000, 48,       104, 16,       141
5EC,2018/01/19 16:18:00, 50, 0.0000000, 51, 0.0000000, 52, 0.0000000, 49,        64, 56, 0.0000000, 67, 643.33984, 72, 148.64670, 77, 38.718750,144, 0.0000000, 84, 0.0000000, 48,       104, 16,       141
52C,2018/01/19 16:19:00, 50, 0.0000000, 51, 0.0000000, 52, 0.0000000, 49,        64, 56, 0.0000000, 67, 643.33984, 72, 148.44592, 77, 38.687500,144, 0.0000000, 84, 0.0000000, 48,       104, 16,       141
58C,2018/01/19 16:20:00, 50, 0.0000000, 51, 0.0000000, 52, 0.0000000, 49,        64, 56, 0.0000000, 67, 643.33984, 72, 147.37335, 77, 38.687500,144, 0.0000000, 84, 0.0000000, 48,       104, 16,       141
51C,2018/01/19 16:21:00, 50, 0.0000000, 51, 0.0000000, 52, 0.0000000, 49,        64, 56, 0.0000000, 67, 643.33984, 72, 146.55630, 77, 38.625000,144, 0.0000000, 84, 0.0000000, 48,       104, 16,       141
5EC,2018/01/19 16:22:00, 50, 0.0000000, 51, 0.0000000, 52, 0.0000000, 49,        64, 56, 0.0000000, 67, 643.33984, 72, 146.16583, 77, 38.625000,144, 0.0000000, 84, 0.0000000, 48,       104, 16,       141
58C,2018/01/19 16:23:00, 50, 0.0000000, 51, 0.0000000, 52, 0.0000000, 49,        64, 56, 0.0000000, 67, 643.33984, 72, 145.67972, 77, 38.625000,144, 0.0000000, 84, 0.0000000, 48,       104, 16,       141
5CC,2018/01/19 16:24:00, 50, 0.0000000, 51, 0.0000000, 52, 0.0000000, 49,        64, 56, 0.0000000, 67, 643.33984, 72, 145.60019, 77, 38.625000,144, 0.0000000, 84, 0.0000000, 48,       104, 16,       141
5DC,2018/01/19 16:25:00, 50, 0.0000000, 51, 0.0000000, 52, 0.0000000, 49,        64, 56, 0.0000000, 67, 643.33984, 72, 145.62695, 77, 38.625000,144, 0.0000000, 84, 0.0000000, 48,       104, 16,       141
59C,2018/01/19 16:26:00, 50, 0.0000000, 51, 0.0000000, 52, 0.0000000, 49,        64, 56, 0.0000000, 67, 643.33984, 72, 145.94949, 77, 38.625000,144, 0.0000000, 84, 0.0000000, 48,       104, 16,       141
52C,2018/01/19 16:27:00, 50, 0.0000000, 51, 0.0000000, 52, 0.0000000, 49,        64, 56, 0.0000000, 67, 643.33984, 72, 146.08585, 77, 38.625000,144, 0.0000000, 84, 0.0000000, 48,       104, 16,       141
55C,2018/01/19 16:28:00, 50, 0.0000000, 51, 0.0000000, 52, 0.0000000, 49,        64, 56, 0.0000000, 67, 643.33984, 72, 145.98831, 77, 38.625000,144, 0.0000000, 84, 0.0000000, 48,       104, 16,       141
5EC,2018/01/19 16:29:00, 50, 0.0000000, 51, 0.0000000, 52, 0.0000000, 49,        64, 56, 0.0000000, 67, 643.33984, 72, 145.99634, 77, 38.625000,144, 0.0000000, 84, 0.0000000, 48,       104, 16,       141
5EC,2018/01/19 16:30:00, 50, 0.0000000, 51, 0.0000000, 52, 0.0000000, 49,        64, 56, 0.0000000, 67, 643.33984, 72, 145.97610, 77, 38.625000,144, 0.0000000, 84, 0.0000000, 48,       104, 16,       141
5CC,2018/01/19 16:31:00, 50, 0.0000000, 51, 0.0000000, 52, 0.0000000, 49,        64, 56, 0.0000000, 67, 643.33984, 72, 146.09851, 77, 38.593750,144, 0.0000000, 84, 0.0000000, 48,       104, 16,       141
59C,2018/01/19 16:32:00, 50, 0.0000000, 51, 0.0000000, 52, 0.0000000, 49,        64, 56, 0.0000000, 67, 643.33984, 72, 146.07269, 77, 38.562500,144, 0.0000000, 84, 0.0000000, 48,       104, 16,       141
58C,2018/01/19 16:33:00, 50, 0.0000000, 51, 0.0000000, 52, 0.0000000, 49,        64, 56, 0.0000000, 67, 643.33984, 72, 145.84760, 77, 38.531250,144, 0.0000000, 84, 0.0000000, 48,       104, 16,       141
50C,2018/01/19 16:34:00, 50, 0.0000000, 51, 0.0000000, 52, 0.0000000, 49,        64, 56, 0.0000000, 67, 643.33984, 72, 145.78293, 77, 38.500000,144, 0.0000000, 84, 0.0000000, 48,       104, 16,       141
57C,2018/01/19 16:35:00, 50, 0.0000000, 51, 0.0000000, 52, 0.0000000, 49,        64, 56, 0.0000000, 67, 643.33984, 72, 145.75003, 77, 38.500000,144, 0.0000000, 84, 0.0000000, 48,       104, 16,       141
53C,2018/01/19 16:36:00, 50, 0.0000000, 51, 0.0000000, 52, 0.0000000, 49,        64, 56, 0.0000000, 67, 643.33984, 72, 145.95468, 77, 38.500000,144, 0.0000000, 84, 0.0000000, 48,       104, 16,       141
51C,2018/01/19 16:37:00, 50, 0.0000000, 51, 0.0000000, 52, 0.0000000, 49,        64, 56, 0.0000000, 67, 643.33984, 72, 145.98105, 77, 38.500000,144, 0.0000000, 84, 0.0000000, 48,       104, 16,       141
5EC,2018/01/19 16:38:00, 50, 0.0000000, 51, 0.0000000, 52, 0.0000000, 49,        64, 56, 0.0000000, 67, 643.33984, 72, 145.79547, 77, 38.468750,144, 0.0000000, 84, 0.0000000, 48,       104, 16,       141
51C,2018/01/19 16:39:00, 50, 0.0000000, 51, 0.0000000, 52, 0.0000000, 49,        64, 56, 0.0000000, 67, 643.33984, 72, 145.77795, 77, 38.437500,144, 0.0000000, 84, 0.0000000, 48,       104, 16,       141
5AC,2018/01/19 16:40:00, 50, 0.0000000, 51, 0.0000000, 52, 0.0000000, 49,        64, 56, 0.0000000, 67, 643.33984, 72, 145.76953, 77, 38.406250,144, 0.0000000, 84, 0.0000000, 48,       104, 16,       141
55C,2018/01/19 16:41:00, 50, 0.0000000, 51, 0.0000000, 52, 0.0000000, 49,        64, 56, 0.0000000, 67, 643.33984, 72, 145.93082, 77, 38.406250,144, 0.0000000, 84, 0.0000000, 48,       104, 16,       141
57C,2018/01/19 16:42:00, 50, 0.0000000, 51, 0.0000000, 52, 0.0000000, 49,        64, 56, 0.0000000, 67, 643.33984, 72, 145.92596, 77, 38.406250,144, 0.0000000, 84, 0.0000000, 48,       104, 16,       141
56C,2018/01/19 16:43:00, 50, 0.0000000, 51, 0.0000000, 52, 0.0000000, 49,        64, 56, 0.0000000, 67, 643.33984, 72, 145.75610, 77, 38.375000,144, 0.0000000, 84, 0.0000000, 48,       104, 16,       141
57C,2018/01/19 16:44:00, 50, 0.0000000, 51, 0.0000000, 52, 0.0000000, 49,        64, 56, 0.0000000, 67, 643.33984, 72, 145.74646, 77, 38.406250,144, 0.0000000, 84, 0.0000000, 48,       104, 16,       141
5CC,2018/01/19 16:45:00, 50, 0.0000000, 51, 0.0000000, 52, 0.0000000, 49,        64, 56, 0.0000000, 67, 643.33984, 72, 145.76901, 77, 38.375000,144, 0.0000000, 84, 0.0000000, 48,       104, 16,       141
5EC,2018/01/19 16:46:00, 50, 0.0000000, 51, 0.0000000, 52, 0.0000000, 49,        64, 56, 0.0000000, 67, 643.33984, 72, 145.94714, 77, 38.343750,144, 0.0000000, 84, 0.0000000, 48,       104, 16,       141
50C,2018/01/19 16:47:00, 50, 0.0000000, 51, 0.0000000, 52, 0.0000000, 49,        64, 56, 0.0000000, 67, 643.33984, 72, 145.93198, 77, 38.281250,144, 0.0000000, 84, 0.0000000, 48,       104, 16,       141
58C,2018/01/19 16:48:00, 50, 0.0000000, 51, 0.0000000, 52, 0.0000000, 49,        64, 56, 0.0000000, 67, 643.33984, 72, 145.71658, 77, 38.281250,144, 0.0000000, 84, 0.0000000, 48,       104, 16,       141
58C,2018/01/19 16:49:00, 50, 0.0000000, 51, 0.0000000, 52, 0.0000000, 49,        64, 56, 0.0000000, 67, 643.33984, 72, 145.71780, 77, 38.218750,144, 0.0000000, 84, 0.0000000, 48,       104, 16,       141
55C,2018/01/19 16:50:00, 50, 0.0000000, 51, 0.0000000, 52, 0.0000000, 49,        64, 56, 0.0000000, 67, 643.33984, 72, 145.69562, 77, 38.187500,144, 0.0000000, 84, 0.0000000, 48,       104, 16,       141
51C,2018/01/19 16:51:00, 50, 0.0000000, 51, 0.0000000, 52, 0.0000000, 49,        64, 56, 0.0000000, 67, 643.33984, 72, 145.89456, 77, 38.125000,144, 0.0000000, 84, 0.0000000, 48,       104, 16,       141
51C,2018/01/19 16:52:00, 50, 0.0000000, 51, 0.0000000, 52, 0.0000000, 49,        64, 56, 0.0000000, 67, 643.33984, 72, 145.95007, 77, 38.093750,144, 0.0000000, 84, 0.0000000, 48,       104, 16,       141
5EC,2018/01/19 16:53:00, 50, 0.0000000, 51, 0.0000000, 52, 0.0000000, 49,        64, 56, 0.0000000, 67, 643.33984, 72, 145.82611, 77, 38.062500,144, 0.0000000, 84, 0.0000000, 48,       104, 16,       141
53C,2018/01/19 16:54:00, 50, 0.0000000, 51, 0.0000000, 52, 0.0000000, 49,        64, 56, 0.0000000, 67, 643.33984, 72, 145.85870, 77, 38.031250,144, 0.0000000, 84, 0.0000000, 48,       104, 16,       141
57C,2018/01/19 16:55:00, 50, 0.0000000, 51, 0.0000000, 52, 0.0000000, 49,        64, 56, 0.0000000, 67, 643.33984, 72, 145.96793, 77, 38.000000,144, 0.0000000, 84, 0.0000000, 48,       104, 16,       141
5EC,2018/01/19 16:56:00, 50, 0.0000000, 51, 0.0000000, 52, 0.0000000, 49,        64, 56, 0.0000000, 67, 643.33984, 72, 146.90140, 77, 37.937500,144, 0.0000000, 84, 0.0000000, 48,       104, 16,       141
56C,2018/01/19 16:57:00, 50, 0.0000000, 51, 0.0000000, 52, 0.0000000, 49,        64, 56, 0.0000000, 67, 643.33984, 72, 147.75574, 77, 37.906250,144, 0.0000000, 84, 0.0000000, 48,       104, 16,       141
55C,2018/01/19 16:58:00, 50, 0.0000000, 51, 0.0000000, 52, 0.0000000, 49,        64, 56, 0.0000000, 67, 643.33984, 72, 148.43365, 77, 37.906250,144, 0.0000000, 84, 0.0000000, 48,       104, 16,       141
51C,2018/01/19 16:59:00, 50, 0.0000000, 51, 0.0000000, 52, 0.0000000, 49,        64, 56, 0.0000000, 67, 643.33984, 72, 148.71017, 77, 37.875000,144, 0.0000000, 84, 0.0000000, 48,       104, 16,       141
5DC,2018/01/19 17:00:01, 50, 0.0000000, 51, 0.0000000, 52, 0.0000000, 49,        64, 56, 0.0000000, 67, 643.33984, 72, 148.86853, 77, 37.875000,144, 0.0000000, 84, 0.0000000, 48,       104, 16,       141
5FC,2018/01/19 17:01:00, 50, 0.0000000, 51, 0.0000000, 52, 0.0000000, 49,        64, 56, 0.0000000, 67, 643.33984, 72, 149.14706, 77, 37.843750,144, 0.0000000, 84, 0.0000000, 48,       104, 16,       141
58C,2018/01/19 17:02:00, 50, 0.0000000, 51, 0.0000000, 52, 0.0000000, 49,        64, 56, 0.0000000, 67, 643.33984, 72, 149.15646, 77, 37.843750,144, 0.0000000, 84, 0.0000000, 48,       104, 16,       141
5CC,2018/01/19 17:03:00, 50, 0.0000000, 51, 0.0000000, 52, 0.0000000, 49,        64, 56, 0.0000000, 67, 643.33984, 72, 148.98364, 77, 37.781250,144, 0.0000000, 84, 0.0000000, 48,       104, 16,       141
5BC,2018/01/19 17:04:00, 50, 0.0000000, 51, 0.0000000, 52, 0.0000000, 49,        64, 56, 0.0000000, 67, 643.33984, 72, 149.07629, 77, 37.750000,144, 0.0000000, 84, 0.0000000, 48,       104, 16,       141
50C,2018/01/19 17:05:00, 50, 0.0000000, 51, 0.0000000, 52, 0.0000000, 49,        64, 56, 0.0000000, 67, 643.33984, 72, 149.16876, 77, 37.687500,144, 0.0000000, 84, 0.0000000, 48,       104, 16,       141
5EC,2018/01/19 17:06:00, 50, 0.0000000, 51, 0.0000000, 52, 0.0000000, 49,        64, 56, 0.0000000, 67, 643.33984, 72, 149.36877, 77, 37.656250,144, 0.0000000, 84, 0.0000000, 48,       104, 16,       141
51C,2018/01/19 17:07:00, 50, 0.0000000, 51, 0.0000000, 52, 0.0000000, 49,        64, 56, 0.0000000, 67, 643.33984, 72, 149.31680, 77, 37.593750,144, 0.0000000, 84, 0.0000000, 48,       104, 16,       141
5EC,2018/01/19 17:11:00, 50, 0.0000000, 51, 0.0000000, 52, 0.0000000, 49,        64, 56, 0.0000000, 67, 643.33984, 72, 150.16193, 77, 37.843750,144, 0.0000000, 84, 0.0000000, 48,       104, 16,       141
50C,2018/01/19 17:12:00, 50, 0.0000000, 51, 0.0000000, 52, 0.0000000, 49,        64, 56, 0.0000000, 67, 643.33984, 72, 150.02310, 77, 37.718750,144, 0.0000000, 84, 0.0000000, 48,       104, 16,       141
5AC,2018/01/19 17:13:00, 50, 0.0000000, 51, 0.0000000, 52, 0.0000000, 49,        64, 56, 0.0000000, 67, 643.33984, 72, 149.89359, 77, 37.625000,144, 0.0000000, 84, 0.0000000, 48,       104, 16,       141
5AC,2018/01/19 17:14:00, 50, 0.0000000, 51, 0.0000000, 52, 0.0000000, 49,        64, 56, 0.0000000, 67, 643.33984, 72, 149.64975, 77, 37.625000,144, 0.0000000, 84, 0.0000000, 48,       104, 16,       141
5BC,2018/01/19 17:15:00, 50, 0.0000000, 51, 0.0000000, 52, 0.0000000, 49,        64, 56, 0.0000000, 67, 643.33984, 72, 149.29919, 77, 37.656250,144, 0.0000000, 84, 0.0000000, 48,       104, 16,       141
57C,2018/01/19 17:16:00, 50, 0.0000000, 51, 0.0000000, 52, 0.0000000, 49,        64, 56, 0.0000000, 67, 643.33984, 72, 149.22702, 77, 37.750000,144, 0.0000000, 84, 0.0000000, 48,       104, 16,       141
53C,2018/01/19 17:17:00, 50, 0.0000000, 51, 0.0000000, 52, 0.0000000, 49,        64, 56, 0.0000000, 67, 643.33984, 72, 149.19113, 77, 37.781250,144, 0.0000000, 84, 0.0000000, 48,       104, 16,       141
59C,2018/01/19 17:18:00, 50, 0.0000000, 51, 0.0000000, 52, 0.0000000, 49,        64, 56, 0.0000000, 67, 643.33984, 72, 149.38446, 77, 37.875000,144, 0.0000000, 84, 0.0000000, 48,       104, 16,       141
5FC,2018/01/19 17:19:00, 50, 0.0000000, 51, 0.0000000, 52, 0.0000000, 49,        64, 56, 0.0000000, 67, 643.33984, 72, 149.34528, 77, 37.937500,144, 0.0000000, 84, 0.0000000, 48,       104, 16,       141
5AC,2018/01/19 17:20:00, 50, 0.0000000, 51, 0.0000000, 52, 0.0000000, 49,        64, 56, 0.0000000, 67, 643.33984, 72, 149.08002, 77, 37.968750,144, 0.0000000, 84, 0.0000000, 48,       104, 16,       141
5AC,2018/01/19 17:21:00, 50, 0.0000000, 51, 0.0000000, 52, 0.0000000, 49,        64, 56, 0.0000000, 67, 643.33984, 72, 148.98111, 77, 38.000000,144, 0.0000000, 84, 0.0000000, 48,       104, 16,       141
5BC,2018/01/19 17:22:00, 50, 0.0000000, 51, 0.0000000, 52, 0.0000000, 49,        64, 56, 0.0000000, 67, 643.33984, 72, 148.97845, 77, 38.031250,144, 0.0000000, 84, 0.0000000, 48,       104, 16,       141
5CC,2018/01/19 17:23:00, 50, 0.0000000, 51, 0.0000000, 52, 0.0000000, 49,        64, 56, 0.0000000, 67, 643.33984, 72, 149.23331, 77, 38.031250,144, 0.0000000, 84, 0.0000000, 48,       104, 16,       141
5BC,2018/01/19 17:24:00, 50, 0.0000000, 51, 0.0000000, 52, 0.0000000, 49,        64, 56, 0.0000000, 67, 643.33984, 72, 149.30493, 77, 38.093750,144, 0.0000000, 84, 0.0000000, 48,       104, 16,       141
56C,2018/01/19 17:25:00, 50, 0.0000000, 51, 0.0000000, 52, 0.0000000, 49,        64, 56, 0.0000000, 67, 643.33984, 72, 149.21268, 77, 38.125000,144, 0.0000000, 84, 0.0000000, 48,       104, 16,       141
58C,2018/01/19 17:27:00, 50, 0.0000000, 51, 0.0000000, 52, 0.0000000, 49,        64, 56, 0.0000000, 67, 643.33984, 72, 0.0000000, 77, 38.218750,144, 0.0000000, 84, 0.0000000, 48,       104, 16,       141
