48C,2016/06/16 17:25:00, 50, 0.0000000, 51, 0.0000000, 52, 0.0000000, 49,        64, 56, 6.2676125, 67, 644.68970, 72, 511.34222, 77, 24.562500, 83,     52737,110,        29,116,         4,164,         1
48C,2016/06/16 17:26:00, 50, 0.0000000, 51, 0.0000000, 52, 0.0000000, 49,        64, 56, 6.2676125, 67, 644.68970, 72, 511.64197, 77, 25.187500, 83,     51713,110,        29,116,         4,164,         1
41C,2016/06/16 17:27:00, 50, 0.0000000, 51, 0.0000000, 52, 0.0000000, 49,        64, 56, 6.2676125, 67, 644.68970, 72, 144.53607, 77, 25.656250, 83,     35329,110,        29,116,         4,164,         1
44C,2016/06/16 17:28:00, 50, 0.0000000, 51, 0.0000000, 52, 0.0000000, 49,        64, 56, 6.2676125, 67, 644.68970, 72, 126.35092, 77, 26.156250, 83,     35329,110,        29,116,         4,164,         1
48C,2016/06/16 17:29:00, 50, 0.0000000, 51, 0.0000000, 52, 0.0000000, 49,        64, 56, 6.2676125, 67, 644.68970, 72, 125.99733, 77, 26.625000, 83,     35329,110,        29,116,         4,164,         1
48C,2016/06/16 17:30:00, 50, 0.0000000, 51, 0.0000000, 52, 0.0000000, 49,        64, 56, 6.2676125, 67, 644.68970, 72, 125.82904, 77, 27.093750, 83,     35329,110,        29,116,         4,164,         1
41C,2016/06/16 17:31:00, 50, 0.0000000, 51, 0.0000000, 52, 0.0000000, 49,        64, 56, 6.2676125, 67, 644.68970, 72, 125.72758, 77, 27.468750, 83,     35329,110,        29,116,         4,164,         1
40C,2016/06/16 17:32:00, 50, 0.0000000, 51, 0.0000000, 52, 0.0000000, 49,        64, 56, 6.2676125, 67, 644.68970, 72, 125.69727, 77, 27.906250, 83,     35329,110,        29,116,         4,164,         1
49C,2016/06/16 17:33:00, 50, 0.0000000, 51, 0.0000000, 52, 0.0000000, 49,        64, 56, 6.2676125, 67, 644.68970, 72, 125.67987, 77, 28.312500, 83,     35329,110,        29,116,         4,164,         1
4DC,2016/06/16 17:34:00, 50, 0.0000000, 51, 0.0000000, 52, 0.0000000, 49,        64, 56, 6.2676125, 67, 644.68970, 72, 125.70683, 77, 28.718750, 83,     34817,110,        29,116,         4,164,         1
47C,2016/06/16 17:35:00, 50, 0.0000000, 51, 0.0000000, 52, 0.0000000, 49,        64, 56, 6.2676125, 67, 644.68970, 72, 125.68381, 77, 29.093750, 83,     34817,110,        29,116,         4,164,         1
47C,2016/06/16 17:36:00, 50, 0.0000000, 51, 0.0000000, 52, 0.0000000, 49,        64, 56, 6.2676125, 67, 644.68970, 72, 125.64998, 77, 29.500000, 83,     34817,110,        29,116,         4,164,         1
46C,2016/06/16 17:37:00, 50, 0.0000000, 51, 0.0000000, 52, 0.0000000, 49,        64, 56, 6.2676125, 67, 644.68970, 72, 125.67152, 77, 29.906250, 83,     34817,110,        29,116,         4,164,         1
4DC,2016/06/16 17:38:00, 50, 0.0000000, 51, 0.0000000, 52, 0.0000000, 49,        64, 56, 6.2676125, 67, 644.68970, 72, 125.70686, 77, 30.281250, 83,     34817,110,        29,116,         4,164,         1
4DC,2016/06/16 17:39:00, 50, 0.0000000, 51, 0.0000000, 52, 0.0000000, 49,        64, 56, 6.2676125, 67, 644.68970, 72, 125.83096, 77, 30.343750, 83,     34817,110,        29,116,         4,164,         1
48C,2016/06/16 17:40:00, 50, 0.0000000, 51, 0.0000000, 52, 0.0000000, 49,        64, 56, 6.2676125, 67, 644.68970, 72, 125.97559, 77, 30.781250, 83,     35329,110,        29,116,         4,164,         1
42C,2016/06/16 17:41:00, 50, 0.0000000, 51, 0.0000000, 52, 0.0000000, 49,        64, 56, 6.2676125, 67, 644.68970, 72, 126.15041, 77, 31.125000, 83,     35329,110,        29,116,         4,164,         1
42C,2016/06/16 17:42:00, 50, 0.0000000, 51, 0.0000000, 52, 0.0000000, 49,        64, 56, 6.2676125, 67, 644.68970, 72, 126.28551, 77, 31.468750, 83,     34817,110,        29,116,         4,164,         1
4FC,2016/06/16 17:43:00, 50, 0.0000000, 51, 0.0000000, 52, 0.0000000, 49,        64, 56, 6.2676125, 67, 644.68970, 72, 126.38695, 77, 31.812500, 83,     34817,110,        29,116,         4,164,         1
4AC,2016/06/16 17:44:00, 50, 0.0000000, 51, 0.0000000, 52, 0.0000000, 49,        64, 56, 6.2676125, 67, 644.68970, 72, 126.48322, 77, 32.062500, 83,     34817,110,        29,116,         4,164,         1
4DC,2016/06/16 17:45:00, 50, 0.0000000, 51, 0.0000000, 52, 0.0000000, 49,        64, 56, 6.2676125, 67, 644.68970, 72, 126.57069, 77, 32.312500, 83,     34817,110,        29,116,         4,164,         1
46C,2016/06/16 17:46:00, 50, 0.0000000, 51, 0.0000000, 52, 0.0000000, 49,        64, 56, 6.2676125, 67, 644.68970, 72, 126.61838, 77, 32.562500, 83,     34817,110,        29,116,         4,164,         1
46C,2016/06/16 17:47:00, 50, 0.0000000, 51, 0.0000000, 52, 0.0000000, 49,        64, 56, 6.2676125, 67, 644.68970, 72, 126.72208, 77, 32.812500, 83,     34817,110,        29,116,         4,164,         1
42C,2016/06/16 17:48:00, 50, 0.0000000, 51, 0.0000000, 52, 0.0000000, 49,        64, 56, 6.2676125, 67, 644.68970, 72, 126.79099, 77, 33.031250, 83,     34817,110,        29,116,         4,164,         1
4CC,2016/06/16 17:49:00, 50, 0.0000000, 51, 0.0000000, 52, 0.0000000, 49,        64, 56, 6.2676125, 67, 644.68970, 72, 126.88690, 77, 33.187500, 83,     34817,110,        29,116,         4,164,         1
4FC,2016/06/16 17:50:00, 50, 0.0000000, 51, 0.0000000, 52, 0.0000000, 49,        64, 56, 6.2676125, 67, 644.68970, 72, 126.91515, 77, 33.343750, 83,     34817,110,        29,116,         4,164,         1
4CC,2016/06/16 17:51:00, 50, 0.0000000, 51, 0.0000000, 52, 0.0000000, 49,        64, 56, 6.2676125, 67, 644.68970, 72, 127.06097, 77, 33.562500, 83,     34817,110,        29,116,         4,164,         1
41C,2016/06/16 17:52:00, 50, 0.0000000, 51, 0.0000000, 52, 0.0000000, 49,        64, 56, 6.2676125, 67, 644.68970, 72, 127.10971, 77, 33.718750, 83,     34817,110,        29,116,         4,164,         1
4BC,2016/06/16 17:53:00, 50, 0.0000000, 51, 0.0000000, 52, 0.0000000, 49,        64, 56, 6.2676125, 67, 644.68970, 72, 127.15601, 77, 33.875000, 83,     34817,110,        29,116,         4,164,         1
41C,2016/06/16 17:54:00, 50, 0.0000000, 51, 0.0000000, 52, 0.0000000, 49,        64, 56, 6.2676125, 67, 644.68970, 72, 127.22890, 77, 33.968750, 83,     34817,110,        29,116,         4,164,         1
4EC,2016/06/16 17:55:00, 50, 0.0000000, 51, 0.0000000, 52, 0.0000000, 49,        64, 56, 6.2676125, 67, 644.68970, 72, 127.41608, 77, 34.125000, 83,     34817,110,        29,116,         4,164,         1
49C,2016/06/16 17:56:00, 50, 0.0000000, 51, 0.0000000, 52, 0.0000000, 49,        64, 56, 6.2676125, 67, 644.68970, 72, 127.51881, 77, 34.281250, 83,     34817,110,        29,116,         4,164,         1
46C,2016/06/16 17:57:00, 50, 0.0000000, 51, 0.0000000, 52, 0.0000000, 49,        64, 56, 6.2676125, 67, 644.68970, 72, 127.64891, 77, 34.437500, 83,     34817,110,        29,116,         4,164,         1
43C,2016/06/16 17:58:00, 50, 0.0000000, 51, 0.0000000, 52, 0.0000000, 49,        64, 56, 6.2676125, 67, 644.68970, 72, 127.84514, 77, 34.625000, 83,     34817,110,        29,116,         4,164,         1
4FC,2016/06/16 17:59:00, 50, 0.0000000, 51, 0.0000000, 52, 0.0000000, 49,        64, 56, 6.2676125, 67, 644.68970, 72, 127.94260, 77, 34.781250, 83,     34817,110,        29,116,         4,164,         1
4EC,2016/06/16 18:00:00, 50, 0.0000000, 51, 0.0000000, 52, 0.0000000, 49,        64, 56, 6.2676125, 67, 644.68970, 72, 128.12556, 77, 34.937500, 83,     34817,110,        29,116,         4,164,         1
56C,2016/06/16 18:01:00, 50, 8.6879921, 51, 35.666965, 52, 26.978973, 49,        64, 56, 6.2676125, 67, 644.68970, 72, 128.18619, 77, 35.125000, 83,         0,110,         1,116,         4,164,         1
57C,2016/06/16 18:02:00, 50, 10.676682, 51, 243.18739, 52, 232.51071, 49,        64, 56, 6.2676125, 67, 644.68970, 72, 127.68604, 77, 35.281250, 83,         0,110,         0,116,         4,164,         1
58C,2016/06/16 18:03:00, 50,-6.8923025, 51, 34.904385, 52, 41.796684, 49,        64, 56, 6.2676125, 67, 644.68970, 72, 127.73486, 77, 35.437500, 83,         0,110,         0,116,         4,164,         1
50C,2016/06/16 18:04:00, 50, 6.6582756, 51, 53.120075, 52, 46.461800, 49,        64, 56, 6.2676125, 67, 644.68970, 72, 127.81404, 77, 35.562500, 83,         0,110,         3,116,         4,164,         1
5BC,2016/06/16 18:05:00, 50, 3.5426855, 51, 63.917660, 52, 60.374977, 49,        64, 56, 6.2676125, 67, 644.68970, 72, 128.50529, 77, 35.687500, 83,         0,110,         2,116,         4,164,         1
56C,2016/06/16 18:06:00, 50, 5.3116455, 51, 62.800354, 52, 57.488708, 49,        64, 56, 6.2676125, 67, 644.68970, 72, 128.59276, 77, 35.843750, 83,         0,110,         1,116,         4,164,         1
58C,2016/06/16 18:07:00, 50, 164.22098, 51, 6.4754639, 52,-157.74551, 49,        64, 56, 6.2676125, 67, 644.68970, 72, 128.11369, 77, 35.968750, 83,         0,110,         0,116,         4,164,         1
55C,2016/06/16 18:08:00, 50, 5.0422239, 51,-10.107718, 52,-15.149942, 49,        64, 56, 6.2676125, 67, 644.68970, 72, 128.22438, 77, 36.125000, 83,         0,110,         0,116,         4,164,         1
5BC,2016/06/16 18:09:00, 50, 3.7915993, 51, 617.62909, 52, 613.83752, 49,        64, 56, 6.2676125, 67, 644.68970, 72, 128.34866, 77, 36.281250, 83,         0,110,         3,116,         4,164,         1
59C,2016/06/16 18:10:00, 50,-9.1567192, 51, 12.656010, 52, 21.812729, 49,        64, 56, 6.2676125, 67, 644.68970, 72, 129.02214, 77, 36.406250, 83,         0,110,         2,116,         4,164,         1
55C,2016/06/16 18:11:00, 50, 7.2262182, 51, 27.057329, 52, 19.831112, 49,        64, 56, 6.2676125, 67, 644.68970, 72, 129.10728, 77, 36.593750, 83,         0,110,         1,116,         4,164,         1
5BC,2016/06/16 18:12:00, 50, 9.4755116, 51, 26.669279, 52, 17.193768, 49,        64, 56, 6.2676125, 67, 644.68970, 72, 128.59354, 77, 36.718750, 83,         0,110,         0,116,         4,164,         1
5DC,2016/06/16 18:13:00, 50, 27.043701, 51, 32.518791, 52, 5.4750910, 49,        64, 56, 6.2676125, 67, 644.68970, 72, 128.65846, 77, 36.906250, 83,         0,110,         0,116,         4,164,         1
5EC,2016/06/16 18:14:00, 50, 24.452419, 51, 57.990864, 52, 33.538445, 49,        64, 56, 6.2676125, 67, 644.68970, 72, 128.75557, 77, 37.031250, 83,         0,110,         3,116,         4,164,         1
56C,2016/06/16 18:15:00, 50,-1.6962788, 51, 10.784583, 52, 12.480862, 49,        64, 56, 6.2676125, 67, 644.68970, 72, 129.42142, 77, 37.156250, 83,         0,110,         2,116,         4,164,         1
55C,2016/06/16 18:16:00, 50,-5.2667036, 51, 28.970695, 52, 34.237396, 49,        64, 56, 6.2676125, 67, 644.68970, 72, 129.44447, 77, 37.281250, 83,         0,110,         1,116,         4,164,         1
57C,2016/06/16 18:17:00, 50, 4.2711029, 51, 27.560059, 52, 23.288956, 49,        64, 56, 6.2676125, 67, 644.68970, 72, 128.88249, 77, 37.437500, 83,         0,110,         0,116,         4,164,         1
5CC,2016/06/16 18:18:00, 50, 9.5677586, 51, 92.802406, 52, 83.234650, 49,        64, 56, 6.2676125, 67, 644.68970, 72, 128.90166, 77, 37.531250, 83,         0,110,         0,116,         4,164,         1
55C,2016/06/16 18:19:00, 50, 25.033127, 51, 14.673927, 52,-10.359200, 49,        64, 56, 6.2676125, 67, 644.68970, 72, 128.91870, 77, 37.656250, 83,         0,110,         3,116,         4,164,         1
56C,2016/06/16 18:20:00, 50,-5.6629629, 51, 22.724722, 52, 28.387684, 49,        64, 56, 6.2676125, 67, 644.68970, 72, 129.60353, 77, 37.750000, 83,         0,110,         2,116,         4,164,         1
59C,2016/06/16 18:21:00, 50, 16.036968, 51, 22.098082, 52, 6.0611134, 49,        64, 56, 6.2676125, 67, 644.68970, 72, 129.63843, 77, 37.875000, 83,         0,110,         1,116,         4,164,         1
5DC,2016/06/16 18:22:00, 50, 14.353434, 51, 32.206913, 52, 17.853481, 49,        64, 56, 6.2676125, 67, 644.68970, 72, 129.03819, 77, 37.968750, 83,         0,110,         0,116,         4,164,         1
5EC,2016/06/16 18:23:00, 50, 17.530830, 51, 26.101831, 52, 8.5710011, 49,        64, 56, 6.2676125, 67, 644.68970, 72, 129.07893, 77, 38.093750, 83,         0,110,         0,116,         4,164,         1
53C,2016/06/16 18:24:00, 50, 12.732195, 51, 40.633930, 52, 27.901737, 49,        64, 56, 6.2676125, 67, 644.68970, 72, 129.10619, 77, 38.187500, 83,         0,110,         3,116,         4,164,         1
55C,2016/06/16 18:25:00, 50, 16.801079, 51, 68.477356, 52, 51.676277, 49,        64, 56, 6.2676125, 67, 644.68970, 72, 129.77020, 77, 38.312500, 83,         0,110,         2,116,         4,164,         1
59C,2016/06/16 18:26:00, 50, 5.3857708, 51, 55.465855, 52, 50.080086, 49,        64, 56, 6.2676125, 67, 644.68970, 72, 129.82330, 77, 38.406250, 83,         0,110,         1,116,         4,164,         1
56C,2016/06/16 18:27:00, 50, 33.288429, 51, 74.532478, 52, 41.244049, 49,        64, 56, 6.2676125, 67, 644.68970, 72, 129.23451, 77, 38.500000, 83,         0,110,         0,116,         4,164,         1
5EC,2016/06/16 18:28:00, 50,-9.6855202, 51, 31.854870, 52, 41.540390, 49,        64, 56, 6.2676125, 67, 644.68970, 72, 129.31351, 77, 38.593750, 83,         0,110,         0,116,         4,164,         1
59C,2016/06/16 18:29:00, 50,-4.2525167, 51, 16.494486, 52, 20.747002, 49,        64, 56, 6.2676125, 67, 644.68970, 72, 129.38074, 77, 38.687500, 83,         0,110,         3,116,         4,164,         1
50C,2016/06/16 18:30:00, 50,-2.3195806, 51, 6.4297047, 52, 8.7492847, 49,        64, 56, 6.2676125, 67, 644.68970, 72, 130.06206, 77, 38.812500, 83,         0,110,         2,116,         4,164,         1
56C,2016/06/16 18:31:00, 50, 9.0487423, 51, 13.588851, 52, 4.5401087, 49,        64, 56, 6.2676125, 67, 644.68970, 72, 130.09755, 77, 38.906250, 83,         0,110,         1,116,         4,164,         1
56C,2016/06/16 18:32:00, 50, 20.133652, 51, 4.6732273, 52,-15.460424, 49,        64, 56, 6.2676125, 67, 644.68970, 72, 129.47533, 77, 39.031250, 83,         0,110,         0,116,         4,164,         1
52C,2016/06/16 18:33:00, 50, 9.3366451, 51, 24.317427, 52, 14.980782, 49,        64, 56, 6.2676125, 67, 644.68970, 72, 129.49565, 77, 39.125000, 83,         0,110,         0,116,         4,164,         1
5DC,2016/06/16 18:34:00, 50, 5.5604382, 51, 0.8584099, 52,-4.7020283, 49,        64, 56, 6.2676125, 67, 644.68970, 72, 129.55615, 77, 39.218750, 83,         0,110,         3,116,         4,164,         1
5CC,2016/06/16 18:35:00, 50, 5.3369265, 51, 34.455036, 52, 29.118111, 49,        64, 56, 6.2676125, 67, 644.68970, 72, 130.27054, 77, 39.343750, 83,         0,110,         2,116,         4,164,         1
57C,2016/06/16 18:36:00, 50,-7.2884655, 51, 28.020313, 52, 35.308777, 49,        64, 56, 6.2676125, 67, 644.68970, 72, 130.30774, 77, 39.468750, 83,         0,110,         1,116,         4,164,         1
54C,2016/06/16 18:37:00, 50, 9.0739307, 51, 8.9890881, 52,-0.0848430, 49,        64, 56, 6.2676125, 67, 644.68970, 72, 129.70155, 77, 39.562500, 83,         0,110,         0,116,         4,164,         1
54C,2016/06/16 18:38:00, 50, 16.343193, 51, 11.536055, 52,-4.8071394, 49,        64, 56, 6.2676125, 67, 644.68970, 72, 129.75481, 77, 39.687500, 83,         0,110,         0,116,         4,164,         1
5CC,2016/06/16 18:39:00, 50, 3.4564705, 51, 16.353537, 52, 12.897066, 49,        64, 56, 6.2676125, 67, 644.68970, 72, 129.82971, 77, 39.781250, 83,         0,110,         3,116,         4,164,         1
5FC,2016/06/16 18:40:00, 50, 12.539684, 51, 20.688580, 52, 8.1488953, 49,        64, 56, 6.2676125, 67, 644.68970, 72, 130.51593, 77, 39.875000, 83,         0,110,         2,116,         4,164,         1
55C,2016/06/16 18:41:00, 50,-3.8649406, 51, 7.6416454, 52, 11.506586, 49,        64, 56, 6.2676125, 67, 644.68970, 72, 130.53531, 77, 39.968750, 83,         0,110,         1,116,         4,164,         1
54C,2016/06/16 18:42:00, 50,-7.4656572, 51, 1.2282457, 52, 8.6939030, 49,        64, 56, 6.2676125, 67, 644.68970, 72, 129.90302, 77, 40.062500, 83,         0,110,         0,116,         4,164,         1
57C,2016/06/16 18:43:00, 50, 8.2363148, 51, 15.636274, 52, 7.3999596, 49,        64, 56, 6.2676125, 67, 644.68970, 72, 129.94005, 77, 40.187500, 83,         0,110,         0,116,         4,164,         1
5AC,2016/06/16 18:44:00, 50, 4.9054623, 51, 24.861013, 52, 19.955551, 49,        64, 56, 6.2676125, 67, 644.68970, 72, 129.99336, 77, 40.281250, 83,         0,110,         3,116,         4,164,         1
57C,2016/06/16 18:45:00, 50,-10.624737, 51, 48.661388, 52, 59.286125, 49,        64, 56, 6.2676125, 67, 644.68970, 72, 130.64865, 77, 40.375000, 83,         0,110,         2,116,         4,164,         1
5DC,2016/06/16 18:46:00, 50, 1.1825218, 51, 28.518681, 52, 27.336159, 49,        64, 56, 6.2676125, 67, 644.68970, 72, 130.66254, 77, 40.437500, 83,         0,110,         1,116,         4,164,         1
58C,2016/06/16 18:47:00, 50, 15.722668, 51, 32.699188, 52, 16.976521, 49,        64, 56, 6.2676125, 67, 644.68970, 72, 130.05504, 77, 40.531250, 83,         0,110,         0,116,         4,164,         1
56C,2016/06/16 18:48:00, 50, 41.555901, 51, 87.472183, 52, 45.916283, 49,        64, 56, 6.2676125, 67, 644.68970, 72, 130.09175, 77, 40.625000, 83,         0,110,         0,116,         4,164,         1
52C,2016/06/16 18:49:00, 50, 45.348801, 51, 20.115154, 52,-25.233646, 49,        64, 56, 6.2676125, 67, 644.68970, 72, 130.15146, 77, 40.718750, 83,         0,110,         3,116,         4,164,         1
53C,2016/06/16 18:50:00, 50, 25.256248, 51, 57.472557, 52, 32.216309, 49,        64, 56, 6.2676125, 67, 644.68970, 72, 130.85349, 77, 40.812500, 83,         0,110,         2,116,         4,164,         1
57C,2016/06/16 18:51:00, 50, 12.549482, 51, 58.383511, 52, 45.834030, 49,        64, 56, 6.2676125, 67, 644.68970, 72, 130.86885, 77, 40.875000, 83,         0,110,         1,116,         4,164,         1
5AC,2016/06/16 18:52:00, 50, 73.930359, 51, 194.82829, 52, 120.89793, 49,        64, 56, 6.2676125, 67, 644.68970, 72, 130.23466, 77, 40.937500, 83,         0,110,         0,116,         4,164,         1
58C,2016/06/16 18:53:00, 50, 16.706360, 51, 21.298662, 52, 4.5923023, 49,        64, 56, 6.2676125, 67, 644.68970, 72, 130.28601, 77, 41.000000, 83,         0,110,         0,116,         4,164,         1
5BC,2016/06/16 18:54:00, 50, 7.8074846, 51, 37.501850, 52, 29.694366, 49,        64, 56, 6.2676125, 67, 644.68970, 72, 130.32874, 77, 41.062500, 83,         0,110,         3,116,         4,164,         1
59C,2016/06/16 18:55:00, 50,-12.999718, 51, 37.609138, 52, 50.608856, 49,        64, 56, 6.2676125, 67, 644.68970, 72, 131.00790, 77, 41.125000, 83,         0,110,         2,116,         4,164,         1
52C,2016/06/16 18:56:00, 50, 8.3112049, 51, 16.720396, 52, 8.4091911, 49,        64, 56, 6.2676125, 67, 644.68970, 72, 131.03488, 77, 41.187500, 83,         0,110,         1,116,         4,164,         1
51C,2016/06/16 18:57:00, 50,-2.7351756, 51, 25.588949, 52, 28.324123, 49,        64, 56, 6.2676125, 67, 644.68970, 72, 130.41354, 77, 41.281250, 83,         0,110,         0,116,         4,164,         1
50C,2016/06/16 18:58:00, 50, 23.711967, 51, 47.749195, 52, 24.037228, 49,        64, 56, 6.2676125, 67, 644.68970, 72, 130.42171, 77, 41.343750, 83,         0,110,         0,116,         4,164,         1
54C,2016/06/16 18:59:00, 50, 12.241640, 51, 26.261467, 52, 14.019827, 49,        64, 56, 6.2676125, 67, 644.68970, 72, 130.42891, 77, 41.406250, 83,         0,110,         3,116,         4,164,         1
50C,2016/06/16 19:00:00, 50, 9.1453533, 51, 26.779119, 52, 17.633766, 49,        64, 56, 6.2676125, 67, 644.68970, 72, 131.09731, 77, 41.468750, 83,         0,110,         2,116,         4,164,         1
53C,2016/06/16 19:01:00, 50, 9.6286926, 51, 51.514893, 52, 41.886200, 49,        64, 56, 6.2676125, 67, 644.68970, 72, 131.09927, 77, 41.500000, 83,         0,110,         1,116,         4,164,         1
5CC,2016/06/16 19:02:00, 50, 6.6103907, 51, 31.744617, 52, 25.134228, 49,        64, 56, 6.2676125, 67, 644.68970, 72, 130.44998, 77, 41.593750, 83,         0,110,         0,116,         4,164,         1
54C,2016/06/16 19:03:00, 50,-0.5252266, 51, 24.299870, 52, 24.825096, 49,        64, 56, 6.2676125, 67, 644.68970, 72, 130.46049, 77, 41.625000, 83,         0,110,         0,116,         4,164,         1
5BC,2016/06/16 19:04:00, 50, 4.7390633, 51, 17.888958, 52, 13.149895, 49,        64, 56, 6.2676125, 67, 644.68970, 72, 130.53471, 77, 41.718750, 83,         0,110,         3,116,         4,164,         1
53C,2016/06/16 19:05:00, 50, 18.647160, 51, 31.426785, 52, 12.779625, 49,        64, 56, 6.2676125, 67, 644.68970, 72, 131.24898, 77, 41.781250, 83,         0,110,         2,116,         4,164,         1
53C,2016/06/16 19:06:00, 50, 3.7789311, 51, 11.459110, 52, 7.6801796, 49,        64, 56, 6.2676125, 67, 644.68970, 72, 131.28470, 77, 41.812500, 83,         0,110,         1,116,         4,164,         1
58C,2016/06/16 19:07:00, 50, 14.019865, 51, 25.540468, 52, 11.520603, 49,        64, 56, 6.2676125, 67, 644.68970, 72, 130.64388, 77, 41.843750, 83,         0,110,         0,116,         4,164,         1
50C,2016/06/16 19:08:00, 50, 15.504675, 51, 81.481354, 52, 65.976685, 49,        64, 56, 6.2676125, 67, 644.68970, 72, 130.63832, 77, 41.906250, 83,         0,110,         0,116,         4,164,         1
59C,2016/06/16 19:09:00, 50, 14.254723, 51, 70.301048, 52, 56.046326, 49,        64, 56, 6.2676125, 67, 644.68970, 72, 130.78085, 77, 41.968750, 83,         0,110,         3,116,         4,164,         1
5EC,2016/06/16 19:10:00, 50, 7.5737896, 51, 37.921703, 52, 30.347916, 49,        64, 56, 6.2676125, 67, 644.68970, 72, 131.49086, 77, 41.968750, 83,         0,110,         2,116,         4,164,         1
53C,2016/06/16 19:11:00, 50, 169.11090, 51, 665.98889, 52, 496.87799, 49,        64, 56, 6.2676125, 67, 644.68970, 72, 131.54134, 77, 42.031250, 83,         0,110,         1,116,         4,164,         1
51C,2016/06/16 19:12:00, 50, 10.313412, 51, 96.596992, 52, 86.283585, 49,        64, 56, 6.2676125, 67, 644.68970, 72, 130.95923, 77, 42.062500, 83,         0,110,         0,116,         4,164,         1
51C,2016/06/16 19:13:00, 50, 24.545563, 51, 24.617317, 52, 0.0717550, 49,        64, 56, 6.2676125, 67, 644.68970, 72, 130.93564, 77, 42.125000, 83,         0,110,         0,116,         4,164,         1
58C,2016/06/16 19:14:00, 50, 78.831223, 51, 475.96469, 52, 397.13348, 49,        64, 56, 6.2676125, 67, 644.68970, 72, 130.93056, 77, 42.187500, 83,         0,110,         3,116,         4,164,         1
5BC,2016/06/16 19:15:00, 50, 24.240509, 51, 86.673813, 52, 62.433304, 49,        64, 56, 6.2676125, 67, 644.68970, 72, 131.56021, 77, 42.218750, 83,         0,110,         2,116,         4,164,         1
56C,2016/06/16 19:16:00, 50, 11.119755, 51, 80.941681, 52, 69.821930, 49,        64, 56, 6.2676125, 67, 644.68970, 72, 131.55072, 77, 42.250000, 83,         0,110,         1,116,         4,164,         1
5CC,2016/06/16 19:17:00, 50, 7.4446583, 51, 34.544762, 52, 27.100105, 49,        64, 56, 6.2676125, 67, 644.68970, 72, 130.88835, 77, 42.343750, 83,         0,110,         0,116,         4,164,         1
5FC,2016/06/16 19:18:00, 50,-8.5650024, 51, 41.099319, 52, 49.664322, 49,        64, 56, 6.2676125, 67, 644.68970, 72, 130.86572, 77, 42.375000, 83,         0,110,         0,116,         4,164,         1
59C,2016/06/16 19:19:00, 50, 0.7092503, 51, 30.120970, 52, 29.411720, 49,        64, 56, 6.2676125, 67, 644.68970, 72, 130.86478, 77, 42.375000, 83,         0,110,         3,116,         4,164,         1
53C,2016/06/16 19:20:00, 50, 5.2246685, 51, 46.947254, 52, 41.722588, 49,        64, 56, 6.2676125, 67, 644.68970, 72, 131.51038, 77, 42.437500, 83,         0,110,         2,116,         4,164,         1
54C,2016/06/16 19:21:00, 50, 4.0086746, 51, 56.453552, 52, 52.444878, 49,        64, 56, 6.2676125, 67, 644.68970, 72, 131.50351, 77, 42.500000, 83,         0,110,         1,116,         4,164,         1
5EC,2016/06/16 19:22:00, 50, 7.6894035, 51, 54.133945, 52, 46.444542, 49,        64, 56, 6.2676125, 67, 644.68970, 72, 130.86632, 77, 42.531250, 83,         0,110,         0,116,         4,164,         1
52C,2016/06/16 19:23:00, 50, 71.207199, 51, 89.471779, 52, 18.264580, 49,        64, 56, 6.2676125, 67, 644.68970, 72, 130.86444, 77, 42.593750, 83,         0,110,         0,116,         4,164,         1
53C,2016/06/16 19:24:00, 50, 27.517330, 51, 108.07230, 52, 80.554977, 49,        64, 56, 6.2676125, 67, 644.68970, 72, 130.86508, 77, 42.625000, 83,         0,110,         3,116,         4,164,         1
57C,2016/06/16 19:25:00, 50, 23.140579, 51, 115.15807, 52, 92.017487, 49,        64, 56, 6.2676125, 67, 644.68970, 72, 131.52106, 77, 42.687500, 83,         0,110,         2,116,         4,164,         1
5FC,2016/06/16 19:26:00, 50, 44.838493, 51, 145.85257, 52, 101.01408, 49,        64, 56, 6.2676125, 67, 644.68970, 72, 131.54030, 77, 42.687500, 83,         0,110,         1,116,         4,164,         1
5DC,2016/06/16 19:27:00, 50, 48.683823, 51, 141.30707, 52, 92.623245, 49,        64, 56, 6.2676125, 67, 644.68970, 72, 130.93118, 77, 42.750000, 83,         0,110,         0,116,         4,164,         1
5CC,2016/06/16 19:28:00, 50, 49.638206, 51, 149.12640, 52, 99.488205, 49,        64, 56, 6.2676125, 67, 644.68970, 72, 131.00862, 77, 42.781250, 83,         0,110,         0,116,         4,164,         1
58C,2016/06/16 19:29:00, 50, 33.826828, 51, 135.72212, 52, 101.89529, 49,        64, 56, 6.2676125, 67, 644.68970, 72, 131.10016, 77, 42.843750, 83,         0,110,         3,116,         4,164,         1
54C,2016/06/16 19:30:00, 50, 50.061844, 51, 138.93475, 52, 88.872910, 49,        64, 56, 6.2676125, 67, 644.68970, 72, 131.76961, 77, 42.875000, 83,         0,110,         2,116,         4,164,         1
50C,2016/06/16 19:31:00, 50, 47.882507, 51, 126.51137, 52, 78.628860, 49,        64, 56, 6.2676125, 67, 643.33984, 72, 131.78104, 77, 42.906250, 83,         0,110,         1,116,         4,164,         1
52C,2016/06/16 19:32:00, 50, 94.776321, 51, 329.73584, 52, 234.95953, 49,        64, 56, 6.2676125, 67, 643.33984, 72, 131.16087, 77, 42.937500, 83,         0,110,         0,116,         4,164,         1
57C,2016/06/16 19:33:00, 50, 281.12207, 51, 350.78040, 52, 69.658325, 49,        64, 56, 6.2676125, 67, 643.33984, 72, 131.21428, 77, 43.000000, 83,         0,110,         0,116,         4,164,         1
55C,2016/06/16 19:34:00, 50, 100.77856, 51, 168.95396, 52, 68.175400, 49,        64, 56, 6.2676125, 67, 643.33984, 72, 131.30225, 77, 43.062500, 83,         0,110,         3,116,         4,164,         1
53C,2016/06/16 19:35:00, 50, 98.650940, 51, 212.40654, 52, 113.75560, 49,        64, 56, 6.2676125, 67, 643.33984, 72, 132.04150, 77, 43.062500, 83,         0,110,         2,116,         4,164,         1
5CC,2016/06/16 19:36:00, 50, 72.879318, 51, 170.08713, 52, 97.207809, 49,        64, 56, 6.2676125, 67, 643.33984, 72, 132.10680, 77, 43.125000, 83,         0,110,         1,116,         4,164,         1
54C,2016/06/16 19:37:00, 50, 56.746025, 51, 127.13932, 52, 70.393295, 49,        64, 56, 6.2676125, 67, 643.33984, 72, 131.52513, 77, 43.156250, 83,         0,110,         0,116,         4,164,         1
54C,2016/06/16 19:38:00, 50, 954.24475, 51, 770.97095, 52,-183.27380, 49,        64, 56, 6.2676125, 67, 643.33984, 72, 131.63118, 77, 43.187500, 83,         0,110,         0,116,         4,164,         1
56C,2016/06/16 19:39:00, 50, 77.856796, 51, 142.23561, 52, 64.378815, 49,        64, 56, 6.2676125, 67, 643.33984, 72, 131.73962, 77, 43.218750, 83,         0,110,         3,116,         4,164,         1
59C,2016/06/16 19:40:00, 50, 78.057419, 51, 196.64847, 52, 118.59105, 49,        64, 56, 6.2676125, 67, 643.33984, 72, 132.46353, 77, 43.250000, 83,         0,110,         2,116,         4,164,         1
59C,2016/06/16 19:41:00, 50, 79.164307, 51, 160.25401, 52, 81.089706, 49,        64, 56, 6.2676125, 67, 643.33984, 72, 132.53865, 77, 43.281250, 83,         0,110,         1,116,         4,164,         1
57C,2016/06/16 19:42:00, 50, 43.510124, 51, 141.76314, 52, 98.253021, 49,        64, 56, 6.2676125, 67, 643.33984, 72, 131.97331, 77, 43.312500, 83,         0,110,         0,116,         4,164,         1
52C,2016/06/16 19:43:00, 50, 41.818123, 51, 137.79401, 52, 95.975891, 49,        64, 56, 6.2676125, 67, 643.33984, 72, 132.11557, 77, 43.343750, 83,         0,110,         0,116,         4,164,         1
5EC,2016/06/16 19:44:00, 50, 55.895729, 51, 151.63214, 52, 95.736420, 49,        64, 56, 6.2676125, 67, 643.33984, 72, 132.23979, 77, 43.406250, 83,         0,110,         3,116,         4,164,         1
54C,2016/06/16 19:45:00, 50, 55.300011, 51, 141.57875, 52, 86.278748, 49,        64, 56, 6.2676125, 67, 643.33984, 72, 132.96210, 77, 43.406250, 83,         0,110,         2,116,         4,164,         1
5EC,2016/06/16 19:46:00, 50, 37.505928, 51, 114.09870, 52, 76.592773, 49,        64, 56, 6.2676125, 67, 643.33984, 72, 132.99329, 77, 43.437500, 83,         0,110,         1,116,         4,164,         1
56C,2016/06/16 19:47:00, 50, 74.284988, 51, 146.64299, 52, 72.358002, 49,        64, 56, 6.2676125, 67, 643.33984, 72, 132.32475, 77, 43.406250, 83,         0,110,         0,116,         4,164,         1
50C,2016/06/16 19:48:00, 50, 47.551468, 51, 159.25322, 52, 111.70175, 49,        64, 56, 6.2676125, 67, 643.33984, 72, 132.30322, 77, 43.375000, 83,         0,110,         0,116,         4,164,         1
5CC,2016/06/16 19:49:00, 50, 72.463882, 51, 172.76851, 52, 100.30463, 49,        64, 56, 6.2676125, 67, 643.33984, 72, 132.31300, 77, 43.343750, 83,         0,110,         3,116,         4,164,         1
55C,2016/06/16 19:50:00, 50, 201.38803, 51, 127.90434, 52,-73.483688, 49,        64, 56, 6.2676125, 67, 643.33984, 72, 132.94409, 77, 43.343750, 83,         0,110,         2,116,         4,164,         1
57C,2016/06/16 19:51:00, 50, 75.492218, 51, 135.78775, 52, 60.295532, 49,        64, 56, 6.2676125, 67, 643.33984, 72, 132.90012, 77, 43.343750, 83,         0,110,         1,116,         4,164,         1
5DC,2016/06/16 19:52:00, 50, 30.045208, 51, 95.309410, 52, 65.264206, 49,        64, 56, 6.2676125, 67, 643.33984, 72, 132.20840, 77, 43.375000, 83,         0,110,         0,116,         4,164,         1
5FC,2016/06/16 19:53:00, 50, 30.098953, 51, 125.51746, 52, 95.418503, 49,        64, 56, 6.2676125, 67, 643.33984, 72, 132.14911, 77, 43.375000, 83,         0,110,         0,116,         4,164,         1
5FC,2016/06/16 19:54:00, 50, 33.926750, 51, 109.08213, 52, 75.155380, 49,        64, 56, 6.2676125, 67, 643.33984, 72, 132.08092, 77, 43.406250, 83,         0,110,         6,116,         4,164,         1
55C,2016/06/16 19:55:00, 50, 12.469040, 51, 92.700424, 52, 80.231384, 49,        64, 56, 6.2676125, 67, 643.33984, 72, 132.69189, 77, 43.406250, 83,         0,110,         3,116,         4,164,         1
57C,2016/06/16 19:56:00, 50, 330.94897, 51, 387.12167, 52, 56.172714, 49,        64, 56, 6.2676125, 67, 643.33984, 72, 132.72641, 77, 43.468750, 83,         0,110,         2,116,         4,164,         1
50C,2016/06/16 19:57:00, 50, 24.855675, 51, 106.44250, 52, 81.586823, 49,        64, 56, 6.2676125, 67, 643.33984, 72, 132.12770, 77, 43.468750, 83,         0,110,         1,116,         4,164,         1
54C,2016/06/16 19:58:00, 50, 26.832245, 51, 77.304916, 52, 50.472672, 49,        64, 56, 6.2676125, 67, 643.33984, 72, 132.10316, 77, 43.500000, 83,         0,110,         0,116,         4,164,         1
50C,2016/06/16 19:59:00, 50, 19.931488, 51, 93.385040, 52, 73.453552, 49,        64, 56, 6.2676125, 67, 643.33984, 72, 132.09729, 77, 43.500000, 83,         0,110,         6,116,         4,164,         1
52C,2016/06/16 20:00:00, 50, 16.965679, 51, 72.658615, 52, 55.692940, 49,        64, 56, 6.2676125, 67, 643.33984, 72, 132.75955, 77, 43.531250, 83,         0,110,         3,116,         4,164,         1
57C,2016/06/16 20:01:00, 50, 38.499924, 51, 56.148483, 52, 17.648560, 49,        64, 56, 6.2676125, 67, 643.33984, 72, 132.79276, 77, 43.562500, 83,         0,110,         2,116,         4,164,         1
5AC,2016/06/16 20:02:00, 50, 19.958195, 51, 85.058136, 52, 65.099945, 49,        64, 56, 6.2676125, 67, 643.33984, 72, 132.19753, 77, 43.593750, 83,         0,110,         1,116,         4,164,         1
5AC,2016/06/16 20:03:00, 50, 11.800026, 51, 76.994896, 52, 65.194870, 49,        64, 56, 6.2676125, 67, 643.33984, 72, 132.23657, 77, 43.625000, 83,         0,110,         0,116,         4,164,         1
59C,2016/06/16 20:04:00, 50, 17.251396, 51, 181.40285, 52, 164.15146, 49,        64, 56, 6.2676125, 67, 643.33984, 72, 132.25621, 77, 43.625000, 83,         0,110,         6,116,         4,164,         1
5DC,2016/06/16 20:05:00, 50, 38.162598, 51, 98.621666, 52, 60.459068, 49,        64, 56, 6.2676125, 67, 643.33984, 72, 132.90193, 77, 43.656250, 83,         0,110,         3,116,         4,164,         1
5EC,2016/06/16 20:06:00, 50, 19.950478, 51, 78.633553, 52, 58.683075, 49,        64, 56, 6.2676125, 67, 643.33984, 72, 132.93341, 77, 43.656250, 83,         0,110,         2,116,         4,164,         1
5CC,2016/06/16 20:07:00, 50, 705.62659, 51, 269.52826, 52,-436.09833, 49,        64, 56, 6.2676125, 67, 643.33984, 72, 132.31055, 77, 43.718750, 83,         0,110,         1,116,         4,164,         1
5BC,2016/06/16 20:08:00, 50, 52.901863, 51, 122.02599, 52, 69.124130, 49,        64, 56, 6.2676125, 67, 643.33984, 72, 132.34586, 77, 43.750000, 83,         0,110,         0,116,         4,164,         1
5AC,2016/06/16 20:09:00, 50, 45.700089, 51, 95.119904, 52, 49.419815, 49,        64, 56, 6.2676125, 67, 643.33984, 72, 132.42572, 77, 43.750000, 83,         0,110,         6,116,         4,164,         1
57C,2016/06/16 20:10:00, 50, 204.38663, 51, 382.89731, 52, 178.51068, 49,        64, 56, 6.2676125, 67, 643.33984, 72, 133.12144, 77, 43.750000, 83,         0,110,         3,116,         4,164,         1
51C,2016/06/16 20:11:00, 50, 21.919987, 51, 135.09100, 52, 113.17102, 49,        64, 56, 6.2676125, 67, 643.33984, 72, 133.18185, 77, 43.781250, 83,         0,110,         2,116,         4,164,         1
52C,2016/06/16 20:12:00, 50, 75.440613, 51, 104.45777, 52, 29.017162, 49,        64, 56, 6.2676125, 67, 643.33984, 72, 132.57736, 77, 43.812500, 83,         0,110,         1,116,         4,164,         1
5FC,2016/06/16 20:13:00, 50, 3.7154827, 51, 49.788372, 52, 46.072891, 49,        64, 56, 6.2676125, 67, 643.33984, 72, 132.59349, 77, 43.812500, 83,         0,110,         0,116,         4,164,         1
5BC,2016/06/16 20:14:00, 50, 75.602463, 51, 299.11426, 52, 223.51181, 49,        64, 56, 6.2676125, 67, 643.33984, 72, 132.63687, 77, 43.843750, 83,         0,110,         6,116,         4,164,         1
5DC,2016/06/16 20:15:00, 50, 303.32336, 51, 103.70035, 52,-199.62302, 49,        64, 56, 6.2676125, 67, 643.33984, 72, 133.31287, 77, 43.875000, 83,         0,110,         3,116,         4,164,         1
50C,2016/06/16 20:16:00, 50, 49.898262, 51, 111.39747, 52, 61.499207, 49,        64, 56, 6.2676125, 67, 643.33984, 72, 133.33978, 77, 43.875000, 83,         0,110,         2,116,         4,164,         1
5DC,2016/06/16 20:17:00, 50, 16.389786, 51, 77.804634, 52, 61.414848, 49,        64, 56, 6.2676125, 67, 643.33984, 72, 132.71510, 77, 43.906250, 83,         0,110,         1,116,         4,164,         1
53C,2016/06/16 20:18:00, 50, 10.785603, 51, 65.686722, 52, 54.901123, 49,        64, 56, 6.2676125, 67, 643.33984, 72, 132.72348, 77, 43.937500, 83,         0,110,         0,116,         4,164,         1
5BC,2016/06/16 20:19:00, 50, 10.431721, 51, 26.047455, 52, 15.615734, 49,        64, 56, 6.2676125, 67, 643.33984, 72, 132.72368, 77, 43.937500, 83,         0,110,         6,116,         4,164,         1
5CC,2016/06/16 20:20:00, 50,-3.9891191, 51, 36.029804, 52, 40.018921, 49,        64, 56, 6.2676125, 67, 643.33984, 72, 133.37489, 77, 43.968750, 83,         0,110,         3,116,         4,164,         1
52C,2016/06/16 20:21:00, 50, 2.9367752, 51, 57.483681, 52, 54.546906, 49,        64, 56, 6.2676125, 67, 643.33984, 72, 133.39871, 77, 44.000000, 83,         0,110,         2,116,         4,164,         1
55C,2016/06/16 20:22:00, 50, 8.9250107, 51, 54.124657, 52, 45.199646, 49,        64, 56, 6.2676125, 67, 643.33984, 72, 132.76447, 77, 44.000000, 83,         0,110,         1,116,         4,164,         1
54C,2016/06/16 20:23:00, 50, 27.902035, 51, 103.79650, 52, 75.894470, 49,        64, 56, 6.2676125, 67, 643.33984, 72, 132.78293, 77, 44.031250, 83,         0,110,         0,116,         4,164,         1
50C,2016/06/16 20:24:00, 50, 64.754166, 51, 151.35477, 52, 86.600601, 49,        64, 56, 6.2676125, 67, 643.33984, 72, 132.78322, 77, 44.031250, 83,         0,110,         6,116,         4,164,         1
51C,2016/06/16 20:25:00, 50, 11.807207, 51, 61.291229, 52, 49.484024, 49,        64, 56, 6.2676125, 67, 643.33984, 72, 133.38474, 77, 44.062500, 83,         0,110,         3,116,         4,164,         1
53C,2016/06/16 20:26:00, 50, 4.3358917, 51, 67.154480, 52, 62.818588, 49,        64, 56, 6.2676125, 67, 643.33984, 72, 133.33012, 77, 44.093750, 83,         0,110,         2,116,         4,164,         1
53C,2016/06/16 20:27:00, 50, 7.5453606, 51, 66.716164, 52, 59.170807, 49,        64, 56, 6.2676125, 67, 643.33984, 72, 132.67194, 77, 44.093750, 83,         0,110,         1,116,         4,164,         1
51C,2016/06/16 20:28:00, 50, 1.0210629, 51, 67.189911, 52, 66.168854, 49,        64, 56, 6.2676125, 67, 643.33984, 72, 132.68877, 77, 44.093750, 83,         0,110,         0,116,         4,164,         1
5DC,2016/06/16 20:29:00, 50, 13.834202, 51, 141.57762, 52, 127.74342, 49,        64, 56, 6.2676125, 67, 643.33984, 72, 132.75497, 77, 44.125000, 83,         0,110,         6,116,         4,164,         1
5CC,2016/06/16 20:30:00, 50, 3.0598950, 51, 58.551090, 52, 55.491196, 49,        64, 56, 6.2676125, 67, 643.33984, 72, 133.44524, 77, 44.125000, 83,         0,110,         3,116,         4,164,         1
56C,2016/06/16 20:31:00, 50, 10.808308, 51, 43.744076, 52, 32.935768, 49,        64, 56, 6.2676125, 67, 643.33984, 72, 133.45784, 77, 44.156250, 83,         0,110,         2,116,         4,164,         1
55C,2016/06/16 20:32:00, 50, 3.4241290, 51, 51.376709, 52, 47.952583, 49,        64, 56, 6.2676125, 67, 643.33984, 72, 132.79291, 77, 44.156250, 83,         0,110,         1,116,         4,164,         1
5EC,2016/06/16 20:33:00, 50, 5.5581312, 51, 65.734802, 52, 60.176674, 49,        64, 56, 6.2676125, 67, 643.33984, 72, 132.76170, 77, 44.187500, 83,         0,110,         0,116,         4,164,         1
5CC,2016/06/16 20:34:00, 50, 18.197010, 51, 79.069878, 52, 60.872871, 49,        64, 56, 6.2676125, 67, 643.33984, 72, 132.76430, 77, 44.187500, 83,         0,110,         6,116,         4,164,         1
59C,2016/06/16 20:35:00, 50, 32.565559, 51, 69.569092, 52, 37.003532, 49,        64, 56, 6.2676125, 67, 643.33984, 72, 133.45233, 77, 44.218750, 83,         0,110,         3,116,         4,164,         1
57C,2016/06/16 20:36:00, 50, 23.876953, 51, 88.909393, 52, 65.032440, 49,        64, 56, 6.2676125, 67, 643.33984, 72, 133.47388, 77, 44.218750, 83,         0,110,         2,116,         4,164,         1
5FC,2016/06/16 20:37:00, 50, 23.408592, 51, 78.163834, 52, 54.755241, 49,        64, 56, 6.2676125, 67, 643.33984, 72, 132.84926, 77, 44.218750, 83,         0,110,         1,116,         4,164,         1
55C,2016/06/16 20:38:00, 50, 23.113014, 51, 52.759914, 52, 29.646900, 49,        64, 56, 6.2676125, 67, 643.33984, 72, 132.86604, 77, 44.250000, 83,         0,110,         0,116,         4,164,         1
52C,2016/06/16 20:39:00, 50, 23.830658, 51, 144.29802, 52, 120.46736, 49,        64, 56, 6.2676125, 67, 643.33984, 72, 132.87083, 77, 44.281250, 83,         0,110,         6,116,         4,164,         1
5EC,2016/06/16 20:40:00, 50, 129.41364, 51, 33.922791, 52,-95.490845, 49,        64, 56, 6.2676125, 67, 643.33984, 72, 133.51099, 77, 44.312500, 83,         0,110,         3,116,         4,164,         1
5DC,2016/06/16 20:41:00, 50, 60.349823, 51, 90.795876, 52, 30.446053, 49,        64, 56, 6.2676125, 67, 643.33984, 72, 133.53151, 77, 44.312500, 83,         0,110,         2,116,         4,164,         1
5EC,2016/06/16 20:42:00, 50, 20.669567, 51, 113.19207, 52, 92.522507, 49,        64, 56, 6.2676125, 67, 643.33984, 72, 132.89456, 77, 44.343750, 83,         0,110,         1,116,         4,164,         1
53C,2016/06/16 20:43:00, 50, 11.074177, 51, 53.412579, 52, 42.338402, 49,        64, 56, 6.2676125, 67, 643.33984, 72, 132.89253, 77, 44.312500, 83,         0,110,         0,116,         4,164,         1
5AC,2016/06/16 20:44:00, 50, 8.6684856, 51, 112.06963, 52, 103.40115, 49,        64, 56, 6.2676125, 67, 643.33984, 72, 132.85733, 77, 44.343750, 83,         0,110,         6,116,         4,164,         1
57C,2016/06/16 20:45:00, 50, 10.529530, 51, 93.431000, 52, 82.901474, 49,        64, 56, 6.2676125, 67, 643.33984, 72, 133.44341, 77, 44.343750, 83,         0,110,         3,116,         4,164,         1
59C,2016/06/16 20:46:00, 50, 5.6218882, 51, 68.654678, 52, 63.032791, 49,        64, 56, 6.2676125, 67, 643.33984, 72, 133.38513, 77, 44.375000, 83,         0,110,         2,116,         4,164,         1
5BC,2016/06/16 20:47:00, 50, 10.824175, 51, 63.451965, 52, 52.627792, 49,        64, 56, 6.2676125, 67, 643.33984, 72, 132.73102, 77, 44.375000, 83,         0,110,         1,116,         4,164,         1
54C,2016/06/16 20:48:00, 50,-6.2852240, 51, 45.517284, 52, 51.802505, 49,        64, 56, 6.2676125, 67, 643.33984, 72, 132.71805, 77, 44.406250, 83,         0,110,         0,116,         4,164,         1
51C,2016/06/16 20:49:00, 50, 3.5235605, 51, 41.263664, 52, 37.740105, 49,        64, 56, 6.2676125, 67, 643.33984, 72, 132.70181, 77, 44.437500, 83,         0,110,         6,116,         4,164,         1
5EC,2016/06/16 20:50:00, 50, 7.1837912, 51, 26.947493, 52, 19.763702, 49,        64, 56, 6.2676125, 67, 643.33984, 72, 133.32677, 77, 44.437500, 83,         0,110,         3,116,         4,164,         1
55C,2016/06/16 20:51:00, 50, 8.9914627, 51, 50.913795, 52, 41.922333, 49,        64, 56, 6.2676125, 67, 643.33984, 72, 133.33887, 77, 44.437500, 83,         0,110,         2,116,         4,164,         1
57C,2016/06/16 20:52:00, 50,-3.8590851, 51, 59.639198, 52, 63.498283, 49,        64, 56, 6.2676125, 67, 643.33984, 72, 132.70544, 77, 44.468750, 83,         0,110,         1,116,         4,164,         1
59C,2016/06/16 20:53:00, 50, 10.135317, 51, 59.414841, 52, 49.279526, 49,        64, 56, 6.2676125, 67, 643.33984, 72, 132.69197, 77, 44.468750, 83,         0,110,         0,116,         4,164,         1
5EC,2016/06/16 20:54:00, 50, 30.124161, 51, 87.775925, 52, 57.651764, 49,        64, 56, 6.2676125, 67, 643.33984, 72, 132.67986, 77, 44.468750, 83,         0,110,         6,116,         4,164,         1
5DC,2016/06/16 20:55:00, 50, 3.3638034, 51, 71.585709, 52, 68.221909, 49,        64, 56, 6.2676125, 67, 643.33984, 72, 133.32777, 77, 44.468750, 83,         0,110,         3,116,         4,164,         1
5FC,2016/06/16 20:56:00, 50, 4.8973303, 51, 65.466736, 52, 60.569412, 49,        64, 56, 6.2676125, 67, 643.33984, 72, 133.34116, 77, 44.500000, 83,         0,110,         2,116,         4,164,         1
59C,2016/06/16 20:57:00, 50, 13.609488, 51, 151.37300, 52, 137.76352, 49,        64, 56, 6.2676125, 67, 643.33984, 72, 132.71754, 77, 44.500000, 83,         0,110,         1,116,         4,164,         1
5EC,2016/06/16 20:58:00, 50, 0.6027046, 51, 60.408100, 52, 59.805397, 49,        64, 56, 6.2676125, 67, 643.33984, 72, 132.74525, 77, 44.531250, 83,         0,110,         0,116,         4,164,         1
52C,2016/06/16 20:59:00, 50, 6.0896530, 51, 60.557442, 52, 54.467789, 49,        64, 56, 6.2676125, 67, 643.33984, 72, 132.76694, 77, 44.531250, 83,         0,110,         6,116,         4,164,         1
51C,2016/06/16 21:00:00, 50, 9.7520103, 51, 51.293751, 52, 41.541740, 49,        64, 56, 6.2676125, 67, 643.33984, 72, 133.44576, 77, 44.531250, 83,         0,110,         3,116,         4,164,         1
56C,2016/06/16 21:01:00, 50, 10.055504, 51, 51.931969, 52, 41.876465, 49,        64, 56, 6.2676125, 67, 643.33984, 72, 133.46643, 77, 44.531250, 83,         0,110,         2,116,         4,164,         1
51C,2016/06/16 21:02:00, 50, 1.0810966, 51, 47.482952, 52, 46.401855, 49,        64, 56, 6.2676125, 67, 643.33984, 72, 132.82361, 77, 44.562500, 83,         0,110,         1,116,         4,164,         1
5BC,2016/06/16 21:03:00, 50,-9.8102531, 51, 44.889935, 52, 54.700188, 49,        64, 56, 6.2676125, 67, 643.33984, 72, 132.84293, 77, 44.531250, 83,         0,110,         0,116,         4,164,         1
52C,2016/06/16 21:04:00, 50, 185.28946, 51,-33.013672, 52,-218.30313, 49,        64, 56, 6.2676125, 67, 643.33984, 72, 132.85797, 77, 44.562500, 83,         0,110,         6,116,         4,164,         1
54C,2016/06/16 21:05:00, 50, 8.8525772, 51, 73.377052, 52, 64.524475, 49,        64, 56, 6.2676125, 67, 643.33984, 72, 133.50514, 77, 44.562500, 83,         0,110,         3,116,         4,164,         1
5FC,2016/06/16 21:06:00, 50, 15.532673, 51, 73.579041, 52, 58.046371, 49,        64, 56, 6.2676125, 67, 643.33984, 72, 133.53600, 77, 44.593750, 83,         0,110,         2,116,         4,164,         1
5BC,2016/06/16 21:07:00, 50, 25.695545, 51, 95.646240, 52, 69.950699, 49,        64, 56, 6.2676125, 67, 643.33984, 72, 132.90373, 77, 44.562500, 83,         0,110,         1,116,         4,164,         1
51C,2016/06/16 21:08:00, 50, 17.757599, 51, 81.643524, 52, 63.885925, 49,        64, 56, 6.2676125, 67, 643.33984, 72, 132.88763, 77, 44.593750, 83,         0,110,         0,116,         4,164,         1
5FC,2016/06/16 21:09:00, 50, 709.22925, 51, 807.09613, 52, 97.866882, 49,        64, 56, 6.2676125, 67, 643.33984, 72, 132.85300, 77, 44.593750, 83,         0,110,         6,116,         4,164,         1
54C,2016/06/16 21:10:00, 50, 88.554443, 51, 118.30476, 52, 29.750313, 49,        64, 56, 6.2676125, 67, 643.33984, 72, 133.44299, 77, 44.625000, 83,         0,110,         3,116,         4,164,         1
54C,2016/06/16 21:11:00, 50, 25.120300, 51, 117.02255, 52, 91.902252, 49,        64, 56, 6.2676125, 67, 643.33984, 72, 133.41275, 77, 44.625000, 83,         0,110,         2,116,         4,164,         1
5EC,2016/06/16 21:12:00, 50, 91.633865, 51, 161.01672, 52, 69.382858, 49,        64, 56, 6.2676125, 67, 643.33984, 72, 132.78757, 77, 44.625000, 83,         0,110,         1,116,         4,164,         1
5DC,2016/06/16 21:13:00, 50, 88.911591, 51, 183.36728, 52, 94.455688, 49,        64, 56, 6.2676125, 67, 643.33984, 72, 132.80180, 77, 44.656250, 83,         0,110,         0,116,         4,164,         1
52C,2016/06/16 21:14:00, 50, 62.116501, 51, 118.45218, 52, 56.335678, 49,        64, 56, 6.2676125, 67, 643.33984, 72, 132.82304, 77, 44.656250, 83,         0,110,         6,116,         4,164,         1
5BC,2016/06/16 21:15:00, 50, 124.82320, 51, 210.21251, 52, 85.389313, 49,        64, 56, 6.2676125, 67, 643.33984, 72, 133.43755, 77, 44.687500, 83,         0,110,         3,116,         4,164,         1
5BC,2016/06/16 21:16:00, 50, 27.822609, 51, 112.15284, 52, 84.330231, 49,        64, 56, 6.2676125, 67, 643.33984, 72, 133.40846, 77, 44.656250, 83,         0,110,         2,116,         4,164,         1
53C,2016/06/16 21:17:00, 50, 35.895660, 51, 103.80298, 52, 67.907318, 49,        64, 56, 6.2676125, 67, 643.33984, 72, 132.76929, 77, 44.687500, 83,         0,110,         1,116,         4,164,         1
54C,2016/06/16 21:18:00, 50, 79.610840, 51, 127.34813, 52, 47.737289, 49,        64, 56, 6.2676125, 67, 643.33984, 72, 132.78343, 77, 44.687500, 83,         0,110,         0,116,         4,164,         1
5BC,2016/06/16 21:19:00, 50, 27.682301, 51, 114.95657, 52, 87.274277, 49,        64, 56, 6.2676125, 67, 643.33984, 72, 132.82904, 77, 44.718750, 83,         0,110,         6,116,         4,164,         1
5EC,2016/06/16 21:20:00, 50, 23.509163, 51, 99.612938, 52, 76.103775, 49,        64, 56, 6.2676125, 67, 643.33984, 72, 133.49640, 77, 44.687500, 83,         0,110,         3,116,         4,164,         1
54C,2016/06/16 21:21:00, 50, 9.2101250, 51, 85.976921, 52, 76.766800, 49,        64, 56, 6.2676125, 67, 643.33984, 72, 133.49490, 77, 44.718750, 83,         0,110,         2,116,         4,164,         1
53C,2016/06/16 21:22:00, 50,-0.4318891, 51, 79.448212, 52, 79.880096, 49,        64, 56, 6.2676125, 67, 643.33984, 72, 132.91035, 77, 44.718750, 83,         0,110,         1,116,         4,164,         1
54C,2016/06/16 21:23:00, 50, 1.1447155, 51, 83.336182, 52, 82.191467, 49,        64, 56, 6.2676125, 67, 643.33984, 72, 132.95204, 77, 44.718750, 83,         0,110,         0,116,         4,164,         1
51C,2016/06/16 21:24:00, 50, 13.553532, 51, 94.388397, 52, 80.834869, 49,        64, 56, 6.2676125, 67, 643.33984, 72, 132.92410, 77, 44.718750, 83,         0,110,         6,116,         4,164,         1
57C,2016/06/16 21:25:00, 50, 35.559349, 51, 98.156929, 52, 62.597580, 49,        64, 56, 6.2676125, 67, 643.33984, 72, 132.89696, 77, 44.718750, 83,         0,110,         3,116,         4,164,         1
50C,2016/06/16 21:26:00, 50, 28.688530, 51, 110.07157, 52, 81.383041, 49,        64, 56, 6.2676125, 67, 643.33984, 72, 133.53130, 77, 44.718750, 83,         0,110,         2,116,         4,164,         1
56C,2016/06/16 21:27:00, 50, 23.042175, 51, 114.35736, 52, 91.315186, 49,        64, 56, 6.2676125, 67, 643.33984, 72, 133.56773, 77, 44.750000, 83,         0,110,         1,116,         4,164,         1
54C,2016/06/16 21:28:00, 50, 18.307034, 51, 111.46803, 52, 93.160995, 49,        64, 56, 6.2676125, 67, 643.33984, 72, 132.96211, 77, 44.718750, 83,         0,110,         0,116,         4,164,         1
59C,2016/06/16 21:29:00, 50, 18.698311, 51, 91.190041, 52, 72.491730, 49,        64, 56, 6.2676125, 67, 643.33984, 72, 132.96823, 77, 44.750000, 83,         0,110,         6,116,         4,164,         1
57C,2016/06/16 21:30:00, 50, 18.257153, 51, 98.230385, 52, 79.973236, 49,        64, 56, 6.2676125, 67, 643.33984, 72, 132.93349, 77, 44.750000, 83,         0,110,         3,116,         4,164,         1
57C,2016/06/16 21:31:00, 50, 28.989342, 51, 112.21461, 52, 83.225266, 49,        64, 56, 6.2676125, 67, 643.33984, 72, 133.53752, 77, 44.718750, 83,         0,110,         2,116,         4,164,         1
5CC,2016/06/16 21:32:00, 50, 33.795998, 51, 110.98862, 52, 77.192627, 49,        64, 56, 6.2676125, 67, 643.33984, 72, 133.52028, 77, 44.750000, 83,         0,110,         1,116,         4,164,         1
57C,2016/06/16 21:33:00, 50, 26.019051, 51, 99.391014, 52, 73.371964, 49,        64, 56, 6.2676125, 67, 643.33984, 72, 132.83557, 77, 44.750000, 83,         0,110,         0,116,         4,164,         1
5EC,2016/06/16 21:34:00, 50, 24.450722, 51, 101.94607, 52, 77.495346, 49,        64, 56, 6.2676125, 67, 643.33984, 72, 132.82564, 77, 44.750000, 83,         0,110,         6,116,         4,164,         1
53C,2016/06/16 21:35:00, 50, 23.083275, 51, 89.470634, 52, 66.387360, 49,        64, 56, 6.2676125, 67, 643.33984, 72, 132.83846, 77, 44.750000, 83,         0,110,         3,116,         4,164,         1
58C,2016/06/16 21:36:00, 50, 57.027809, 51, 115.82723, 52, 58.799423, 49,        64, 56, 6.2676125, 67, 643.33984, 72, 133.52493, 77, 44.750000, 83,         0,110,         2,116,         4,164,         1
56C,2016/06/16 21:37:00, 50, 21.516506, 51, 89.609978, 52, 68.093475, 49,        64, 56, 6.2676125, 67, 643.33984, 72, 133.54950, 77, 44.750000, 83,         0,110,         1,116,         4,164,         1
5CC,2016/06/16 21:38:00, 50, 16.751637, 51, 88.447998, 52, 71.696365, 49,        64, 56, 6.2676125, 67, 643.33984, 72, 132.93950, 77, 44.750000, 83,         0,110,         0,116,         4,164,         1
53C,2016/06/16 21:39:00, 50, 16.444950, 51, 83.844879, 52, 67.399933, 49,        64, 56, 6.2676125, 67, 643.33984, 72, 132.93558, 77, 44.781250, 83,         0,110,         6,116,         4,164,         1
59C,2016/06/16 21:40:00, 50, 35.280617, 51, 83.112923, 52, 47.832306, 49,        64, 56, 6.2676125, 67, 643.33984, 72, 132.93192, 77, 44.781250, 83,         0,110,         3,116,         4,164,         1
54C,2016/06/16 21:41:00, 50, 23.450691, 51, 90.787315, 52, 67.336624, 49,        64, 56, 6.2676125, 67, 643.33984, 72, 133.55634, 77, 44.781250, 83,         0,110,         2,116,         4,164,         1
58C,2016/06/16 21:42:00, 50, 5.6901026, 51, 79.818382, 52, 74.128281, 49,        64, 56, 6.2676125, 67, 643.33984, 72, 133.55388, 77, 44.750000, 83,         0,110,         1,116,         4,164,         1
52C,2016/06/16 21:43:00, 50, 10.974882, 51, 89.101738, 52, 78.126862, 49,        64, 56, 6.2676125, 67, 643.33984, 72, 132.91679, 77, 44.750000, 83,         0,110,         0,116,         4,164,         1
51C,2016/06/16 21:44:00, 50, 10.089285, 51, 75.546829, 52, 65.457550, 49,        64, 56, 6.2676125, 67, 643.33984, 72, 132.92979, 77, 44.750000, 83,         0,110,         6,116,         4,164,         1
5DC,2016/06/16 21:45:00, 50, 12.482512, 51, 73.405464, 52, 60.922958, 49,        64, 56, 6.2676125, 67, 643.33984, 72, 132.93208, 77, 44.781250, 83,         0,110,         3,116,         4,164,         1
56C,2016/06/16 21:46:00, 50, 10.099354, 51, 72.821869, 52, 62.722519, 49,        64, 56, 6.2676125, 67, 643.33984, 72, 133.59715, 77, 44.781250, 83,         0,110,         2,116,         4,164,         1
58C,2016/06/16 21:47:00, 50, 9.1506195, 51, 77.014679, 52, 67.864059, 49,        64, 56, 6.2676125, 67, 643.33984, 72, 133.60580, 77, 44.781250, 83,         0,110,         1,116,         4,164,         1
52C,2016/06/16 21:48:00, 50, 158.86328, 51, 198.06355, 52, 39.200272, 49,        64, 56, 6.2676125, 67, 643.33984, 72, 132.94432, 77, 44.750000, 83,         0,110,         0,116,         4,164,         1
5DC,2016/06/16 21:49:00, 50, 28.255630, 51, 68.776253, 52, 40.520622, 49,        64, 56, 6.2676125, 67, 643.33984, 72, 132.97478, 77, 44.750000, 83,         0,110,         6,116,         4,164,         1
50C,2016/06/16 21:50:00, 50, 26.092869, 51, 116.67154, 52, 90.578674, 49,        64, 56, 6.2676125, 67, 643.33984, 72, 133.00156, 77, 44.781250, 83,         0,110,         3,116,         4,164,         1
5CC,2016/06/16 21:51:00, 50, 17.975853, 51, 93.156090, 52, 75.180237, 49,        64, 56, 6.2676125, 67, 643.33984, 72, 133.64192, 77, 44.781250, 83,         0,110,         2,116,         4,164,         1
55C,2016/06/16 21:52:00, 50, 17.688046, 51, 90.600212, 52, 72.912170, 49,        64, 56, 6.2676125, 67, 643.33984, 72, 133.57382, 77, 44.781250, 83,         0,110,         1,116,         4,164,         1
54C,2016/06/16 21:53:00, 50, 32.092743, 51, 90.504128, 52, 58.411385, 49,        64, 56, 6.2676125, 67, 643.33984, 72, 132.83784, 77, 44.781250, 83,         0,110,         0,116,         4,164,         1
58C,2016/06/16 21:54:00, 50, 30.177261, 51, 94.522232, 52, 64.344971, 49,        64, 56, 6.2676125, 67, 643.33984, 72, 132.72609, 77, 44.750000, 83,         0,110,         6,116,         4,164,         1
5AC,2016/06/16 21:55:00, 50, 30.606533, 51, 111.08341, 52, 80.476883, 49,        64, 56, 6.2676125, 67, 643.33984, 72, 132.69379, 77, 44.781250, 83,         0,110,         3,116,         4,164,         1
58C,2016/06/16 21:56:00, 50, 16.467758, 51, 109.58415, 52, 93.116394, 49,        64, 56, 6.2676125, 67, 643.33984, 72, 133.34048, 77, 44.781250, 83,         0,110,         2,116,         4,164,         1
53C,2016/06/16 21:57:00, 50, 30.645321, 51, 100.35493, 52, 69.709610, 49,        64, 56, 6.2676125, 67, 643.33984, 72, 133.33644, 77, 44.781250, 83,         0,110,         1,116,         4,164,         1
57C,2016/06/16 21:58:00, 50, 24.184437, 51, 109.25662, 52, 85.072189, 49,        64, 56, 6.2676125, 67, 643.33984, 72, 132.68431, 77, 44.781250, 83,         0,110,         0,116,         4,164,         1
5FC,2016/06/16 21:59:00, 50, 37.607864, 51, 94.877167, 52, 57.269302, 49,        64, 56, 6.2676125, 67, 643.33984, 72, 132.69057, 77, 44.781250, 83,         0,110,         6,116,         4,164,         1
5BC,2016/06/16 22:00:00, 50, 41.108521, 51, 118.52567, 52, 77.417145, 49,        64, 56, 6.2676125, 67, 643.33984, 72, 132.70074, 77, 44.781250, 83,         0,110,         3,116,         4,164,         1
55C,2016/06/16 22:01:00, 50, 33.607788, 51, 136.35582, 52, 102.74803, 49,        64, 56, 6.2676125, 67, 643.33984, 72, 133.28442, 77, 44.781250, 83,         0,110,         2,116,         4,164,         1
55C,2016/06/16 22:02:00, 50, 36.477615, 51, 139.58784, 52, 103.11023, 49,        64, 56, 6.2676125, 67, 643.33984, 72, 133.29718, 77, 44.781250, 83,         0,110,         1,116,         4,164,         1
5FC,2016/06/16 22:03:00, 50, 44.811577, 51, 128.03851, 52, 83.226944, 49,        64, 56, 6.2676125, 67, 643.33984, 72, 132.69742, 77, 44.781250, 83,         0,110,         0,116,         4,164,         1
59C,2016/06/16 22:04:00, 50, 36.191681, 51, 128.55264, 52, 92.360962, 49,        64, 56, 6.2676125, 67, 643.33984, 72, 132.63078, 77, 44.718750, 83,         0,110,         6,116,         4,164,         1
56C,2016/06/16 22:05:00, 50, 34.844788, 51, 122.79723, 52, 87.952438, 49,        64, 56, 6.2676125, 67, 643.33984, 72, 132.49521, 77, 44.656250, 83,         0,110,         3,116,         4,164,         1
5DC,2016/06/16 22:06:00, 50, 31.145023, 51, 120.62978, 52, 89.484756, 49,        64, 56, 6.2676125, 67, 643.33984, 72, 132.99576, 77, 44.562500, 83,         0,110,         2,116,         4,164,         1
57C,2016/06/16 22:07:00, 50, 31.288345, 51, 108.87352, 52, 77.585175, 49,        64, 56, 6.2676125, 67, 643.33984, 72, 132.94501, 77, 44.500000, 83,         0,110,         1,116,         4,164,         1
59C,2016/06/16 22:08:00, 50, 29.761814, 51, 111.82593, 52, 82.064117, 49,        64, 56, 6.2676125, 67, 643.33984, 72, 132.25967, 77, 44.437500, 83,         0,110,         0,116,         4,164,         1
54C,2016/06/16 22:09:00, 50, 50.019699, 51, 124.34309, 52, 74.323395, 49,        64, 56, 6.2676125, 67, 643.33984, 72, 132.20413, 77, 44.343750, 83,         0,110,         6,116,         4,164,         1
57C,2016/06/16 22:10:00, 50, 44.883118, 51, 129.10887, 52, 84.225754, 49,        64, 56, 6.2676125, 67, 643.33984, 72, 132.19666, 77, 44.312500, 83,         0,110,         3,116,         4,164,         1
56C,2016/06/16 22:11:00, 50, 49.490654, 51, 122.90961, 52, 73.418961, 49,        64, 56, 6.2676125, 67, 643.33984, 72, 132.83113, 77, 44.281250, 83,         0,110,         2,116,         4,164,         1
5CC,2016/06/16 22:12:00, 50, 43.676727, 51, 122.73814, 52, 79.061417, 49,        64, 56, 6.2676125, 67, 643.33984, 72, 132.83853, 77, 44.281250, 83,         0,110,         1,116,         4,164,         1
5AC,2016/06/16 22:13:00, 50, 46.764282, 51, 127.79950, 52, 81.035217, 49,        64, 56, 6.2676125, 67, 643.33984, 72, 132.22812, 77, 44.250000, 83,         0,110,         0,116,         4,164,         1
54C,2016/06/16 22:14:00, 50, 46.543945, 51, 130.78056, 52, 84.236618, 49,        64, 56, 6.2676125, 67, 643.33984, 72, 132.20305, 77, 44.250000, 83,         0,110,         6,116,         4,164,         1
5EC,2016/06/16 22:15:00, 50, 56.362335, 51, 141.88466, 52, 85.522324, 49,        64, 56, 6.2676125, 67, 643.33984, 72, 132.16672, 77, 44.250000, 83,         0,110,         3,116,         4,164,         1
58C,2016/06/16 22:16:00, 50, 47.247879, 51, 139.01962, 52, 91.771744, 49,        64, 56, 6.2676125, 67, 643.33984, 72, 132.78055, 77, 44.218750, 83,         0,110,         2,116,         4,164,         1
56C,2016/06/16 22:17:00, 50, 41.950920, 51, 111.37157, 52, 69.420654, 49,        64, 56, 6.2676125, 67, 643.33984, 72, 132.72023, 77, 44.218750, 83,         0,110,         1,116,         4,164,         1
5CC,2016/06/16 22:18:00, 50, 39.088821, 51, 117.09926, 52, 78.010437, 49,        64, 56, 6.2676125, 67, 643.33984, 72, 132.02370, 77, 44.218750, 83,         0,110,         0,116,         4,164,         1
59C,2016/06/16 22:19:00, 50, 37.782852, 51, 120.00581, 52, 82.222961, 49,        64, 56, 6.2676125, 67, 643.33984, 72, 131.98476, 77, 44.218750, 83,         0,110,         6,116,         4,164,         1
5DC,2016/06/16 22:20:00, 50, 27.768810, 51, 117.86547, 52, 90.096664, 49,        64, 56, 6.2676125, 67, 643.33984, 72, 131.96272, 77, 44.218750, 83,         0,110,         3,116,         4,164,         1
59C,2016/06/16 22:21:00, 50, 25.358406, 51, 103.28941, 52, 77.931000, 49,        64, 56, 6.2676125, 67, 643.33984, 72, 132.56763, 77, 44.187500, 83,         0,110,         2,116,         4,164,         1
5BC,2016/06/16 22:22:00, 50, 17.877316, 51, 104.97057, 52, 87.093262, 49,        64, 56, 6.2676125, 67, 643.33984, 72, 132.52808, 77, 44.187500, 83,         0,110,         1,116,         4,164,         1
58C,2016/06/16 22:23:01, 50, 24.145931, 51, 92.716866, 52, 68.570938, 49,        64, 56, 6.2676125, 67, 643.33984, 72, 131.86833, 77, 44.187500, 83,         0,110,         0,116,         4,164,         1
58C,2016/06/16 22:24:00, 50, 25.464462, 51, 101.75121, 52, 76.286743, 49,        64, 56, 6.2676125, 67, 643.33984, 72, 131.83504, 77, 44.187500, 83,         0,110,         6,116,         4,164,         1
54C,2016/06/16 22:25:00, 50, 9.3638859, 51, 83.029137, 52, 73.665253, 49,        64, 56, 6.2676125, 67, 643.33984, 72, 131.82272, 77, 44.187500, 83,         0,110,         3,116,         4,164,         1
52C,2016/06/16 22:26:00, 50, 9.0454845, 51, 86.671440, 52, 77.625961, 49,        64, 56, 6.2676125, 67, 643.33984, 72, 132.43646, 77, 44.156250, 83,         0,110,         2,116,         4,164,         1
51C,2016/06/16 22:27:00, 50, 18.041069, 51, 94.707039, 52, 76.665970, 49,        64, 56, 6.2676125, 67, 643.33984, 72, 132.41058, 77, 44.156250, 83,         0,110,         1,116,         4,164,         1
57C,2016/06/16 22:28:00, 50, 26.719360, 51, 95.394684, 52, 68.675323, 49,        64, 56, 6.2676125, 67, 643.33984, 72, 131.75450, 77, 44.156250, 83,         0,110,         0,116,         4,164,         1
51C,2016/06/16 22:29:00, 50, 27.972759, 51, 106.72289, 52, 78.750137, 49,        64, 56, 6.2676125, 67, 643.33984, 72, 131.73146, 77, 44.156250, 83,         0,110,         6,116,         4,164,         1
55C,2016/06/16 22:30:00, 50, 32.635483, 51, 112.57793, 52, 79.942444, 49,        64, 56, 6.2676125, 67, 643.33984, 72, 131.71764, 77, 44.156250, 83,         0,110,         3,116,         4,164,         1
5DC,2016/06/16 22:31:00, 50, 27.867756, 51, 89.870041, 52, 62.002289, 49,        64, 56, 6.2676125, 67, 643.33984, 72, 132.32584, 77, 44.156250, 83,         0,110,         2,116,         4,164,         1
5BC,2016/06/16 22:32:00, 50, 28.041363, 51, 84.147499, 52, 56.106140, 49,        64, 56, 6.2676125, 67, 643.33984, 72, 132.30898, 77, 44.156250, 83,         0,110,         1,116,         4,164,         1
58C,2016/06/16 22:33:00, 50, 20.593945, 51, 94.557350, 52, 73.963409, 49,        64, 56, 6.2676125, 67, 643.33984, 72, 131.68921, 77, 44.156250, 83,         0,110,         0,116,         4,164,         1
51C,2016/06/16 22:34:00, 50, 19.421772, 51, 97.714722, 52, 78.292953, 49,        64, 56, 6.2676125, 67, 643.33984, 72, 131.70822, 77, 44.156250, 83,         0,110,         6,116,         4,164,         1
5BC,2016/06/16 22:35:00, 50, 19.887939, 51, 93.560547, 52, 73.672607, 49,        64, 56, 6.2676125, 67, 643.33984, 72, 131.72580, 77, 44.125000, 83,         0,110,         3,116,         4,164,         1
57C,2016/06/16 22:36:00, 50, 24.391354, 51, 109.19305, 52, 84.801697, 49,        64, 56, 6.2676125, 67, 643.33984, 72, 132.36212, 77, 44.125000, 83,         0,110,         2,116,         4,164,         1
57C,2016/06/16 22:37:00, 50, 19.532681, 51, 100.21952, 52, 80.686844, 49,        64, 56, 6.2676125, 67, 643.33984, 72, 132.35829, 77, 44.125000, 83,         0,110,         1,116,         4,164,         1
55C,2016/06/16 22:38:00, 50, 32.164116, 51, 100.17579, 52, 68.011673, 49,        64, 56, 6.2676125, 67, 643.33984, 72, 131.70583, 77, 44.125000, 83,         0,110,         0,116,         4,164,         1
50C,2016/06/16 22:39:00, 50, 19.405682, 51, 94.127525, 52, 74.721848, 49,        64, 56, 6.2676125, 67, 643.33984, 72, 131.71985, 77, 44.125000, 83,         0,110,         6,116,         4,164,         1
53C,2016/06/16 22:40:00, 50, 27.542057, 51, 89.175186, 52, 61.633133, 49,        64, 56, 6.2676125, 67, 643.33984, 72, 131.72041, 77, 44.093750, 83,         0,110,         3,116,         4,164,         1
50C,2016/06/16 22:41:00, 50, 34.461151, 51, 112.91371, 52, 78.452560, 49,        64, 56, 6.2676125, 67, 643.33984, 72, 132.35246, 77, 44.125000, 83,         0,110,         2,116,         4,164,         1
54C,2016/06/16 22:42:00, 50, 37.150826, 51, 119.22201, 52, 82.071182, 49,        64, 56, 6.2676125, 67, 643.33984, 72, 132.36180, 77, 44.093750, 83,         0,110,         1,116,         4,164,         1
51C,2016/06/16 22:43:00, 50, 49.974327, 51, 126.81753, 52, 76.843201, 49,        64, 56, 6.2676125, 67, 643.33984, 72, 131.77721, 77, 44.125000, 83,         0,110,         0,116,         4,164,         1
50C,2016/06/16 22:44:00, 50, 42.488457, 51, 118.06437, 52, 75.575912, 49,        64, 56, 6.2676125, 67, 643.33984, 72, 131.83290, 77, 44.125000, 83,         0,110,         6,116,         4,164,         1
57C,2016/06/16 22:45:00, 50, 36.707008, 51, 105.80924, 52, 69.102234, 49,        64, 56, 6.2676125, 67, 643.33984, 72, 131.85396, 77, 44.125000, 83,         0,110,         3,116,         4,164,         1
50C,2016/06/16 22:46:00, 50, 35.995102, 51, 105.46147, 52, 69.466370, 49,        64, 56, 6.2676125, 67, 643.33984, 72, 132.50880, 77, 44.093750, 83,         0,110,         2,116,         4,164,         1
5CC,2016/06/16 22:47:00, 50, 28.263474, 51, 118.64748, 52, 90.384003, 49,        64, 56, 6.2676125, 67, 643.33984, 72, 132.52676, 77, 44.125000, 83,         0,110,         1,116,         4,164,         1
5DC,2016/06/16 22:48:00, 50, 11.564932, 51, 92.571442, 52, 81.006516, 49,        64, 56, 6.2676125, 67, 643.33984, 72, 131.90164, 77, 44.125000, 83,         0,110,         0,116,         4,164,         1
5DC,2016/06/16 22:49:00, 50, 18.611164, 51, 92.509186, 52, 73.898026, 49,        64, 56, 6.2676125, 67, 643.33984, 72, 131.89999, 77, 44.125000, 83,         0,110,         6,116,         4,164,         1
50C,2016/06/16 22:50:00, 50, 23.432404, 51, 107.30829, 52, 83.875885, 49,        64, 56, 6.2676125, 67, 643.33984, 72, 131.90082, 77, 44.125000, 83,         0,110,         3,116,         4,164,         1
59C,2016/06/16 22:51:00, 50, 23.401402, 51, 95.014145, 52, 71.612747, 49,        64, 56, 6.2676125, 67, 643.33984, 72, 132.55751, 77, 44.125000, 83,         0,110,         2,116,         4,164,         1
5EC,2016/06/16 22:52:00, 50, 23.909451, 51, 88.514671, 52, 64.605225, 49,        64, 56, 6.2676125, 67, 643.33984, 72, 132.56680, 77, 44.125000, 83,         0,110,         1,116,         4,164,         1
5CC,2016/06/16 22:53:00, 50, 18.841743, 51, 85.298409, 52, 66.456665, 49,        64, 56, 6.2676125, 67, 643.33984, 72, 131.91466, 77, 44.125000, 83,         0,110,         0,116,         4,164,         1
5FC,2016/06/16 22:54:00, 50, 21.286552, 51, 89.880196, 52, 68.593643, 49,        64, 56, 6.2676125, 67, 643.33984, 72, 131.90303, 77, 44.125000, 83,         0,110,         6,116,         4,164,         1
5CC,2016/06/16 22:55:00, 50, 23.079708, 51, 99.955696, 52, 76.875992, 49,        64, 56, 6.2676125, 67, 643.33984, 72, 131.88603, 77, 44.125000, 83,         0,110,         3,116,         4,164,         1
5EC,2016/06/16 22:56:00, 50, 27.828121, 51, 96.875603, 52, 69.047485, 49,        64, 56, 6.2676125, 67, 643.33984, 72, 132.51036, 77, 44.093750, 83,         0,110,         2,116,         4,164,         1
53C,2016/06/16 22:57:00, 50, 25.955059, 51, 94.655205, 52, 68.700150, 49,        64, 56, 6.2676125, 67, 643.33984, 72, 132.50899, 77, 44.093750, 83,         0,110,         1,116,         4,164,         1
54C,2016/06/16 22:58:00, 50, 21.311817, 51, 79.425568, 52, 58.113754, 49,        64, 56, 6.2676125, 67, 643.33984, 72, 131.85458, 77, 44.093750, 83,         0,110,         0,116,         4,164,         1
51C,2016/06/16 22:59:00, 50, 25.681488, 51, 97.288895, 52, 71.607407, 49,        64, 56, 6.2676125, 67, 643.33984, 72, 131.84486, 77, 44.093750, 83,         0,110,         6,116,         4,164,         1
5AC,2016/06/16 23:00:00, 50, 22.770096, 51, 92.737198, 52, 69.967102, 49,        64, 56, 6.2676125, 67, 643.33984, 72, 131.84280, 77, 44.093750, 83,         0,110,         3,116,         4,164,         1
58C,2016/06/16 23:01:00, 50, 27.479664, 51, 98.495377, 52, 71.015717, 49,        64, 56, 6.2676125, 67, 643.33984, 72, 132.47401, 77, 44.093750, 83,         0,110,         2,116,         4,164,         1
5FC,2016/06/16 23:02:00, 50, 25.629803, 51, 96.790398, 52, 71.160599, 49,        64, 56, 6.2676125, 67, 643.33984, 72, 132.47060, 77, 44.093750, 83,         0,110,         1,116,         4,164,         1
5EC,2016/06/16 23:03:00, 50, 28.650265, 51, 97.647804, 52, 68.997543, 49,        64, 56, 6.2676125, 67, 643.33984, 72, 131.82780, 77, 44.093750, 83,         0,110,         0,116,         4,164,         1
5BC,2016/06/16 23:04:00, 50, 30.000198, 51, 100.09763, 52, 70.097427, 49,        64, 56, 6.2676125, 67, 643.33984, 72, 131.82259, 77, 44.093750, 83,         0,110,         6,116,         4,164,         1
5CC,2016/06/16 23:05:00, 50, 29.671986, 51, 96.568085, 52, 66.896103, 49,        64, 56, 6.2676125, 67, 643.33984, 72, 131.80766, 77, 44.062500, 83,         0,110,         3,116,         4,164,         1
5BC,2016/06/16 23:06:00, 50, 21.954266, 51, 93.212166, 52, 71.257904, 49,        64, 56, 6.2676125, 67, 643.33984, 72, 132.43776, 77, 44.062500, 83,         0,110,         2,116,         4,164,         1
50C,2016/06/16 23:07:00, 50, 23.915012, 51, 102.39700, 52, 78.481995, 49,        64, 56, 6.2676125, 67, 643.33984, 72, 132.44226, 77, 44.062500, 83,         0,110,         1,116,         4,164,         1
5AC,2016/06/16 23:08:00, 50, 23.209911, 51, 92.268028, 52, 69.058121, 49,        64, 56, 6.2676125, 67, 643.33984, 72, 131.82245, 77, 44.062500, 83,         0,110,         0,116,         4,164,         1
51C,2016/06/16 23:09:00, 50, 14.873306, 51, 87.317368, 52, 72.444061, 49,        64, 56, 6.2676125, 67, 643.33984, 72, 131.84003, 77, 44.093750, 83,         0,110,         6,116,         4,164,         1
58C,2016/06/16 23:10:00, 50, 27.028706, 51, 88.882240, 52, 61.853539, 49,        64, 56, 6.2676125, 67, 643.33984, 72, 131.82584, 77, 44.062500, 83,         0,110,         3,116,         4,164,         1
57C,2016/06/16 23:11:00, 50, 17.443672, 51, 83.730583, 52, 66.286911, 49,        64, 56, 6.2676125, 67, 643.33984, 72, 132.45264, 77, 44.062500, 83,         0,110,         2,116,         4,164,         1
5BC,2016/06/16 23:12:00, 50, 6.7187071, 51, 83.777481, 52, 77.058777, 49,        64, 56, 6.2676125, 67, 643.33984, 72, 132.43129, 77, 44.062500, 83,         0,110,         1,116,         4,164,         1
51C,2016/06/16 23:13:00, 50, 12.663237, 51, 84.286079, 52, 71.622849, 49,        64, 56, 6.2676125, 67, 643.33984, 72, 131.79247, 77, 44.031250, 83,         0,110,         0,116,         4,164,         1
5BC,2016/06/16 23:14:00, 50, 20.104698, 51, 95.988686, 52, 75.883987, 49,        64, 56, 6.2676125, 67, 643.33984, 72, 131.81479, 77, 44.031250, 83,         0,110,         6,116,         4,164,         1
59C,2016/06/16 23:15:00, 50, 16.688644, 51, 86.657394, 52, 69.968750, 49,        64, 56, 6.2676125, 67, 643.33984, 72, 131.85492, 77, 44.062500, 83,         0,110,         3,116,         4,164,         1
56C,2016/06/16 23:16:00, 50, 17.613251, 51, 84.990173, 52, 67.376923, 49,        64, 56, 6.2676125, 67, 643.33984, 72, 132.51311, 77, 44.031250, 83,         0,110,         2,116,         4,164,         1
59C,2016/06/16 23:17:00, 50, 14.946022, 51, 87.910469, 52, 72.964447, 49,        64, 56, 6.2676125, 67, 643.33984, 72, 132.50534, 77, 44.031250, 83,         0,110,         1,116,         4,164,         1
51C,2016/06/16 23:18:00, 50, 12.704754, 51, 92.169884, 52, 79.465134, 49,        64, 56, 6.2676125, 67, 643.33984, 72, 131.88203, 77, 44.031250, 83,         0,110,         0,116,         4,164,         1
5AC,2016/06/16 23:19:00, 50, 14.892548, 51, 91.342026, 52, 76.449478, 49,        64, 56, 6.2676125, 67, 643.33984, 72, 131.92865, 77, 44.031250, 83,         0,110,         6,116,         4,164,         1
5CC,2016/06/16 23:20:00, 50, 24.548336, 51, 98.837334, 52, 74.289001, 49,        64, 56, 6.2676125, 67, 643.33984, 72, 131.95100, 77, 44.031250, 83,         0,110,         3,116,         4,164,         1
52C,2016/06/16 23:21:00, 50, 18.245903, 51, 101.93201, 52, 83.686111, 49,        64, 56, 6.2676125, 67, 643.33984, 72, 132.59666, 77, 44.031250, 83,         0,110,         2,116,         4,164,         1
57C,2016/06/16 23:22:00, 50, 18.718014, 51, 81.567352, 52, 62.849342, 49,        64, 56, 6.2676125, 67, 643.33984, 72, 132.60080, 77, 44.000000, 83,         0,110,         1,116,         4,164,         1
58C,2016/06/16 23:23:00, 50, 11.129520, 51, 75.085373, 52, 63.955856, 49,        64, 56, 6.2676125, 67, 643.33984, 72, 131.96330, 77, 44.000000, 83,         0,110,         0,116,         4,164,         1
57C,2016/06/16 23:24:00, 50, 8.7397118, 51, 70.153778, 52, 61.414070, 49,        64, 56, 6.2676125, 67, 643.33984, 72, 131.92830, 77, 44.000000, 83,         0,110,         6,116,         4,164,         1
5AC,2016/06/16 23:25:00, 50, 4.0110664, 51, 66.400688, 52, 62.389626, 49,        64, 56, 6.2676125, 67, 643.33984, 72, 131.92052, 77, 44.000000, 83,         0,110,         3,116,         4,164,         1
5AC,2016/06/16 23:26:00, 50, 5.3831091, 51, 71.243332, 52, 65.860229, 49,        64, 56, 6.2676125, 67, 643.33984, 72, 132.56229, 77, 44.000000, 83,         0,110,         2,116,         4,164,         1
5DC,2016/06/16 23:27:00, 50, 4.5638676, 51, 77.616539, 52, 73.052673, 49,        64, 56, 6.2676125, 67, 643.33984, 72, 132.58421, 77, 44.000000, 83,         0,110,         1,116,         4,164,         1
58C,2016/06/16 23:28:00, 50, 2.7389684, 51, 92.015182, 52, 89.276215, 49,        64, 56, 6.2676125, 67, 643.33984, 72, 131.93706, 77, 44.000000, 83,         0,110,         0,116,         4,164,         1
56C,2016/06/16 23:29:00, 50, 1.1988633, 51, 72.625740, 52, 71.426880, 49,        64, 56, 6.2676125, 67, 643.33984, 72, 131.92912, 77, 44.000000, 83,         0,110,         6,116,         4,164,         1
59C,2016/06/16 23:30:00, 50, 11.252476, 51, 73.298058, 52, 62.045586, 49,        64, 56, 6.2676125, 67, 643.33984, 72, 131.96107, 77, 44.000000, 83,         0,110,         3,116,         4,164,         1
54C,2016/06/16 23:31:00, 50, 25.465343, 51, 96.287193, 52, 70.821854, 49,        64, 56, 6.2676125, 67, 643.33984, 72, 132.63826, 77, 43.968750, 83,         0,110,         2,116,         4,164,         1
54C,2016/06/16 23:32:00, 50, 18.403591, 51, 101.78124, 52, 83.377655, 49,        64, 56, 6.2676125, 67, 643.33984, 72, 132.64363, 77, 43.968750, 83,         0,110,         1,116,         4,164,         1
5AC,2016/06/16 23:33:00, 50, 15.186077, 51, 84.416435, 52, 69.230362, 49,        64, 56, 6.2676125, 67, 643.33984, 72, 131.98882, 77, 43.968750, 83,         0,110,         0,116,         4,164,         1
53C,2016/06/16 23:34:00, 50, 10.020374, 51, 77.529404, 52, 67.509033, 49,        64, 56, 6.2676125, 67, 643.33984, 72, 131.94768, 77, 43.968750, 83,         0,110,         6,116,         4,164,         1
5AC,2016/06/16 23:35:00, 50, 9.6945858, 51, 74.976440, 52, 65.281860, 49,        64, 56, 6.2676125, 67, 643.33984, 72, 131.93375, 77, 43.937500, 83,         0,110,         3,116,         4,164,         1
50C,2016/06/16 23:36:00, 50, 13.242056, 51, 81.473434, 52, 68.231384, 49,        64, 56, 6.2676125, 67, 643.33984, 72, 132.56165, 77, 43.937500, 83,         0,110,         2,116,         4,164,         1
53C,2016/06/16 23:37:00, 50, 15.194326, 51, 81.234695, 52, 66.040375, 49,        64, 56, 6.2676125, 67, 643.33984, 72, 132.55861, 77, 43.968750, 83,         0,110,         1,116,         4,164,         1
53C,2016/06/16 23:38:00, 50, 14.859194, 51, 91.548218, 52, 76.689026, 49,        64, 56, 6.2676125, 67, 643.33984, 72, 131.94688, 77, 43.968750, 83,         0,110,         0,116,         4,164,         1
5FC,2016/06/16 23:39:00, 50, 9.4676628, 51, 105.14303, 52, 95.675369, 49,        64, 56, 6.2676125, 67, 643.33984, 72, 131.96657, 77, 43.937500, 83,         0,110,         6,116,         4,164,         1
54C,2016/06/16 23:40:00, 50, 10.996969, 51, 85.758118, 52, 74.761154, 49,        64, 56, 6.2676125, 67, 643.33984, 72, 131.96689, 77, 43.968750, 83,         0,110,         3,116,         4,164,         1
5EC,2016/06/16 23:41:00, 50, 17.071339, 51, 91.163528, 52, 74.092194, 49,        64, 56, 6.2676125, 67, 643.33984, 72, 132.59715, 77, 43.937500, 83,         0,110,         2,116,         4,164,         1
59C,2016/06/16 23:42:00, 50, 22.407448, 51, 86.752815, 52, 64.345367, 49,        64, 56, 6.2676125, 67, 643.33984, 72, 132.58365, 77, 43.937500, 83,         0,110,         1,116,         4,164,         1
50C,2016/06/16 23:43:00, 50, 20.728840, 51, 91.597549, 52, 70.868713, 49,        64, 56, 6.2676125, 67, 643.33984, 72, 131.92946, 77, 43.937500, 83,         0,110,         0,116,         4,164,         1
57C,2016/06/16 23:44:00, 50, 21.462830, 51, 110.30385, 52, 88.841019, 49,        64, 56, 6.2676125, 67, 643.33984, 72, 131.93132, 77, 43.937500, 83,         0,110,         6,116,         4,164,         1
57C,2016/06/16 23:45:00, 50, 13.920164, 51, 81.893791, 52, 67.973633, 49,        64, 56, 6.2676125, 67, 643.33984, 72, 131.92375, 77, 43.906250, 83,         0,110,         3,116,         4,164,         1
54C,2016/06/16 23:46:00, 50, 12.999969, 51, 71.956383, 52, 58.956413, 49,        64, 56, 6.2676125, 67, 643.33984, 72, 132.53461, 77, 43.906250, 83,         0,110,         2,116,         4,164,         1
50C,2016/06/16 23:47:00, 50, 12.727135, 51, 91.520287, 52, 78.793152, 49,        64, 56, 6.2676125, 67, 643.33984, 72, 132.54083, 77, 43.906250, 83,         0,110,         1,116,         4,164,         1
56C,2016/06/16 23:48:00, 50, 13.323479, 51, 70.661903, 52, 57.338425, 49,        64, 56, 6.2676125, 67, 643.33984, 72, 131.93730, 77, 43.906250, 83,         0,110,         0,116,         4,164,         1
5CC,2016/06/16 23:49:00, 50, 17.753948, 51, 74.001312, 52, 56.247368, 49,        64, 56, 6.2676125, 67, 643.33984, 72, 131.99524, 77, 43.906250, 83,         0,110,         6,116,         4,164,         1
51C,2016/06/16 23:50:00, 50, 11.120661, 51, 80.746254, 52, 69.625595, 49,        64, 56, 6.2676125, 67, 643.33984, 72, 132.02327, 77, 43.906250, 83,         0,110,         3,116,         4,164,         1
59C,2016/06/16 23:51:00, 50, 5.0740652, 51, 58.282299, 52, 53.208237, 49,        64, 56, 6.2676125, 67, 643.33984, 72, 132.65378, 77, 43.875000, 83,         0,110,         2,116,         4,164,         1
59C,2016/06/16 23:52:00, 50, 1.0971797, 51, 65.211311, 52, 64.114136, 49,        64, 56, 6.2676125, 67, 643.33984, 72, 132.61522, 77, 43.875000, 83,         0,110,         1,116,         4,164,         1
57C,2016/06/16 23:53:00, 50,-5.1676779, 51, 56.463131, 52, 61.630806, 49,        64, 56, 6.2676125, 67, 643.33984, 72, 131.92191, 77, 43.875000, 83,         0,110,         0,116,         4,164,         1
52C,2016/06/16 23:54:00, 50, 1.8198025, 51, 61.040024, 52, 59.220222, 49,        64, 56, 6.2676125, 67, 643.33984, 72, 131.90755, 77, 43.843750, 83,         0,110,         6,116,         4,164,         1
5CC,2016/06/16 23:55:00, 50, 11.738413, 51, 75.675804, 52, 63.937393, 49,        64, 56, 6.2676125, 67, 643.33984, 72, 131.93951, 77, 43.875000, 83,         0,110,         3,116,         4,164,         1
5BC,2016/06/16 23:56:00, 50, 14.590466, 51, 76.944489, 52, 62.354027, 49,        64, 56, 6.2676125, 67, 643.33984, 72, 132.61765, 77, 43.875000, 83,         0,110,         2,116,         4,164,         1
5CC,2016/06/16 23:57:00, 50, 9.4595375, 51, 64.780708, 52, 55.321175, 49,        64, 56, 6.2676125, 67, 643.33984, 72, 132.63051, 77, 43.875000, 83,         0,110,         1,116,         4,164,         1
5AC,2016/06/16 23:58:00, 50, 7.0097332, 51, 69.568893, 52, 62.559166, 49,        64, 56, 6.2676125, 67, 643.33984, 72, 132.00694, 77, 43.843750, 83,         0,110,         0,116,         4,164,         1
50C,2016/06/16 23:59:00, 50, 6.2916994, 51, 70.459770, 52, 64.168076, 49,        64, 56, 6.2676125, 67, 643.33984, 72, 131.99876, 77, 43.843750, 83,         0,110,         6,116,         4,164,         1
